uxIntegration time is 0.2294 seconds per sampledt  2.7E-08 cy 1dh240619El Arenosillo 37.1 6.73 3.03pr1000dark .45 
 302.56  2900  722 .75 
 302.6  2905  789 1 
 302.64  2910  857 .5 
 302.68  2915  924 .5 
 302.72  2920  992 .75 
 302.75  2925  1060 .5 
 302.79  2930  1127 .5 
 302.83  2935  1195 .75 
 302.87  2940  1263 1 
 302.91  2945  1331 .5 
 302.95  2950  1399 .5 
 302.99  2955  1468 .75 
 303.03  2960  1536 .75 
 303.07  2965  1604 .5 
 303.11  2970  1672 1 
 303.15  2975  1741 .25 
 303.19  2980  1809 .5 
 303.22  2985  1878 .75 
 303.26  2990  1946 .5 
 303.3  2995  2015 .75 
 303.33  3000  2084 1 
 303.36  3005  2153 1 
 303.4  3010  2221 1 
 303.43  3015  2290 1 
 303.46  3020  2359 1 
 303.49  3025  2428 2 
 303.52  3030  2498 2.5 
 303.55  3035  2567 1.5 
 303.58  3040  2636 2 
 303.61  3045  2705 3 
 303.64  3050  2775 2.5 
 303.67  3055  2844 3 
 303.7  3060  2914 4.5 
 303.73  3065  2984 4 
 303.76  3070  3053 6 
 303.79  3075  3123 8 
 303.82  3080  3193 6 
 303.85  3085  3263 7.5 
 303.88  3090  3333 6.5 
 303.92  3095  3403 9 
 303.95  3100  3473 10 
 303.98  3105  3544 14 
 304.01  3110  3614 17.5 
 304.04  3115  3684 17 
 304.07  3120  3755 22.5 
 304.1  3125  3826 21 
 304.13  3130  3896 24 
 304.16  3135  3967 22.5 
 304.19  3140  4038 28.5 
 304.22  3145  4109 25.5 
 304.25  3150  4180 33.5 
 304.28  3155  4251 22.5 
 304.31  3160  4322 26 
 304.34  3165  4393 42 
 304.37  3170  4465 40 
 304.4  3175  4536 40 
 304.43  3180  4607 41.5 
 304.46  3185  4679 50.5 
 304.5  3190  4751 43.5 
 304.53  3195  4822 39.5 
 304.56  3200  4894 43 
 304.59  3205  4966 54 
 304.62  3210  5038 60.5 
 304.65  3215  5110 52 
 304.68  3220  5183 44.5 
 304.71  3225  5255 34.5 
 304.74  3230  5327 41.5 
 304.77  3235  5400 79.5 
 304.8  3240  5472 59.5 
 304.83  3245  5545 50 
 304.86  3250  5618 44 
 305.13  3255  3767 38 
 305.16  3260  3842 40.5 
 305.19  3265  3916 51 
 305.22  3270  3990 46 
 305.25  3275  4065 41 
 305.29  3280  4139 33 
 305.32  3285  4214 40.5 
 305.35  3290  4288 68 
 305.38  3295  4363 75 
 305.41  3300  4438 70 
 305.44  3305  4513 48 
 305.47  3310  4588 49 
 305.5  3315  4664 56.5 
 305.53  3320  4739 70.5 
 305.56  3325  4814 76 
 305.59  3330  4890 70.5 
 305.62  3335  4965 58.5 
 305.65  3340  5041 66.5 
 305.68  3345  5117 74.5 
 305.72  3350  5193 87 
 305.75  3355  5269 91.5 
 305.78  3360  5345 62.5 
 305.81  3365  5421 75.5 
 305.84  3370  5498 60 
 305.87  3375  5574 70 
 305.9  3380  5651 70.5 
 305.93  3385  5728 99.5 
 305.96  3390  5805 92 
 305.99  3395  5882 88.5 
 306.03  3400  5959 116 
 306.06  3405  6036 89 
 306.09  3410  6113 92.5 
 306.12  3415  6190 89.5 
 306.15  3420  6268 104.5 
 306.18  3425  6346 100.5 
 306.21  3430  6423 103.5 
 306.24  3435  6501 101 
 306.27  3440  6579 60.5 
 306.31  3445  6658 70 
 306.34  3450  6736 103 
 306.37  3455  6814 98.5 
 306.4  3460  6893 85 
 306.43  3465  6971 91 
 306.46  3470  7050 99 
 306.49  3475  7129 76 
 306.53  3480  7208 92 
 306.56  3485  7287 98.5 
 306.59  3490  7367 86 
 306.62  3495  7446 87 
 306.65  3500  7526 111.5 
 306.68  3505  7605 110.5 
 306.72  3510  7685 96 
 306.75  3515  7765 89.5 
 306.78  3520  7845 90.5 
 306.81  3525  7925 78 
 306.84  3530  8006 93.5 
 306.88  3535  8086 102 
 306.91  3540  8167 103 
 306.94  3545  8248 107.5 
 306.97  3550  8329 110 
 307  3555  8410 90 
 307.04  3560  8491 106 
 307.07  3565  8572 74 
 307.1  3570  8654 74.5 
 307.13  3575  8736 79 
 307.16  3580  8818 61.5 
 307.2  3585  8900 54.5 
 307.23  3590  8982 74.5 
 307.26  3595  9064 87 
 307.29  3600  9146 91.5 
 307.33  3605  9229 75.5 
 307.36  3610  9312 77 
 307.39  3615  9395 77.5 
 307.42  3620  9478 64 
 307.46  3625  9561 87 
 307.49  3630  9645 71.5 
end
uaIntegration time is 0.2294 seconds per sampledt  2.7E-08 cy 1dh240619El Arenosillo 37.1 6.73 3.31pr1000dark .9 
 450.02  2900  722 29.25 
 450.08  2905  789 31.25 
 450.13  2910  857 27 
 450.18  2915  924 31.75 
 450.23  2920  992 28.25 
 450.28  2925  1060 30.75 
 450.33  2930  1127 26.75 
 450.38  2935  1195 32.25 
 450.43  2940  1263 28.5 
 450.48  2945  1331 26.25 
 450.53  2950  1399 31 
 450.58  2955  1468 40.25 
 450.63  2960  1536 28.25 
 450.67  2965  1604 27.75 
 450.73  2970  1672 31.25 
 450.78  2975  1741 36 
 450.83  2980  1809 41.5 
 450.88  2985  1878 38.5 
 450.93  2990  1946 44.5 
 450.98  2995  2015 55.25 
 451.03  3000  2084 62.75 
 451.08  3005  2153 79 
 451.13  3010  2221 114 
 451.18  3015  2290 149.25 
 451.23  3020  2359 158 
 451.28  3025  2428 273.25 
 451.33  3030  2498 467 
 451.38  3035  2567 565.75 
 451.43  3040  2636 584.5 
 451.48  3045  2705 851.25 
 451.53  3050  2775 1279.75 
 451.58  3055  2844 1413.5 
 451.63  3060  2914 1478.25 
 451.68  3065  2984 1822.5 
 451.73  3070  3053 2688.75 
 451.78  3075  3123 3385.25 
 451.83  3080  3193 3690.5 
 451.88  3085  3263 4248.25 
 451.93  3090  3333 3885.25 
 451.98  3095  3403 4666 
 452.03  3100  3473 4898.25 
 452.08  3105  3544 7796.75 
 452.13  3110  3614 9498.75 
 452.18  3115  3684 9277 
 452.23  3120  3755 9339.75 
 452.28  3125  3826 11123.75 
 452.33  3130  3896 11744.25 
 452.38  3135  3967 11776.25 
 452.43  3140  4038 13681.75 
 452.48  3145  4109 12296.25 
 452.53  3150  4180 15059.75 
 452.58  3155  4251 12105.25 
 452.63  3160  4322 10657 
 452.68  3165  4393 14506.25 
 452.73  3170  4465 17492.5 
 452.78  3175  4536 17235.75 
 452.83  3180  4607 13241.75 
 452.88  3185  4679 16353.75 
 452.93  3190  4751 16710.5 
 452.98  3195  4822 14459.5 
 453.03  3200  4894 16404.25 
 453.08  3205  4966 18302.25 
 453.13  3210  5038 14759 
 453.18  3215  5110 14208.25 
 453.23  3220  5183 14069.25 
 453.28  3225  5255 11051 
 453.33  3230  5327 10988.75 
 453.38  3235  5400 11873 
 453.43  3240  5472 12665.5 
 453.48  3245  5545 11564.75 
 453.53  3250  5618 9845.25 
 453.82  3255  3767 6049.75 
 453.86  3260  3842 7144.25 
 453.89  3265  3916 7189.75 
 453.94  3270  3990 7206 
 454  3275  4065 6857.25 
 454.04  3280  4139 6256.25 
 454.09  3285  4214 6418.5 
 454.14  3290  4288 7824.75 
 454.19  3295  4363 8698.5 
 454.24  3300  4438 8828.75 
 454.29  3305  4513 7168.25 
 454.35  3310  4588 7448 
 454.4  3315  4664 7696.5 
 454.44  3320  4739 7999.25 
 454.49  3325  4814 8047.75 
 454.54  3330  4890 7997.5 
 454.59  3335  4965 7225 
 454.64  3340  5041 7724.5 
 454.69  3345  5117 8469.75 
 454.74  3350  5193 8239.75 
 454.79  3355  5269 8964 
 454.84  3360  5345 6222.75 
 454.89  3365  5421 7717 
 454.94  3370  5498 6212.75 
 455  3375  5574 8049 
 455.05  3380  5651 7383.75 
 455.09  3385  5728 8585.5 
 455.14  3390  5805 8113 
 455.19  3395  5882 8307 
 455.24  3400  5959 9538 
 455.29  3405  6036 8439.5 
 455.34  3410  6113 8183.75 
 455.39  3415  6190 7803.25 
 455.44  3420  6268 9022.75 
 455.49  3425  6346 8480.5 
 455.54  3430  6423 9094.75 
 455.59  3435  6501 8499 
 455.64  3440  6579 5949 
 455.69  3445  6658 6715.25 
 455.74  3450  6736 8432.25 
 455.79  3455  6814 8351.25 
 455.84  3460  6893 7205.25 
 455.89  3465  6971 8060.75 
 455.94  3470  7050 8530 
 455.99  3475  7129 6783.5 
 456.04  3480  7208 7923.75 
 456.09  3485  7287 7813.5 
 456.14  3490  7367 7024.25 
 456.2  3495  7446 7119.5 
 456.24  3500  7526 8710.25 
 456.29  3505  7605 8769.75 
 456.34  3510  7685 7750 
 456.39  3515  7765 7548.75 
 456.44  3520  7845 7965.5 
 456.49  3525  7925 6334.5 
 456.54  3530  8006 7949.5 
 456.6  3535  8086 8327.25 
 456.64  3540  8167 8564.75 
 456.69  3545  8248 8574.25 
 456.74  3550  8329 8425.25 
 456.79  3555  8410 7504.25 
 456.84  3560  8491 7705.75 
 456.89  3565  8572 6374.75 
 456.94  3570  8654 5428 
 456.99  3575  8736 6605 
 457.04  3580  8818 5018.25 
 457.09  3585  8900 4305.5 
 457.14  3590  8982 6068 
 457.19  3595  9064 7345 
 457.25  3600  9146 7665.25 
 457.29  3605  9229 5966.5 
 457.35  3610  9312 5450 
 457.39  3615  9395 6142.25 
 457.44  3620  9478 5169.25 
 457.49  3625  9561 7050.25 
 457.54  3630  9645 5961.25 
end
