0.00000      
0.12475      
0.07659      
-0.35919     
-1.89282     
0            
0.33940      
2.35000      
1.13840      
2830         
2680        
0.0000000270 
286          
92           
1692         
0.0000       
4290.0000    
9570.0000    
15420.0000   
19380.0000   
25160.0000   
2816         
mkiv        
2            
0            
0            
0            
0            
0            
0            
0            
5715         
0            
242          
-3.00000     
670          
615          
8231         
178          
2536         
0.00000      
0.00000      
2669         
250          
0.400        
0            
256          
0            
64           
35           
2112         
June 29/2015 
EXTRAS       
1            
0            
0            
25000        
80000        
1            
1            
0            
0            
06-07-2017
