0            
0.12475      
0.07659      
-0.35919     
-1.89282     
-0.2         
0.3342       
2.35000      
1.1384       
2805        
2610         
0.000000024  
286          
92           
1678         
0            
4290         
9570        
15420        
19380        
25160        
2816         
mkiv        
1            
0.0000       
0.0000       
0.0000       
0.0000       
0.0000       
0.0000       
0.0000       
5715         
0            
242          
-3.00000     
670          
615          
8231         
178          
2536         
0.00000      
0.00000      
2669         
250          
0.000        
0            
256          
0            
64           
35           
2120         
July 13/11   
