19.40048     
19.10743     
19.04264     
18.42115     
17.04151     
0            
.3432        
2.35         
1.1481       
3380         
3650         
.000000033   
283          
14           
1702         
0            
4440         
10320        
14120        
21230        
25800        
2972         
mkiv        
1            
0            
0            
0            
0            
0            
0            
0            
-8           
0            
242          
-3           
759          
720          
2511         
178          
2510         
0            
0            
2665         
250          
.2           
64           
256          
0            
64           
0            
2226         
Sept 6/07    
