version=2dh150119Tamanrasset 22.79 -5.529  4.974364pr865
inst 0  0  0  0  0  .056  .3465  2.35  1.1366  1552  421  2.8E-08 285141707 0  4161  8914  14356  18942  26412 2972mkiii1 0  0  0  0  0  0  0  0  0  242 -3  770  740  8028  178  2515  1.0033 -16.15  2469  250  .1  0  256  0 0 0 
disp 2855.62  .0775723 -8.11731E-07  2896.73  .0761636 -7.66115E-07  2932.26  .0759292 -8.33765E-07  2968.2  .0746596 -7.81552E-07  3005.03  .0728139 -6.89487E-07  2823.17  7.802081E-02 -7.86047E-07  4283.43  .116358 -1.2176E-06  4345.09  .114245 -1.14917E-06  4398.39  .113894 -1.25065E-06  4452.3  .111989 -1.17233E-06  4507.55  .109221 -1.03423E-06  4234.76  .117031 -1.17907E-06 
zeni-.0064 -.01968  .01654  .152258  .281884 -.060358 -.509659  .460001 -.042397 
co23:48:30re: Zenith discrepancy =  0
co23:48:32re: Azimuth discrepancy =  0
co23:48:37re: Micrometer #1 discrepancy =  0
co23:48:42re: Micrometer #2 discrepancy =  0
hgscan 0wide 302warm= 4.99453123:53:58JAN 15/19 34 46 528 3221 6895 10637 14985 19241 23753 26755 27563 26798 23892 20299 16191 12153 7937 3892 2148 1542 1500 2227 4105 8076 12302 16817 20842 24659 28040 28845 27753 24806 20192 15677 11400 7325 3489 565 46 42
hg23:55:12 .9981 288.2629 288 56408 59 3
hgscan 0wide 302warm= 4.99453123:55:12JAN 15/19 39 83 1153 4722 8830 13058 17643 22581 27183 29683 30446 28613 25231 21078 16577 12023 7377 3504 2208 1436 1461 2238 3589 7573 12281 17120 21726 26106 29790 31478 31023 28241 23742 18642 13694 9176 4920 1200 84 39
hg23:56:26 .999 285.6884 286 61924 59 1
ap23:56:28 59.35 59.35 59.35 2004.29 12.49 5.49-12.49 24.48 0 15.21 14.16 14.54 5.01-5.11 .02 0 .06 0 .04 .03 18.04 22.73 .05 .04 59.35 59.35 59.35 2004.29 12.49 5.49-12.49 24.48 .98 15.02 14.16 14.64 5.01-5.11 1.75 10.06 .46 13.15 .97 .24 17.87 22.53 .07 .07
dto3JAN 16/1900:11:24 59 0 259987.8 27.21 27.8 27.13 25.91 30.32 1 101605.9 12.46 32.59 47.14 25.91 33.99 38.55 13.06 26.4 18.65 22.67    27.672 1.6    27.144 11.1
rso3JAN 16/1900:20:14 59 390806 26 448479 523132 646422 732327 820847 1243543 390988 43 449076 524052 645923 731795 820816 1243772 .9995 .6047 .9987 .9983 1.0008 1.0008 1.0001 .9998 .213 .1461 .0542 .0496 .0544 .0348-.0183 .2121 .145 .0542 .0499 .0525 .0332-.0175
hpscan03:48:32 0 9857 10 22094 20 36196 30 50388 40 65149 50 80126 60 92554 70 99350 80 102249 90 103526 100 103395 110 101375 120 92927 130 79527 140 64508 150 49995 160 35043
hp03:48:59 .9980787 105979.1 90.4 59
hpscan03:49:00 0 23025 10 36846 20 50719 30 65828 40 80858 50 93807 60 100395 70 103375 80 104528 90 104067 100 102000 110 94042 120 79977 130 64951 140 50223 150 35199 160 20856
hp03:49:28 .9976081 107083 80.1 59
hgscan 0wide 302warm= 4.99466203:55:12JAN 16/19 41 97 1531 5387 9606 14180 19088 23834 28337 30896 31259 29267 25430 21082 16532 11771 7057 3412 2284 1417 1464 2233 3496 7233 11986 16892 21633 26170 30393 32394 32022 29558 24880 19771 14813 9972 5595 1603 114 53
hg03:56:25 .9991 284.5213 285 63653 59 0
sla 0 241.810620 259008 27 298477 348327 432318 489897 550375rat 2172.777 1496.594 549.2852 512.1485
sla 0 242.490620 258816 23 298307 348519 431668 490138 549713rat 2177.414 1496.328 558.0508 504.6836
sla 0 243.170620 258856 28 297745 348900 432425 490471 550086rat 2188.68 1494.543 553.3477 504.6875
sla 0 243.840620 259242 22 299110 349564 432171 490589 550140rat 2169.695 1487.258 556.9844 504.0508
sla 0 244.520620 258958 29 298299 349418 432905 491332 550789rat 2188.27 1495.766 556.1953 502.5977
sla 0 245.20620 259441 15 299091 349704 432456 491586 550452rat 2178.86 1494.399 563.0118 497.6172
sla 0 245.880620 259431 28 298937 350269 432814 491597 552000rat 2181.281 1487.473 559.4844 509.8985
summary04:03:50JAN 16/19 120.982 1.924 59sl 0 2180 1493 557 505 563 356 298566.6 550507.8 7 4 4 5 18 9 505.9 724.1
dto3JAN 16/1904:17:17 59 0 261173.5 27.91 23.15 20.67 28.82 29.81 1 101949.4 20.34 35.83 20.78 19.25 44.98 12.77 32.17 34.19 37.97 10    26.069 4    26.827 11.7
rso3JAN 16/1904:26:04 59 389452 35 448650 523940 649914 737098 827093 1250426 388998 42 448514 524740 649808 736878 827391 1250066 1.0012 .8333 1.0003 .9985 1.0002 1.0003 .9996 1.0003 .2156 .1483 .0547 .05 .0555 .0359-.0189 .2156 .1475 .0546 .0503 .0546 .0346-.0182
ap04:26:05 59.35 59.35 59.35 2004.29 12.49 5.49-12.49 24.48 0 13.69 14.07 11.41 5.01-5.11 .01 0 .06 0 .03 .02 17.38 21.91 .03 .03 59.35 59.35 59.35 2004.29 12.49 5.49-12.49 24.48 1.04 13.69 14.07 11.41 5.01-5.11 1.74 10.2 .46 13.24 .88 .24 17.38 21.91 .02 .01
hpscan04:36:29 0 22107 10 36265 20 50728 30 64891 40 78723 50 91414 60 99444 70 102718 80 103533 90 103597 100 101561 110 93296 120 79960 130 65368 140 50664 150 35526 160 20505
hp04:36:56 .9984086 106004.6 80.7 59
hgscan 0wide 302warm= 4.99550804:42:11JAN 16/19 53 115 1829 7016 12476 18395 24805 30978 37155 40485 41148 38555 33538 27796 21753 15506 9487 4703 3122 1983 1992 3110 4752 9653 15718 21828 27994 33666 38605 41042 40437 37025 31011 24563 18481 12498 6858 1865 122 49
hg04:43:24 .9991 284.9853 285 82190 59 0
co04:52:26fi:  FI.RTN is done once every 7 days. Skipping today.
hpscan06:01:04 0 23872 10 36924 20 51620 30 66161 40 80573 50 92977 60 99962 70 102941 80 103533 90 103216 100 100694 110 91313 120 76595 130 62024 140 46665 150 33649 160 20397
hp06:01:32 .997861 106227.3 78.9 59
hgscan 0wide 302warm= 4.99466206:07:12JAN 16/19 45 100 1259 4846 8852 13069 17620 22255 26511 28964 29274 27712 23951 19757 15391 11054 6655 3155 2159 1350 1323 2128 3315 6843 11265 15895 20415 24721 28699 30489 30199 27804 23130 18460 13823 9330 5189 1323 94 45
hg06:08:25 .9989 284.7413 285 59763 59 0
co06:08:56ux: UV extended  scan started
co06:13:54ux: UV extended  scan finished, incident DUV =  2.719385E-02 mW/m^2
hpscan06:14:15 0 22872 10 36738 20 52649 30 66766 40 81265 50 93273 60 100222 70 102635 80 103490 90 103509 100 101017 110 91390 120 77936 130 63297 140 49502 150 33652 160 18602
hp06:14:43 .9982043 105983.4 79.2 59
hgscan 0wide 302warm= 4.99449906:19:57JAN 16/19 44 90 1272 5007 9328 13711 18593 23386 28138 30578 31129 29186 25108 21214 16470 11745 7205 3465 2225 1425 1409 2250 3463 7243 11940 16682 21719 26160 30152 31894 31541 28926 24268 19354 14261 9642 5206 1347 88 44
hg06:21:11 .999 284.9531 285 63023 59 0
zsa0 381.770620 34 19 52 79 199 338 503rat 9852.796 7256.42 2485.195 1810.566
hpscan06:38:16 0 22023 10 35244 20 49067 30 63818 40 78040 50 90687 60 98800 70 102404 80 103109 90 103144 100 101851 110 93796 120 80207 130 65511 140 50112 150 36571 160 21977
hp06:38:43 .9977821 105912.2 81.1 59
hgscan 0wide 302warm= 4.99550806:43:58JAN 16/19 40 81 1235 4720 8765 12931 17555 22159 26396 28657 29208 27119 23603 19547 15063 10817 6502 3125 2040 1292 1344 2054 3159 6660 10987 15555 20072 24402 28291 30386 29922 27630 23186 18506 13678 9316 4999 1320 102 42
hg06:45:11 .9988 284.5303 285 59594 59 0
qlslitsbeforelamp 943TE  59cy 20 12833 14 14691 16931 20450 22850 25574
qlscanlamp 943 2401619 5 59 29 2865 6271.1 2900 7136.3 2935 8214.3 2970 9119.7 3005 10392.7 3040 11779.8 3075 13214.1 3110 14919 3145 16674.7 3180 18558.9 3215 21052.5 3250 23534.3 3285 26772.5 3320 30196.4 3355 34037.7 3390 38245.8 3425 42972.3 3460 48423.1 3495 53439.1 3495 60061.7 3530 66837.3 3565 73944.6 3600 81635.4 3635 89420.7106:49:47
qlscanlamp 943 2401619 5 59 18 2865 6294 2900 7259.8 2935 8201.8 2970 9132.8 3005 10414.5 3040 11881.9 3075 13332.8 3110 14844 3145 16816.1 3180 18658.4 3215 21015.9 3250 23515 3285 26708.7 3320 30071.5 3355 34039.4 3390 38207.4 3425 43118.3 3460 48167.8 3495 53598.3 3495 60068.7 3530 66663.1 3565 73934.9 3600 81927.9 3635 89637.106:53:18
co06:53:18ql: scan with lamp 943 done
qlslitsafterlamp 943TE  59cy 20 12963 21 14601 16951 20682 23142 25511
hpscan06:54:26 0 22987 10 37049 20 51594 30 66336 40 80894 50 92625 60 100171 70 103231 80 103788 90 103640 100 101415 110 92180 120 77810 130 63275 140 48430 150 33420 160 20810
hp06:54:54 .9978507 106484 79.3 59
hgscan 0wide 302warm= 4.99550807:00:08JAN 16/19 47 79 1149 4748 8863 13254 17759 22537 26954 29629 30322 28458 24741 20789 16257 11681 7137 3487 2223 1468 1451 2178 3456 7313 11794 16644 21162 25392 29321 31100 30774 28043 23395 18590 13813 9346 5040 1260 88 43
hg07:01:21 .999 285.3121 285 61422 59 0
qlslitsbeforelamp 943TE  59cy 20 12838 26 14558 17003 20714 23082 25711
qlscanlamp 943 2401619 5 59 22 2865 6281.8 2900 7224.9 2935 8162.9 2970 9257.3 3005 10309.9 3040 11852.2 3075 13348.5 3110 14974 3145 16793.4 3180 19069.5 3215 21095.3 3250 23698.4 3285 26914.8 3320 30357.1 3355 34070 3390 38433.7 3425 43170.7 3460 48444.9 3495 53886.8 3495 60355.6 3530 66877.5 3565 74162.6 3600 81770.3 3635 89806.2107:05:57
qlscanlamp 943 2401619 5 59 12 2865 6354.5 2900 7245.3 2935 8200.1 2970 9267.7 3005 10494.8 3040 11838.3 3075 13415.7 3110 14925.2 3145 16771.6 3180 18839.9 3215 21104 3250 23860.7 3285 26805.6 3320 30152.7 3355 33931.1 3390 38520.2 3425 43189.1 3460 48250.8 3495 53973.4 3495 60461.5 3530 66790.9 3565 74251 3600 81802.71 3635 89944.607:09:28
co07:09:28ql: scan with lamp 943 done
qlslitsafterlamp 943TE  59cy 20 12941 18 14643 16891 20717 23165 25765
hpscan07:27:00 0 20243 10 34223 20 48493 30 63870 40 78030 50 91165 60 99494 70 102652 80 103513 90 103475 100 102031 110 93741 120 81398 130 66533 140 53712 150 37696 160 21239
hp07:27:27 .9981836 106009.7 81.6 59
hgscan 0wide 302warm= 4.99449907:32:42JAN 16/19 43 98 1229 4693 8556 12799 16952 21691 25823 28271 28443 26746 23058 19139 14842 10484 6393 3054 2027 1285 1283 1999 3070 6493 10821 15290 19901 23992 27824 29800 29542 27264 22735 18142 13706 9233 5042 1387 100 43
hg07:33:55 .9988 284.5187 285 58243 59 0
qlslitsbeforelamp 944TE  59cy 20 11748 26 13402 15340 18869 21054 23354
qlscanlamp 944 2401619 5 59 27 2865 5709.4 2900 6531 2935 7450.8 2970 8271.3 3005 9347.7 3040 10702.4 3075 12224.8 3110 13596.3 3145 15307.3 3180 17139 3215 19340.9 3250 21753.4 3285 24499.8 3320 27719 3355 31287.2 3390 35319.1 3425 39593.1 3460 44512.3 3495 49459.9 3495 55293 3530 61518.3 3565 67927.71 3600 74996.9 3635 82603.2107:38:31
qlscanlamp 944 2401619 5 59 34 2865 5557.4 2900 6556.9 2935 7482.5 2970 8362.901 3005 9465.5 3040 10787 3075 12017.1 3110 13639.9 3145 15297.7 3180 17149.5 3215 19293.8 3250 21743 3285 24609.8 3320 27613.3 3355 31385.9 3390 35236.1 3425 39719 3460 44227.4 3495 49405.7 3495 55398.9 3530 61436 3565 68167.5 3600 75107.21 3635 82473.607:42:02
co07:42:02ql: scan with lamp 944 done
qlslitsafterlamp 944TE  59cy 20 11892 17 13426 15445 18900 21007 23353
hpscan07:43:10 0 23489 10 37049 20 51162 30 65346 40 79048 50 92440 60 100193 70 103020 80 103681 90 103793 100 101646 110 93026 120 78911 130 63886 140 49000 150 34573 160 19240
hp07:43:38 .9979757 106426.5 80.2 59
hgscan 0wide 302warm= 4.99466207:48:52JAN 16/19 48 82 1327 4985 9244 13525 18271 22946 27449 29681 30073 28156 24393 20316 15731 11100 6727 3217 2141 1327 1338 2152 3247 6860 11468 16113 20764 25140 29061 31213 30752 28374 23865 18955 14059 9672 5289 1389 102 44
hg07:50:06 .999 284.5114 285 61286 59 0
qlslitsbeforelamp 944TE  59cy 20 11699 20 13287 15143 18762 20775 23151
qlscanlamp 944 2401619 5 59 14 2865 5621.9 2900 6518.5 2935 7406.4 2970 8312.901 3005 9539.599 3040 10678.9 3075 12037.2 3110 13643.4 3145 15052.6 3180 16803 3215 19048.5 3250 21310.9 3285 23976.9 3320 27273.7 3355 30725.6 3390 34724.2 3425 38873.2 3460 43550 3495 48714.2 3495 54826.9 3530 60487.7 3565 67071.8 3600 73984.8 3635 81059.107:54:42
qlscanlamp 944 2401619 5 59 40 2865 5671.3 2900 6536.5 2935 7354 2970 8218.1 3005 9432.3 3040 10631.8 3075 12068.6 3110 13467.2 3145 15209.6 3180 17035.2 3215 19152.4 3250 21394.7 3285 24285 3320 27161.9 3355 30832.2 3390 34795.9 3425 38985.9 3460 43709.1 3495 48928.4 3495 54596.9 3530 60252.4 3565 67274.8 3600 73936.71 3635 81156.307:58:12
co07:58:12ql: scan with lamp 944 done
qlslitsafterlamp 944TE  59cy 20 11641 24 13398 15246 18675 21096 23097
hpscan08:08:02 0 23104 10 36134 20 49881 30 65044 40 79816 50 93519 60 100246 70 102969 80 103690 90 103873 100 101606 110 93051 120 78771 130 63368 140 49433 150 34793 160 20476
hp08:08:30 .9974361 106713.9 80 59
hgscan 0wide 302warm= 4.99453108:13:44JAN 16/19 44 121 1563 5260 9192 13532 17880 22545 26696 28791 29156 27108 23220 19135 15041 10611 6259 2992 2027 1283 1284 2047 3111 6473 10865 15265 19915 24015 28004 30319 29964 27900 23638 18995 14228 9654 5468 1592 110 44
hg08:14:58 .999 283.7981 284 59475 59-1
hpscan08:15:07 0 23417 10 37338 20 51511 30 66753 40 81285 50 93320 60 100353 70 102436 80 103221 90 102978 100 100977 110 92284 120 78513 130 63421 140 46622 150 32053 160 18471
hp08:15:34 .9971569 106216.9 79.3 59
sla 0 501.040620 257314 22 297137 346689 429322 486691 547391rat 2163.586 1488.363 550.9531 517.0664
sla 0 501.720620 257482 24 296420 346902 429998 487250 546998rat 2179.215 1490.727 549.0938 508.8594
sla 0 502.40620 257776 23 297187 347438 429210 487186 546758rat 2167.324 1483.387 556.5625 507.5039
sla 0 503.080620 257600 26 297058 346814 430087 488295 546800rat 2179.235 1501.266 557.6094 497.8516
sla 0 503.770620 258053 25 297201 348161 430511 487537 547247rat 2170.289 1477.445 546.4493 508.2735
sla 0 504.450620 258437 27 296672 347924 430792 487873 548484rat 2181.125 1483.465 546.6133 515.1992
sla 0 505.130620 258431 23 297522 348415 430020 488890 548467rat 2177.735 1486.434 563.6406 505.8946
summary08:23:05JAN 16/19 66.268 2.444 59sl 0 2174 1487 553 509 546 346 297028.1 547449.3 7 8 7 6 24 15 370.6 741.1
co08:26:23az: Azimuth discrepancy = -240
co08:28:55sr: Azimuth Steps per revolution measured =  14633
co08:29:41si: New SI, HC = -7, NC = -210  Old = -7 , -210
dsa128 510.620620 31895 26 86960 208741 571791 948952 1241375rat 9168.774 5854.219 1860.102 837.875
dsa128 511.310620 32805 21 88755 211340 579159 957024 1253121rat 9123.383 5841.547 1843.141 844.1016
dsa128 511.990620 33532 21 90670 214975 586591 968497 1264508rat 9089.039 5823.547 1841.609 833.1797
dsa128 512.670620 34609 27 92490 218605 595435 980622 1279307rat 9064.258 5809.664 1832.828 831.7031
dsa128 513.360620 35318 23 94238 222175 602163 990374 1292044rat 9032.188 5786.352 1828.977 833.6328
summary08:31:59JAN 16/19 64.657 2.303 59ds 2 9096 5823 1841 836 6420 3481-5.4 241.6 53 27 12 5 45 16 .3 .9
dsa128 514.110620 36111 23 96321 225465 609821 1000645 1303132rat 8989.047 5771.86 1820.992 827.7344
dsa128 514.790620 37186 22 98459 229358 618626 1012742 1318732rat 8952.492 5754.016 1812.922 829.1953
dsa128 515.480620 37948 22 100126 232326 625950 1022479 1330443rat 8927.594 5743.914 1805.281 827.8047
dsa128 516.160620 39033 31 102877 236750 635619 1036643 1348284rat 8876.781 5726.383 1800.617 827.8985
dsa128 516.84010620 39889 23 104504 240041 643273 1046652 1358839rat 8856.539 5712.219 1792.242 821.6485
summary08:35:28JAN 16/19 64.03501 2.253 59ds 2 8920 5742 1806 827 6275 3433-5.2 240.8 54 23 11 3 49 15 .1 .6
co08:37:37ux: UV extended  scan started
co08:42:36ux: UV extended  scan finished, incident DUV =  20.54031 mW/m^2
hpscan08:42:58 0 25065 10 39156 20 52470 30 67763 40 80349 50 93393 60 100861 70 102917 80 103383 90 102836 100 100599 110 90950 120 76701 130 61219 140 47422 150 33139 160 19091
hp08:43:26 .9977386 106046.3 78.6 59
dsa128 524.08010620 50040 29 124843 274413 720525 1150714 1484550rat 8558.688 5583.461 1730.133 811.6797
dsa128 524.760620 51040 25 127253 278807 731047 1163350 1498127rat 8529.094 5565.867 1716.297 805.3203
dsa128 525.440620 51893 25 129065 281164 736777 1170685 1508826rat 8500.047 5559.914 1711.188 810.5547
dsa128 526.130620 53158 26 130828 285201 745405 1182359 1522221rat 8489.805 5544.703 1705.383 807.2969
dsa128 526.810620 54073 27 133428 288130 751259 1190916 1532788rat 8441.359 5535.399 1704.516 807.6485
summary08:45:26JAN 16/19 62.286 2.126 59ds 2 8504 5558 1714 809 5917 3327-5.7 240.9 44 19 11 3 42 12 .2 .4
hgscan 0wide 302warm= 523.530508:48:38JAN 16/19 46 53 697 3841 8039 12404 16881 21824 26507 29854 30719 29984 26133 22110 17588 13085 8471 4231 2462 1631 1645 2474 4376 8520 13334 17973 22887 27104 30885 32140 31092 27868 22950 17922 13074 8536 4202 745 65 44
hg08:49:51 .9985 287.5043 288 62859 59 3
hgscan 0wide 302warm= 523.530508:49:51JAN 16/19 50 103 1386 5484 10085 14903 20043 25470 30247 32989 33672 31505 27287 22814 17631 12526 7678 3666 2443 1581 1560 2461 3699 7724 12773 18022 23156 27890 32073 34446 33973 31106 26273 20828 15657 10679 5911 1617 123 50
hg08:51:05 .999 284.7643 285 68118 59 0
dsa128 531.660620 61913 22 147233 312099 802974 1260573 1611772rat 8297.906 5459.547 1673.484 788.8125
dsa128 532.340620 63031 30 149947 317429 813843 1275615 1629580rat 8275.586 5441.11 1668.258 786.461
dsa128 533.020620 63808 23 151477 319114 818279 1282960 1637425rat 8261.344 5446.367 1671.219 783.6719
dsa128 533.710620 65250 29 153937 323372 828102 1294616 1650807rat 8235.75 5431.399 1660.055 781.0547
dsa128 534.390620 66616 22 156334 327706 836863 1307012 1667088rat 8215.438 5418.555 1657.461 783.9844
summary08:53:01JAN 16/19 60.987 2.04 59ds 2 8257 5439 1666 785 5746 3272-5.8 243.3 33 16 7 3 26 10 .3 .9
dsa128 535.140620 67861 26 158935 330965 844830 1316601 1677466rat 8180.86 5410.836 1649.57 780.5391
dsa128 535.830620 68522 27 160497 333061 848721 1320383 1683495rat 8155.008 5398.461 1643.203 785.0078
dsa128 536.510620 69784 28 162526 335812 853552 1327701 1690485rat 8128.961 5389.672 1643.977 780.0625
dsa128 537.190620 71167 24 165006 340353 864189 1340642 1707282rat 8110.305 5376.797 1633.742 782.4141
dsa128 537.870620 72012 27 167204 342596 869094 1346827 1712950rat 8077.235 5371.141 1630.453 777.8594
summary08:56:30JAN 16/19 60.398 2.005 59ds 2 8130 5389 1640 781 5631 3241-6.2 243.2 40 16 8 3 36 11 .2 .7
co08:58:39ux: UV extended  scan started
co09:03:38ux: UV extended  scan finished, incident DUV =  27.08443 mW/m^2
hpscan09:04:00 0 21558 10 35100 20 49499 30 64444 40 79648 50 92432 60 99622 70 102761 80 103734 90 103516 100 102314 110 95133 120 80382 130 64661 140 50197 150 35868 160 21492
hp09:04:28 .9968229 106705.6 80.7 59
dsa128 545.110620 84890 29 189943 378884 945391 1446067 1827280rat 7879.914 5273.946 1587.953 762.4375
dsa128 545.80620 86960 31 192996 384327 957193 1460616 1846148rat 7858.836 5258.61 1578.867 765.0391
dsa128 546.480620 88684 29 196054 389708 967678 1476559 1863194rat 7842.492 5248.649 1580.344 758.8906
dsa128 547.160620 89726 21 198765 392794 975667 1485993 1873968rat 7814.461 5244.774 1573.43 757.3828
dsa128 547.850620 91516 28 201729 398539 986831 1500599 1892901rat 7797.477 5227.344 1567.914 760.0156
summary09:06:28JAN 16/19 58.751 1.911 59ds 2 7839 5251 1578 761 5404 3169-6.3 244.1 33 17 8 3 28 12 .3 .9
hgscan 0wide 302warm= 26.026509:09:40JAN 16/19 46 117 1491 5520 9832 14587 19448 24481 29234 31577 32311 29839 25915 21289 16474 11714 6944 3301 2262 1400 1412 2269 3357 7162 11960 17025 21974 26598 30991 33203 32953 30472 25586 20327 15374 10355 5844 1647 129 48
hg09:10:53 .9989 284.216 284 65514 59-1
dsa128 551.450620 97767 34 214137 413993 1021799 1543720 1944271rat 7682.172 5199.071 1545.813 759.1016
dsa128 552.130620 98825 26 214683 416429 1027065 1548417 1949784rat 7687.977 5189.047 1537.602 759.2188
dsa128 552.820620 99941 31 217359 419649 1031826 1554726 1955358rat 7655.117 5175.367 1536.18 754.6797
dsa128 553.50620 100908 24 219332 422392 1037311 1561467 1960873rat 7638.438 5168.336 1533.063 748.9063
dsa128 554.180620 101925 24 221130 424747 1041620 1568319 1970534rat 7625.922 5165.782 1535.359 752.5078
summary09:12:48JAN 16/19 57.732 1.858 59ds 2 7658 5180 1538 755 5242 3127-7 244.7 27 14 5 4 16 6 .2 .6
zsa0 555.070620 9672 21 20091 37162 82688 114042 135154rat 7554.364 4879.492 1399.863 740.0196
zsa0 555.750620 9712 22 20285 37418 83146 114766 136011rat 7540.317 4877.282 1403.414 740
zsa0 556.430620 9873 27 20377 37621 83451 115249 136768rat 7539.797 4872.43 1405.832 745.9297
zsa0 557.110620 9879 24 20593 37877 83948 115718 136802rat 7511.098 4860.387 1397.629 729.3008
zsa0 557.790620 10065 19 20738 38083 84291 116575 138007rat 7511.856 4868.555 1411.953 735.3516
zsa0 558.470620 10136 22 21022 38633 85148 117171 138675rat 7475.418 4828.629 1390.172 734.1993
zsa0 559.150620 10279 23 21141 38344 85535 117488 139035rat 7462.805 4873.137 1382.219 733.7383
summary09:17:06JAN 16/19 57.055 1.825 59zs 0 7514 4866 1399 737 5155 2914-5.6 241.3 34 18 10 6 27 16 1.3 3.1
sla 0 560.120620 259618 24 299132 349561 432771 489365 550852rat 2158.402 1476.316 539.918 520.7344
sla 0 560.80620 258908 18 298434 349837 431629 489799 550490rat 2172.481 1476.734 555.4063 513.9375
sla 0 561.480620 259161 27 298290 349626 432162 489968 551222rat 2176.16 1480.926 551.5156 518.2852
sla 0 562.160620 258908 26 298708 349251 432570 490039 550205rat 2170.668 1486.262 548.004 509.5078
sla 0 562.840620 259201 22 298541 349729 432304 490216 550206rat 2174.68 1481.844 552.2891 507.9219
sla 0 563.520620 258648 25 298612 349306 432317 490484 549996rat 2176.059 1489.555 554.5586 503.8438
sla 0 564.20620 259186 25 298004 349361 432197 490036 550067rat 2180.965 1484.852 551.7656 508.4258
summary09:22:09JAN 16/19 56.274 1.788 59sl 0 2173 1482 550 512 535 337 298531.6 550434 7 5 5 6 25 13 353.3 418
dsa192 565.140620 35206 26 74153 137880 338720 505565 638335rat 7397.321 5075.664 1469.078 753.961
dsa192 565.830620 35808 21 74923 139249 340749 508225 642156rat 7377.977 5057.282 1466.781 757.9766
dsa192 566.510620 36335 25 75746 140196 342868 511249 645449rat 7358.946 5055.289 1466.391 755.0703
dsa192 567.190620 36596 30 76395 141567 344728 513602 648273rat 7345.016 5034.875 1463.711 754.9375
dsa192 567.870620 36858 22 76686 141398 345300 514646 649386rat 7339.789 5050.547 1466.164 754.3281
summary09:26:30JAN 16/19 55.613 1.758 59ds 3 7364 5055 1466 755 4947 3038-7.4 243.8 24 15 2 2 24 14 .6 1.7
fv09:29:03192az 139.7746-20 32968.6ze 55.115 0 32628.2
dza192 570.50720 20668 27 41450 74252 176722 257006 316371 329864
dza192 571.290720 38541 21 79529 145117 353467 523498 658999 665743rat 8476.438 5774.379 1793.156 1099.656
dza192 572.070720 38919 24 80077 146051 354016 525348 660396 666751rat 8444.828 5747.782 1809.906 1087.242
dza192 572.860720 39715 26 81237 147864 357598 529570 666285 674425rat 8384.563 5707.586 1790.906 1093.352
summary09:32:04JAN 16/19 54.786 1.723 59dz 3 8435 5743 1798 1093 4936 2985-4.1 240.1 47 34 10 6 44 29 1.2 4.1
dsa192 578.780620 43451 19 87223 156135 374711 551881 689700rat 7123.867 4948.61 1426.274 723.1797
dsa192 579.470620 44204 24 88473 157907 378708 556780 698392rat 7103.274 4939.789 1419.344 740.2422
dsa192 580.150620 43931 24 87912 156968 375955 552918 692082rat 7102.532 4936.5 1421.32 731.3906
dsa192 580.830620 43349 29 86319 154284 370079 541818 678523rat 7094.735 4923.547 1401.594 733.7266
dsa192 581.520620 44692 21 89070 158498 378361 554669 694756rat 7063.242 4910.469 1408.406 735.5781
summary09:40:08JAN 16/19 53.624 1.676 59ds 3 7098 4932 1415 733 4752 2978-7.8 245.5 22 15 10 6 37 18 .5 2.5
dsa192 582.270620 43862 21 87320 155272 371119 544538 681710rat 7070.68 4920.328 1412.609 733.6016
dsa192 582.960620 44103 22 87125 154837 369723 541578 677469rat 7058.68 4909.953 1405.781 730.6485
dsa192 583.640620 44691 23 88659 156466 373863 546371 684620rat 7023.75 4904.485 1396.414 738.8516
dsa192 584.320620 45897 27 90897 160038 382284 558474 698680rat 7013.516 4903.641 1395.734 732.6875
dsa192 5850620 45942 23 91008 160855 382292 558635 698554rat 7011.539 4884.008 1397.555 731.211
summary09:43:38JAN 16/19 53.137 1.657 59ds 3 7036 4904 1402 733 4689 2957-7.7 244.6 27 13 7 3 31 10 .5 1.2
co09:45:47ux: UV extended  scan started
co09:50:47ux: UV extended  scan finished, incident DUV =  43.17875 mW/m^2
hpscan09:51:08 0 22190 10 35589 20 50369 30 65460 40 80518 50 92158 60 99005 70 102301 80 103142 90 102905 100 101401 110 93454 120 79071 130 64024 140 49493 150 35693 160 21131
hp09:51:36 .9972809 105892 80.1 59
dsa192 592.270620 51394 24 99652 173150 409151 591960 737821rat 6891.758 4830.367 1360.891 723.2969
dsa192 592.950620 51883 23 100597 174011 411294 595883 741230rat 6881.407 4838.852 1367.555 715.0469
dsa192 593.630620 52060 20 100527 173508 410522 594743 739017rat 6878.11 4844.352 1367.992 710.8672
dsa192 594.320620 52401 24 100691 174046 409870 593000 738033rat 6859.875 4818.992 1362.524 718.375
dsa192 5950620 52433 25 100811 174121 409532 591152 735904rat 6842.641 4804.399 1352.883 719.8203
summary09:53:38JAN 16/19 51.793 1.608 59ds 3 6871 4827 1362 717 4575 2926-8.2 246.6 20 16 6 5 26 19 .9 3.1
hgscan 0wide 302warm= 570.668309:56:48JAN 16/19 53 138 1893 6485 11497 16844 22642 28443 33828 36940 37491 35126 30389 25214 19615 14065 8444 4107 2829 1741 1735 2850 4213 8663 14377 20217 26061 31494 36530 38916 38432 35166 29485 23383 17461 11770 6436 1731 108 39
hg09:58:02 .999 284.6973 285 76407 59 0
dsa192 598.610620 54493 22 103930 178007 417676 601921 747750rat 6798.297 4793.11 1348.641 713.3438
dsa192 599.290620 55028 24 105200 179739 422098 606988 755111rat 6784.094 4788.891 1339.883 720.211
dsa192 599.970620 56274 27 107082 183288 427694 615295 765317rat 6768.578 4764.61 1342.524 720.1563
dsa192 600.660620 56709 25 108032 183838 430316 618408 768897rat 6753.969 4774.774 1338.43 719.0235
dsa192 601.340620 57126 27 108337 184198 430982 619660 770073rat 6752.352 4776.227 1341.063 717.3281
summary09:59:58JAN 16/19 50.982 1.58 59ds 3 6771 4780 1342 718 4474 2888-7.8 243.9 20 12 4 3 25 14 .7 2.2
dsa192 602.10620 57712 29 109638 186009 435232 624372 775505rat 6735.5 4768 1331.883 715.5
dsa192 602.790620 58447 27 110792 187741 438719 630381 782138rat 6733.758 4770.813 1339.586 711.4141
dsa192 603.470620 58861 28 111638 188591 440385 631483 783684rat 6710.016 4759.844 1331.141 712.9375
dsa192 604.150620 57943 29 109814 184783 432649 619758 768675rat 6700.227 4766.867 1326.594 710.2735
dsa192 604.840620 58654 28 111146 187123 436734 626203 776906rat 6694.985 4758.602 1331.461 712.2656
summary10:03:28JAN 16/19 50.549 1.566 59ds 3 6715 4765 1332 712 4435 2888-8.7 246.1 19 5 5 2 17 6 .5 1.2
dsa192 605.60620 59229 30 111933 188349 439275 627892 778711rat 6677.867 4743.063 1318.375 711.125
dsa192 606.280620 59841 21 112386 188590 440474 629151 781015rat 6670.492 4747.18 1315.688 715.8203
dsa192 606.960620 60723 30 114483 192252 447609 639267 792967rat 6661.735 4734.469 1315.867 713.0235
dsa192 607.650620 61565 23 115438 193258 449620 642990 797836rat 6652.633 4738.242 1322.274 714.9766
dsa192 608.330620 61784 26 116203 193284 451154 641918 787465rat 6618.242 4731.367 1300.445 664.8438
summary10:06:57JAN 16/19 50.127 1.552 59ds 3 6656 4739 1315 704 4404 2885-9.399999 247.7 23 7 8 22 51 37 1.8 7.3
dsa192 609.090620 62137 21 116701 194451 452924 646100 800650rat 6629.235 4734.352 1312.219 710.0547
dsa192 609.770620 61973 21 116389 194380 451039 642678 798016rat 6619.117 4713.532 1307.586 719.3516
dsa192 610.460620 61902 26 115739 193412 448908 639530 793407rat 6623.664 4714.75 1307.211 715.8203
dsa192 611.140620 62056 21 116204 193174 449036 639782 792767rat 6608.891 4722.477 1308.016 710.8047
dsa192 611.820620 62533 28 117104 194285 450612 641565 796504rat 6589.438 4710.867 1305.414 719.836
summary10:10:27JAN 16/19 49.717 1.539 59ds 3 6614 4719 1308 715 4326 2849-8.5 243.2 16 10 3 5 26 16 .8 2.7
dsa192 612.580620 62990 26 117367 194881 452128 644097 797446rat 6598.11 4715.539 1308.367 707.9844
dsa192 613.260620 63338 22 118296 196464 455390 647898 802411rat 6591.274 4707.149 1303.227 709.9922
dsa192 613.940620 64230 25 119731 198280 459216 653801 809546rat 6579.977 4707.75 1306.844 709.5
dsa192 614.630620 64971 21 120429 199560 462743 657004 813560rat 6577.227 4701.867 1295.125 710.1406
dsa192 615.310620 65354 25 121489 200278 464189 659326 815215rat 6556.407 4702.852 1297.492 704.0547
summary10:13:56JAN 16/19 49.318 1.527 59ds 3 6581 4707 1302 708 4314 2852-9.100001 245.6 16 5 6 3 12 5 .4 1.1
dza192 616.260720 48670 23 89176 143750 325863 453176 550784 593132
dza192 617.060720 66940 24 123822 204338 472151 669334 828340 866602rat 7973.067 5541.688 1703.324 1092.492
dza192 617.840720 67201 26 124140 204714 473432 670370 829164 867913rat 7954.418 5535.75 1686.219 1084.594
dza192 618.620720 67619 26 124825 205762 475019 673727 832064 871707rat 7937 5528.571 1706.57 1062.922
summary10:17:50JAN 16/19 48.886 1.514 59dz 3 7955 5535 1699 1080 4499 2850-4.4 247.4 18 7 11 15 32 18 .7 3.8
dsa192 625.050620 70305 27 128341 209397 480677 679040 837687rat 6464.727 4649.235 1279.266 699.2656
dsa192 625.740620 70851 32 128696 210365 483336 682000 840317rat 6473.133 4649.039 1274.555 694.2969
dsa192 626.420620 71350 22 129697 211341 485323 684187 843336rat 6454.367 4643.532 1270.977 696.3438
dsa192 627.110620 71545 29 129989 211497 484731 684673 843678rat 6449 4644.235 1279.813 695.3125
dsa192 627.790620 72316 30 131437 213654 490245 690821 851350rat 6441.36 4640.117 1269.922 696.2813
summary10:26:25JAN 16/19 47.987 1.487 59ds 3 6457 4645 1275 696 4228 2824-9.2 246.7 12 4 5 2 14 5 .2 .9
dsa192 628.550620 72880 25 132828 215397 493406 695740 856742rat 6427.805 4636.617 1273.32 693.2422
dsa192 629.230620 73080 27 133021 215629 493850 695790 855846rat 6422.977 4632.953 1270.024 688.5938
dsa192 629.910620 73386 24 132997 215720 494099 696974 858825rat 6432.305 4639.25 1275.641 696.8125
dsa192 630.60620 73688 24 133902 216230 494649 697720 859167rat 6408.586 4634.352 1275.813 694.1563
dsa192 631.280620 73938 26 133986 216367 496541 697997 859688rat 6408.211 4633.711 1260.945 695.25
summary10:29:54JAN 16/19 47.643 1.478 59ds 3 6420 4635 1271 694 4200 2821-9.7 247.6 11 3 6 3 15 4 .3 .8
co10:32:03ux: UV extended  scan started
co10:37:03ux: UV extended  scan finished, incident DUV =  58.31239 mW/m^2
hpscan10:37:24 0 22472 10 36361 20 50316 30 64803 40 78889 50 91900 60 99391 70 101925 80 103076 90 102816 100 101324 110 92381 120 78580 130 63917 140 50536 150 35682 160 21198
hp10:37:52 .9977593 105576.7 80.2 59
dsa192 638.540620 77586 23 138492 222971 507361 711166 875929rat 6357.149 4591.485 1251.828 698.625
dsa192 639.230620 77895 27 139294 223803 508777 713461 876851rat 6346.875 4589.86 1253.992 689.211
dsa192 639.910620 78110 29 139451 223764 508502 712945 876811rat 6339.93 4588.133 1253.5 692.5156
dsa192 640.60620 77546 20 138447 222084 505429 706989 869745rat 6335.235 4584.524 1243.391 693.9766
dsa192 641.280620 77812 26 139123 221858 506417 707349 869831rat 6316.946 4591.641 1237.227 692.3203
summary10:39:54JAN 16/19 46.728 1.453 59ds 3 6339 4589 1248 693 4121 2786-9 245.1 15 3 7 3 14 7 .8 1.7
hgscan 0wide 302warm= 72.2912110:43:04JAN 16/19 49 148 2111 7211 12668 18450 24754 31128 37022 40238 40944 38253 32903 27517 21330 15222 8983 4514 3069 1899 1902 3075 4522 9197 15481 22111 28287 34086 39361 42332 41760 38579 32314 25613 19086 12966 7411 2102 142 49
hg10:44:17 .999 284.4783 284 83276 59-1
dsa192 644.880620 80274 30 143444 227455 518780 723148 888966rat 6285.852 4583.289 1230.109 692.4922
dsa192 645.560620 80815 25 143812 228863 519860 724641 891056rat 6284.782 4566.063 1230.383 694.1172
dsa192 646.240620 81267 25 144488 229333 520326 726808 891919rat 6278.102 4570.657 1239.813 685.375
dsa192 646.930620 81655 29 144572 229996 521781 728223 894442rat 6284.813 4567.047 1236.297 689.4688
dsa192 647.610620 81494 30 144984 230201 522541 728292 894575rat 6273.969 4564.266 1230.633 690.0156
summary10:46:14JAN 16/19 46.206 1.44 59ds 3 6282 4570 1233 690 4073 2780-9.8 246.1 5 8 4 3 9 8 .6 1.4
dsa192 648.360620 82033 33 145420 230954 522530 728505 896764rat 6262.797 4551.664 1232.195 699.7344
dsa192 649.050620 82657 24 146465 231751 525056 732267 899921rat 6255.258 4559.977 1234.063 692.875
dsa192 649.730620 82813 30 146411 232080 525904 732714 900646rat 6260.274 4556.899 1229.844 693.9141
dsa192 650.420620 82802 23 146607 231718 525672 731530 899591rat 6247.664 4556.813 1224.766 695.9922
dsa192 651.10620 82689 29 146542 232026 524674 731017 897555rat 6247.75 4548.672 1230.367 689.3438
summary10:49:43JAN 16/19 45.938 1.433 59ds 3 6255 4555 1230 694 4033 2759-9.100001 243.1 7 5 4 4 10 8 .6 1.8
dsa192 651.860620 82820 31 146598 230965 523172 729298 895589rat 6236.266 4558.633 1232.727 690.1875
dsa192 652.540620 83086 32 146370 230601 522949 727442 895227rat 6232.367 4554.61 1223.5 699.8125
dsa192 653.220620 83473 31 147309 233025 526841 733829 901881rat 6243.696 4547.946 1229.711 694.1875
dsa192 653.910620 83994 28 148210 233255 528588 733981 903143rat 6219.071 4545.18 1216.367 699.7891
dsa192 654.590620 83922 26 148539 233826 528655 734501 903569rat 6213.039 4537.946 1219.102 698.9063
summary10:53:13JAN 16/19 45.684 1.426 59ds 3 6229 4549 1224 697 4000 2753-9.399999 242.9 13 8 7 4 24 11 .5 1.8
dsa192 655.350620 83093 28 146655 230693 522263 726499 891197rat 6220.828 4548.782 1224.344 686.2656
dsa192 656.030620 83154 34 147039 231115 523062 726701 893635rat 6211.36 4542.453 1219.016 697.336
dsa192 656.710620 83631 27 147558 231351 522846 727065 894316rat 6199.149 4540.797 1223.359 698.8047
dsa192 657.40620 83636 25 147762 231886 523564 727770 894188rat 6197.93 4535.321 1221.774 694.0313
dsa192 658.080620 84226 25 149053 234388 529458 734412 902303rat 6200.742 4528.961 1212.859 694.1406
summary10:56:42JAN 16/19 45.445 1.42 59ds 3 6206 4539 1220 694 3985 2749-9.600001 243.2 10 8 5 5 23 12 .4 2.2
dsa192 658.840620 85553 28 151387 237572 535877 745062 914482rat 6197.336 4534.094 1223.688 690.1719
dsa192 659.520620 86012 27 152013 237471 535942 745725 914989rat 6183.805 4540.219 1227.258 688.8516
dsa192 660.20620 86318 31 151352 237320 536291 744724 913730rat 6197.516 4537.446 1218.617 688.836
dsa192 660.890620 85784 29 151614 237369 535029 744260 914426rat 6187.719 4534.11 1226.383 695.125
dsa192 661.570620 86396 28 151748 237369 536212 744357 914030rat 6184.977 4535 1217.391 692.7891
summary11:00:12JAN 16/19 45.22 1.415 59ds 3 6190 4536 1223 691 3979 2750-9.8 244.3 7 2 5 3 13 7 .4 1.4
dza192 662.520720 68257 28 118057 180506 401306 546720 661308 721808
dza192 663.320720 86429 27 152035 237701 536404 743110 912745 971694rat 7639.383 5373.91 1631.524 1079.141
dza192 664.10720 86585 26 152212 237809 535998 744207 913165 973226rat 7640.981 5389.953 1668.938 1062.117
dza192 664.880720 87652 27 153516 239912 541360 750098 920681 979819rat 7606.41 5361.496 1627.117 1062.336
summary11:04:05JAN 16/19 44.987 1.409 59dz 3 7629 5375 1643 1068 4212 2738-2.7 243 20 14 23 10 28 14 .5 2.9
dsa192 672.270620 89569 26 156148 243089 546809 756707 928029rat 6140.907 4508.555 1206.344 689.6563
dsa192 672.950620 89901 28 156432 243728 548511 758260 930055rat 6142.657 4506.524 1201.891 690.4453
dsa192 673.640620 89919 27 156697 243745 548476 759629 929846rat 6143.789 4514.532 1210.328 681.6094
dsa192 674.320620 89863 25 156221 243759 547059 757963 927954rat 6147.852 4504.875 1212.149 682.4297
dsa192 675.010620 89860 28 156203 243740 547168 757688 928424rat 6146.828 4503.649 1209.688 686.2891
summary11:13:38JAN 16/19 44.496 1.397 59ds 3 6144 4508 1208 686 3949 2737-9.7 244.7 3 4 4 4 15 8 .5 1.6
dsa192 675.760620 90024 25 156626 243763 548155 757263 929592rat 6133.032 4501.055 1199.406 694.5078
dsa192 676.450620 90291 20 157220 244146 548387 758954 930727rat 6126.836 4504.367 1207.578 690.211
dsa192 677.130620 90527 30 157120 243606 548854 757536 927943rat 6121.555 4505.875 1195.578 685.1797
dsa192 677.810620 90268 25 156616 243422 547249 755145 927922rat 6122.024 4495.469 1194.617 699.2266
dsa192 678.50620 90400 27 157210 243445 547986 757250 928259rat 6118.438 4507.735 1201.188 688.6719
summary11:17:07JAN 16/19 44.346 1.394 59ds 3 6124 4503 1200 692 3911 2727-9.8 243.3 6 5 5 5 16 13 .8 2.7
co11:19:16ux: UV extended  scan started
co11:24:16ux: UV extended  scan finished, incident DUV =  66.97733 mW/m^2
hpscan11:24:38 0 20607 10 34156 20 48442 30 62974 40 77480 50 90883 60 98627 70 101360 80 102552 90 102758 100 100994 110 92726 120 78786 130 65513 140 52597 150 36872 160 20880
hp11:25:05 .9979341 105035.5 81.2 59
dsa192 685.770620 92156 29 159191 247133 554338 766749 937032rat 6122.391 4499.305 1206.609 676.2344
dsa192 686.450620 92601 33 159735 248258 556040 767943 940512rat 6114.492 4486.391 1200.008 685.836
dsa192 687.130620 92292 26 159645 246842 553966 765422 937677rat 6102.782 4497.078 1202.039 687.1328
dsa192 687.820620 92940 27 160991 249564 558797 771041 943194rat 6098.594 4481.563 1196.203 680.8281
dsa192 688.50620 92959 28 160341 249207 557445 770560 942858rat 6113.5 4485.063 1204.117 682
summary11:27:07JAN 16/19 44.003 1.386 59ds 3 6110 4490 1202 682 3927 2729-9.600001 245 10 8 4 4 20 10 .6 2.1
hgscan 0wide 302warm= 617.890611:30:17JAN 16/19 46 110 1796 7135 12514 18754 25292 31933 38718 41968 42838 40277 34943 29211 22893 16486 9974 5059 3293 2081 2176 3351 5028 10059 16865 23467 30121 35979 41421 44207 43795 40039 33252 26494 19760 13622 7725 2233 152 44
hg11:31:31 .9991 285.0935 285 87045 59 0
dsa192 692.10620 92938 31 160254 248373 556215 767975 939919rat 6102.149 4485.547 1199.289 683.3047
dsa192 692.790620 93078 36 160823 249279 558084 770541 942002rat 6102.133 4484.813 1199.461 678.5469
dsa192 693.470620 92775 24 160467 248429 556940 767543 939173rat 6094.266 4482.321 1191.195 682.4219
dsa192 694.160620 93387 28 161244 249624 559134 771202 944195rat 6094.352 4482.477 1194.961 685.0703
dsa192 694.840620 93616 30 162060 250398 560871 775200 947887rat 6095.836 4492.203 1204.352 679.6875
summary11:33:28JAN 16/19 43.855 1.382 59ds 3 6098 4485 1198 682 3916 2727-9.8 245.4 4 4 5 3 11 6 .3 1.2
zsa0 695.720620 28290 25 48335 74217 153694 197538 228390rat 6131.508 4265.551 1094.789 633.6368
zsa0 696.410620 28425 25 48521 74117 154010 197699 227671rat 6118.348 4274.973 1089.391 616.3086
zsa0 697.090620 28533 24 48609 74085 153641 197877 227957rat 6114.324 4280.739 1103.762 617.8711
zsa0 697.770620 28291 26 48477 74100 153814 197697 228185rat 6122.313 4275.957 1094.895 626.2149
zsa0 698.450620 28235 29 48066 73679 153104 196851 226871rat 6140.848 4282.157 1096.371 619.711
zsa0 699.130620 28047 28 48488 73499 152900 196496 227441rat 6094.867 4284.883 1094.297 638.5547
zsa0 699.810620 28301 28 48198 73609 153353 196978 227563rat 6131.66 4289.067 1092.094 630.2071
summary11:37:46JAN 16/19 43.785 1.381 59zs 0 6122 4279 1095 626 4119 2667-10.1 259.2 15 8 5 9 35 16 1 3.5
sla 0 700.780620 258147 24 297298 348270 430308 488524 548460rat 2177.75 1484.961 557.4141 509.1328
sla 0 701.460620 258463 26 297455 348015 430841 489164 547565rat 2181.199 1493.934 557.7305 496.1875
sla 0 702.140620 258338 27 297088 347964 430818 488068 547255rat 2176.754 1484.727 548.1055 503.5586
sla 0 702.820620 258352 29 297205 347501 430143 487888 547598rat 2173.418 1488.945 553.375 507.9336
sla 0 703.510620 258388 33 296828 347329 429706 487414 547793rat 2174.715 1486.852 553.5586 513.7891
sla 0 704.190620 257580 33 296694 347326 429565 486869 546098rat 2171.777 1481.969 550.086 505.0586
sla 0 704.870620 257645 29 296989 347792 429205 486059 546444rat 2160.09 1468.762 546.4493 515.1524
summary11:42:49JAN 16/19 43.734 1.38 59sl 0 2174 1484 552 507 550 346 297079.6 547316.2 7 8 4 7 26 16 262 805.7
dsa192 705.790620 93852 28 161899 249677 558951 770295 943942rat 6073.125 4477.344 1191.672 689.5625
dsa192 706.470620 93106 29 161028 248210 555115 764778 937642rat 6064.844 4471.297 1190.172 691.6016
dsa192 707.160620 93360 28 161038 247880 555082 765032 936852rat 6066.024 4478.563 1191.906 686.3828
dsa192 707.840620 93384 31 161087 248556 556659 766168 937251rat 6071.336 4473.266 1185.992 681.711
dsa192 708.520620 93429 34 161173 248888 557422 768232 942142rat 6080.985 4479.375 1191.867 692.9453
summary11:47:09JAN 16/19 43.718 1.38 59ds 3 6071 4476 1190 688 3868 2710-9.600001 242.3 6 3 3 5 14 8 .4 1.7
dsa192 709.310620 93070 29 160992 248177 556456 766550 939488rat 6076.071 4482.125 1189.805 690.1016
dsa192 7100620 92581 29 160576 247151 555579 764273 936223rat 6074.18 4487.063 1183.57 687.7891
dsa192 710.680620 92623 27 159993 246727 552942 762700 933654rat 6080.883 4485.407 1195.399 684.6797
dsa192 711.360620 92777 30 160029 246751 552428 762345 933581rat 6077.899 4482.969 1197.438 686.4063
dsa192 712.050620 93337 33 161402 248315 556419 766653 938351rat 6065.657 4480.336 1190.688 684.125
summary11:50:40JAN 16/19 43.724 1.38 59ds 3 6075 4484 1191 687 3878 2721-10.2 244.4 5 3 5 2 8 5 .4 1
dsa192 712.810620 93271 28 161481 248887 557086 768927 939769rat 6076.539 4483.344 1198.531 677.7188
dsa192 713.490620 93898 33 161999 249740 560739 771547 945378rat 6077.735 4483.5 1184.82 689.1328
dsa192 714.170620 93338 26 161451 249337 558837 771101 944633rat 6089.235 4487.563 1197.039 688.0391
dsa192 714.860620 93451 31 161830 249507 559802 770830 944998rat 6077.563 4483.094 1187.899 691.3125
dsa192 715.540620 93392 23 161798 249305 559383 770118 942335rat 6074.157 4482.453 1187.086 682.8438
summary11:54:10JAN 16/19 43.747 1.38 59ds 3 6079 4484 1191 686 3884 2723-10.2 244.8 6 2 6 6 17 7 .3 1.5
co11:56:19ux: UV extended  scan started
co12:01:19ux: UV extended  scan finished, incident DUV =  68.95392 mW/m^2
hpscan12:01:40 0 23840 10 37507 20 51791 30 65951 40 80605 50 92910 60 99721 70 101518 80 102483 90 101933 100 99483 110 90726 120 77097 130 62454 140 46275 150 32161 160 18903
hp12:02:08 .9975653 105174.3 78.9 59
dsa192 722.810620 92105 30 159357 246187 553088 763359 934277rat 6100.469 4497.821 1197.578 683.375
dsa192 723.50620 92784 28 159719 247420 555197 765996 937016rat 6105.227 4490.883 1195.914 680.9688
dsa192 724.180620 92315 26 160034 247551 554981 766047 938717rat 6096.899 4488.852 1197.922 688.7344
dsa192 724.860620 92829 31 160630 247785 556643 767992 940466rat 6091.453 4495.649 1195.82 685.6563
dsa192 725.550620 92344 30 160474 247765 554723 766573 938318rat 6087.5 4487.821 1202.852 683.6641
summary12:04:10JAN 16/19 43.903 1.383 59ds 3 6096 4492 1198 684 3906 2730-10.2 245.6 7 4 3 3 14 8 .5 1.7
hgscan 0wide 302warm= 109.340212:07:20JAN 16/19 51 94 1587 6772 12799 18950 25874 33073 40022 44389 45327 43235 38113 31967 24872 18044 11292 5677 3643 2412 2419 3695 5822 11517 18384 25511 32606 38762 44416 46798 45601 41594 34353 27169 20179 13704 7530 1890 126 51
hg12:08:34 .9989 286.1834 286 92125 59 1
dsa192 729.160620 92646 29 160382 248723 556885 769604 941290rat 6106.344 4487.727 1202.875 679.9453
dsa192 729.840620 92923 24 160213 248232 556054 768798 940454rat 6105.625 4491.313 1204.633 680.4844
dsa192 730.520620 92358 30 159223 247476 554706 766698 937418rat 6120.68 4492.602 1203.227 678.2188
dsa192 731.210620 92366 30 159728 247575 555543 766700 938529rat 6106.328 4490.532 1196.438 683.3047
dsa192 731.890620 92011 24 159296 247048 554429 765791 937572rat 6112.758 4494.516 1200.008 684.0235
summary12:10:31JAN 16/19 44.071 1.387 59ds 3 6110 4491 1201 681 3931 2733-9.8 245.5 6 2 3 2 12 3 .1 .6
dsa192 732.650620 92123 27 159012 247339 553188 765491 936766rat 6118.321 4487.336 1207.992 681.7891
dsa192 733.330620 91358 24 158749 245853 552005 762145 933323rat 6106.071 4494.235 1198.008 684.8047
dsa192 734.010620 91014 28 158100 244315 547819 757200 926218rat 6094.649 4492.555 1202.563 679.4844
dsa192 734.70620 90818 33 157342 243658 546628 754869 925049rat 6102.078 4490.742 1198.516 687.5156
dsa192 735.380620 91069 30 157816 244143 548440 758485 928171rat 6109.485 4502.813 1204.922 681.1875
summary12:14:00JAN 16/19 44.187 1.39 59ds 3 6106 4494 1202 683 3921 2731-10 244.8 9 6 4 3 13 8 .7 1.7
dsa192 736.140620 90681 29 157302 244252 546988 756637 927263rat 6112.344 4489.719 1205.633 687.4844
dsa192 736.820620 91114 32 157820 244987 549286 759591 931252rat 6115.321 4493.867 1204.422 689.336
dsa192 737.50620 91085 26 157947 245511 549525 760443 930923rat 6116.094 4489.071 1207.289 682.6328
dsa192 738.190620 91783 31 158690 246453 553546 764757 937821rat 6120.235 4497.117 1200.094 690.2656
dsa192 738.870620 91177 33 158602 246229 552573 763265 935315rat 6114.039 4492.461 1199.195 687.0235
summary12:17:30JAN 16/19 44.319 1.393 59ds 3 6116 4492 1203 687 3916 2722-9.3 242.4 3 3 4 3 9 3 .2 .5
dsa192 739.630620 90858 24 158167 245587 550442 762755 934093rat 6122.305 4500.461 1213.07 684
dsa192 740.310620 91031 31 157805 244849 550942 761045 932721rat 6121.961 4503.422 1198.984 687.25
dsa192 740.990620 90941 28 157724 245404 551503 762105 934817rat 6130.289 4499.649 1200.664 691.0781
dsa192 741.680620 90555 31 157367 244535 550226 761054 932374rat 6133.563 4508.719 1204.594 685.3985
dsa192 742.360620 90083 30 157033 243564 547910 757514 928752rat 6121.625 4505.133 1202.383 688.5625
summary12:20:59JAN 16/19 44.466 1.396 59ds 3 6126 4503 1204 687 3927 2733-9.899999 244 6 4 6 3 10 6 .4 1.2
dsa192 743.120620 89509 27 156339 243460 546375 755986 927702rat 6131.383 4497.68 1205.625 692.3203
dsa192 743.80620 90092 33 156551 243514 548099 759011 929479rat 6142.719 4514.117 1209.266 683.0156
dsa192 744.490620 89659 33 156259 243563 547188 758046 929751rat 6145.235 4507.617 1210.969 689.9375
dsa192 745.170620 89122 30 155708 242543 545885 754881 926687rat 6141.485 4507.047 1202.766 693.6328
dsa192 745.850620 89314 27 155755 243093 546635 756779 927827rat 6150.672 4507.899 1207.688 687.8125
summary12:24:29JAN 16/19 44.629 1.4 59ds 3 6142 4507 1207 689 3936 2731-9.399999 243 7 6 3 4 18 11 .6 2.3
dza192 746.80720 66066 35 113309 172918 383535 521727 629968 690294
dza192 747.60720 88402 29 154693 241488 542772 753080 922685 985612rat 7497.203 5300.086 1630.281 1028.438
dza192 748.380720 88908 29 154740 241636 544292 753664 923264 985654rat 7503.282 5301.719 1599.859 1026.063
dza192 749.160720 88124 29 154741 241064 542347 751656 921338 983260rat 7465.192 5300.11 1614.961 1035.219
summary12:28:22JAN 16/19 44.829 1.406 59dz 3 7489 5301 1615 1030 4193 2742-3.5 244.3 21 0 15 5 36 13 .7 2.7
dsa192 762.890620 83708 29 147204 232939 526756 734076 900155rat 6247.68 4550.664 1231.734 684.0391
dsa192 763.570620 83243 35 146627 233014 526200 734125 900291rat 6264.68 4549.289 1236.524 684.2656
dsa192 764.250620 82805 29 146128 231768 523569 730604 897186rat 6257.039 4550.696 1236.992 689.8594
dsa192 764.940620 81982 29 144126 228880 518200 722293 886762rat 6266.008 4554.508 1231.563 688.4063
dsa192 765.620620 81884 29 144670 229370 519258 724100 888987rat 6260.086 4555.891 1233.492 688.3281
summary12:44:15JAN 16/19 45.841 1.43 59ds 3 6259 4552 1234 687 4061 2767-9.100001 245.2 7 3 3 3 9 5 .3 1.1
dsa192 766.380620 81340 30 144521 228912 518029 723070 887730rat 6257.203 4557.649 1237.297 688.0391
dsa192 767.060620 80130 25 143431 228002 516441 721747 885950rat 6281.422 4566.547 1242.531 687.0547
dsa192 767.740620 80833 29 143280 227492 515547 719485 883985rat 6271.68 4562.157 1236.117 690.9297
dsa192 768.430620 81399 28 144208 229005 519622 725046 891200rat 6276.446 4566.547 1235.203 692.6797
dsa192 769.110620 80783 28 143910 228951 517641 723631 888904rat 6276.266 4558.586 1243.195 689.711
summary12:47:44JAN 16/19 46.103 1.437 59ds 3 6273 4562 1239 690 4066 2770-9.2 244.6 9 4 4 2 11 5 .3 1.2
co12:49:53ux: UV extended  scan started
co12:54:53ux: UV extended  scan finished, incident DUV =  61.08203 mW/m^2
hpscan12:55:14 0 22087 10 35978 20 49901 30 64299 40 78405 50 91404 60 98890 70 101358 80 102424 90 102341 100 101044 110 93158 120 79633 130 64690 140 49719 150 34796 160 20799
hp12:55:42 .9974222 105257.8 80.7 59
dsa192 776.380620 77832 31 138836 222363 506836 709447 872646rat 6336.391 4593.172 1245.883 692.8125
dsa192 777.060620 77413 32 138097 221856 504782 707595 871016rat 6347.008 4590.907 1251.859 695.7578
dsa192 777.750620 76981 28 137845 221083 502992 706161 868922rat 6344.797 4596.446 1258.172 693.7344
dsa192 778.430620 76683 30 137771 220395 501630 704218 867073rat 6334.446 4597.563 1257.758 696.3047
dsa192 779.110620 76389 29 136938 219581 500587 702919 864939rat 6351.578 4604.852 1258.414 693.2344
summary12:57:44JAN 16/19 46.934 1.459 59ds 3 6343 4597 1254 694 4121 2789-9.2 244.7 7 5 6 2 10 6 .4 1.1
hgscan 0wide 302warm= 671.456913:00:54JAN 16/19 45 172 2250 7706 13497 19910 26472 33278 39690 43316 43803 40804 35486 29786 22997 16303 9931 5046 3366 2135 2151 3345 5112 10129 16676 23480 30327 36688 41989 45027 44516 40757 34244 27561 20401 13880 8111 2368 167 52
hg13:02:08 .9991 284.5972 285 88830 59 0
dsa192 782.710620 75095 31 135358 218269 497431 700128 861158rat 6379.641 4610.399 1267.195 689.9766
dsa192 783.40620 74690 29 134129 216410 494065 695075 856039rat 6386.211 4615.016 1264.711 695.2188
dsa192 784.080620 74526 33 134366 217859 497096 698468 860408rat 6399.039 4606.774 1259.024 695.9922
dsa192 784.760620 74283 26 133835 216147 494413 696043 857535rat 6399.633 4625.086 1267.102 696.1953
dsa192 785.450620 74123 30 133628 216188 493735 695744 857305rat 6404.024 4622.063 1271.094 696.7578
summary13:04:04JAN 16/19 47.517 1.475 59ds 3 6394 4616 1266 695 4170 2802-8.899999 244.5 10 8 4 3 5 5 .4 1.1
dsa192 786.20620 73514 31 132983 214861 491883 692155 852964rat 6401.188 4625.446 1264.445 696.7813
dsa192 786.890620 73291 24 132437 214519 491872 691708 853491rat 6414.946 4628.742 1261.328 702.0625
dsa192 787.570620 72791 31 132029 214061 489810 690645 850820rat 6420.68 4630.703 1272.703 694.6406
dsa192 788.260620 72192 27 130809 211940 486685 685183 845754rat 6424.828 4638.352 1265.422 702.9219
dsa192 788.940620 71786 26 130052 211372 485309 683101 844156rat 6435.539 4635.93 1264.102 707.6797
summary13:07:34JAN 16/19 47.856 1.484 59ds 3 6419 4632 1266 701 4177 2808-9.100001 244.1 13 5 4 5 12 5 .3 1.2
dsa192 789.70620 71117 31 128684 209739 481304 678093 836601rat 6448.133 4636.664 1267.695 700.0078
dsa192 790.380620 70927 30 128674 209519 480268 678185 836930rat 6447.938 4641.157 1277.445 700.836
dsa192 791.060620 70165 33 127756 208609 478330 675920 834155rat 6463.344 4644.75 1280.141 700.5703
dsa192 791.750620 70101 27 127490 208032 477145 674944 832534rat 6464.211 4649.344 1284.133 697.8672
dsa192 792.430620 69723 30 127459 207888 477192 673984 831393rat 6457.961 4645.438 1277.109 697.7656
summary13:11:03JAN 16/19 48.209 1.495 59ds 3 6456 4643 1277 699 4218 2816-8.7 244 8 5 6 2 11 5 .2 .5
dsa192 793.190620 69416 28 126582 207137 475434 672204 830056rat 6475.188 4648.836 1281.297 702.0078
dsa192 793.870620 69136 21 126833 206853 476691 674237 831527rat 6478.602 4667.391 1282.711 696.1875
dsa192 794.550620 68808 27 125739 205432 473377 669485 827981rat 6484.172 4665.657 1281.82 708.1719
dsa192 795.240620 68431 23 125404 205476 474205 669847 827301rat 6496.938 4666.352 1276.18 701.836
dsa192 795.920620 68386 35 125061 204986 472921 669475 828234rat 6505.102 4673.477 1285.195 708.8438
summary13:14:33JAN 16/19 48.573 1.505 59ds 3 6488 4664 1281 703 4237 2828-9.2 244.6 13 9 3 5 14 11 .6 2.1
dsa192 796.680620 67548 27 124026 203820 470128 664909 822634rat 6509.742 4667.352 1280.649 708.6641
dsa192 797.360620 67160 25 123782 202740 468666 663324 820538rat 6506.625 4679.297 1283.469 707.5781
dsa192 798.050620 66892 36 123271 202786 467318 662206 819383rat 6515.852 4669.992 1288.227 708.3438
dsa192 798.730620 66451 28 122098 201287 463420 658013 813497rat 6528.125 4673.539 1296.633 704.1016
dsa192 799.410620 66036 31 121769 200801 462668 656489 813144rat 6528.625 4673.211 1293.219 712.1172
summary13:18:02JAN 16/19 48.949 1.516 59ds 3 6518 4673 1288 708 4252 2825-8.5 242.2 10 4 7 3 14 7 .6 1.7
dza192 800.360720 31484 29 56961 91738 207690 288798 350691 378134
dza192 801.160720 64066 29 118932 196895 454716 645435 799980 835761rat 7633.621 5331.696 1606.789 1013.086
dza192 801.940720 63739 24 118511 195236 451763 642414 796621 831694rat 7625.719 5363.528 1622.039 1017.391
dza192 802.720720 63390 30 117767 194983 451115 641488 794580 830376rat 7667.5 5362.883 1622.203 1008.75
summary13:21:56JAN 16/19 49.383 1.529 59dz 3 7642 5353 1617 1013 4400 2822-4.6 239.7 22 18 9 4 36 16 1 2.6
dsa192 809.470620 59822 30 112529 189792 441606 631421 782878rat 6680.016 4734.813 1320.008 710.1875
dsa192 810.150620 59846 31 112241 189135 440136 629902 781846rat 6678.914 4738.313 1323.547 714.5156
dsa192 810.830620 59290 28 111685 188250 438533 628019 779151rat 6686.141 4744.844 1326.031 712.1094
dsa192 811.520620 58782 23 110447 187217 435652 623581 774064rat 6701.578 4736.453 1323.172 713.9297
dsa192 812.20620 58212 32 109681 185387 432229 619101 768074rat 6698.719 4746.641 1325.539 710.8828
summary13:30:49JAN 16/19 50.427 1.562 59ds 3 6689 4740 1324 712 4410 2867-7.8 243 11 5 2 2 12 6 .4 1.1
dsa192 812.950620 57715 26 109243 184965 431741 618885 768698rat 6712.735 4753.922 1328.461 715.5469
dsa192 813.640620 57733 34 109304 185153 432202 620941 771906rat 6723.539 4763.227 1337.945 718.8985
dsa192 814.320620 57353 28 108274 182940 428725 615630 765049rat 6725.024 4776.672 1335 716.8203
dsa192 8150620 56774 32 107811 182928 428253 614621 763081rat 6734.914 4768.774 1332.133 712.211
dsa192 815.680620 56377 24 107050 182327 425699 612442 760879rat 6748.172 4766.305 1342.203 714.6016
summary13:34:19JAN 16/19 50.856 1.576 59ds 3 6729 4766 1335 716 4439 2882-8.100001 243.4 13 8 5 3 18 9 .6 1.5
co13:36:28ux: UV extended  scan started
co13:41:27ux: UV extended  scan finished, incident DUV =  47.27638 mW/m^2
hpscan13:41:49 0 23627 10 37601 20 52153 30 66502 40 81158 50 93165 60 99787 70 102109 80 102479 90 102454 100 100268 110 90881 120 76190 130 62161 140 48521 150 33634 160 19330
hp13:42:16 .9975308 105327 78.8 59
dsa192 822.940620 52896 30 101603 175801 413094 597758 743265rat 6851.071 4807.5 1361.953 713.0156
dsa192 823.620620 51972 25 100395 173920 409522 594019 739129rat 6873.094 4825.313 1371.727 715.375
dsa192 824.310620 52125 25 100135 173504 409141 592749 737213rat 6873.282 4825.289 1365.883 712.8594
dsa192 824.990620 51567 27 99807 172860 408471 592154 737960rat 6881.555 4836.102 1368.172 721.3125
dsa192 825.670620 50695 25 98619 171344 404052 585969 730439rat 6885.125 4826.844 1368.961 721.6485
summary13:44:18JAN 16/19 52.14 1.62 59ds 3 6873 4824 1367 717 4579 2922-7.8 243.9 13 10 4 4 9 7 .4 1.3
hgscan 0wide 302warm= 155.908713:47:28JAN 16/19 41 132 2139 7415 13187 19508 26444 33301 39629 43147 43715 40785 35101 29526 23072 16420 9833 4985 3384 2102 2119 3287 4992 10168 16817 23476 30276 36147 41964 45261 44537 41157 34489 27395 20395 13860 8068 2320 174 48
hg13:48:42 .999 284.5599 285 88976 59 0
dsa192 829.270620 48710 25 94992 166233 394055 574159 715835rat 6948.578 4863.063 1386.211 719.2891
dsa192 829.960620 48134 31 94392 165647 392077 571291 713365rat 6952.672 4855.485 1385.75 725.6094
dsa192 830.640620 47765 31 93614 164236 389528 568832 710100rat 6967.492 4872.43 1394.703 723.7188
dsa192 831.320620 47447 27 93078 163448 387922 565803 706715rat 6967.149 4868.789 1388.813 725.6406
dsa192 832.010620 47130 32 92722 162906 387515 565792 706943rat 6981.735 4881.922 1392.703 726.5469
summary13:50:38JAN 16/19 52.995 1.652 59ds 3 6964 4868 1390 724 4646 2942-7.6 242.9 13 10 4 3 10 8 .4 1.4
zsa0 832.90620 14310 29 27445 46970 102221 137079 160001rat 7000.418 4662.867 1278.336 674.0899
zsa0 833.580620 14224 24 27290 46961 101589 136473 159396rat 7005.11 4644.078 1285.981 676.8672
zsa0 834.260620 14142 28 26908 46482 101138 135652 159112rat 7040.649 4662.633 1279.106 695.4024
zsa0 834.940620 13930 27 26779 46269 100468 135183 158156rat 7046.328 4667.453 1292.945 684.2188
zsa0 835.620620 13762 20 26545 46195 100226 134905 157408rat 7074.621 4665.016 1294.399 672.4805
zsa0 836.30620 13665 29 26472 45842 99704 134396 157405rat 7071.305 4682.469 1300.758 688.918
zsa0 836.990620 13604 27 26213 45832 99510 133768 156382rat 7093.403 4662.879 1288.813 680.8906
summary13:54:56JAN 16/19 53.595 1.675 59zs 0 7047 4664 1289 682 4866 2860-8 252.2 35 11 8 8 40 13 .9 2.7
sla 0 837.960620 258665 29 297365 348007 429951 487546 547784rat 2167.985 1479.481 552.25 512.5157
sla 0 838.640620 258417 30 297140 348011 429342 487881 547535rat 2174.317 1482.453 561.4922 507.5039
sla 0 839.320620 258618 30 297486 347763 430315 487499 546824rat 2165.785 1482.137 548.1133 505.2149
sla 0 8400620 258343 27 296805 347595 429883 487149 546195rat 2172.633 1481.082 549.3555 503.3086
sla 0 840.680620 258537 27 297293 347717 429788 487563 546898rat 2169.18 1483.277 554.0665 505.2383
sla 0 841.360620 258396 31 297452 347622 429237 486530 546726rat 2157.543 1475.168 550.379 513.1758
sla 0 842.040620 258093 23 297044 347830 429942 486483 546503rat 2163.074 1472.094 542.7344 511.8008
summary14:00:00JAN 16/19 54.317 1.703 59sl 0 2167 1479 551 508 540 340 297226.5 546923.6 6 4 6 4 17 10 237 569.7
dsa192 842.960620 40426 32 82037 148028 357742 528035 664119rat 7175.203 4973.594 1428.664 744.6875
dsa192 843.640620 39932 32 81792 147479 355829 526447 662693rat 7172.742 4975.172 1438.258 747.8438
dsa192 844.320620 39751 25 81161 146925 355226 525509 660774rat 7196.078 4982.219 1437.172 742.25
dsa192 8450620 39557 28 80232 146016 353146 522425 657594rat 7217.649 4981.727 1436.195 746.086
dsa192 845.680620 38945 30 79544 145632 351041 520570 655340rat 7237.36 4976.235 1446.102 745.9688
summary14:04:19JAN 16/19 54.947 1.73 59ds 3 7200 4978 1437 745 4815 2992-7.1 240.3 28 4 6 2 29 7 .8 1.6
fv14:06:52192az 220.4089-20 32941.2ze 55.443-4 32418.8
dza192 848.320720 11740 29 23598 42391 100112 145159 179551 187077
dza192 849.110720 35994 29 75413 138844 337702 502474 633084 637762rat 8420.75 5716.266 1785.289 1046.063
dza192 849.890720 36148 33 74990 137684 335700 500640 630433 634608rat 8434.16 5746.551 1799.734 1042.867
dza192 850.670720 35717 29 74235 137160 333948 497991 628343 632079rat 8465.496 5737.653 1799.547 1055.219
summary14:09:53JAN 16/19 55.779 1.766 59dz 3 8440 5733 1795 1048 5086 3054-5.6 245.5 23 16 8 6 12 17 1 2.9
dsa192 857.810620 31515 28 66666 127528 313568 472267 598156rat 7530.032 5097.18 1498.281 758.1485
dsa192 858.50620 31140 34 65929 125731 310546 469046 593305rat 7545.914 5127.391 1509.82 751.5547
dsa192 859.180620 30586 29 64976 123955 306509 463634 587784rat 7555.227 5136.563 1515.266 760.5703
dsa192 859.860620 30311 29 64498 123266 305237 461688 585538rat 7566.102 5140.649 1514.172 761.3985
dsa192 860.550620 29909 36 64177 123407 304015 461987 584819rat 7587.735 5136.657 1533.633 752.2344
summary14:19:10JAN 16/19 57.211 1.832 59ds 3 7557 5128 1514 757 5135 3084-6.4 241.3 22 18 13 5 29 14 .7 1.8
dsa128 861.340620 103587 29 221094 421412 1029123 1544269 1939518rat 7555.727 5129.852 1518.977 749.5313
dsa128 862.030620 102212 36 219309 419065 1024419 1538579 1932109rat 7571.227 5135.68 1521.742 747.8203
dsa128 862.710620 100096 34 215849 412622 1012152 1519801 1911531rat 7582.391 5146.477 1519.149 753.6094
dsa128 863.390620 99130 33 214070 410492 1006497 1513068 1903647rat 7595.133 5147.078 1523.094 753.8516
dsa128 864.070620 98338 31 212346 408581 1002101 1510861 1901730rat 7620.469 5158.883 1535.008 754.9453
summary14:22:42JAN 16/19 57.768 1.86 59ds 2 7585 5144 1524 752 5179 3103-6.7 240.7 25 11 7 3 18 4 .2 .7
co14:24:51ux: UV extended  scan started
co14:29:51ux: UV extended  scan finished, incident DUV =  30.59645 mW/m^2
hpscan14:30:12 0 21392 10 36455 20 50675 30 64654 40 79250 50 91984 60 99390 70 101927 80 102414 90 102857 100 101156 110 92377 120 78457 130 64327 140 50151 150 36108 160 21675
hp14:30:40 .9974531 105373.3 80 59
dsa128 871.320620 84065 39 186577 370961 921983 1408005 1779809rat 7831.86 5242.735 1577.492 761.086
dsa128 8720620 82516 24 184288 366705 913243 1396892 1766647rat 7846.399 5255.453 1583.149 762.0703
dsa128 872.680620 81640 38 181640 362986 905370 1386104 1755559rat 7871.61 5263.297 1585.774 767.4297
dsa128 873.370620 79890 32 179464 358204 897265 1373144 1741137rat 7877.922 5276.711 1582.32 771.1094
dsa128 874.050620 78709 31 176365 354705 888565 1362024 1726572rat 7913.422 5280.727 1587.875 768.4531
summary14:32:40JAN 16/19 59.383 1.946 59ds 2 7868 5264 1583 766 5417 3170-6 239.9 31 16 4 4 22 8 .3 .4
hgscan 0wide 302warm= 719.851614:35:52JAN 16/19 55 122 1852 7157 13037 19307 26118 32872 39585 43198 43921 41225 35734 29917 23191 16771 10374 5119 3496 2181 2191 3520 5301 10652 17138 23821 30791 36801 42313 45301 44576 40844 34182 27080 20217 13616 7461 1948 128 48
hg14:37:05 .999 285.0965 285 89222 59 0
dsa128 877.660620 72514 34 165873 337371 853005 1317371 1675816rat 8011.774 5338.469 1613.703 777.4453
dsa128 878.340620 71303 35 163768 335445 847218 1309876 1668240rat 8037.977 5335.524 1617.141 781.4453
dsa128 879.020620 69530 35 160188 329111 835026 1292495 1645099rat 8070.5 5356.617 1620.32 777.0235
dsa128 879.70620 67909 33 157248 323697 820970 1273688 1622090rat 8081.008 5360.719 1628.516 777.7422
dsa128 880.390620 66170 35 153001 316491 805362 1249399 1593263rat 8110.188 5370.532 1626.094 781.8438
summary14:39:01JAN 16/19 60.437 2.007 59ds 2 8062 5352 1621 779 5569 3217-5.9 239.5 38 15 6 2 37 13 .4 1.1
dsa128 881.140620 65914 32 152692 316069 804926 1251374 1598729rat 8121.578 5380.696 1634.281 789.0313
dsa128 881.820620 64638 27 150727 313685 798389 1244745 1588311rat 8150.219 5387.578 1645.453 782.1797
dsa128 882.50620 63625 35 149348 311207 795360 1242499 1585455rat 8177.961 5411.555 1652.922 780.9063
dsa128 883.190620 62879 33 147789 309284 790755 1236633 1580428rat 8198.563 5415.047 1656.289 786.6797
dsa128 883.870620 61755 28 146044 305977 786207 1229079 1572505rat 8218.305 5431.844 1653.078 790.1641
summary14:42:30JAN 16/19 61.025 2.043 59ds 2 8173 5405 1648 786 5659 3245-5.8 239.2 38 21 9 4 38 17 .4 1.2
dsa128 884.630620 60733 30 144021 303539 780004 1220653 1563343rat 8243.899 5433.321 1656.031 793.336
dsa128 885.310620 59473 33 141987 300425 771826 1210823 1552247rat 8265.313 5439.516 1665.195 796.1328
dsa128 885.990620 58632 31 139735 297245 765441 1203868 1542203rat 8304.711 5457.524 1674.875 791.3516
dsa128 886.670620 57142 37 137506 292653 754987 1188579 1525905rat 8313.29 5465.735 1677.242 799.3438
dsa128 887.360620 56212 27 135204 289031 747133 1180263 1515688rat 8350.727 5485.953 1690.781 799.1875
summary14:45:59JAN 16/19 61.621 2.081 59ds 2 8296 5456 1673 796 5749 3267-5.4 237.8 42 21 13 4 37 12 .2 .9
dsa128 888.110620 55101 26 133246 285433 741960 1170064 1504064rat 8370.438 5498.813 1681.211 801.8828
dsa128 888.80620 54123 29 130877 281914 733102 1160827 1491101rat 8408.805 5514.922 1697.602 797.0235
dsa128 889.480620 52446 28 128161 276977 722171 1144459 1470449rat 8432.196 5525.922 1699.219 796.3828
dsa128 890.160620 51481 33 126073 274081 713930 1133108 1458852rat 8454.375 5524.313 1703.977 803.8516
dsa128 890.840620 50355 33 124147 270391 707386 1124542 1447993rat 8483.094 5546.93 1709.461 802.8594
summary14:49:28JAN 16/19 62.221 2.121 59ds 2 8430 5522 1698 800 5869 3312-5.8 239.5 43 18 11 3 41 13 .4 1.2
dsa128 891.60620 49029 28 121210 265197 694454 1106993 1427021rat 8511.422 5557.977 1719.094 805.8438
dsa128 892.280620 48222 28 119537 262781 688173 1100249 1418877rat 8539.68 5567.61 1730.492 805.9688
dsa128 892.960620 47536 33 118218 260707 683905 1093604 1412078rat 8556.696 5572.532 1729.641 810.1641
dsa128 893.650620 46278 27 115943 257578 677416 1085082 1399753rat 8601.234 5587.242 1735.359 804.2188
dsa128 894.330620 45210 39 113433 252455 664904 1068323 1380043rat 8622.5 5602.649 1746.789 808.5
summary14:52:57JAN 16/19 62.827 2.163 59ds 2 8566 5578 1732 807 5984 3340-5.2 238.4 45 18 10 2 45 13 .2 .8
dza128 895.250720 6314 28 15524 34449 89649 143290 184825 177732
dza128 896.050720 42565 30 108359 242924 643776 1037483 1343303 1268506rat 9925.531 6398.977 2115.688 1154.109
dza128 896.830720 41917 31 106844 241439 640807 1034273 1340803 1264180rat 9981.234 6414.227 2123.367 1160.422
dza128 897.60720 40896 31 104873 237794 632151 1024093 1329524 1249671rat 10025.22 6440.758 2142.031 1167.609
summary14:56:49JAN 16/19 63.505 2.213 59dz 2 9977 6418 2127 1161 6263 3381-2.7 238.5 50 21 14 7 29 3 .4 .8
dsa128 903.870620 32578 27 87426 206727 560748 925530 1203819rat 9041.618 5789.86 1836.969 813.3516
dsa128 904.550620 31822 28 85670 203361 554099 916650 1197258rat 9081.031 5814.93 1844.867 830.0547
dsa128 905.240620 30737 27 83522 199517 545279 904560 1182540rat 9126.414 5835.438 1854.711 831.9922
dsa128 905.920620 30062 31 81241 196085 535573 889196 1163762rat 9164.946 5831.391 1855.906 834.7735
dsa128 906.60620 29105 31 79756 192184 526824 876696 1147233rat 9176.828 5852.797 1863.891 832.1328
summary15:05:14JAN 16/19 65.003 2.332 59ds 2 9118 5825 1851 828 6467 3491-5 239.9 57 24 11 9 37 10 .5 1.3
dsa128 907.360620 28288 25 77477 187883 518609 864942 1134948rat 9235.578 5887.102 1871 841.9062
dsa128 908.040620 27755 35 76766 187251 515003 861668 1130694rat 9253.289 5881.399 1883.109 840.2734
dsa128 908.720620 27162 32 75239 184196 509021 853128 1119997rat 9290.274 5905.149 1888.5 840.3047
dsa128 909.40620 26325 32 73513 181396 502691 844144 1111005rat 9337.664 5920.93 1894.625 849.4141
dsa128 910.080620 25634 29 71828 178790 495853 835419 1099273rat 9385.672 5933.813 1906.797 846.2344
summary15:08:43JAN 16/19 65.63301 2.386 59ds 2 9300 5906 1889 844 6601 3527-4.7 238.8 62 22 13 4 53 12 .4 1
co15:10:52ux: UV extended  scan started
co15:15:51ux: UV extended  scan finished, incident DUV =  16.22052 mW/m^2
hpscan15:16:13 0 22774 10 36383 20 50026 30 63579 40 77628 50 92192 60 99368 70 101621 80 102313 90 102435 100 101152 110 92569 120 78759 130 64005 140 50261 150 36960 160 20966
hp15:16:40 .9968551 105278 80.6 59
dsa128 917.310620 18770 26 55950 147985 422678 730780 970979rat 9806.578 6120.61 1994.047 865.375
dsa128 9180620 18269 32 54665 145273 414896 719863 956993rat 9833.774 6130.039 2006.789 865.2344
dsa128 918.680620 17616 28 52801 141439 406288 705896 939851rat 9890.594 6155.477 2010.031 869.4375
dsa128 919.360620 17014 26 51331 138358 397897 693907 925018rat 9929.797 6170.914 2023.578 872.2656
dsa128 920.040620 16328 30 49716 135035 389437 681200 909891rat 9979.758 6190.524 2033.914 878.5
summary15:18:40JAN 16/19 67.457 2.562 59ds 2 9888 6154 2014 870 7104 3667-3.7 238.3 70 29 15 6 53 13 .2 .7
hgscan 0wide 302warm= 201.912515:21:52JAN 16/19 50 115 1851 6924 12456 18155 24657 31150 37390 40796 41613 39105 33855 28404 22203 15737 9709 4826 3248 2042 2070 3160 4894 9836 16140 22805 29156 35006 40443 43065 42250 38767 32371 25750 19059 13097 7391 1990 131 47
hg15:23:05 .999 285.0815 285 84678 59 0
dsa128 923.650620 13634 24 43056 120912 354206 629511 844763rat 10213.8 6297.047 2088.641 885.2656
dsa128 924.330620 13195 21 41716 118066 347716 619875 832680rat 10274.67 6327.563 2099.172 887.0938
dsa128 925.020620 12691 25 40425 115729 341234 608879 819448rat 10323.99 6330.375 2100.094 892.5547
dsa128 925.70620 12319 29 39646 113076 334977 601217 809217rat 10344.87 6370.555 2122.883 890.4141
dsa128 926.380620 11799 30 37996 110094 328596 589430 795667rat 10433.74 6394.25 2117.235 900.3984
summary15:25:00JAN 16/19 68.637 2.69 59ds 2 10318 6344 2106 891 7467 3776-3.5 238.6 82 38 14 6 64 24 .4 1
dsa128 927.140620 11227 32 36909 107254 321167 579524 781224rat 10475.56 6427.321 2139.766 891.1641
dsa128 927.820620 10892 34 35693 104420 313249 567129 766931rat 10517.41 6443.305 2151.203 902.1953
dsa128 928.50620 10488 30 34891 102861 308600 560171 758921rat 10552.01 6448.508 2159.5 907.4531
dsa128 929.180620 9966 26 33546 99458 300581 547383 742627rat 10611.96 6487.719 2170.391 910.6328
dsa128 929.870620 9601 28 32449 96909 292669 534825 726361rat 10645.24 6492.875 2182.195 912.2188
summary15:28:30JAN 16/19 69.292 2.767 59ds 2 10560 6460 2161 905 7665 3842-3.6 238.8 69 29 17 9 45 12 .5 1.9
dsa128 930.620620 9002 28 30847 93265 283154 518900 705826rat 10721.91 6520.258 2190.664 915.5078
dsa128 931.310620 8627 29 29924 90882 277214 509814 695122rat 10766.51 6549.141 2202.774 922.9062
dsa128 931.990620 8413 25 29264 89572 273911 506021 690288rat 10820.13 6573.188 2219.383 922.1484
dsa128 932.670620 8185 29 28425 87223 269130 498437 680120rat 10871.39 6616.836 2227.242 920.3906
dsa128 933.350620 7738 34 27306 84593 261822 486403 665502rat 10928.87 6636.391 2237.102 928.9688
summary15:31:59JAN 16/19 69.951 2.85 59ds 2 10822 6579 2215 922 7871 3904-3.5 238.1 82 48 19 5 70 33 .5 1.4
dsa64 934.150620 21512 29 76528 240061 740844 1374864 1873347rat 11044.17 6693.078 2275.61 945.6406
dsa64 934.830620 20515 26 73583 233860 723947 1347768 1839613rat 11114.73 6711.36 2285.047 949.3906
dsa64 935.520620 19784 30 71563 228314 712346 1329785 1820076rat 11165.2 6749.399 2293.039 958.2109
dsa64 936.20620 18920 31 68887 222126 694624 1303651 1785207rat 11231.41 6773.774 2312.156 956.3828
dsa64 936.880620 17997 32 66162 214985 674032 1270968 1744343rat 11282.06 6795.68 2327.891 961.9688
summary15:35:30JAN 16/19 70.622 2.939 59ds 1 11168 6745 2299 954 8114 3973-3.2 237.7 94 43 21 7 74 22 .2 .5
dsa64 937.630620 17096 34 63634 208110 657835 1243118 1709541rat 11340.14 6830.735 2332.367 966.4062
dsa64 938.320620 16248 36 61271 202808 642834 1222982 1682131rat 11420.66 6863.414 2357.766 963.1641
dsa64 9390620 15533 28 58941 197152 627237 1197653 1649199rat 11483.42 6885.805 2368.969 964
dsa64 939.680620 14856 35 56859 191138 613232 1172930 1622409rat 11535.38 6920.602 2371.813 979.9375
dsa64 940.360620 14110 33 54242 185817 595279 1145822 1584095rat 11624.02 6931.992 2394.813 973.1016
summary15:38:59JAN 16/19 71.287 3.034 59ds 1 11481 6887 2365 969 8379 4056-3.2 238.1 108 41 23 7 96 23 .4 .6
dza64 941.30720 565 27 2152 7670 25108 49855 71225 57295
dza64 942.090720 12274 36 48839 170557 554293 1077672 1497230 1239332rat 13537.25 8095.574 2938.199 1467.02
dza64 942.870720 11659 34 46711 164599 537973 1053322 1464413 1208021rat 13633.2 8151.18 2969.164 1469.02
dza64 943.650720 11049 35 44561 159143 522722 1026918 1433175 1176712rat 13729.72 8186.75 2983.188 1485.727
summary15:42:52JAN 16/19 72.033 3.148 59dz 1 13633 8145 2964 1474 8917 4157-.6 238.8 96 46 23 10 68 21 .3 1
dsa64 949.940620 6417 34 28846 113573 391919 808450 1146717rat 12632.94 7411.313 2625.5 1020.727
dsa64 950.630620 6068 31 27403 109547 379181 785923 1116859rat 12715.56 7433.985 2640.766 1023.859
dsa64 951.310620 5672 35 25905 105357 365745 759992 1081967rat 12797.24 7446.196 2645.977 1026.531
dsa64 951.990620 5359 33 24710 101381 355260 744555 1061822rat 12896.05 7513.282 2678.07 1029.172
dsa64 952.670620 5022 29 23631 97853 345517 726201 1039047rat 12963.66 7547.391 2684.914 1038.563
summary15:51:18JAN 16/19 73.67 3.432 59ds 1 12801 7470 2655 1028 9512 4396-2.6 239.1 133 57 25 7 113 34 .4 .9
dsa64 953.420620 4636 25 22321 93440 330941 702200 1007471rat 13044.68 7588.641 2719.86 1044.68
dsa64 954.110620 4307 26 20907 89096 319606 680477 976719rat 13174.07 7646.844 2728.727 1040.875
dsa64 954.790620 4089 31 19752 85428 306699 656014 946255rat 13244.04 7658.149 2742.633 1056.969
dsa64 955.470620 3741 31 18408 80981 294538 633654 915776rat 13380.45 7727.227 2761.57 1059.68
dsa64 956.160620 3503 29 17595 78094 284743 617302 893935rat 13444.02 7759.227 2789.149 1062.992
summary15:54:47JAN 16/19 74.351 3.566 59ds 1 13257 7676 2748 1053 9888 4512-2.6 239.5 160 68 28 10 134 42 .4 1.5
co15:56:56ux: UV extended  scan started
co16:01:55ux: UV extended  scan finished, incident DUV =  6.233224 mW/m^2
hpscan16:02:16 0 24721 10 37417 20 51079 30 65846 40 79864 50 92901 60 99979 70 101866 80 102482 90 102640 100 100698 110 91639 120 77820 130 62565 140 48683 150 33929 160 20401
hp16:02:44 .9972118 105611.8 79.5 59
dsa0 963.40620 4003 34 22981 118699 461532 1063938 1573492rat 14492.31 8224.18 3026.375 1125.133
dsa0 964.080620 3639 34 21390 112332 440002 1021918 1515318rat 14603.2 8271.352 3050.172 1128.555
dsa0 964.770620 3372 37 19979 106992 423203 988939 1470728rat 14732.5 8323.813 3068.445 1133.734
dsa0 965.450620 3035 33 18618 101238 403186 948198 1413791rat 14829.27 8363.516 3087.305 1136.852
dsa0 966.130620 2779 30 17376 95902 383680 910796 1364115rat 14927.34 8406.25 3119.172 1148.492
summary16:04:45JAN 16/19 76.32 4.019 59ds 0 14717 8318 3070 1135 11086 4854-1.5 237.1 174 72 35 9 146 41 .2 .7
hgscan 0wide 302warm= 765.915816:07:56JAN 16/19 44 166 2120 7052 12133 17874 24133 30007 35751 38608 39448 36602 31512 26099 20099 14252 8583 4135 2876 1774 1777 2892 4253 8664 14550 20850 27011 32416 37898 40594 40260 37285 31144 24821 18650 12719 7361 2140 172 48
hg16:09:09 .9989 284.143 284 80042 59-1
dsa0 969.690620 1677 31 11416 69128 290209 717727 1093937rat 15573.01 8696.891 3248.672 1180.024
dsa0 970.370620 1531 29 10536 64408 272567 680732 1040855rat 15661.66 8754.606 3281.422 1184.719
dsa0 971.050620 1342 28 9426 59474 255273 641749 984848rat 15859.19 8824.562 3299.805 1191.274
dsa0 971.730620 1215 31 8709 55889 241223 612992 943080rat 15975.95 8876.297 3337.031 1193.141
dsa0 972.410620 1087 30 7966 52024 227041 582609 901055rat 16112.35 8946.844 3369.492 1206.922
summary16:11:02JAN 16/19 77.571 4.37 59ds 0 15836 8820 3307 1191 12025 5141-1.4 237 221 98 47 10 190 58 .1 .5
dsa0 973.160620 990 32 7188 48245 211812 549029 853141rat 16269.15 8994.504 3402.141 1217.188
dsa0 973.850620 882 34 6620 45155 200671 524963 817256rat 16402.98 9067.269 3432.164 1215.742
dsa0 974.530620 773 22 6009 41435 187373 495483 774482rat 16533.07 9167.519 3468.258 1223.438
dsa0 975.210620 661 26 5353 38699 175966 468817 736569rat 16766.68 9203.109 3490.266 1236
dsa0 975.890620 641 27 4950 35997 165839 447704 705449rat 16875.74 9296.524 3537.328 1238.906
summary16:14:31JAN 16/19 78.268 4.592 59ds 0 16570 9146 3466 1226 12646 5328-1.3 237.3 251 118 52 11 218 76 .6 1.4
dsa0 976.650620 550 31 4515 33275 155204 422891 670192rat 16995.54 9366.852 3565.719 1252.875
dsa0 977.330620 483 25 4076 30894 144267 398313 633298rat 17140.66 9405.868 3611.735 1256.391
dsa0 978.010620 440 32 3636 28361 134196 374306 597640rat 17341.96 9485.539 3644.805 1264.031
dsa0 978.690620 374 26 3182 25938 124726 350763 563432rat 17599.44 9567.297 3668.82 1279.453
dsa0 979.370620 333 31 2901 23623 115170 327030 528105rat 17669.61 9646.156 3699 1291.391
summary16:18:00JAN 16/19 78.967 4.838 59ds 0 17349 9494 3638 1269 13289 5518-1.1 236.6 289 115 52 16 239 62 .6 .7
dsa0 980.130620 290 24 2594 21563 106472 307016 497165rat 17832.25 9740.469 3752.578 1291.016
dsa0 980.810620 260 31 2288 19850 98846 288076 469309rat 18080.41 9800.5 3786.961 1305.899
dsa0 981.490620 222 28 2062 17951 90834 268562 438508rat 18187.23 9907.125 3836.985 1303.875
dsa0 982.170620 202 33 1755 16349 84083 249892 411474rat 18555.99 9975.977 3846.914 1328.641
dsa0 982.860620 179 29 1608 14901 77282 233278 385691rat 18591.45 10053.1 3901.477 1334.172
summary16:21:29JAN 16/19 79.669 5.111 59ds 0 18249 9895 3825 1313 14049 5751-1.1 237.1 323 127 57 18 266 71 .7 .9
dsa0 983.610620 149 32 1372 13189 69602 213512 354998rat 18871.45 10170.32 3957.016 1344.641
dsa0 984.290620 136 24 1202 12093 63982 198825 331420rat 19077.36 10208.03 3999.438 1342.828
dsa0 984.980620 121 30 1051 10663 57802 182247 305643rat 19274.09 10350.94 4048.82 1356.078
dsa0 985.660620 99 24 919 9392 52113 166974 282278rat 19419.52 10491.84 4104.344 1377.438
dsa0 986.340620 84 27 799 8505 47414 153002 259906rat 19633.82 10515.63 4120.93 1384.594
summary16:24:58JAN 16/19 80.374 5.414 59ds 0 19255 10347 4046 1361 14900 6010-1 237.7 296 158 69 19 240 93 .8 1.4
dza0 987.290720 33 26 63 287 1369 4267 7274 4493
dza0 988.090720 71 27 545 6136 35798 119710 206334 125913rat 24054.77 12983.59 5265.442 2375.524
dza0 988.870720 67 29 464 5463 31860 109060 188893 114433rat 24507.78 13097.16 5372.438 2397
dza0 989.640720 48 28 412 4887 29095 101007 176608 105784rat 24799.99 13263.53 5437.653 2439.668
summary16:28:52JAN 16/19 81.162 5.793 59dz 0 24454 13115 5359 2404 16761 6349 3.9 239 376 141 87 33 278 44 1.1 1.3
dsa0 995.980620 31 22 84 875 5821 23423 43324rat 21586.5 11810.23 4837.547 1516.086
dsa0 996.660620 25 25 57 464 3017 11979 22159rat 21465.56 11730.58 4771.43 1497.039
dsa0 997.340620 22 18 47 263 1689 6972 12703rat 19463.17 11863.14 4925.719 1410.445
dsa0 998.020620 31 29 52 422 2922 12297 23693rat 22855.35 12227.28 4984.301 1631.352
dsa0 998.70620 28 19 48 617 4358 18755 36154rat 23605.67 12193 5039.274 1608.445
summary16:37:20JAN 16/19 82.885 6.805 59ds 0 21795 11965 4912 1533 16891 6903-6 227 1581 229 108 89 1309 91 7.6 3.4
fza0 999.581620 23 906 4625 23241 78846 132703
fza0 1000.181620 30 918 4975 26793 96244 166904rat 34103.92 14461.97 5560.297 1642.234
fza0 1000.771620 29 845 4286 21827 76322 130466rat-4769.41-2935.027-1394.137-1320.758
fza0 1001.351620 30 817 3661 17695 59310 99746rat-4851-2985.231-1417.984-1343.356
summary16:40:45JAN 16/19 83.584 7.297 59fz 0 8161 2847 916-341 9251 2968 21.5 57.4 22467 10059 4022 1717 16972 5128 1 204.7
co16:42:03ux: UV extended  scan started
co16:47:02ux: UV extended  scan finished, incident DUV =  1.203164 mW/m^2
hpscan16:47:24 0 25207 10 38867 20 52813 30 67825 40 82634 50 95233 60 99541 70 102400 80 102669 90 102219 100 99731 110 89744 120 75175 130 61107 140 47184 150 32462 160 18132
hp16:47:51 .9970899 105461.8 77.9 59
dsa0 1008.460620 32 24 31 56 299 1590 3438rat 17378.95 13131.57 5766.344 1690.664
dsa0 1009.150620 30 26 33 53 250 1314 2813rat 16376.42 12926.03 5763.469 1615.539
dsa0 1009.830620 21 20 24 48 191 1024 2274rat 17564.54 11587.52 5807.25 1731.094
dsa0 1010.510620 27 26 28 37 160 834 1830rat 18867.79 14598.44 5873.766 1660.539
dsa0 1011.190620 33 20 26 42 142 666 1424rat 13544.46 10508.06 5257.977 1494.883
summary16:49:49JAN 16/19 85.431 8.869001 59ds 0 16746 12550 5694 1639 11503 6918-27.6 174.9 1997 1563 248 91 1754 1408 14.5 46.4
hgscan 0wide 302warm= 247.032816:53:03JAN 16/19 41 64 1066 5032 9551 14255 19849 25024 30543 33910 34808 33248 28761 24052 18933 13838 8538 4165 2674 1676 1707 2690 4239 8670 14112 19431 24559 29684 34339 36055 35152 31933 26370 20740 15202 10110 5375 1195 78 45
hg16:54:16 .9985 286.1835 286 70863 59 1
fza0 1014.911620 18 408 1090 3835 11780 18760
dsa0 1015.660620 23 22 24 33 66 173 331rat 10032.61 6359.711 2972.586 852.5625
dsa0 1016.350620 28 25 26 34 59 152 272rat 9031.656 6326.11 3267.735 562.6719
dsa0 1017.030620 26 23 27 30 55 124 201rat 5362.961 6263.219 2460.43 62.94532
dsa0 1017.710620 24 24 24 31 53 109 166rat 6759.43 5348.547 2060.242-243.8985
dsa0 1018.390620 24 24 32 32 47 97 145rat 392.086 3934.485 2323.727-355.8906
summary16:57:01JAN 16/19 86.889 10.314 59ds 0 6316 5646 2617 176 5754 4039-10.1 69.5 3788 1045 493 519 2548 738 10.8 20.3
fza0 1019.271620 23 336 806 2605 7449 11943
hpscan17:10:49 0 22408 10 36341 20 50221 30 65493 40 80186 50 93149 60 99921 70 101981 80 102829 90 102663 100 100460 110 91602 120 79315 130 64849 140 50132 150 33603 160 20184
hp17:11:16 .9976824 105596.8 79.9 59
hgscan 0wide 302warm= 4.99466217:16:31JAN 16/19 44 104 1479 5441 9620 14077 18988 24009 28734 31205 31703 29474 25525 21043 16262 11536 6746 3264 2222 1386 1381 2257 3331 6955 11780 16688 21672 26242 30587 32799 32451 30072 25100 20065 14990 10114 5784 1681 137 43
hg17:17:44 .9988 284.2895 284 64502 59-1
sla 0 1043.120620 256995 25 296094 345792 428679 485816 544465rat 2171.067 1491.816 549.6211 501.3828
sla 0 1043.80620 257462 28 296080 346560 428240 485582 545775rat 2169.172 1479.988 552.0078 514.0938
sla 0 1044.480620 257381 22 296089 346493 428743 486449 545221rat 2176.856 1488.656 554.6875 501.7657
sla 0 1045.160620 257225 25 296233 346376 428413 486147 546277rat 2172.012 1487.414 555.3438 513.0196
sla 0 1045.840620 257627 19 296756 347342 428341 486873 545585rat 2170.824 1481.754 562.629 500.8711
sla 0 1046.520620 258171 24 296281 346827 429347 486433 546243rat 2173.887 1484.297 548.3672 510.1485
sla 0 1047.20620 257594 25 296914 347483 430054 487340 546420rat 2172.742 1484.215 549.336 503.3907
summary17:25:09JAN 16/19 93.085 10.128 59sl 0 2172 1485 553 506 552 348 296349.6 545712.3 3 4 5 6 20 12 335.2 688.7ed