dh310317Tamanrasset 22.79-5.529 3.322511pr865
CI SCAN-INST #201 dt  2.8E-08  cy 4 DARK =     6.200 
1099.68  2865    121     3211.00    13975.83
1099.71  2870    185     3238.00    14093.62
1099.74  2875    250     3358.00    14617.14
1099.78  2880    315     3371.00    14673.86
1099.81  2885    380     3496.00    15219.21
1099.84  2890    445     3432.00    14939.99
1099.87  2895    510     3617.00    15747.14
1099.90  2900    575     3665.00    15956.56
1099.93  2905    640     3670.00    15978.38
1099.97  2910    706     3768.00    16405.97
1100.00  2915    771     3833.00    16689.58
1100.03  2920    837     3895.00    16960.10
1100.06  2925    902     3960.00    17243.72
1100.09  2930    968     3987.00    17361.53
1100.13  2935   1034     4055.00    17658.25
1100.16  2940   1100     4136.00    18011.70
1100.19  2945   1166     4181.00    18208.06
1100.22  2950   1232     4261.00    18557.16
1100.25  2955   1298     4324.00    18832.07
1100.28  2960   1365     4424.00    19268.46
1100.32  2965   1431     4476.00    19495.38
1100.35  2970   1497     4564.00    19879.41
1100.38  2975   1564     4566.00    19888.14
1100.41  2980   1631     4644.00    20228.54
1100.44  2985   1698     4807.00    20939.91
1100.47  2990   1764     4845.00    21105.76
1100.51  2995   1831     4867.00    21201.77
1100.54  3000   1898     5004.00    21799.70
1100.57  3005   1966     5056.00    22026.66
1100.60  3010   2033     5216.00    22725.01
1100.63  3015   2100     5217.00    22729.37
1100.67  3020   2168     5371.00    23401.55
1100.70  3025   2235     5507.00    23995.19
1100.73  3030   2303     5474.00    23851.15
1100.76  3035   2371     5620.00    24488.45
1100.79  3040   2439     5756.00    25082.12
1100.82  3045   2507     5815.00    25339.68
1100.86  3050   2575     5925.00    25819.88
1100.89  3055   2643     5987.00    26090.54
1100.92  3060   2711     6096.00    26566.40
1100.95  3065   2780     6157.00    26832.71
1100.98  3070   2848     6350.00    27675.32
1101.01  3075   2917     6407.00    27924.18
1101.05  3080   2985     6500.00    28330.23
1101.08  3085   3054     6591.00    28727.54
1101.11  3090   3123     6651.00    28989.52
1101.14  3095   3192     6842.00    29823.50
1101.17  3100   3261     6868.00    29937.03
1101.20  3105   3330     7027.00    30631.32
1101.24  3110   3400     7169.00    31251.40
1101.27  3115   3469     7240.00    31561.44
1101.30  3120   3539     7402.00    32268.90
1101.33  3125   3608     7499.00    32692.51
1101.36  3130   3678     7577.00    33033.16
1101.39  3135   3748     7766.00    33858.59
1101.43  3140   3818     7943.00    34631.65
1101.46  3145   3888     7943.00    34631.65
1101.49  3150   3958     8072.00    35195.09
1101.52  3155   4029     8273.00    36073.03
1101.55  3160   4099     8374.00    36514.21
1101.58  3165   4170     8513.00    37121.39
1101.62  3170   4240     8584.00    37431.54
1101.65  3175   4311     8792.00    38340.18
1101.68  3180   4382     8843.00    38562.98
1101.71  3185   4453     9119.00    39768.76
1101.74  3190   4524     9148.00    39895.46
1101.78  3195   4596     9383.00    40922.19
1101.81  3200   4667     9481.00    41350.38
1101.84  3205   4738     9557.00    41682.45
1101.87  3210   4810     9741.00    42486.44
1101.90  3215   4882     9985.00    43552.64
1101.94  3220   4954    10098.00    44046.44
1101.97  3225   5026    10291.00    44889.87
1102.00  3230   5098    10506.00    45829.48
1102.03  3235   5170    10701.00    46681.73
1102.06  3240   5242    10744.00    46869.67
1102.10  3245   5315    10936.00    47708.85
1102.13  3250   5387    11235.00    49015.79
1102.16  3255   5460    11313.00    49356.74
1102.19  3260   5533    11504.00    50191.67
1102.23  3265   5606    11830.00    51616.84
1102.26  3270   5679    11925.00    52032.16
1102.29  3275   5752    12019.00    52443.13
1102.32  3280   5825    12362.00    53942.80
1102.35  3285   5899    12570.00    54852.28
1102.39  3290   5973    12795.00    55836.14
1102.42  3295   6046    13007.00    56763.21
1102.45  3300   6120    13247.00    57812.78
1102.48  3305   6194    13339.00    58215.14
1102.52  3310   6268    13638.00    59522.83
1102.55  3315   6342    13832.00    60371.37
1102.58  3320   6417    14121.00    61635.49
1102.61  3325   6491    14352.00    62645.98
1102.65  3330   6566    14661.00    63997.75
1102.68  3335   6641    14814.00    64667.12
1102.71  3340   6716    15113.00    65975.30
1102.74  3345   6791    15312.00    66846.02
1102.77  3350   6866    15717.00    68618.20
1102.81  3355   6941    15863.00    69257.10
1102.84  3360   7017    16104.00    70311.79
1102.87  3365   7092    16579.00    72390.70
1102.90  3370   7168    16634.00    72631.43
1102.94  3375   7244    16983.00    74159.06
1102.97  3380   7320    17245.00    75305.97
1103.00  3385   7396    17660.00    77122.78
1103.03  3390   7473    17972.00    78488.79
1103.06  3395   7549    18105.00    79071.13
1103.10  3400   7626    18330.00    80056.33
1103.13  3405   7703    18648.00    81448.85
1103.16  3410   7780    19089.00    83380.15
1103.19  3415   7857    19102.00    83437.08
1103.23  3420   7934    19229.00    83993.30
1103.26  3425   8011    20071.00    87681.44
1103.29  3430   8089    20054.00    87606.97
1103.32  3435   8166    20232.00    88386.74
1103.36  3440   8244    20278.00    88588.27
1103.39  3445   8322    21081.00    92106.46
1103.42  3450   8400    21517.00    94017.02
1103.45  3455   8479    20946.00    91514.94
1103.48  3460   8557    21920.00    95783.13
1103.52  3465   8636    22535.00    98478.68
1103.55  3470   8714    21232.00    92768.12
1103.58  3475   8793    22431.00    98022.81
1103.61  3480   8872    23157.00   101205.30
1103.64  3485   8952    23184.00   101323.70
1103.68  3490   9031    22203.00    97023.47
1103.71  3495   9111    23535.00   102862.50
1103.74  3500   9190    24289.00   106168.70
1103.82  3505   7382    27813.00   121628.90
1103.91  3510   7462    28054.00   122686.60
1103.94  3515   7542    28434.00   124354.70
1103.97  3520   7622    28930.00   126532.10
1104.00  3525   7702    29488.00   128982.00
1104.04  3530   7783    29812.00   130404.70
1104.07  3535   7864    30272.00   132424.70
1104.10  3540   7944    30793.00   134712.90
1104.13  3545   8025    31108.00   136096.50
1104.17  3550   8106    31599.00   138253.40
1104.20  3555   8187    32005.00   140037.10
1104.23  3560   8269    32277.00   141232.20
1104.26  3565   8350    32910.00   144013.70
1104.29  3570   8432    33323.00   145828.80
1104.33  3575   8514    33652.00   147274.80
1104.36  3580   8596    34418.00   150641.90
1104.39  3585   8678    34907.00   152791.80
1104.42  3590   8760    34920.00   152848.90
1104.46  3595   8842    35701.00   156283.10
1104.49  3600   8925    36251.00   158701.90
1104.52  3605   9008    36221.00   158570.00
1104.56  3610   9091    36685.00   160610.80
1104.59  3615   9174    37522.00   164292.90
1104.62  3620   9257    38244.00   167469.60
1104.66  3625   9340    37721.00   165168.40
1104.69  3630   9424    39098.00   171227.90
end
