dh060419Tamanrasset 22.79-5.529 4.974364pr865
CI SCAN-INST #201 dt  2.8E-08  cy 4 DARK =     5.500 
1093.52  2865    121    26785.00   117120.60
1093.56  2870    185    27219.00   119025.10
1093.59  2875    250    27818.00   121653.90
1093.62  2880    315    28513.00   124704.50
1093.65  2885    380    29032.00   126983.00
1093.68  2890    445    29763.00   130192.60
1093.72  2895    510    30248.00   132322.40
1093.75  2900    575    31136.00   136222.60
1093.78  2905    640    31837.00   139302.10
1093.81  2910    706    32291.00   141296.80
1093.84  2915    771    33083.00   144777.10
1093.88  2920    837    33583.00   146974.60
1093.91  2925    902    34312.00   150179.00
1093.94  2930    968    35144.00   153836.90
1093.97  2935   1034    35721.00   156374.10
1094.00  2940   1100    36195.00   158458.70
1094.03  2945   1166    36918.00   161638.80
1094.07  2950   1232    37980.00   166311.00
1094.10  2955   1298    38511.00   168647.60
1094.13  2960   1365    39196.00   171662.30
1094.16  2965   1431    39720.00   173968.80
1094.19  2970   1497    40597.00   177829.60
1094.22  2975   1564    41292.00   180889.90
1094.26  2980   1631    42260.00   185153.10
1094.29  2985   1698    42862.00   187805.00
1094.32  2990   1764    44033.00   192964.40
1094.35  2995   1831    44886.00   196723.60
1094.38  3000   1898    45923.00   201294.80
1094.41  3005   1966    46708.00   204756.00
1094.45  3010   2033    47640.00   208866.10
1094.48  3015   2100    48587.00   213043.50
1094.51  3020   2168    49745.00   218152.80
1094.54  3025   2235    50596.00   221908.50
1094.57  3030   2303    51517.00   225974.10
1094.61  3035   2371    52596.00   230738.40
1094.64  3040   2439    53875.00   236387.30
1094.67  3045   2507    55002.00   241366.40
1094.70  3050   2575    55901.00   245339.10
1094.73  3055   2643    57149.00   250855.70
1094.76  3060   2711    58170.00   255370.10
1094.80  3065   2780    59138.00   259651.20
1094.83  3070   2848    60241.00   264530.60
1094.86  3075   2917    61625.00   270655.00
1094.89  3080   2985    63059.00   277002.90
1094.92  3085   3054    63842.00   280469.90
1094.95  3090   3123    64935.00   285310.70
1094.99  3095   3192    66348.00   291570.80
1095.02  3100   3261    67702.00   297571.50
1095.05  3105   3330    68915.00   302949.10
1095.08  3110   3400    70123.00   308306.10
1095.11  3115   3469    71518.00   314494.40
1095.14  3120   3539    72657.00   319548.70
1095.18  3125   3608    74076.00   325847.40
1095.21  3130   3678    75276.00   331175.80
1095.24  3135   3748    77125.00   339389.10
1095.27  3140   3818    78229.00   344294.90
1095.30  3145   3888    80023.00   352269.70
1095.34  3150   3958    81229.00   357632.70
1095.37  3155   4029    82685.00   364109.60
1095.40  3160   4099    84429.00   371870.70
1095.43  3165   4170    86078.00   379212.20
1095.46  3170   4240    87620.00   386080.10
1095.49  3175   4311    89042.00   392415.90
1095.53  3180   4382    90845.00   400452.50
1095.56  3185   4453    92787.00   409112.60
1095.59  3190   4524    94299.00   415858.20
1095.62  3195   4596    95925.00   423115.30
1095.65  3200   4667    97721.00   431134.50
1095.69  3205   4738    99872.00   440743.60
1095.72  3210   4810   101554.00   448261.20
1095.75  3215   4882   103411.00   456564.60
1095.78  3220   4954   105520.00   465999.50
1095.81  3225   5026   107757.00   476012.50
1095.85  3230   5098   109844.00   485359.20
1095.88  3235   5170   111770.00   493989.30
1095.91  3240   5242   113748.00   502856.70
1095.94  3245   5315   116244.00   514052.70
1095.97  3250   5387   118515.00   524245.50
1096.01  3255   5460   120631.00   533748.00
1096.04  3260   5533   122969.00   544253.30
1096.07  3265   5606   125839.00   557157.60
1096.10  3270   5679   127632.00   565224.20
1096.14  3275   5752   130141.00   576518.20
1096.17  3280   5825   133106.00   589874.10
1096.20  3285   5899   135375.00   600101.60
1096.23  3290   5973   138141.00   612577.50
1096.27  3295   6046   141047.00   625694.20
1096.30  3300   6120   143864.00   638418.50
1096.33  3305   6194   146647.00   650998.10
1096.36  3310   6268   149604.00   664374.30
1096.39  3315   6342   152078.00   675573.30
1096.43  3320   6417   155420.00   690712.60
1096.46  3325   6491   157982.00   702327.30
1096.49  3330   6566   161238.00   717099.30
1096.52  3335   6641   164225.00   730661.70
1096.55  3340   6716   167483.00   745466.50
1096.59  3345   6791   170963.00   761293.80
1096.62  3350   6866   173910.00   774708.00
1096.65  3355   6941   177324.00   790260.80
1096.68  3360   7017   180422.00   804385.80
1096.72  3365   7092   184450.00   822768.00
1096.75  3370   7168   187846.00   838280.80
1096.78  3375   7244   190676.00   851218.60
1096.81  3380   7320   195005.00   871027.80
1096.84  3385   7396   198436.00   886743.50
1096.88  3390   7473   202668.00   906147.70
1096.91  3395   7549   206172.00   922230.00
1096.94  3400   7626   209403.00   937072.30
1096.97  3405   7703   213485.00   955841.80
1097.01  3410   7780   217917.00   976243.40
1097.04  3415   7857   221316.00   991905.80
1097.07  3420   7934   225817.00  1012668.00
1097.10  3425   8011   229713.00  1030659.00
1097.14  3430   8089   233894.00  1049986.00
1097.17  3435   8166   238169.00  1069770.00
1097.20  3440   8244   242891.00  1091649.00
1097.23  3445   8322   247528.00  1113160.00
1097.27  3450   8400   252235.00  1135023.00
1097.30  3455   8479   254386.00  1145023.00
1097.33  3460   8557   260169.00  1171936.00
1097.36  3465   8636   265299.00  1195845.00
1097.40  3470   8714   267579.00  1206482.00
1097.43  3475   8793   274780.00  1240118.00
1097.46  3480   8872   279562.00  1262491.00
1097.50  3485   8952   283983.00  1283201.00
1097.53  3490   9031   288240.00  1303165.00
1097.56  3495   9111   292814.00  1324641.00
1097.59  3500   9190   298737.00  1352491.00
1097.68  3505   7382   334922.00  1523598.00
1097.76  3510   7462   341625.00  1555479.00
1097.79  3515   7542   346325.00  1577869.00
1097.82  3520   7622   353719.00  1613149.00
1097.86  3525   7702   358844.00  1637645.00
1097.89  3530   7783   363855.00  1661630.00
1097.92  3535   7864   371417.00  1697887.00
1097.95  3540   7944   377132.00  1725338.00
1097.99  3545   8025   381827.00  1747922.00
1098.02  3550   8106   388955.00  1782266.00
1098.05  3555   8187   395577.00  1814233.00
1098.08  3560   8269   400069.00  1835951.00
1098.12  3565   8350   406925.00  1869151.00
1098.15  3570   8432   413838.00  1902692.00
1098.18  3575   8514   420307.00  1934136.00
1098.21  3580   8596   426030.00  1962003.00
1098.25  3585   8678   433319.00  1997559.00
1098.28  3590   8760   439916.00  2029803.00
1098.31  3595   8842   446078.00  2059975.00
1098.34  3600   8925   452572.00  2091829.00
1098.38  3605   9008   460163.00  2129139.00
1098.41  3610   9091   467030.00  2162960.00
1098.44  3615   9174   473653.00  2195641.00
1098.47  3620   9257   480822.00  2231087.00
1098.50  3625   9340   487128.00  2262327.00
1098.54  3630   9424   494348.00  2298163.00
end
