dh260917Tamanrasset 22.79-5.529 3.378592pr865
CI SCAN-INST #201 dt  2.8E-08  cy 4 DARK =     5.100 
1326.17  2865    121    26485.00   115806.00
1326.21  2870    185    27012.00   118118.50
1326.24  2875    250    27624.00   120804.20
1326.27  2880    315    28165.00   123178.70
1326.30  2885    380    28996.00   126826.70
1326.33  2890    445    29710.00   129961.60
1326.37  2895    510    30115.00   131740.10
1326.40  2900    575    30767.00   134603.60
1326.43  2905    640    31494.00   137797.00
1326.46  2910    706    32088.00   140406.60
1326.49  2915    771    32683.00   143021.00
1326.52  2920    837    33498.00   146602.70
1326.56  2925    902    34273.00   150009.30
1326.59  2930    968    34858.00   152581.20
1326.62  2935   1034    35671.00   156156.00
1326.65  2940   1100    35976.00   157497.30
1326.68  2945   1166    36728.00   160804.80
1326.72  2950   1232    37598.00   164632.10
1326.75  2955   1298    38352.00   167949.70
1326.78  2960   1365    39008.00   170836.60
1326.81  2965   1431    39623.00   173543.50
1326.84  2970   1497    40239.00   176255.20
1326.88  2975   1564    41279.00   180834.40
1326.91  2980   1631    42132.00   184591.10
1326.94  2985   1698    42910.00   188018.20
1326.97  2990   1764    43582.00   190978.80
1327.00  2995   1831    44549.00   195240.10
1327.04  3000   1898    45742.00   200498.60
1327.07  3005   1966    46441.00   203580.40
1327.10  3010   2033    47450.00   208029.90
1327.13  3015   2100    48506.00   212687.90
1327.16  3020   2168    49543.00   217263.20
1327.19  3025   2235    50494.00   221460.10
1327.23  3030   2303    51544.00   226095.10
1327.26  3035   2371    52458.00   230130.70
1327.29  3040   2439    53633.00   235320.10
1327.32  3045   2507    54720.00   240122.10
1327.36  3050   2575    55628.00   244134.40
1327.39  3055   2643    56684.00   248801.80
1327.42  3060   2711    57798.00   253726.90
1327.45  3065   2780    59213.00   259984.70
1327.48  3070   2848    60311.00   264842.10
1327.51  3075   2917    61221.00   268868.80
1327.55  3080   2985    62516.00   274600.60
1327.58  3085   3054    63674.00   279727.70
1327.61  3090   3123    64754.00   284510.80
1327.64  3095   3192    66056.00   290278.70
1327.67  3100   3261    67446.00   296438.60
1327.71  3105   3330    68616.00   301625.20
1327.74  3110   3400    69972.00   307638.10
1327.77  3115   3469    71127.00   312761.40
1327.80  3120   3539    72542.00   319040.00
1327.83  3125   3608    73927.00   325187.70
1327.87  3130   3678    75061.00   330222.80
1327.90  3135   3748    76630.00   337191.70
1327.93  3140   3818    78179.00   344074.40
1327.96  3145   3888    79517.00   350021.80
1327.99  3150   3958    81089.00   357011.80
1328.03  3155   4029    82455.00   363088.00
1328.06  3160   4099    84030.00   370096.60
1328.09  3165   4170    85692.00   377495.20
1328.12  3170   4240    87293.00   384625.20
1328.15  3175   4311    88681.00   390809.00
1328.19  3180   4382    90771.00   400124.30
1328.22  3185   4453    92666.00   408574.70
1328.25  3190   4524    94017.00   414601.70
1328.28  3195   4596    95792.00   422523.40
1328.32  3200   4667    97633.00   430743.30
1328.35  3205   4738    99708.00   440012.60
1328.38  3210   4810   101330.00   447261.60
1328.41  3215   4882   103079.00   455081.60
1328.44  3220   4954   105176.00   464462.00
1328.48  3225   5026   107262.00   473798.20
1328.51  3230   5098   109504.00   483838.00
1328.54  3235   5170   111619.00   493314.30
1328.57  3240   5242   113771.00   502961.70
1328.61  3245   5315   115922.00   512609.70
1328.64  3250   5387   117941.00   521670.50
1328.67  3255   5460   120198.00   531804.80
1328.70  3260   5533   122660.00   542866.30
1328.74  3265   5606   125099.00   553831.20
1328.77  3270   5679   127561.00   564906.50
1328.80  3275   5752   129992.00   575849.00
1328.83  3280   5825   132237.00   585960.40
1328.86  3285   5899   135716.00   601641.00
1328.90  3290   5973   137705.00   610612.10
1328.93  3295   6046   140344.00   622522.00
1328.96  3300   6120   143312.00   635926.30
1328.99  3305   6194   146119.00   648612.70
1329.03  3310   6268   149046.00   661851.20
1329.06  3315   6342   151920.00   674859.70
1329.09  3320   6417   154688.00   687397.30
1329.12  3325   6491   158255.00   703567.30
1329.16  3330   6566   161113.00   716533.80
1329.19  3335   6641   164265.00   730845.20
1329.22  3340   6716   167034.00   743427.30
1329.25  3345   6791   170153.00   757610.50
1329.29  3350   6866   173833.00   774359.20
1329.32  3355   6941   177039.00   788963.80
1329.35  3360   7017   180358.00   804095.80
1329.38  3365   7092   183896.00   820240.40
1329.41  3370   7168   187644.00   837359.60
1329.45  3375   7244   190976.00   852592.60
1329.48  3380   7320   194299.00   867797.60
1329.51  3385   7396   198174.00   885544.90
1329.54  3390   7473   201976.00   902975.20
1329.58  3395   7549   205551.00   919380.60
1329.61  3400   7626   209078.00   935580.70
1329.64  3405   7703   212957.00   953414.80
1329.67  3410   7780   217338.00   973578.70
1329.71  3415   7857   221414.00   992359.40
1329.74  3420   7934   224957.00  1008701.00
1329.77  3425   8011   230018.00  1032070.00
1329.80  3430   8089   233708.00  1049128.00
1329.83  3435   8166   237508.00  1066712.00
1329.87  3440   8244   241835.00  1086756.00
1329.90  3445   8322   247291.00  1112062.00
1329.93  3450   8400   250979.00  1129188.00
1329.97  3455   8479   253552.00  1141147.00
1330.00  3460   8557   260127.00  1171743.00
1330.03  3465   8636   264089.00  1190205.00
1330.06  3470   8714   267082.00  1204165.00
1330.10  3475   8793   272162.00  1227884.00
1330.13  3480   8872   278351.00  1256825.00
1330.16  3485   8952   283194.00  1279505.00
1330.19  3490   9031   285534.00  1290474.00
1330.23  3495   9111   292246.00  1321975.00
1330.26  3500   9190   298059.00  1349302.00
1330.34  3505   7382   335706.00  1527326.00
1330.43  3510   7462   342147.00  1557967.00
1330.46  3515   7542   346313.00  1577813.00
1330.49  3520   7622   354453.00  1616657.00
1330.52  3525   7702   359260.00  1639637.00
1330.56  3530   7783   363895.00  1661823.00
1330.59  3535   7864   371787.00  1699665.00
1330.62  3540   7944   377566.00  1727426.00
1330.65  3545   8025   381543.00  1746557.00
1330.69  3550   8106   388734.00  1781202.00
1330.72  3555   8187   395946.00  1816018.00
1330.75  3560   8269   400952.00  1840226.00
1330.78  3565   8350   406932.00  1869187.00
1330.82  3570   8432   413988.00  1903422.00
1330.85  3575   8514   420981.00  1937418.00
1330.88  3580   8596   426356.00  1963593.00
1330.91  3585   8678   433901.00  2000403.00
1330.95  3590   8760   439769.00  2029086.00
1330.98  3595   8842   447003.00  2064510.00
1331.01  3600   8925   452856.00  2093225.00
1331.05  3605   9008   459173.00  2124270.00
1331.08  3610   9091   466215.00  2158944.00
1331.11  3615   9174   473307.00  2193935.00
1331.14  3620   9257   480354.00  2228773.00
1331.18  3625   9340   486784.00  2260623.00
1331.21  3630   9424   495328.00  2303035.00
end
