dh021218Tamanrasset 22.79-5.529 4.974364pr865
CI SCAN-INST #201 dt  2.8E-08  cy 4 DARK =     4.600 
1024.64  2865    121    27081.00   118423.40
1024.67  2870    185    27498.00   120253.40
1024.70  2875    250    28183.00   123259.90
1024.74  2880    315    28736.00   125687.40
1024.77  2885    380    29421.00   128694.80
1024.80  2890    445    30238.00   132282.40
1024.83  2895    510    30885.00   135124.10
1024.86  2900    575    31573.00   138146.20
1024.89  2905    640    32076.00   140356.10
1024.92  2910    706    32762.00   143370.40
1024.96  2915    771    33267.00   145589.70
1024.99  2920    837    34120.00   149338.90
1025.02  2925    902    34796.00   152310.80
1025.05  2930    968    35502.00   155415.00
1025.08  2935   1034    36116.00   158115.20
1025.11  2940   1100    36606.00   160270.40
1025.15  2945   1166    37424.00   163868.70
1025.18  2950   1232    38188.00   167230.20
1025.21  2955   1298    38929.00   170491.10
1025.24  2960   1365    39797.00   174311.60
1025.27  2965   1431    40445.00   177164.40
1025.30  2970   1497    41154.00   180286.20
1025.34  2975   1564    42073.00   184333.40
1025.37  2980   1631    42582.00   186575.50
1025.40  2985   1698    43471.00   190492.00
1025.43  2990   1764    44390.00   194541.60
1025.46  2995   1831    45372.00   198869.80
1025.50  3000   1898    46420.00   203490.00
1025.53  3005   1966    46983.00   205972.60
1025.56  3010   2033    48260.00   211604.90
1025.59  3015   2100    49234.00   215902.00
1025.62  3020   2168    50461.00   221316.70
1025.65  3025   2235    51321.00   225112.80
1025.69  3030   2303    52474.00   230203.60
1025.72  3035   2371    53349.00   234067.90
1025.75  3040   2439    54363.00   238547.10
1025.78  3045   2507    55292.00   242651.80
1025.81  3050   2575    56549.00   248207.20
1025.84  3055   2643    57582.00   252774.00
1025.88  3060   2711    58775.00   258049.60
1025.91  3065   2780    59967.00   263322.30
1025.94  3070   2848    61022.00   267990.40
1025.97  3075   2917    62244.00   273398.80
1026.00  3080   2985    63508.00   278994.90
1026.03  3085   3054    64666.00   284123.20
1026.07  3090   3123    65786.00   289084.70
1026.10  3095   3192    67191.00   295310.60
1026.13  3100   3261    68402.00   300678.60
1026.16  3105   3330    69808.00   306913.00
1026.19  3110   3400    71146.00   312848.00
1026.23  3115   3469    72067.00   316934.30
1026.26  3120   3539    73456.00   323099.00
1026.29  3125   3608    75248.00   331055.50
1026.32  3130   3678    76509.00   336656.40
1026.35  3135   3748    77934.00   342987.90
1026.39  3140   3818    79263.00   348894.80
1026.42  3145   3888    80594.00   354812.70
1026.45  3150   3958    81995.00   361043.90
1026.48  3155   4029    83685.00   368563.40
1026.51  3160   4099    85380.00   376108.30
1026.54  3165   4170    86878.00   382779.00
1026.58  3170   4240    88316.00   389184.90
1026.61  3175   4311    90013.00   396747.50
1026.64  3180   4382    91749.00   404487.20
1026.67  3185   4453    93452.00   412083.10
1026.70  3190   4524    95216.00   419954.60
1026.74  3195   4596    97014.00   427981.30
1026.77  3200   4667    98955.00   436650.50
1026.80  3205   4738   100612.00   444054.60
1026.83  3210   4810   102880.00   454193.90
1026.86  3215   4882   104691.00   462294.30
1026.90  3220   4954   106851.00   471960.50
1026.93  3225   5026   108824.00   480794.50
1026.96  3230   5098   110709.00   489238.70
1026.99  3235   5170   113357.00   501107.50
1027.02  3240   5242   115093.00   508893.00
1027.06  3245   5315   117404.00   519262.40
1027.09  3250   5387   119405.00   528245.70
1027.12  3255   5460   121648.00   538321.00
1027.15  3260   5533   123888.00   548388.40
1027.18  3265   5606   126624.00   560692.80
1027.22  3270   5679   129468.00   573492.10
1027.25  3275   5752   131722.00   583642.60
1027.28  3280   5825   134064.00   594195.60
1027.31  3285   5899   137473.00   609567.80
1027.34  3290   5973   139550.00   618940.10
1027.38  3295   6046   141754.00   628891.00
1027.41  3300   6120   144864.00   642941.70
1027.44  3305   6194   147898.00   656660.00
1027.47  3310   6268   150826.00   669909.10
1027.50  3315   6342   153726.00   683041.20
1027.54  3320   6417   156195.00   694229.30
1027.57  3325   6491   159273.00   708187.00
1027.60  3330   6566   162521.00   722927.60
1027.63  3335   6641   165611.00   736962.50
1027.67  3340   6716   168651.00   750781.20
1027.70  3345   6791   172254.00   767173.10
1027.73  3350   6866   175858.00   783584.70
1027.76  3355   6941   179199.00   798812.40
1027.79  3360   7017   182698.00   814774.40
1027.83  3365   7092   186498.00   832125.70
1027.86  3370   7168   189104.00   844034.90
1027.89  3375   7244   192946.00   861607.40
1027.92  3380   7320   196730.00   878931.60
1027.96  3385   7396   200722.00   897226.60
1027.99  3390   7473   204531.00   914700.60
1028.02  3395   7549   208222.00   931649.80
1028.05  3400   7626   211370.00   946118.60
1028.08  3405   7703   215396.00   964639.90
1028.12  3410   7780   220031.00   985987.10
1028.15  3415   7857   223974.00  1004168.00
1028.18  3420   7934   227637.00  1021074.00
1028.21  3425   8011   232425.00  1043197.00
1028.25  3430   8089   235998.00  1059725.00
1028.28  3435   8166   240630.00  1081174.00
1028.31  3440   8244   244912.00  1101025.00
1028.34  3445   8322   249855.00  1123969.00
1028.38  3450   8400   254600.00  1146022.00
1028.41  3455   8479   256998.00  1157178.00
1028.44  3460   8557   263820.00  1188953.00
1028.47  3465   8636   267815.00  1207588.00
1028.50  3470   8714   270418.00  1219740.00
1028.54  3475   8793   277763.00  1254075.00
1028.57  3480   8872   282449.00  1276016.00
1028.60  3485   8952   286781.00  1296324.00
1028.63  3490   9031   290730.00  1314857.00
1028.67  3495   9111   295425.00  1336917.00
1028.70  3500   9190   302363.00  1369566.00
1028.78  3505   7382   339232.00  1544095.00
1028.86  3510   7462   345203.00  1572526.00
1028.90  3515   7542   349362.00  1592355.00
1028.93  3520   7622   357066.00  1629147.00
1028.96  3525   7702   362777.00  1656472.00
1028.99  3530   7783   367209.00  1677706.00
1029.03  3535   7864   374543.00  1712901.00
1029.06  3540   7944   381472.00  1746218.00
1029.09  3545   8025   385660.00  1766386.00
1029.12  3550   8106   392486.00  1799309.00
1029.16  3555   8187   399583.00  1833605.00
1029.19  3560   8269   404241.00  1856151.00
1029.22  3565   8350   410534.00  1886658.00
1029.25  3570   8432   418710.00  1926373.00
1029.28  3575   8514   424735.00  1955698.00
1029.32  3580   8596   430036.00  1981540.00
1029.35  3585   8678   437792.00  2019419.00
1029.38  3590   8760   444424.00  2051875.00
1029.41  3595   8842   450536.00  2081840.00
1029.45  3600   8925   457145.00  2114300.00
1029.48  3605   9008   464515.00  2150570.00
1029.51  3610   9091   472098.00  2187967.00
1029.54  3615   9174   478297.00  2218599.00
1029.58  3620   9257   486205.00  2257755.00
1029.61  3625   9340   492560.00  2289285.00
1029.64  3630   9424   500251.00  2327522.00
end
