Field of view Scan started at 09:26:15filter: 3CY 5SL  5 
-160.000      0.000    136.794     54.412    98.6 
-140.000      0.000    136.807     54.403    136 
-120.000      0.000    136.817     54.395    185 
-100.000      0.000    136.826     54.388    294.4 
 -80.000      0.000    136.836     54.381    1511.4 
 -60.000      0.000    136.845     54.374    22182.2 
 -40.000      0.000    136.855     54.367    24362.2 
 -20.000      0.000    136.865     54.360    24166.8 
   0.000      0.000    136.874     54.353    24081 
  20.000      0.000    136.884     54.346    22320.8 
  40.000      0.000    136.894     54.339    10973.6 
  60.000      0.000    136.904     54.332    466.8 
  80.000      0.000    136.913     54.325    238.2 
 100.000      0.000    136.923     54.318    157.8 
 120.000      0.000    136.933     54.311    119.2 
 140.000      0.000    136.943     54.304    94.8 
 160.000      0.000    136.952     54.297    79 
   0.000    -40.000    136.962     54.290    61 
   0.000    -36.000    136.975     54.280    70.4 
   0.000    -32.000    136.983     54.274    81 
   0.000    -28.000    136.991     54.268    98.6 
   0.000    -24.000    137.000     54.262    143.6 
   0.000    -20.000    137.008     54.256    206 
   0.000    -16.000    137.017     54.250    405.8 
   0.000    -12.000    137.026     54.244    7141 
   0.000     -8.000    137.034     54.238    21982.2 
   0.000     -4.000    137.043     54.232    22575.4 
   0.000      0.000    137.051     54.226    22839.8 
   0.000      4.000    137.060     54.219    22714.8 
   0.000      8.000    137.069     54.213    20828 
   0.000     12.000    137.077     54.207    2735.6 
   0.000     16.000    137.086     54.201    344.4 
   0.000     20.000    137.095     54.194    188 
   0.000     24.000    137.103     54.188    135.6 
   0.000     28.000    137.111     54.182    105.4 
   0.000     32.000    137.120     54.176    86.8 
   0.000     36.000    137.128     54.170    80.8 
   0.000     40.000    137.137     54.164    66.2 
Field of view Scan started at 11:48:07filter: 3CY 5SL  5 
-160.000      0.000    179.203     41.499    110.2 
-140.000      0.000    179.225     41.499    131.6 
-120.000      0.000    179.242     41.498    185.6 
-100.000      0.000    179.257     41.498    306 
 -80.000      0.000    179.274     41.498    751.8 
 -60.000      0.000    179.289     41.498    24902.2 
 -40.000      0.000    179.307     41.498    37640 
 -20.000      0.000    179.322     41.498    39178.6 
   0.000      0.000    179.339     41.498    40095 
  20.000      0.000    179.355     41.498    39132.8 
  40.000      0.000    179.371     41.497    27922.6 
  60.000      0.000    179.387     41.497    623.6 
  80.000      0.000    179.405     41.497    260.2 
 100.000      0.000    179.419     41.497    166.2 
 120.000      0.000    179.435     41.497    123.4 
 140.000      0.000    179.451     41.497    103.4 
 160.000      0.000    179.468     41.497    83.4 
   0.000    -40.000    179.484     41.497    67.4 
   0.000    -36.000    179.506     41.497    72.6 
   0.000    -32.000    179.519     41.497    87.2 
   0.000    -28.000    179.536     41.496    114.2 
   0.000    -24.000    179.552     41.496    147.2 
   0.000    -20.000    179.564     41.495    206.8 
   0.000    -16.000    179.579     41.495    480 
   0.000    -12.000    179.594     41.495    32469.2 
   0.000     -8.000    179.608     41.495    45428.6 
   0.000     -4.000    179.623     41.495    46147.8 
   0.000      0.000    179.637     41.495    46127.8 
   0.000      4.000    179.650     41.495    45535.6 
   0.000      8.000    179.667     41.495    43568.6 
   0.000     12.000    179.680     41.495    9757.8 
   0.000     16.000    179.695     41.495    264.6 
   0.000     20.000    179.710     41.495    154 
   0.000     24.000    179.724     41.495    112 
   0.000     28.000    179.741     41.495    89.4 
   0.000     32.000    179.752     41.495    75.2 
   0.000     36.000    179.767     41.495    69.8 
   0.000     40.000    179.777     41.495    61 
Field of view Scan started at 14:05:06filter: 3CY 5SL  5 
-160.000      0.000    221.167     52.929    57.2 
-140.000      0.000    221.180     52.938    69.8 
-120.000      0.000    221.190     52.945    95.2 
-100.000      0.000    221.201     52.952    147 
 -80.000      0.000    221.211     52.958    381 
 -60.000      0.000    221.221     52.965    2548 
 -40.000      0.000    221.231     52.972    3211.2 
 -20.000      0.000    221.241     52.979    3342.4 
   0.000      0.000    221.252     52.986    3327.4 
  20.000      0.000    221.262     52.992    3147.6 
  40.000      0.000    221.272     52.999    1225.2 
  60.000      0.000    221.282     53.006    228 
  80.000      0.000    221.292     53.013    126.4 
 100.000      0.000    221.303     53.020    93 
 120.000      0.000    221.313     53.026    73.6 
 140.000      0.000    221.323     53.033    61.4 
 160.000      0.000    221.333     53.040    55.2 
   0.000    -40.000    221.343     53.047    48.8 
   0.000    -36.000    221.357     53.056    51.4 
   0.000    -32.000    221.366     53.062    60 
   0.000    -28.000    221.374     53.068    72.6 
   0.000    -24.000    221.384     53.073    99.8 
   0.000    -20.000    221.393     53.079    160.2 
   0.000    -16.000    221.402     53.085    497.2 
   0.000    -12.000    221.411     53.091    2633.4 
   0.000     -8.000    221.419     53.097    3479.8 
   0.000     -4.000    221.428     53.103    4272.8 
   0.000      0.000    221.437     53.109    4564.8 
   0.000      4.000    221.446     53.115    4367.4 
   0.000      8.000    221.455     53.121    1248.6 
   0.000     12.000    221.463     53.127    214.6 
   0.000     16.000    221.472     53.133    131.2 
   0.000     20.000    221.481     53.139    92.4 
   0.000     24.000    221.490     53.144    77 
   0.000     28.000    221.498     53.150    67 
   0.000     32.000    221.507     53.156    62.4 
   0.000     36.000    221.516     53.162    58.6 
   0.000     40.000    221.525     53.168    54.2 
Field of view Scan started at 16:44:33filter: 0CY 5SL  5 
-160.000      0.000    246.290     82.785    45.4 
-140.000      0.000    246.296     82.797    51.4 
-120.000      0.000    246.301     82.806    57.6 
-100.000      0.000    246.306     82.815    62.8 
 -80.000      0.000    246.310     82.824    144.8 
 -60.000      0.000    246.315     82.833    2690.8 
 -40.000      0.000    246.320     82.843    2910.4 
 -20.000      0.000    246.325     82.851    2884.4 
   0.000      0.000    246.329     82.861    2855.6 
  20.000      0.000    246.334     82.870    2730.4 
  40.000      0.000    246.339     82.879    391.2 
  60.000      0.000    246.343     82.887    63.4 
  80.000      0.000    246.348     82.897    55.2 
 100.000      0.000    246.353     82.906    49 
 120.000      0.000    246.358     82.915    49.6 
 140.000      0.000    246.362     82.924    40.6 
 160.000      0.000    246.367     82.933    44.6 
   0.000    -40.000    246.372     82.942    30.8 
   0.000    -36.000    246.378     82.954    33.2 
   0.000    -32.000    246.382     82.962    37 
   0.000    -28.000    246.386     82.970    43 
   0.000    -24.000    246.390     82.978    45.6 
   0.000    -20.000    246.395     82.987    49.8 
   0.000    -16.000    246.399     82.995    152 
   0.000    -12.000    246.403     83.003    2381.2 
   0.000     -8.000    246.407     83.011    2429.6 
   0.000     -4.000    246.411     83.019    2420.2 
   0.000      0.000    246.416     83.027    2371.6 
   0.000      4.000    246.420     83.035    2190.6 
   0.000      8.000    246.424     83.043    219.8 
   0.000     12.000    246.429     83.051    56 
   0.000     16.000    246.433     83.059    49.8 
   0.000     20.000    246.437     83.067    47.2 
   0.000     24.000    246.441     83.075    50.6 
   0.000     28.000    246.445     83.083    51.8 
   0.000     32.000    246.450     83.092    50.4 
   0.000     36.000    246.454     83.100    49.4 
   0.000     40.000    246.458     83.108    51.2 
Field of view Scan started at 16:54:45filter: 0CY 5SL  5 
-160.000      0.000    247.378     84.909    19.2 
-140.000      0.000    247.383     84.920    19 
-120.000      0.000    247.388     84.929    19.4 
-100.000      0.000    247.393     84.939    18.6 
 -80.000      0.000    247.397     84.948    34.6 
 -60.000      0.000    247.402     84.957    205 
 -40.000      0.000    247.406     84.966    219 
 -20.000      0.000    247.411     84.975    225 
   0.000      0.000    247.415     84.984    206 
  20.000      0.000    247.420     84.993    205 
  40.000      0.000    247.425     85.002    35.2 
  60.000      0.000    247.429     85.012    19.2 
  80.000      0.000    247.434     85.021    18.8 
 100.000      0.000    247.438     85.030    19.2 
 120.000      0.000    247.443     85.039    18.8 
 140.000      0.000    247.448     85.048    15.8 
 160.000      0.000    247.452     85.057    16.6 
   0.000    -40.000    247.457     85.066    10.4 
   0.000    -36.000    247.463     85.078    12.2 
   0.000    -32.000    247.467     85.086    13.2 
   0.000    -28.000    247.471     85.094    11.6 
   0.000    -24.000    247.475     85.102    15.2 
   0.000    -20.000    247.479     85.110    16.8 
   0.000    -16.000    247.483     85.118    32.8 
   0.000    -12.000    247.487     85.126    151.6 
   0.000     -8.000    247.491     85.134    150.2 
   0.000     -4.000    247.495     85.142    151.2 
   0.000      0.000    247.498     85.149    147.4 
   0.000      4.000    247.502     85.158    135 
   0.000      8.000    247.507     85.166    45 
   0.000     12.000    247.510     85.173    18 
   0.000     16.000    247.514     85.181    19.2 
   0.000     20.000    247.518     85.189    20.6 
   0.000     24.000    247.522     85.197    19.4 
   0.000     28.000    247.526     85.205    20.8 
   0.000     32.000    247.530     85.213    20.2 
   0.000     36.000    247.534     85.221    20.6 
   0.000     40.000    247.538     85.229    20.6 
