Field of view Scan started at 09:24:28filter: 3CY 5SL  5 
-160.000      0.000    134.559     53.498    84.4 
-140.000      0.000    134.571     53.489    106.8 
-120.000      0.000    134.581     53.481    146.8 
-100.000      0.000    134.591     53.474    225.6 
 -80.000      0.000    134.600     53.467    1989.4 
 -60.000      0.000    134.610     53.459    33201.2 
 -40.000      0.000    134.620     53.452    35460.2 
 -20.000      0.000    134.630     53.444    35507.8 
   0.000      0.000    134.640     53.437    35006.2 
  20.000      0.000    134.649     53.430    34144.6 
  40.000      0.000    134.659     53.422    14200.8 
  60.000      0.000    134.669     53.415    273.2 
  80.000      0.000    134.679     53.408    166.8 
 100.000      0.000    134.688     53.400    123 
 120.000      0.000    134.698     53.393    92 
 140.000      0.000    134.707     53.386    78.4 
 160.000      0.000    134.717     53.378    61.6 
   0.000    -40.000    134.727     53.371    49.2 
   0.000    -36.000    134.740     53.361    56.2 
   0.000    -32.000    134.749     53.355    60.6 
   0.000    -28.000    134.757     53.348    75.2 
   0.000    -24.000    134.766     53.342    92.2 
   0.000    -20.000    134.774     53.335    123.4 
   0.000    -16.000    134.783     53.329    183.2 
   0.000    -12.000    134.791     53.323    1353 
   0.000     -8.000    134.800     53.316    32271.8 
   0.000     -4.000    134.809     53.310    35183.6 
   0.000      0.000    134.817     53.303    35308.6 
   0.000      4.000    134.826     53.297    34835.6 
   0.000      8.000    134.834     53.291    32726.2 
   0.000     12.000    134.843     53.284    4095.8 
   0.000     16.000    134.851     53.278    193 
   0.000     20.000    134.860     53.272    127.6 
   0.000     24.000    134.868     53.265    91 
   0.000     28.000    134.876     53.259    73.8 
   0.000     32.000    134.885     53.253    63 
   0.000     36.000    134.893     53.246    53.4 
   0.000     40.000    134.902     53.240    48 
Field of view Scan started at 11:46:10filter: 3CY 5SL  5 
-160.000      0.000    177.986     39.618    108.6 
-140.000      0.000    178.009     39.617    139.8 
-120.000      0.000    178.025     39.616    184.4 
-100.000      0.000    178.043     39.616    270.4 
 -80.000      0.000    178.060     39.616    471 
 -60.000      0.000    178.077     39.615    35247 
 -40.000      0.000    178.094     39.615    51391.6 
 -20.000      0.000    178.111     39.615    51644.6 
   0.000      0.000    178.128     39.614    51147.2 
  20.000      0.000    178.145     39.614    49873.8 
  40.000      0.000    178.162     39.614    39327.4 
  60.000      0.000    178.180     39.613    649 
  80.000      0.000    178.196     39.613    285.2 
 100.000      0.000    178.213     39.613    186 
 120.000      0.000    178.230     39.612    141.8 
 140.000      0.000    178.247     39.612    113 
 160.000      0.000    178.264     39.612    86.8 
   0.000    -40.000    178.281     39.611    63 
   0.000    -36.000    178.304     39.611    75 
   0.000    -32.000    178.319     39.611    83.8 
   0.000    -28.000    178.334     39.610    103.8 
   0.000    -24.000    178.349     39.610    127.2 
   0.000    -20.000    178.363     39.610    181.4 
   0.000    -16.000    178.378     39.610    281.6 
   0.000    -12.000    178.393     39.609    23194.6 
   0.000     -8.000    178.408     39.609    50027.8 
   0.000     -4.000    178.423     39.609    50730.4 
   0.000      0.000    178.438     39.609    50867 
   0.000      4.000    178.452     39.608    50198.8 
   0.000      8.000    178.467     39.608    47235.6 
   0.000     12.000    178.483     39.608    6298 
   0.000     16.000    178.496     39.608    268.2 
   0.000     20.000    178.511     39.607    175.2 
   0.000     24.000    178.526     39.607    124.6 
   0.000     28.000    178.540     39.607    97.4 
   0.000     32.000    178.556     39.607    81.8 
   0.000     36.000    178.570     39.606    65.8 
   0.000     40.000    178.585     39.606    64.2 
Field of view Scan started at 14:02:56filter: 3CY 5SL  5 
-160.000      0.000    221.940     50.958    99.2 
-140.000      0.000    221.954     50.967    123 
-120.000      0.000    221.965     50.974    165 
-100.000      0.000    221.975     50.981    234.6 
 -80.000      0.000    221.986     50.988    622 
 -60.000      0.000    221.997     50.995    29583.6 
 -40.000      0.000    222.008     51.001    37984.6 
 -20.000      0.000    222.018     51.008    38081.2 
   0.000      0.000    222.029     51.015    37571.8 
  20.000      0.000    222.040     51.022    36471.8 
  40.000      0.000    222.050     51.029    15701 
  60.000      0.000    222.061     51.036    315.4 
  80.000      0.000    222.071     51.043    196.8 
 100.000      0.000    222.082     51.050    145.6 
 120.000      0.000    222.092     51.057    111.2 
 140.000      0.000    222.102     51.064    86.6 
 160.000      0.000    222.113     51.071    73.6 
   0.000    -40.000    222.124     51.078    62.2 
   0.000    -36.000    222.138     51.087    67.6 
   0.000    -32.000    222.147     51.093    83.4 
   0.000    -28.000    222.156     51.099    102.6 
   0.000    -24.000    222.166     51.105    131 
   0.000    -20.000    222.175     51.111    204.8 
   0.000    -16.000    222.184     51.117    1269.8 
   0.000    -12.000    222.193     51.123    26370.6 
   0.000     -8.000    222.202     51.129    37640.8 
   0.000     -4.000    222.211     51.135    37699.6 
   0.000      0.000    222.220     51.141    37617.2 
   0.000      4.000    222.229     51.147    36698.6 
   0.000      8.000    222.239     51.153    21470 
   0.000     12.000    222.247     51.159    286 
   0.000     16.000    222.257     51.165    169.4 
   0.000     20.000    222.266     51.171    123 
   0.000     24.000    222.275     51.177    92 
   0.000     28.000    222.284     51.183    72 
   0.000     32.000    222.293     51.189    60.8 
   0.000     36.000    222.302     51.195    53.4 
   0.000     40.000    222.311     51.201    48.6 
Field of view Scan started at 16:42:32filter: 0CY 5SL  5 
-160.000      0.000    247.657     81.261    99.4 
-140.000      0.000    247.663     81.273    113.6 
-120.000      0.000    247.668     81.283    135 
-100.000      0.000    247.673     81.292    175.8 
 -80.000      0.000    247.678     81.301    703.6 
 -60.000      0.000    247.683     81.310    7066 
 -40.000      0.000    247.687     81.319    7540.6 
 -20.000      0.000    247.692     81.329    7527.2 
   0.000      0.000    247.697     81.338    7370 
  20.000      0.000    247.702     81.347    7083.2 
  40.000      0.000    247.707     81.356    1115.6 
  60.000      0.000    247.712     81.365    173 
  80.000      0.000    247.716     81.374    133.6 
 100.000      0.000    247.721     81.383    113.2 
 120.000      0.000    247.726     81.393    96.4 
 140.000      0.000    247.731     81.402    82.4 
 160.000      0.000    247.736     81.411    77 
   0.000    -40.000    247.740     81.420    61.2 
   0.000    -36.000    247.747     81.432    65.2 
   0.000    -32.000    247.751     81.441    76.2 
   0.000    -28.000    247.755     81.449    81.2 
   0.000    -24.000    247.760     81.457    99 
   0.000    -20.000    247.764     81.465    126.6 
   0.000    -16.000    247.768     81.473    371 
   0.000    -12.000    247.772     81.482    6189 
   0.000     -8.000    247.777     81.490    6795.2 
   0.000     -4.000    247.781     81.498    6729.6 
   0.000      0.000    247.785     81.505    6625 
   0.000      4.000    247.789     81.513    6347 
   0.000      8.000    247.793     81.521    3132.8 
   0.000     12.000    247.797     81.530    166.6 
   0.000     16.000    247.802     81.538    126.2 
   0.000     20.000    247.806     81.546    105 
   0.000     24.000    247.810     81.554    90.4 
   0.000     28.000    247.814     81.562    87.8 
   0.000     32.000    247.818     81.570    81.8 
   0.000     36.000    247.823     81.579    83.4 
   0.000     40.000    247.827     81.587    80.6 
Field of view Scan started at 16:52:45filter: 0CY 5SL  5 
-160.000      0.000    248.764     83.419    38 
-140.000      0.000    248.770     83.430    39.6 
-120.000      0.000    248.774     83.440    42.6 
-100.000      0.000    248.779     83.449    50.2 
 -80.000      0.000    248.784     83.458    98.8 
 -60.000      0.000    248.788     83.467    1109.6 
 -40.000      0.000    248.793     83.477    1150.8 
 -20.000      0.000    248.798     83.486    1165 
   0.000      0.000    248.803     83.495    1125 
  20.000      0.000    248.807     83.505    1077.2 
  40.000      0.000    248.812     83.514    194.6 
  60.000      0.000    248.816     83.523    51.2 
  80.000      0.000    248.821     83.532    42 
 100.000      0.000    248.826     83.542    36.6 
 120.000      0.000    248.830     83.551    35.2 
 140.000      0.000    248.835     83.560    30.2 
 160.000      0.000    248.840     83.569    29.6 
   0.000    -40.000    248.844     83.579    24 
   0.000    -36.000    248.850     83.591    25.2 
   0.000    -32.000    248.855     83.599    27.6 
   0.000    -28.000    248.859     83.607    29 
   0.000    -24.000    248.863     83.615    31 
   0.000    -20.000    248.867     83.624    40.2 
   0.000    -16.000    248.871     83.632    59.6 
   0.000    -12.000    248.875     83.640    842.8 
   0.000     -8.000    248.879     83.648    969.6 
   0.000     -4.000    248.883     83.656    965.4 
   0.000      0.000    248.887     83.664    950.8 
   0.000      4.000    248.891     83.673    898 
   0.000      8.000    248.896     83.681    223 
   0.000     12.000    248.900     83.689    45.2 
   0.000     16.000    248.904     83.698    41.8 
   0.000     20.000    248.908     83.706    37.4 
   0.000     24.000    248.912     83.714    38 
   0.000     28.000    248.916     83.722    38.6 
   0.000     32.000    248.920     83.730    36.6 
   0.000     36.000    248.924     83.738    36.8 
   0.000     40.000    248.929     83.747    39.4 
