Field of view Scan started at 09:10:09filter: 3CY 5SL  5 
-160.000      0.000    124.021     50.264    58 
-140.000      0.000    124.033     50.252    60.4 
-120.000      0.000    124.042     50.244    60.6 
-100.000      0.000    124.051     50.235    83 
 -80.000      0.000    124.061     50.226    129.2 
 -60.000      0.000    124.070     50.218    193 
 -40.000      0.000    124.079     50.209    1568.6 
 -20.000      0.000    124.088     50.200    3997.6 
   0.000      0.000    124.097     50.192    5339.4 
  20.000      0.000    124.107     50.183    1671.2 
  40.000      0.000    124.116     50.174    450.2 
  60.000      0.000    124.125     50.166    357.4 
  80.000      0.000    124.134     50.158    333.8 
 100.000      0.000    124.144     50.149    239.8 
 120.000      0.000    124.153     50.140    209.2 
 140.000      0.000    124.162     50.131    171.6 
 160.000      0.000    124.172     50.123    134.2 
   0.000    -40.000    124.181     50.114    86.6 
   0.000    -36.000    124.193     50.102    81.4 
   0.000    -32.000    124.202     50.095    76.6 
   0.000    -28.000    124.210     50.087    89.2 
   0.000    -24.000    124.218     50.080    137.6 
   0.000    -20.000    124.226     50.072    231.2 
   0.000    -16.000    124.234     50.065    406.4 
   0.000    -12.000    124.242     50.057    696.4 
   0.000     -8.000    124.250     50.050    474.8 
   0.000     -4.000    124.258     50.042    292.8 
   0.000      0.000    124.266     50.035    121 
   0.000      4.000    124.275     50.027    35.4 
   0.000      8.000    124.283     50.020    29.8 
   0.000     12.000    124.291     50.012    42.4 
   0.000     16.000    124.299     50.005    61 
   0.000     20.000    124.307     49.997    71.4 
   0.000     24.000    124.315     49.990    59.4 
   0.000     28.000    124.323     49.982    40.6 
   0.000     32.000    124.331     49.975    38 
   0.000     36.000    124.339     49.968    42 
   0.000     40.000    124.347     49.960    38.8 
Field of view Scan started at 11:30:22filter: 3CY 5SL  5 
-160.000      0.000    170.410     31.720    26.4 
-140.000      0.000    170.441     31.718    29.4 
-120.000      0.000    170.462     31.716    29.6 
-100.000      0.000    170.484     31.714    28.4 
 -80.000      0.000    170.505     31.713    30.4 
 -60.000      0.000    170.526     31.711    31 
 -40.000      0.000    170.547     31.709    27.6 
 -20.000      0.000    170.569     31.707    23 
   0.000      0.000    170.591     31.706    23.4 
  20.000      0.000    170.612     31.704    20.2 
  40.000      0.000    170.634     31.702    21.8 
  60.000      0.000    170.655     31.700    19.8 
  80.000      0.000    170.677     31.699    19.2 
 100.000      0.000    170.699     31.697    19.6 
 120.000      0.000    170.720     31.695    18.4 
 140.000      0.000    170.742     31.693    17.2 
 160.000      0.000    170.764     31.692    17.8 
   0.000    -40.000    170.785     31.690    18.6 
   0.000    -36.000    170.816     31.688    20.2 
   0.000    -32.000    170.835     31.686    18.4 
   0.000    -28.000    170.853     31.685    18.6 
   0.000    -24.000    170.872     31.683    19 
   0.000    -20.000    170.890     31.682    17 
   0.000    -16.000    170.908     31.680    19 
   0.000    -12.000    170.927     31.679    17.6 
   0.000     -8.000    170.945     31.677    20 
   0.000     -4.000    170.963     31.676    19.8 
   0.000      0.000    170.982     31.675    20 
   0.000      4.000    171.001     31.673    19.2 
   0.000      8.000    171.020     31.672    20.8 
   0.000     12.000    171.038     31.670    21.4 
   0.000     16.000    171.057     31.669    20.4 
   0.000     20.000    171.075     31.667    22.6 
   0.000     24.000    171.093     31.666    22.2 
   0.000     28.000    171.111     31.665    22.6 
   0.000     32.000    171.129     31.663    22.8 
   0.000     36.000    171.148     31.661    22.4 
   0.000     40.000    171.166     31.660    21.6 
Field of view Scan started at 13:51:01filter: 3CY 5SL  5 
-160.000      0.000    226.656     42.963    83 
-140.000      0.000    226.672     42.973    131 
-120.000      0.000    226.684     42.981    193.8 
-100.000      0.000    226.696     42.988    273.6 
 -80.000      0.000    226.708     42.996    403.4 
 -60.000      0.000    226.720     43.003    741 
 -40.000      0.000    226.732     43.011    3560.8 
 -20.000      0.000    226.744     43.019    5721.2 
   0.000      0.000    226.756     43.026    4661.6 
  20.000      0.000    226.768     43.034    1973.2 
  40.000      0.000    226.781     43.042    1751 
  60.000      0.000    226.793     43.049    932.2 
  80.000      0.000    226.805     43.057    697.8 
 100.000      0.000    226.817     43.065    446.6 
 120.000      0.000    226.829     43.072    260.6 
 140.000      0.000    226.841     43.080    159.2 
 160.000      0.000    226.854     43.087    86 
   0.000    -40.000    226.866     43.095    54.4 
   0.000    -36.000    226.882     43.105    62.8 
   0.000    -32.000    226.893     43.112    65.2 
   0.000    -28.000    226.904     43.118    78.2 
   0.000    -24.000    226.914     43.125    89 
   0.000    -20.000    226.924     43.132    108.4 
   0.000    -16.000    226.935     43.138    135.6 
   0.000    -12.000    226.945     43.145    161 
   0.000     -8.000    226.955     43.151    186.4 
   0.000     -4.000    226.966     43.158    166.6 
   0.000      0.000    226.976     43.165    154 
   0.000      4.000    226.986     43.171    130.2 
   0.000      8.000    226.996     43.178    103.6 
   0.000     12.000    227.007     43.184    84.8 
   0.000     16.000    227.017     43.191    67.8 
   0.000     20.000    227.028     43.197    57 
   0.000     24.000    227.038     43.204    47.6 
   0.000     28.000    227.048     43.211    42.6 
   0.000     32.000    227.058     43.217    38.6 
   0.000     36.000    227.069     43.224    35.8 
   0.000     40.000    227.079     43.230    35.2 
Field of view Scan started at 16:09:48filter: 0CY 5SL  5 
-160.000      0.000    251.520     70.602    88.4 
-140.000      0.000    251.527     70.614    91.8 
-120.000      0.000    251.532     70.624    90 
-100.000      0.000    251.538     70.634    90.6 
 -80.000      0.000    251.543     70.643    95 
 -60.000      0.000    251.548     70.653    99 
 -40.000      0.000    251.554     70.663    99 
 -20.000      0.000    251.559     70.672    100 
   0.000      0.000    251.565     70.682    98.2 
  20.000      0.000    251.570     70.692    100.4 
  40.000      0.000    251.575     70.701    96.4 
  60.000      0.000    251.581     70.711    98.4 
  80.000      0.000    251.586     70.720    94.6 
 100.000      0.000    251.592     70.730    94.8 
 120.000      0.000    251.597     70.740    95 
 140.000      0.000    251.602     70.750    94.4 
 160.000      0.000    251.608     70.759    99.4 
   0.000    -40.000    251.613     70.769    77.8 
   0.000    -36.000    251.621     70.782    84.8 
   0.000    -32.000    251.625     70.791    89.6 
   0.000    -28.000    251.630     70.799    92.4 
   0.000    -24.000    251.635     70.808    103.4 
   0.000    -20.000    251.640     70.816    104.2 
   0.000    -16.000    251.645     70.825    107.4 
   0.000    -12.000    251.649     70.833    107.2 
   0.000     -8.000    251.654     70.842    92.4 
   0.000     -4.000    251.659     70.851    94 
   0.000      0.000    251.664     70.859    96.4 
   0.000      4.000    251.669     70.868    96 
   0.000      8.000    251.673     70.876    92.6 
   0.000     12.000    251.678     70.885    91.6 
   0.000     16.000    251.683     70.894    95.8 
   0.000     20.000    251.688     70.902    104 
   0.000     24.000    251.693     70.911    104.6 
   0.000     28.000    251.697     70.919    110.8 
   0.000     32.000    251.702     70.927    119.2 
   0.000     36.000    251.707     70.936    132.8 
   0.000     40.000    251.711     70.944    158.4 
