Field of view Scan started at 09:23:42filter: 3CY 5SL  5 
-160.000      0.000    142.011     56.654    79.4 
-140.000      0.000    142.024     56.646    90 
-120.000      0.000    142.033     56.639    119.6 
-100.000      0.000    142.043     56.633    166.6 
 -80.000      0.000    142.053     56.627    1158.4 
 -60.000      0.000    142.063     56.620    27074.8 
 -40.000      0.000    142.072     56.614    30077 
 -20.000      0.000    142.082     56.608    30132.8 
   0.000      0.000    142.092     56.601    29741.2 
  20.000      0.000    142.102     56.595    28990 
  40.000      0.000    142.112     56.588    14103.6 
  60.000      0.000    142.121     56.582    216.8 
  80.000      0.000    142.131     56.576    142.4 
 100.000      0.000    142.141     56.569    108.2 
 120.000      0.000    142.151     56.563    85.2 
 140.000      0.000    142.160     56.557    71.2 
 160.000      0.000    142.170     56.550    56.2 
   0.000    -40.000    142.180     56.544    56.2 
   0.000    -36.000    142.193     56.535    58.4 
   0.000    -32.000    142.201     56.530    67.2 
   0.000    -28.000    142.210     56.524    76.8 
   0.000    -24.000    142.218     56.519    95.2 
   0.000    -20.000    142.227     56.514    123.4 
   0.000    -16.000    142.235     56.508    175 
   0.000    -12.000    142.244     56.502    7591.6 
   0.000     -8.000    142.252     56.497    29425.4 
   0.000     -4.000    142.261     56.491    29883.2 
   0.000      0.000    142.270     56.486    29863 
   0.000      4.000    142.278     56.480    29373.6 
   0.000      8.000    142.287     56.474    28062.6 
   0.000     12.000    142.295     56.469    7025.2 
   0.000     16.000    142.304     56.463    154.2 
   0.000     20.000    142.313     56.458    117.8 
   0.000     24.000    142.321     56.452    85.6 
   0.000     28.000    142.330     56.447    68.4 
   0.000     32.000    142.338     56.441    58.8 
   0.000     36.000    142.347     56.436    51.4 
   0.000     40.000    142.355     56.430    47.2 
Field of view Scan started at 11:45:26filter: 3CY 5SL  5 
-160.000      0.000    181.778     46.014    101.6 
-140.000      0.000    181.797     46.015    128.4 
-120.000      0.000    181.812     46.015    165.6 
-100.000      0.000    181.827     46.015    217.8 
 -80.000      0.000    181.841     46.016    401 
 -60.000      0.000    181.855     46.016    28226.2 
 -40.000      0.000    181.870     46.016    42578.8 
 -20.000      0.000    181.885     46.017    42779.8 
   0.000      0.000    181.899     46.017    42420.4 
  20.000      0.000    181.913     46.017    41277 
  40.000      0.000    181.929     46.018    23719 
  60.000      0.000    181.943     46.018    353.4 
  80.000      0.000    181.958     46.018    220.8 
 100.000      0.000    181.972     46.019    162.6 
 120.000      0.000    181.986     46.019    122.8 
 140.000      0.000    182.001     46.020    99.8 
 160.000      0.000    182.015     46.020    82 
   0.000    -40.000    182.030     46.020    69.4 
   0.000    -36.000    182.050     46.021    78 
   0.000    -32.000    182.062     46.021    92.8 
   0.000    -28.000    182.075     46.021    115.8 
   0.000    -24.000    182.087     46.022    151 
   0.000    -20.000    182.100     46.022    221.2 
   0.000    -16.000    182.112     46.022    343.4 
   0.000    -12.000    182.124     46.023    17210.8 
   0.000     -8.000    182.137     46.023    42076.6 
   0.000     -4.000    182.150     46.023    42500.8 
   0.000      0.000    182.162     46.024    42412.2 
   0.000      4.000    182.175     46.024    41439 
   0.000      8.000    182.187     46.024    25427 
   0.000     12.000    182.200     46.025    286.8 
   0.000     16.000    182.212     46.025    171.8 
   0.000     20.000    182.225     46.025    121.6 
   0.000     24.000    182.237     46.026    93.2 
   0.000     28.000    182.250     46.026    76.8 
   0.000     32.000    182.262     46.026    66.6 
   0.000     36.000    182.274     46.027    64 
   0.000     40.000    182.287     46.027    56 
Field of view Scan started at 14:02:49filter: 3CY 5SL  5 
-160.000      0.000    219.441     57.622    103 
-140.000      0.000    219.453     57.630    130.4 
-120.000      0.000    219.462     57.637    163.6 
-100.000      0.000    219.472     57.643    219.2 
 -80.000      0.000    219.481     57.650    510.8 
 -60.000      0.000    219.490     57.656    15753.2 
 -40.000      0.000    219.500     57.663    22042.4 
 -20.000      0.000    219.509     57.669    21723 
   0.000      0.000    219.519     57.676    20668.6 
  20.000      0.000    219.528     57.682    19648 
  40.000      0.000    219.538     57.689    6093.8 
  60.000      0.000    219.547     57.696    262 
  80.000      0.000    219.556     57.702    142.2 
 100.000      0.000    219.566     57.709    106.2 
 120.000      0.000    219.575     57.715    90.6 
 140.000      0.000    219.585     57.722    68.6 
 160.000      0.000    219.594     57.729    61.6 
   0.000    -40.000    219.603     57.735    70.8 
   0.000    -36.000    219.615     57.744    79.8 
   0.000    -32.000    219.623     57.749    91.6 
   0.000    -28.000    219.632     57.755    114.4 
   0.000    -24.000    219.640     57.761    144.4 
   0.000    -20.000    219.648     57.767    225.6 
   0.000    -16.000    219.657     57.773    2315.6 
   0.000    -12.000    219.665     57.779    18060.6 
   0.000     -8.000    219.673     57.784    19013.2 
   0.000     -4.000    219.681     57.790    18797.4 
   0.000      0.000    219.689     57.796    17787.4 
   0.000      4.000    219.698     57.802    16820.8 
   0.000      8.000    219.706     57.807    7116.6 
   0.000     12.000    219.714     57.813    275.8 
   0.000     16.000    219.722     57.819    146.6 
   0.000     20.000    219.730     57.825    105.8 
   0.000     24.000    219.738     57.830    80.4 
   0.000     28.000    219.746     57.836    68.8 
   0.000     32.000    219.755     57.842    57.6 
   0.000     36.000    219.763     57.848    51.4 
   0.000     40.000    219.771     57.853    48 
Field of view Scan started at 15:56:04filter: 0CY 5SL  5 
-160.000      0.000    237.858     77.317    397.2 
-140.000      0.000    237.865     77.329    595 
-120.000      0.000    237.870     77.337    927.2 
-100.000      0.000    237.876     77.345    1566.4 
 -80.000      0.000    237.881     77.354    2993.6 
 -60.000      0.000    237.887     77.362    14327.4 
 -40.000      0.000    237.892     77.371    16058.8 
 -20.000      0.000    237.898     77.380    16141.6 
   0.000      0.000    237.903     77.388    15718.4 
  20.000      0.000    237.909     77.397    14503 
  40.000      0.000    237.914     77.405    3877.8 
  60.000      0.000    237.920     77.414    1688.8 
  80.000      0.000    237.925     77.423    1059.6 
 100.000      0.000    237.931     77.431    645 
 120.000      0.000    237.936     77.440    437.4 
 140.000      0.000    237.942     77.449    344.8 
 160.000      0.000    237.947     77.457    295.4 
   0.000    -40.000    237.953     77.466    177.2 
   0.000    -36.000    237.960     77.477    210.8 
   0.000    -32.000    237.964     77.484    258.8 
   0.000    -28.000    237.969     77.492    395 
   0.000    -24.000    237.974     77.499    648 
   0.000    -20.000    237.979     77.507    1020.4 
   0.000    -16.000    237.984     77.515    4296.2 
   0.000    -12.000    237.989     77.522    14996.8 
   0.000     -8.000    237.994     77.530    15896 
   0.000     -4.000    237.998     77.538    16474.4 
   0.000      0.000    238.003     77.545    16200.6 
   0.000      4.000    238.008     77.553    15221.8 
   0.000      8.000    238.013     77.560    4883.2 
   0.000     12.000    238.018     77.568    1913.6 
   0.000     16.000    238.023     77.575    1156.4 
   0.000     20.000    238.028     77.583    705.2 
   0.000     24.000    238.032     77.591    475.8 
   0.000     28.000    238.037     77.598    370.4 
   0.000     32.000    238.042     77.606    308.6 
   0.000     36.000    238.047     77.613    262.4 
   0.000     40.000    238.052     77.621    238.6 
Field of view Scan started at 16:06:19filter: 0CY 5SL  5 
-160.000      0.000    239.103     79.316    177.4 
-140.000      0.000    239.110     79.327    211 
-120.000      0.000    239.115     79.336    264.6 
-100.000      0.000    239.120     79.344    369 
 -80.000      0.000    239.126     79.353    1161.2 
 -60.000      0.000    239.131     79.361    16009.4 
 -40.000      0.000    239.136     79.370    17457.6 
 -20.000      0.000    239.142     79.379    17187.4 
   0.000      0.000    239.147     79.388    16779.6 
  20.000      0.000    239.152     79.397    15897.6 
  40.000      0.000    239.157     79.405    1628.6 
  60.000      0.000    239.163     79.414    349.2 
  80.000      0.000    239.168     79.423    244.8 
 100.000      0.000    239.173     79.431    181.8 
 120.000      0.000    239.178     79.440    161.6 
 140.000      0.000    239.184     79.449    144 
 160.000      0.000    239.189     79.457    133 
   0.000    -40.000    239.194     79.466    108.6 
   0.000    -36.000    239.201     79.477    121.8 
   0.000    -32.000    239.206     79.485    138.4 
   0.000    -28.000    239.210     79.492    159 
   0.000    -24.000    239.215     79.500    201 
   0.000    -20.000    239.219     79.508    272 
   0.000    -16.000    239.224     79.515    2503 
   0.000    -12.000    239.228     79.523    15353.8 
   0.000     -8.000    239.233     79.530    15971.4 
   0.000     -4.000    239.238     79.538    16114 
   0.000      0.000    239.242     79.546    15917 
   0.000      4.000    239.247     79.553    15031.2 
   0.000      8.000    239.252     79.561    1926.4 
   0.000     12.000    239.256     79.569    319.6 
   0.000     16.000    239.261     79.577    240.8 
   0.000     20.000    239.266     79.584    217.6 
   0.000     24.000    239.270     79.592    195.8 
   0.000     28.000    239.275     79.600    195.8 
   0.000     32.000    239.279     79.607    179.6 
   0.000     36.000    239.284     79.615    168.4 
   0.000     40.000    239.288     79.622    160.4 
