uxIntegration time is 0.2294 seconds per sampledt  2.8E-08 cy 1dh310718Tamanrasset 22.79-5.529 4.974364pr865dark 1.6 
 296.71  2900  576 1.5 
 296.74  2905  641 1.25 
 296.78  2910  706 2 
 296.81  2915  772 2 
 296.84  2920  837 2 
 296.87  2925  903 1.75 
 296.9  2930  969 2 
 296.93  2935  1035 2 
 296.96  2940  1100 1.75 
 297  2945  1166 2.25 
 297.03  2950  1233 1.75 
 297.06  2955  1299 1.75 
 297.09  2960  1365 1.75 
 297.12  2965  1431 1.5 
 297.15  2970  1498 1.75 
 297.18  2975  1565 1.25 
 297.22  2980  1631 1.5 
 297.25  2985  1698 1.75 
 297.28  2990  1765 1.75 
 297.31  2995  1832 1.25 
 297.33  3000  1899 0 
 297.36  3005  1966 1.5 
 297.38  3010  2033 1.5 
 297.41  3015  2101 2 
 297.43  3020  2168 .5 
 297.45  3025  2236 2 
 297.48  3030  2303 1 
 297.5  3035  2371 2 
 297.52  3040  2439 .5 
 297.55  3045  2507 2.5 
 297.57  3050  2575 1.5 
 297.6  3055  2643 2 
 297.62  3060  2712 1.5 
 297.64  3065  2780 2 
 297.67  3070  2849 2.5 
 297.69  3075  2917 1.5 
 297.72  3080  2986 2.5 
 297.74  3085  3055 2 
 297.76  3090  3124 1.5 
 297.79  3095  3193 1.5 
 297.81  3100  3262 2 
 297.84  3105  3331 2.5 
 297.86  3110  3400 2.5 
 297.88  3115  3470 1.5 
 297.91  3120  3539 1.5 
 297.93  3125  3609 2 
 297.95  3130  3679 3.5 
 297.98  3135  3749 3 
 298  3140  3819 3 
 298.03  3145  3889 3 
 298.05  3150  3959 3.5 
 298.07  3155  4029 3 
 298.1  3160  4100 3.5 
 298.12  3165  4170 2.5 
 298.15  3170  4241 3.5 
 298.17  3175  4312 4.5 
 298.19  3180  4383 3 
 298.22  3185  4454 5.5 
 298.24  3190  4525 4.5 
 298.27  3195  4596 5 
 298.29  3200  4667 5.5 
 298.31  3205  4739 6.5 
 298.34  3210  4811 7.5 
 298.36  3215  4882 8.5 
 298.39  3220  4954 7 
 298.41  3225  5026 4.5 
 298.44  3230  5098 6.5 
 298.46  3235  5170 11.5 
 298.48  3240  5243 11 
 298.51  3245  5315 11 
 298.53  3250  5388 6.5 
 298.56  3255  5460 11 
 298.58  3260  5533 14 
 298.6  3265  5606 16 
 298.63  3270  5679 16 
 298.65  3275  5753 16.5 
 298.68  3280  5826 12.5 
 298.7  3285  5899 15 
 298.73  3290  5973 21.5 
 298.75  3295  6047 26.5 
 298.77  3300  6121 27 
 298.8  3305  6195 20.5 
 298.82  3310  6269 20.5 
 298.85  3315  6343 19 
 298.87  3320  6417 23 
 298.89  3325  6492 27 
 298.92  3330  6567 29 
 298.94  3335  6641 20 
 298.97  3340  6716 22 
 298.99  3345  6791 30.5 
 299.02  3350  6867 33.5 
 299.04  3355  6942 38.5 
 299.06  3360  7017 29.5 
 299.09  3365  7093 27 
 299.11  3370  7169 23.5 
 299.14  3375  7245 27 
 299.16  3380  7321 30.5 
 299.18  3385  7397 37.5 
 299.21  3390  7473 34.5 
 299.23  3395  7550 38 
 299.26  3400  7626 42 
 299.28  3405  7703 33 
 299.31  3410  7780 43 
 299.33  3415  7857 34.5 
 299.36  3420  7934 45.5 
 299.38  3425  8012 47 
 299.4  3430  8089 45 
 299.43  3435  8167 39.5 
 299.46  3440  8245 29 
 299.48  3445  8323 34 
 299.5  3450  8401 44 
 299.53  3455  8479 48.5 
 299.55  3460  8557 41 
 299.58  3465  8636 47.5 
 299.6  3470  8715 45.5 
 299.63  3475  8794 41.5 
 299.65  3480  8873 44 
 299.68  3485  8952 53 
 299.7  3490  9031 49 
 299.73  3495  9111 46 
 299.75  3500  9191 55 
 299.88  3505  7382 69.5 
 299.9  3510  7462 64 
 299.93  3515  7542 54 
 299.95  3520  7623 65.5 
 299.98  3525  7703 50.5 
 300  3530  7783 69 
 300.03  3535  7864 68 
 300.05  3540  7945 72 
 300.08  3545  8026 75 
 300.1  3550  8107 79.5 
 300.13  3555  8188 68 
 300.15  3560  8269 69 
 300.18  3565  8351 61.5 
 300.2  3570  8432 51.5 
 300.23  3575  8514 61 
 300.25  3580  8596 52.5 
 300.28  3585  8678 45.5 
 300.3  3590  8760 62.5 
 300.33  3595  8843 75.5 
 300.35  3600  8925 84 
 300.38  3605  9008 64 
 300.4  3610  9091 63 
 300.43  3615  9174 74.5 
 300.45  3620  9257 60.5 
 300.48  3625  9341 81 
 300.5  3630  9424 71.5 
end
uxIntegration time is 0.2294 seconds per sampledt  2.8E-08 cy 1dh310718Tamanrasset 22.79-5.529 4.974364pr865dark 1.6 
 336.84  2900  576 1.25 
 336.87  2905  641 1.5 
 336.91  2910  706 1.25 
 336.94  2915  772 1.25 
 336.97  2920  837 1.75 
 337  2925  903 2 
 337.03  2930  969 1.5 
 337.06  2935  1035 1.5 
 337.09  2940  1100 1.5 
 337.13  2945  1166 1 
 337.16  2950  1233 1 
 337.19  2955  1299 1.5 
 337.22  2960  1365 1.75 
 337.25  2965  1431 1.75 
 337.28  2970  1498 1.25 
 337.32  2975  1565 1.25 
 337.35  2980  1631 2 
 337.38  2985  1698 1 
 337.41  2990  1765 1.5 
 337.44  2995  1832 2 
 337.47  3000  1899 1 
 337.49  3005  1966 1.5 
 337.51  3010  2033 1.5 
 337.54  3015  2101 2.5 
 337.56  3020  2168 2 
 337.59  3025  2236 2.5 
 337.61  3030  2303 2.5 
 337.63  3035  2371 4.5 
 337.66  3040  2439 4 
 337.68  3045  2507 4.5 
 337.71  3050  2575 5 
 337.73  3055  2643 5.5 
 337.75  3060  2712 5.5 
 337.78  3065  2780 7.5 
 337.8  3070  2849 8.5 
 337.83  3075  2917 12 
 337.85  3080  2986 11 
 337.87  3085  3055 17 
 337.9  3090  3124 11.5 
 337.92  3095  3193 14.5 
 337.95  3100  3262 19.5 
 337.97  3105  3331 28 
 337.99  3110  3400 37 
 338.02  3115  3470 36 
 338.04  3120  3539 45.5 
 338.07  3125  3609 58 
 338.09  3130  3679 67.5 
 338.11  3135  3749 69.5 
 338.14  3140  3819 87 
 338.16  3145  3889 98 
 338.19  3150  3959 136.5 
 338.21  3155  4029 117 
 338.23  3160  4100 111 
 338.26  3165  4170 176 
 338.28  3170  4241 227 
 338.31  3175  4312 233 
 338.33  3180  4383 204 
 338.35  3185  4454 294 
 338.38  3190  4525 378.5 
 338.4  3195  4596 293.5 
 338.43  3200  4667 335.5 
 338.45  3205  4739 485.5 
 338.48  3210  4811 520.5 
 338.5  3215  4882 493.5 
 338.52  3220  4954 509.5 
 338.55  3225  5026 420 
 338.57  3230  5098 468 
 338.6  3235  5170 660.5 
 338.62  3240  5243 814 
 338.64  3245  5315 804.5 
 338.67  3250  5388 653 
 338.69  3255  5460 856.5 
 338.72  3260  5533 1159 
 338.74  3265  5606 1278 
 338.77  3270  5679 1279 
 338.79  3275  5753 1146 
 338.81  3280  5826 1001 
 338.84  3285  5899 1116.5 
 338.86  3290  5973 1453.5 
 338.89  3295  6047 1725 
 338.91  3300  6121 1786.5 
 338.94  3305  6195 1375 
 338.96  3310  6269 1344.5 
 338.99  3315  6343 1389 
 339.01  3320  6417 1658.5 
 339.03  3325  6492 1645 
 339.06  3330  6567 1645.5 
 339.08  3335  6641 1510.5 
 339.11  3340  6716 1454.5 
 339.13  3345  6791 1789.5 
 339.16  3350  6867 1725 
 339.18  3355  6942 1997 
 339.2  3360  7017 1436 
 339.23  3365  7093 1658.5 
 339.25  3370  7169 1363.5 
 339.28  3375  7245 1681.5 
 339.3  3380  7321 1695.5 
 339.33  3385  7397 1924 
 339.35  3390  7473 1991.5 
 339.37  3395  7550 1884.5 
 339.4  3400  7626 2219.5 
 339.42  3405  7703 2034 
 339.45  3410  7780 1980.5 
 339.47  3415  7857 1892.5 
 339.5  3420  7934 2287 
 339.52  3425  8012 2164 
 339.55  3430  8089 2302.5 
 339.57  3435  8167 2166.5 
 339.6  3440  8245 1535 
 339.62  3445  8323 1668 
 339.65  3450  8401 2214.5 
 339.67  3455  8479 2211.5 
 339.7  3460  8557 1932.5 
 339.72  3465  8636 2216 
 339.75  3470  8715 2310 
 339.77  3475  8794 1848.5 
 339.8  3480  8873 2233 
 339.82  3485  8952 2275.5 
 339.85  3490  9031 1985.5 
 339.87  3495  9111 2093 
 339.9  3500  9191 2731 
 340.02  3505  7382 3044.5 
 340.05  3510  7462 2751.5 
 340.07  3515  7542 2564 
 340.1  3520  7623 2893.5 
 340.12  3525  7703 2180.5 
 340.15  3530  7783 2839.5 
 340.17  3535  7864 3026.5 
 340.2  3540  7945 3181 
 340.22  3545  8026 3189 
 340.25  3550  8107 3250 
 340.27  3555  8188 2922.5 
 340.3  3560  8269 3026 
 340.32  3565  8351 2688 
 340.35  3570  8432 2219.5 
 340.37  3575  8514 2711 
 340.4  3580  8596 2216 
 340.42  3585  8678 1826.5 
 340.45  3590  8760 2526.5 
 340.47  3595  8843 3272.5 
 340.5  3600  8925 3511 
 340.52  3605  9008 2785 
 340.55  3610  9091 2551.5 
 340.57  3615  9174 3016 
 340.6  3620  9257 2501.5 
 340.62  3625  9341 3541 
 340.64  3630  9424 3123 
end
uxIntegration time is 0.2294 seconds per sampledt  2.8E-08 cy 1dh310718Tamanrasset 22.79-5.529 4.974364pr865dark 1.65 
 373.51  2900  576 1.25 
 373.54  2905  641 2.25 
 373.57  2910  706 1.75 
 373.6  2915  772 1.25 
 373.64  2920  837 1.75 
 373.67  2925  903 2 
 373.7  2930  969 2 
 373.73  2935  1035 1.5 
 373.76  2940  1100 1.5 
 373.79  2945  1166 1 
 373.83  2950  1233 1.75 
 373.86  2955  1299 1.75 
 373.89  2960  1365 1.25 
 373.92  2965  1431 1.5 
 373.95  2970  1498 1 
 373.98  2975  1565 1.75 
 374.01  2980  1631 1.75 
 374.05  2985  1698 1.75 
 374.08  2990  1765 2.25 
 374.11  2995  1832 2.5 
 374.13  3000  1899 3 
 374.16  3005  1966 3 
 374.18  3010  2033 3 
 374.21  3015  2101 4.5 
 374.23  3020  2168 4.5 
 374.25  3025  2236 7 
 374.28  3030  2303 11.5 
 374.3  3035  2371 11 
 374.32  3040  2439 14.5 
 374.35  3045  2507 20 
 374.37  3050  2575 30 
 374.4  3055  2643 33 
 374.42  3060  2712 36 
 374.44  3065  2780 50 
 374.47  3070  2849 87.5 
 374.49  3075  2917 106.5 
 374.52  3080  2986 121 
 374.54  3085  3055 141.5 
 374.56  3090  3124 145.5 
 374.59  3095  3193 182 
 374.61  3100  3262 202 
 374.64  3105  3331 333 
 374.66  3110  3400 444.5 
 374.68  3115  3470 464 
 374.71  3120  3539 486.5 
 374.73  3125  3609 628 
 374.76  3130  3679 693.5 
 374.78  3135  3749 700 
 374.8  3140  3819 894 
 374.83  3145  3889 862.5 
 374.85  3150  3959 1156 
 374.88  3155  4029 979 
 374.9  3160  4100 886 
 374.92  3165  4170 1341 
 374.95  3170  4241 1674 
 374.97  3175  4312 1722.5 
 375  3180  4383 1387 
 375.02  3185  4454 1821 
 375.04  3190  4525 2209 
 375.07  3195  4596 1820.5 
 375.09  3200  4667 2155.5 
 375.12  3205  4739 2745.5 
 375.14  3210  4811 2574 
 375.17  3215  4882 2479.5 
 375.19  3220  4954 2687.5 
 375.21  3225  5026 2275 
 375.24  3230  5098 2308 
 375.26  3235  5170 2901 
 375.29  3240  5243 3454 
 375.31  3245  5315 3509 
 375.34  3250  5388 3092 
 375.36  3255  5460 3918 
 375.38  3260  5533 4834 
 375.41  3265  5606 5046 
 375.43  3270  5679 5102 
 375.46  3275  5753 4837.5 
 375.48  3280  5826 4355.5 
 375.51  3285  5899 4585 
 375.53  3290  5973 5479 
 375.56  3295  6047 6399 
 375.58  3300  6121 6485 
 375.6  3305  6195 5316.5 
 375.63  3310  6269 5271.5 
 375.65  3315  6343 5356.5 
 375.68  3320  6417 5931 
 375.7  3325  6492 5868 
 375.73  3330  6567 5929 
 375.75  3335  6641 5453 
 375.77  3340  6716 5478.5 
 375.8  3345  6791 6341.5 
 375.82  3350  6867 6008 
 375.85  3355  6942 6964.5 
 375.87  3360  7017 4913 
 375.9  3365  7093 5804.5 
 375.92  3370  7169 4801 
 375.95  3375  7245 5894 
 375.97  3380  7321 5836.5 
 375.99  3385  7397 6580.5 
 376.02  3390  7473 6648 
 376.04  3395  7550 6482 
 376.07  3400  7626 7643 
 376.09  3405  7703 6924 
 376.12  3410  7780 6781.5 
 376.14  3415  7857 6271 
 376.17  3420  7934 7506.5 
 376.19  3425  8012 7050 
 376.22  3430  8089 7731 
 376.24  3435  8167 7268.5 
 376.27  3440  8245 5179.5 
 376.29  3445  8323 5660.5 
 376.32  3450  8401 7334 
 376.34  3455  8479 7292.5 
 376.37  3460  8557 6429.5 
 376.39  3465  8636 7306.5 
 376.42  3470  8715 7642 
 376.44  3475  8794 6173.5 
 376.47  3480  8873 7396.5 
 376.49  3485  8952 7388 
 376.52  3490  9031 6400.5 
 376.54  3495  9111 6842 
 376.57  3500  9191 8739 
 376.69  3505  7382 9673 
 376.72  3510  7462 8774 
 376.74  3515  7542 8221.5 
 376.77  3520  7623 9210 
 376.79  3525  7703 7104 
 376.82  3530  7783 8936.5 
 376.84  3535  7864 9611 
 376.87  3540  7945 10103.5 
 376.89  3545  8026 10222 
 376.92  3550  8107 10371.5 
 376.94  3555  8188 9249 
 376.97  3560  8269 9649.5 
 376.99  3565  8351 8482 
 377.02  3570  8432 6973.5 
 377.04  3575  8514 8595.5 
 377.07  3580  8596 6778 
 377.09  3585  8678 5829 
 377.12  3590  8760 8116.5 
 377.14  3595  8843 10286.5 
 377.17  3600  8925 11058 
 377.19  3605  9008 8788 
 377.22  3610  9091 7955 
 377.24  3615  9174 9332.5 
 377.27  3620  9257 7969.5 
 377.29  3625  9341 11121 
 377.32  3630  9424 9560 
end
uxIntegration time is 0.2294 seconds per sampledt  2.8E-08 cy 1dh310718Tamanrasset 22.79-5.529 4.974364pr865dark 1.9 
 419.44  2900  576 1.75 
 419.47  2905  641 1.5 
 419.5  2910  706 1.5 
 419.53  2915  772 1.5 
 419.56  2920  837 .5 
 419.6  2925  903 .75 
 419.63  2930  969 1.75 
 419.66  2935  1035 1.75 
 419.69  2940  1100 1.5 
 419.72  2945  1166 1.75 
 419.75  2950  1233 1.25 
 419.78  2955  1299 2.25 
 419.82  2960  1365 2 
 419.85  2965  1431 2 
 419.88  2970  1498 2 
 419.91  2975  1565 3 
 419.94  2980  1631 3 
 419.97  2985  1698 4.75 
 420.01  2990  1765 5.75 
 420.04  2995  1832 7.5 
 420.06  3000  1899 9 
 420.08  3005  1966 11.5 
 420.11  3010  2033 21.5 
 420.13  3015  2101 35 
 420.16  3020  2168 36.5 
 420.18  3025  2236 62.5 
 420.2  3030  2303 115 
 420.23  3035  2371 144.5 
 420.25  3040  2439 143 
 420.28  3045  2507 202 
 420.3  3050  2575 299 
 420.32  3055  2643 340 
 420.35  3060  2712 337.5 
 420.37  3065  2780 420.5 
 420.4  3070  2849 627 
 420.42  3075  2917 795 
 420.45  3080  2986 870 
 420.47  3085  3055 1004.5 
 420.49  3090  3124 911.5 
 420.52  3095  3193 1090.5 
 420.54  3100  3262 1112 
 420.56  3105  3331 1784 
 420.59  3110  3400 2265.5 
 420.61  3115  3470 2203.5 
 420.64  3120  3539 2234.5 
 420.66  3125  3609 2707 
 420.69  3130  3679 2941 
 420.71  3135  3749 2917.5 
 420.73  3140  3819 3610.5 
 420.76  3145  3889 3171 
 420.78  3150  3959 4179.5 
 420.81  3155  4029 3676 
 420.83  3160  4100 3093 
 420.85  3165  4170 4422.5 
 420.88  3170  4241 5493.5 
 420.9  3175  4312 5824 
 420.93  3180  4383 4496 
 420.95  3185  4454 5423 
 420.97  3190  4525 6470 
 421  3195  4596 5447.5 
 421.02  3200  4667 6571.5 
 421.05  3205  4739 7924 
 421.07  3210  4811 7087.5 
 421.1  3215  4882 6583 
 421.12  3220  4954 7452.5 
 421.15  3225  5026 6536 
 421.17  3230  5098 6249 
 421.19  3235  5170 7540.5 
 421.22  3240  5243 8639 
 421.24  3245  5315 9227.5 
 421.27  3250  5388 8238.5 
 421.29  3255  5460 10166 
 421.31  3260  5533 12367.5 
 421.34  3265  5606 12437.5 
 421.36  3270  5679 12637.5 
 421.39  3275  5753 12080.5 
 421.41  3280  5826 11122 
 421.44  3285  5899 11398 
 421.46  3290  5973 13150.5 
 421.49  3295  6047 15372 
 421.51  3300  6121 15716.5 
 421.53  3305  6195 13104 
 421.56  3310  6269 13095 
 421.58  3315  6343 13151 
 421.61  3320  6417 14178 
 421.63  3325  6492 13926 
 421.66  3330  6567 14139.5 
 421.68  3335  6641 13246.5 
 421.7  3340  6716 13148 
 421.73  3345  6791 15143 
 421.75  3350  6867 14304.5 
 421.78  3355  6942 16491.5 
 421.8  3360  7017 11676 
 421.83  3365  7093 13794 
 421.85  3370  7169 11504 
 421.88  3375  7245 14114 
 421.9  3380  7321 13847 
 421.93  3385  7397 15410 
 421.95  3390  7473 15662.5 
 421.97  3395  7550 15017.5 
 422  3400  7626 18222 
 422.02  3405  7703 16438 
 422.05  3410  7780 15941 
 422.07  3415  7857 14796 
 422.1  3420  7934 17651.5 
 422.12  3425  8012 16622.5 
 422.15  3430  8089 18252.5 
 422.17  3435  8167 17110 
 422.19  3440  8245 12246 
 422.22  3445  8323 13311 
 422.24  3450  8401 17430 
 422.27  3455  8479 17294.5 
 422.29  3460  8557 15029.5 
 422.32  3465  8636 17238.5 
 422.34  3470  8715 18118.5 
 422.37  3475  8794 14459.5 
 422.39  3480  8873 17297.5 
 422.42  3485  8952 17342.5 
 422.44  3490  9031 15354 
 422.47  3495  9111 16149.5 
 422.49  3500  9191 20714.5 
 422.62  3505  7382 22930 
 422.64  3510  7462 20965.5 
 422.67  3515  7542 19598.5 
 422.69  3520  7623 21875 
 422.72  3525  7703 16752.5 
 422.74  3530  7783 21235 
 422.77  3535  7864 22834.5 
 422.79  3540  7945 24006.5 
 422.82  3545  8026 24314.5 
 422.84  3550  8107 24622 
 422.87  3555  8188 22074.5 
 422.89  3560  8269 23066.5 
 422.92  3565  8351 20284 
 422.94  3570  8432 16417 
 422.97  3575  8514 20337.5 
 422.99  3580  8596 16351.5 
 423.02  3585  8678 13798.5 
 423.04  3590  8760 19346.5 
 423.07  3595  8843 24679 
 423.09  3600  8925 26351.5 
 423.12  3605  9008 20855 
 423.14  3610  9091 19018 
 423.17  3615  9174 22429 
 423.19  3620  9257 18792.5 
 423.22  3625  9341 26736.5 
 423.24  3630  9424 22724.5 
end
uxIntegration time is 0.2294 seconds per sampledt  2.8E-08 cy 1dh310718Tamanrasset 22.79-5.529 4.974364pr865dark 1.7 
 465.71  2900  576 1.25 
 465.74  2905  641 1.25 
 465.77  2910  706 1.75 
 465.8  2915  772 1.75 
 465.83  2920  837 2.25 
 465.86  2925  903 2 
 465.89  2930  969 1.5 
 465.93  2935  1035 2.25 
 465.96  2940  1100 2.25 
 465.99  2945  1166 1.25 
 466.02  2950  1233 2 
 466.05  2955  1299 3.25 
 466.08  2960  1365 4.25 
 466.12  2965  1431 4.75 
 466.15  2970  1498 6 
 466.18  2975  1565 11.5 
 466.21  2980  1631 20.75 
 466.24  2985  1698 20.5 
 466.27  2990  1765 38 
 466.31  2995  1832 59.25 
 466.33  3000  1899 59 
 466.35  3005  1966 80.5 
 466.38  3010  2033 141.5 
 466.4  3015  2101 194.5 
 466.42  3020  2168 169.5 
 466.45  3025  2236 321.5 
 466.47  3030  2303 522 
 466.5  3035  2371 659.5 
 466.52  3040  2439 646.5 
 466.55  3045  2507 871 
 466.57  3050  2575 1236 
 466.59  3055  2643 1294 
 466.62  3060  2712 1245 
 466.64  3065  2780 1493.5 
 466.67  3070  2849 2088.5 
 466.69  3075  2917 2438 
 466.71  3080  2986 2622 
 466.74  3085  3055 2933.5 
 466.76  3090  3124 2631 
 466.79  3095  3193 2917 
 466.81  3100  3262 2971.5 
 466.83  3105  3331 4686 
 466.86  3110  3400 5756.5 
 466.88  3115  3470 5593 
 466.91  3120  3539 5412 
 466.93  3125  3609 6299.5 
 466.96  3130  3679 6677 
 466.98  3135  3749 6781.5 
 467  3140  3819 8019.5 
 467.03  3145  3889 6930 
 467.05  3150  3959 8935 
 467.08  3155  4029 7826 
 467.1  3160  4100 6463.5 
 467.12  3165  4170 9095 
 467.15  3170  4241 11237 
 467.17  3175  4312 11936 
 467.2  3180  4383 9023.5 
 467.22  3185  4454 10554.5 
 467.25  3190  4525 12302 
 467.27  3195  4596 10640 
 467.29  3200  4667 12863 
 467.32  3205  4739 15203 
 467.34  3210  4811 13055.5 
 467.37  3215  4882 12264.5 
 467.39  3220  4954 14189.5 
 467.41  3225  5026 12322 
 467.44  3230  5098 11699 
 467.46  3235  5170 13631 
 467.49  3240  5243 15720.5 
 467.51  3245  5315 16581 
 467.54  3250  5388 15080.5 
 467.56  3255  5460 18567 
 467.58  3260  5533 22273.5 
 467.61  3265  5606 21932 
 467.63  3270  5679 22229 
 467.66  3275  5753 21467 
 467.68  3280  5826 19923 
 467.71  3285  5899 20142.5 
 467.73  3290  5973 23244.5 
 467.76  3295  6047 26627.5 
 467.78  3300  6121 27357.5 
 467.8  3305  6195 22892 
 467.83  3310  6269 22983.5 
 467.85  3315  6343 22931.5 
 467.88  3320  6417 24506.5 
 467.9  3325  6492 24001.5 
 467.93  3330  6567 24171 
 467.95  3335  6641 22787.5 
 467.98  3340  6716 22818.5 
 468  3345  6791 26097 
 468.02  3350  6867 24521.5 
 468.05  3355  6942 28064.5 
 468.07  3360  7017 19677.5 
 468.1  3365  7093 23736.5 
 468.12  3370  7169 19540.5 
 468.15  3375  7245 24485.5 
 468.17  3380  7321 23675.5 
 468.2  3385  7397 26465 
 468.22  3390  7473 26510 
 468.24  3395  7550 25669 
 468.27  3400  7626 31035.5 
 468.29  3405  7703 27663 
 468.32  3410  7780 27071 
 468.34  3415  7857 25016.5 
 468.37  3420  7934 29999 
 468.39  3425  8012 28043.5 
 468.42  3430  8089 30874.5 
 468.44  3435  8167 28972 
 468.47  3440  8245 20667 
 468.49  3445  8323 22521.5 
 468.51  3450  8401 29318.5 
 468.54  3455  8479 29244.5 
 468.57  3460  8557 25394 
 468.59  3465  8636 28973 
 468.61  3470  8715 30314 
 468.64  3475  8794 24182.5 
 468.66  3480  8873 29075.5 
 468.69  3485  8952 29021 
 468.71  3490  9031 25497.5 
 468.74  3495  9111 26889.5 
 468.76  3500  9191 34651 
 468.89  3505  7382 38510.5 
 468.91  3510  7462 35048.5 
 468.94  3515  7542 32792 
 468.96  3520  7623 36797 
 468.99  3525  7703 27864 
 469.01  3530  7783 35542 
 469.04  3535  7864 38362.5 
 469.06  3540  7945 40071.5 
 469.09  3545  8026 40617.5 
 469.11  3550  8107 41171.5 
 469.14  3555  8188 36891 
 469.16  3560  8269 38513 
 469.19  3565  8351 33839 
 469.21  3570  8432 27427 
 469.24  3575  8514 34000 
 469.26  3580  8596 27218.5 
 469.29  3585  8678 23027 
 469.31  3590  8760 32322.5 
 469.34  3595  8843 40948.5 
 469.36  3600  8925 44049.5 
 469.39  3605  9008 34843.5 
 469.41  3610  9091 31667.5 
 469.44  3615  9174 37308 
 469.46  3620  9257 31193.5 
 469.49  3625  9341 44495.5 
 469.51  3630  9424 37920 
end
uxIntegration time is 0.2294 seconds per sampledt  2.8E-08 cy 1dh310718Tamanrasset 22.79-5.529 4.974364pr865dark 2 
 513.6  2900  576 2 
 513.63  2905  641 2 
 513.66  2910  706 1.75 
 513.69  2915  772 2.5 
 513.72  2920  837 2.5 
 513.75  2925  903 1.75 
 513.7801  2930  969 2.75 
 513.82  2935  1035 3.25 
 513.85  2940  1100 4.75 
 513.88  2945  1166 5 
 513.91  2950  1233 7 
 513.94  2955  1299 13.5 
 513.97  2960  1365 20.25 
 514.01  2965  1431 27.5 
 514.04  2970  1498 35.75 
 514.07  2975  1565 77.25 
 514.1  2980  1631 91.75 
 514.13  2985  1698 96.25 
 514.16  2990  1765 173 
 514.2  2995  1832 241.5 
 514.22  3000  1899 239.5 
 514.24  3005  1966 320 
 514.2701  3010  2033 493.5 
 514.29  3015  2101 654.5 
 514.32  3020  2168 562.5 
 514.3401  3025  2236 1026.5 
 514.36  3030  2303 1581.5 
 514.39  3035  2371 1853.5 
 514.41  3040  2439 1783 
 514.44  3045  2507 2304 
 514.4601  3050  2575 3096.5 
 514.48  3055  2643 3141.5 
 514.51  3060  2712 3030.5 
 514.5301  3065  2780 3521.5 
 514.56  3070  2849 4678 
 514.5801  3075  2917 5373 
 514.6  3080  2986 5719.5 
 514.63  3085  3055 6305.5 
 514.6501  3090  3124 5473.5 
 514.68  3095  3193 5889.5 
 514.7  3100  3262 5823 
 514.73  3105  3331 9315 
 514.75  3110  3400 11216 
 514.7701  3115  3470 10864 
 514.8  3120  3539 10149 
 514.82  3125  3609 11783.5 
 514.85  3130  3679 12301 
 514.87  3135  3749 12486.5 
 514.89  3140  3819 14678.5 
 514.92  3145  3889 12197.5 
 514.94  3150  3959 15767 
 514.97  3155  4029 13789.5 
 514.99  3160  4100 11303.5 
 515.01  3165  4170 15618 
 515.04  3170  4241 19184.5 
 515.06  3175  4312 20363 
 515.0901  3180  4383 15254.5 
 515.11  3185  4454 17682 
 515.14  3190  4525 20410 
 515.16  3195  4596 17803 
 515.18  3200  4667 21616.5 
 515.2101  3205  4739 25028.5 
 515.23  3210  4811 21265.5 
 515.26  3215  4882 19943 
 515.2801  3220  4954 23322 
 515.31  3225  5026 20204 
 515.3301  3230  5098 18856 
 515.35  3235  5170 21908.5 
 515.38  3240  5243 25047 
 515.4001  3245  5315 26634 
 515.43  3250  5388 24488.5 
 515.45  3255  5460 29765 
 515.48  3260  5533 35335.5 
 515.5  3265  5606 34460 
 515.5201  3270  5679 35069.5 
 515.55  3275  5753 34120.5 
 515.57  3280  5826 31818.5 
 515.6  3285  5899 31778 
 515.62  3290  5973 36268.5 
 515.6501  3295  6047 41513.5 
 515.67  3300  6121 42697 
 515.7  3305  6195 35838 
 515.72  3310  6269 36356.5 
 515.74  3315  6343 35937 
 515.7701  3320  6417 38278 
 515.79  3325  6492 37342 
 515.82  3330  6567 37558 
 515.8401  3335  6641 35537.5 
 515.87  3340  6716 35873 
 515.89  3345  6791 40604 
 515.92  3350  6867 37980.5 
 515.94  3355  6942 43670 
 515.9601  3360  7017 30444 
 515.99  3365  7093 36860.5 
 516.01  3370  7169 30309 
 516.04  3375  7245 38106.5 
 516.06  3380  7321 36615.5 
 516.0901  3385  7397 40988 
 516.11  3390  7473 41069 
 516.14  3395  7550 39479 
 516.16  3400  7626 48032 
 516.18  3405  7703 43082 
 516.2101  3410  7780 41610.5 
 516.23  3415  7857 38536.5 
 516.26  3420  7934 46180.5 
 516.2801  3425  8012 43076.5 
 516.31  3430  8089 47297.5 
 516.3301  3435  8167 44576.5 
 516.36  3440  8245 31671 
 516.38  3445  8323 34775.5 
 516.41  3450  8401 45294 
 516.43  3455  8479 44902.5 
 516.4601  3460  8557 38826.5 
 516.48  3465  8636 44560.5 
 516.51  3470  8715 46672.5 
 516.5301  3475  8794 37284 
 516.56  3480  8873 44830.5 
 516.5801  3485  8952 44878 
 516.61  3490  9031 38830 
 516.63  3495  9111 41596.5 
 516.66  3500  9191 53649 
 516.79  3505  7382 58573 
 516.81  3510  7462 53647 
 516.8401  3515  7542 50075.5 
 516.86  3520  7623 56170.5 
 516.89  3525  7703 42555.5 
 516.91  3530  7783 54247 
 516.94  3535  7864 58274 
 516.9601  3540  7945 61068 
 516.99  3545  8026 61936.5 
 517.01  3550  8107 62803 
 517.04  3555  8188 56035.5 
 517.06  3560  8269 58734.5 
 517.0901  3565  8351 51349 
 517.11  3570  8432 41950.5 
 517.13  3575  8514 51982.5 
 517.16  3580  8596 41513 
 517.19  3585  8678 35051 
 517.2101  3590  8760 49048.5 
 517.23  3595  8843 62819 
 517.26  3600  8925 66883 
 517.2801  3605  9008 52831 
 517.31  3610  9091 48187.5 
 517.3301  3615  9174 56558.5 
 517.36  3620  9257 47574 
 517.38  3625  9341 67562.5 
 517.41  3630  9424 57161 
end
uxIntegration time is 0.2294 seconds per sampledt  2.8E-08 cy 1dh310718Tamanrasset 22.79-5.529 4.974364pr865dark 2.1 
 559.6  2900  576 3.25 
 559.63  2905  641 3 
 559.66  2910  706 2 
 559.69  2915  772 3.5 
 559.72  2920  837 3 
 559.76  2925  903 4.75 
 559.79  2930  969 7.25 
 559.82  2935  1035 8 
 559.85  2940  1100 12 
 559.88  2945  1166 15.75 
 559.91  2950  1233 24.5 
 559.95  2955  1299 48.75 
 559.98  2960  1365 71.5 
 560.01  2965  1431 76.75 
 560.04  2970  1498 95.75 
 560.07  2975  1565 203.75 
 560.1  2980  1631 242 
 560.14  2985  1698 231.5 
 560.17  2990  1765 420 
 560.2  2995  1832 547.25 
 560.22  3000  1899 524.5 
 560.25  3005  1966 695.5 
 560.27  3010  2033 1036.5 
 560.29  3015  2101 1325.5 
 560.32  3020  2168 1100 
 560.34  3025  2236 1969.5 
 560.37  3030  2303 2923 
 560.39  3035  2371 3345.5 
 560.41  3040  2439 3138.5 
 560.44  3045  2507 4050 
 560.46  3050  2575 5190.5 
 560.49  3055  2643 5199 
 560.51  3060  2712 4994.5 
 560.53  3065  2780 5716 
 560.56  3070  2849 7449 
 560.58  3075  2917 8424 
 560.61  3080  2986 8785 
 560.63  3085  3055 9703.5 
 560.66  3090  3124 8295.5 
 560.68  3095  3193 8860.5 
 560.7  3100  3262 8686 
 560.73  3105  3331 13810 
 560.75  3110  3400 16422.5 
 560.78  3115  3470 15736 
 560.8  3120  3539 14472 
 560.82  3125  3609 16626 
 560.85  3130  3679 17366.5 
 560.87  3135  3749 17612.5 
 560.9  3140  3819 20477.5 
 560.92  3145  3889 16789.5 
 560.95  3150  3959 21700.5 
 560.97  3155  4029 19255 
 560.99  3160  4100 15482.5 
 561.02  3165  4170 21225.5 
 561.04  3170  4241 26189.5 
 561.07  3175  4312 27736 
 561.09  3180  4383 20752 
 561.11  3185  4454 23819.5 
 561.14  3190  4525 27323.5 
 561.16  3195  4596 23837.5 
 561.19  3200  4667 28951 
 561.21  3205  4739 33356.5 
 561.24  3210  4811 28153.5 
 561.26  3215  4882 26266 
 561.28  3220  4954 30889 
 561.31  3225  5026 26672 
 561.33  3230  5098 25009 
 561.36  3235  5170 28684 
 561.38  3240  5243 32638 
 561.41  3245  5315 34649.5 
 561.43  3250  5388 32009 
 561.45  3255  5460 38992 
 561.48  3260  5533 45989 
 561.5  3265  5606 44677 
 561.53  3270  5679 45373 
 561.55  3275  5753 44015 
 561.58  3280  5826 41687.5 
 561.6  3285  5899 41366.5 
 561.62  3290  5973 46958.5 
 561.65  3295  6047 53747 
 561.67  3300  6121 54945.5 
 561.7  3305  6195 46189.5 
 561.72  3310  6269 46873.5 
 561.75  3315  6343 46400 
 561.77  3320  6417 49402 
 561.79  3325  6492 47991.5 
 561.82  3330  6567 48273 
 561.84  3335  6641 45575 
 561.87  3340  6716 46148.5 
 561.89  3345  6791 52281.5 
 561.92  3350  6867 48694 
 561.94  3355  6942 55768 
 561.97  3360  7017 38887.5 
 561.99  3365  7093 47224 
 562.02  3370  7169 38899.5 
 562.04  3375  7245 48836.5 
 562.06  3380  7321 46656 
 562.09  3385  7397 52320.5 
 562.11  3390  7473 52350 
 562.14  3395  7550 50558.5 
 562.16  3400  7626 61161.5 
 562.19  3405  7703 54577 
 562.21  3410  7780 52771 
 562.24  3415  7857 48796.5 
 562.26  3420  7934 58412.5 
 562.29  3425  8012 54744 
 562.31  3430  8089 60120.5 
 562.33  3435  8167 56416 
 562.36  3440  8245 40034.5 
 562.38  3445  8323 43905 
 562.41  3450  8401 57318.5 
 562.43  3455  8479 56803 
 562.46  3460  8557 49244 
 562.48  3465  8636 56306 
 562.51  3470  8715 58487 
 562.53  3475  8794 47061 
 562.56  3480  8873 56313.5 
 562.58  3485  8952 56363 
 562.61  3490  9031 48661.5 
 562.63  3495  9111 52106 
 562.66  3500  9191 67305.5 
 562.78  3505  7382 73784.5 
 562.81  3510  7462 67194 
 562.83  3515  7542 63120.5 
 562.86  3520  7623 70276 
 562.88  3525  7703 53791.5 
 562.91  3530  7783 68337 
 562.93  3535  7864 73297.5 
 562.96  3540  7945 76597.5 
 562.98  3545  8026 77717.5 
 563.01  3550  8107 78517 
 563.03  3555  8188 70355.5 
 563.06  3560  8269 73570 
 563.08  3565  8351 64093 
 563.11  3570  8432 52583 
 563.13  3575  8514 65469 
 563.16  3580  8596 51655 
 563.18  3585  8678 43915.5 
 563.21  3590  8760 61907.5 
 563.23  3595  8843 78418 
 563.26  3600  8925 83836.5 
 563.28  3605  9008 66184.5 
 563.31  3610  9091 60513.5 
 563.33  3615  9174 71172 
 563.36  3620  9257 59755 
 563.38  3625  9341 84539.5 
 563.41  3630  9424 71375.5 
end
uxIntegration time is 0.2294 seconds per sampledt  2.8E-08 cy 1dh310718Tamanrasset 22.79-5.529 4.974364pr865dark 2.9 
 605.59  2900  576 2.5 
 605.62  2905  641 3 
 605.65  2910  706 3.5 
 605.68  2915  772 5.25 
 605.71  2920  837 6 
 605.74  2925  903 7.75 
 605.78  2930  969 10.75 
 605.81  2935  1035 17 
 605.84  2940  1100 24 
 605.87  2945  1166 37 
 605.9  2950  1233 55.75 
 605.93  2955  1299 96 
 605.97  2960  1365 147.25 
 606  2965  1431 149.75 
 606.03  2970  1498 180.25 
 606.06  2975  1565 367 
 606.09  2980  1631 417.25 
 606.12  2985  1698 385.25 
 606.16  2990  1765 705.5 
 606.19  2995  1832 874.25 
 606.21  3000  1899 835.5 
 606.24  3005  1966 1069 
 606.26  3010  2033 1546.5 
 606.28  3015  2101 1970 
 606.31  3020  2168 1604 
 606.33  3025  2236 2826.5 
 606.35  3030  2303 4129.5 
 606.38  3035  2371 4775.5 
 606.4  3040  2439 4333.5 
 606.43  3045  2507 5485 
 606.45  3050  2575 6935 
 606.47  3055  2643 6977.5 
 606.5  3060  2712 6559 
 606.52  3065  2780 7573 
 606.55  3070  2849 9605 
 606.57  3075  2917 10806 
 606.59  3080  2986 11249.5 
 606.62  3085  3055 12333.5 
 606.64  3090  3124 10507 
 606.67  3095  3193 11014 
 606.69  3100  3262 10792.5 
 606.72  3105  3331 16993.5 
 606.74  3110  3400 20145 
 606.76  3115  3470 19261 
 606.79  3120  3539 17674 
 606.81  3125  3609 20171.5 
 606.84  3130  3679 20992.5 
 606.86  3135  3749 21317 
 606.89  3140  3819 24532 
 606.91  3145  3889 19998.5 
 606.93  3150  3959 25769.5 
 606.96  3155  4029 22771.5 
 606.98  3160  4100 18405 
 607.01  3165  4170 24935.5 
 607.03  3170  4241 30710 
 607.05  3175  4312 32505.5 
 607.08  3180  4383 24200 
 607.1  3185  4454 27616 
 607.13  3190  4525 31495.5 
 607.15  3195  4596 27834.5 
 607.17  3200  4667 33927 
 607.2  3205  4739 38800 
 607.22  3210  4811 32236 
 607.25  3215  4882 30520 
 607.27  3220  4954 35775 
 607.3  3225  5026 30958 
 607.32  3230  5098 28884.5 
 607.34  3235  5170 32924 
 607.37  3240  5243 37713.5 
 607.39  3245  5315 39924 
 607.42  3250  5388 36840 
 607.44  3255  5460 45061.5 
 607.47  3260  5533 52653 
 607.49  3265  5606 51143 
 607.51  3270  5679 51972.5 
 607.54  3275  5753 50473.5 
 607.56  3280  5826 47611 
 607.59  3285  5899 47203 
 607.61  3290  5973 53696 
 607.64  3295  6047 60872 
 607.66  3300  6121 62528.5 
 607.69  3305  6195 52731.5 
 607.71  3310  6269 53517.5 
 607.74  3315  6343 53039 
 607.76  3320  6417 56145.5 
 607.78  3325  6492 54276.5 
 607.81  3330  6567 54865 
 607.83  3335  6641 51823 
 607.86  3340  6716 52356 
 607.88  3345  6791 59392.5 
 607.91  3350  6867 55323.5 
 607.93  3355  6942 63226.5 
 607.96  3360  7017 44064 
 607.98  3365  7093 53918.5 
 608  3370  7169 44335 
 608.03  3375  7245 55667 
 608.05  3380  7321 53169.5 
 608.08  3385  7397 59621 
 608.1  3390  7473 59517.5 
 608.13  3395  7550 57546 
 608.15  3400  7626 69613 
 608.18  3405  7703 62483 
 608.2  3410  7780 60420.5 
 608.23  3415  7857 55803 
 608.25  3420  7934 66945 
 608.28  3425  8012 62714.5 
 608.3  3430  8089 69102 
 608.32  3435  8167 64746.5 
 608.35  3440  8245 45977 
 608.38  3445  8323 50826.5 
 608.4  3450  8401 65920.5 
 608.42  3455  8479 65268.5 
 608.45  3460  8557 56564 
 608.47  3465  8636 65057 
 608.5  3470  8715 67784 
 608.52  3475  8794 54509.5 
 608.55  3480  8873 65150.5 
 608.57  3485  8952 65026 
 608.6  3490  9031 56058 
 608.62  3495  9111 59725.5 
 608.65  3500  9191 77238 
 608.77  3505  7382 84436.5 
 608.8  3510  7462 76765 
 608.82  3515  7542 72403.5 
 608.85  3520  7623 80539.5 
 608.87  3525  7703 61285 
 608.9  3530  7783 77996.5 
 608.92  3535  7864 83734 
 608.95  3540  7945 87327.5 
 608.97  3545  8026 88542 
 609  3550  8107 89437.5 
 609.02  3555  8188 80180.5 
 609.05  3560  8269 83995.5 
 609.07  3565  8351 73007 
 609.1  3570  8432 60042.5 
 609.12  3575  8514 74531 
 609.15  3580  8596 58872 
 609.17  3585  8678 49900.5 
 609.2  3590  8760 70802 
 609.22  3595  8843 89175.5 
 609.25  3600  8925 94969.5 
 609.27  3605  9008 75084.5 
 609.3  3610  9091 68763 
 609.32  3615  9174 80251 
 609.35  3620  9257 67428.5 
 609.37  3625  9341 95396.5 
 609.4  3630  9424 80865 
end
uxIntegration time is 0.2294 seconds per sampledt  2.8E-08 cy 1dh310718Tamanrasset 22.79-5.529 4.974364pr865dark 3.45 
 653.6  2900  576 3 
 653.63  2905  641 4 
 653.66  2910  706 5.25 
 653.69  2915  772 6.75 
 653.72  2920  837 9.5 
 653.76  2925  903 13.75 
 653.79  2930  969 17.25 
 653.82  2935  1035 28.75 
 653.85  2940  1100 36.25 
 653.88  2945  1166 49 
 653.91  2950  1233 74 
 653.95  2955  1299 126.5 
 653.98  2960  1365 196.5 
 654.01  2965  1431 193.75 
 654.04  2970  1498 231.25 
 654.07  2975  1565 461.25 
 654.1  2980  1631 511.5 
 654.14  2985  1698 477.75 
 654.17  2990  1765 852.25 
 654.2  2995  1832 1037.75 
 654.22  3000  1899 955.5 
 654.25  3005  1966 1221.5 
 654.27  3010  2033 1782.5 
 654.3  3015  2101 2219 
 654.32  3020  2168 1824 
 654.34  3025  2236 3114.5 
 654.37  3030  2303 4603.5 
 654.39  3035  2371 5217 
 654.42  3040  2439 4755 
 654.44  3045  2507 5966 
 654.46  3050  2575 7505 
 654.49  3055  2643 7444.5 
 654.51  3060  2712 6923.5 
 654.54  3065  2780 8075 
 654.56  3070  2849 10188.5 
 654.58  3075  2917 11389 
 654.61  3080  2986 11786.5 
 654.63  3085  3055 12904 
 654.66  3090  3124 10988 
 654.68  3095  3193 11379 
 654.71  3100  3262 11080 
 654.73  3105  3331 17476.5 
 654.75  3110  3400 20779.5 
 654.78  3115  3470 19892.5 
 654.8  3120  3539 18027 
 654.83  3125  3609 20557 
 654.85  3130  3679 21419 
 654.87  3135  3749 21767.5 
 654.9  3140  3819 25026 
 654.92  3145  3889 20296 
 654.95  3150  3959 26136.5 
 654.97  3155  4029 23150.5 
 655  3160  4100 18603.5 
 655.02  3165  4170 25294.5 
 655.04  3170  4241 31218 
 655.07  3175  4312 33239 
 655.09  3180  4383 24641 
 655.12  3185  4454 28049.5 
 655.14  3190  4525 32090 
 655.16  3195  4596 28357.5 
 655.19  3200  4667 34285.5 
 655.21  3205  4739 39076 
 655.24  3210  4811 32544.5 
 655.26  3215  4882 30455 
 655.29  3220  4954 36177.5 
 655.31  3225  5026 31259 
 655.33  3230  5098 28842.5 
 655.36  3235  5170 32778 
 655.38  3240  5243 37380 
 655.41  3245  5315 39735 
 655.43  3250  5388 36700 
 655.46  3255  5460 44433.5 
 655.48  3260  5533 52270 
 655.5  3265  5606 50657 
 655.53  3270  5679 51453.5 
 655.55  3275  5753 50322.5 
 655.58  3280  5826 47408 
 655.6  3285  5899 46864.5 
 655.63  3290  5973 53339.5 
 655.65  3295  6047 60641.5 
 655.68  3300  6121 62334 
 655.7  3305  6195 52577.5 
 655.73  3310  6269 53352.5 
 655.75  3315  6343 52851 
 655.78  3320  6417 56027 
 655.8  3325  6492 54146.5 
 655.82  3330  6567 54773 
 655.85  3335  6641 51911.5 
 655.87  3340  6716 52456.5 
 655.9  3345  6791 59343 
 655.92  3350  6867 55097.5 
 655.95  3355  6942 63224 
 655.97  3360  7017 44004.5 
 655.99  3365  7093 53701.5 
 656.02  3370  7169 44422.5 
 656.04  3375  7245 55404.5 
 656.07  3380  7321 53232.5 
 656.09  3385  7397 59267 
 656.12  3390  7473 59660 
 656.14  3395  7550 57264.5 
 656.17  3400  7626 69868 
 656.19  3405  7703 62692.5 
 656.22  3410  7780 60450.5 
 656.24  3415  7857 56010 
 656.27  3420  7934 67066.5 
 656.29  3425  8012 62697.5 
 656.32  3430  8089 68918 
 656.34  3435  8167 64903.5 
 656.37  3440  8245 46197.5 
 656.39  3445  8323 50644 
 656.42  3450  8401 65992 
 656.44  3455  8479 65368.5 
 656.47  3460  8557 56543.5 
 656.49  3465  8636 64816 
 656.52  3470  8715 67996.5 
 656.54  3475  8794 54448 
 656.57  3480  8873 65227.5 
 656.59  3485  8952 65147.5 
 656.62  3490  9031 56401.5 
 656.64  3495  9111 60152 
 656.67  3500  9191 77596 
 656.79  3505  7382 84323 
 656.82  3510  7462 77263 
 656.84  3515  7542 72535 
 656.87  3520  7623 80708.5 
 656.89  3525  7703 61451 
 656.92  3530  7783 77909.5 
 656.94  3535  7864 83949.5 
 656.97  3540  7945 87587.5 
 656.99  3545  8026 88849.5 
 657.02  3550  8107 89879.5 
 657.04  3555  8188 80537.5 
 657.07  3560  8269 84163.5 
 657.09  3565  8351 73729.5 
 657.12  3570  8432 60466.5 
 657.14  3575  8514 75059.5 
 657.17  3580  8596 59682 
 657.19  3585  8678 50304 
 657.22  3590  8760 70714 
 657.24  3595  8843 89662.5 
 657.27  3600  8925 96168.5 
 657.29  3605  9008 76019.5 
 657.32  3610  9091 69211 
 657.35  3615  9174 81197 
 657.37  3620  9257 68130 
 657.4  3625  9341 96293.5 
 657.42  3630  9424 81572 
end
uxIntegration time is 0.2294 seconds per sampledt  2.8E-08 cy 1dh310718Tamanrasset 22.79-5.529 4.974364pr865dark 3.4 
 699.39  2900  576 3.5 
 699.43  2905  641 5 
 699.46  2910  706 3.75 
 699.49  2915  772 5.25 
 699.52  2920  837 7.75 
 699.55  2925  903 7.75 
 699.58  2930  969 10.5 
 699.61  2935  1035 16 
 699.65  2940  1100 20 
 699.68  2945  1166 27.25 
 699.71  2950  1233 40.25 
 699.74  2955  1299 65 
 699.77  2960  1365 98.75 
 699.81  2965  1431 101.25 
 699.84  2970  1498 120 
 699.87  2975  1565 242.5 
 699.9  2980  1631 266.75 
 699.93  2985  1698 245.25 
 699.96  2990  1765 432.75 
 700  2995  1832 530.75 
 700.02  3000  1899 509.5 
 700.04  3005  1966 648 
 700.07  3010  2033 934 
 700.09  3015  2101 1189.5 
 700.12  3020  2168 984 
 700.14  3025  2236 1698.5 
 700.16  3030  2303 2491.5 
 700.19  3035  2371 2897 
 700.21  3040  2439 2687.5 
 700.24  3045  2507 3481.5 
 700.26  3050  2575 4509.5 
 700.28  3055  2643 4960 
 700.31  3060  2712 5260 
 700.33  3065  2780 6389 
 700.36  3070  2849 8060 
 700.38  3075  2917 8730.5 
 700.4  3080  2986 10362.5 
 700.43  3085  3055 12179.5 
 700.45  3090  3124 9696 
 700.48  3095  3193 8934 
 700.5  3100  3262 8272 
 700.53  3105  3331 13229.5 
 700.55  3110  3400 15100.5 
 700.57  3115  3470 14026.5 
 700.6  3120  3539 14653.5 
 700.62  3125  3609 19205 
 700.65  3130  3679 19748 
 700.67  3135  3749 19579 
 700.7  3140  3819 23924 
 700.72  3145  3889 20444.5 
 700.74  3150  3959 24909.5 
 700.77  3155  4029 21208.5 
 700.79  3160  4100 17417 
 700.82  3165  4170 23923 
 700.84  3170  4241 27904 
 700.86  3175  4312 26430 
 700.89  3180  4383 18195 
 700.91  3185  4454 19815.5 
 700.94  3190  4525 22172 
 700.96  3195  4596 19912 
 700.98  3200  4667 25748 
 701.01  3205  4739 31073.5 
 701.03  3210  4811 26790.5 
 701.06  3215  4882 27173 
 701.08  3220  4954 33875.5 
 701.11  3225  5026 30594.5 
 701.13  3230  5098 30671.5 
 701.15  3235  5170 37379.5 
 701.18  3240  5243 43014.5 
 701.2  3245  5315 46049.5 
 701.23  3250  5388 42949.5 
 701.25  3255  5460 52311 
 701.28  3260  5533 61030 
 701.3  3265  5606 59258.5 
 701.32  3270  5679 60487 
 701.35  3275  5753 59082 
 701.37  3280  5826 55786.5 
 701.4  3285  5899 55177.5 
 701.42  3290  5973 62788 
 701.45  3295  6047 71583 
 701.47  3300  6121 73468.5 
 701.5  3305  6195 61978.5 
 701.52  3310  6269 63045 
 701.54  3315  6343 62297 
 701.57  3320  6417 65777.5 
 701.59  3325  6492 64058.5 
 701.62  3330  6567 64930 
 701.64  3335  6641 61200 
 701.67  3340  6716 61890 
 701.69  3345  6791 70212.5 
 701.72  3350  6867 65419.5 
 701.74  3355  6942 74946.5 
 701.76  3360  7017 52050 
 701.79  3365  7093 63645.5 
 701.81  3370  7169 52371 
 701.84  3375  7245 65693.5 
 701.86  3380  7321 62907 
 701.89  3385  7397 70207 
 701.91  3390  7473 70395.5 
 701.94  3395  7550 68243 
 701.96  3400  7626 82564 
 701.98  3405  7703 73975 
 702.01  3410  7780 71360 
 702.03  3415  7857 65960 
 702.06  3420  7934 79038.5 
 702.08  3425  8012 74091.5 
 702.11  3430  8089 80986.5 
 702.13  3435  8167 76040.5 
 702.16  3440  8245 53934 
 702.18  3445  8323 59798.5 
 702.21  3450  8401 77509.5 
 702.23  3455  8479 76514 
 702.26  3460  8557 66079 
 702.28  3465  8636 76169 
 702.31  3470  8715 79298.5 
 702.33  3475  8794 63074.5 
 702.36  3480  8873 76111 
 702.38  3485  8952 76208.5 
 702.41  3490  9031 65432.5 
 702.43  3495  9111 69924 
 702.46  3500  9191 90453 
 702.58  3505  7382 97828.5 
 702.61  3510  7462 89094 
 702.63  3515  7542 84561.5 
 702.66  3520  7623 93400.5 
 702.68  3525  7703 71343.5 
 702.71  3530  7783 90839.5 
 702.73  3535  7864 97851 
 702.76  3540  7945 102179.5 
 702.78  3545  8026 103643.5 
 702.81  3550  8107 104859 
 702.83  3555  8188 93864 
 702.86  3560  8269 98255 
 702.88  3565  8351 85688 
 702.91  3570  8432 70646 
 702.93  3575  8514 87682 
 702.96  3580  8596 69353 
 702.98  3585  8678 58873 
 703.01  3590  8760 83367 
 703.03  3595  8843 104701.5 
 703.06  3600  8925 111687.5 
 703.08  3605  9008 88230 
 703.11  3610  9091 80963 
 703.13  3615  9174 94643.5 
 703.16  3620  9257 79845 
 703.19  3625  9341 112419 
 703.21  3630  9424 94508 
end
uxIntegration time is 0.2294 seconds per sampledt  2.8E-08 cy 1dh310718Tamanrasset 22.79-5.529 4.974364pr865dark 2.65 
 745.89  2900  576 3.75 
 745.92  2905  641 4.5 
 745.95  2910  706 5.5 
 745.98  2915  772 6.5 
 746.01  2920  837 9 
 746.04  2925  903 9.5 
 746.07  2930  969 16.5 
 746.1  2935  1035 29.75 
 746.14  2940  1100 36.75 
 746.17  2945  1166 54.25 
 746.2  2950  1233 75.75 
 746.23  2955  1299 129.25 
 746.26  2960  1365 199.5 
 746.29  2965  1431 205.75 
 746.33  2970  1498 243.5 
 746.36  2975  1565 465.25 
 746.39  2980  1631 547.25 
 746.42  2985  1698 492.25 
 746.45  2990  1765 884.75 
 746.49  2995  1832 1112 
 746.51  3000  1899 1022.5 
 746.53  3005  1966 1290.5 
 746.56  3010  2033 1847 
 746.58  3015  2101 2384 
 746.61  3020  2168 1906 
 746.63  3025  2236 3239 
 746.65  3030  2303 4772 
 746.68  3035  2371 5439 
 746.7  3040  2439 4956 
 746.73  3045  2507 6228.5 
 746.75  3050  2575 7749 
 746.77  3055  2643 7763 
 746.8  3060  2712 7222.5 
 746.82  3065  2780 8414 
 746.85  3070  2849 10534.5 
 746.87  3075  2917 11767.5 
 746.89  3080  2986 12213.5 
 746.92  3085  3055 13315.5 
 746.94  3090  3124 11494 
 746.97  3095  3193 11833.5 
 746.99  3100  3262 11550.5 
 747.01  3105  3331 18213 
 747.04  3110  3400 21690.5 
 747.06  3115  3470 20663.5 
 747.09  3120  3539 18731.5 
 747.11  3125  3609 21309 
 747.14  3130  3679 22157.5 
 747.16  3135  3749 22622 
 747.18  3140  3819 25922.5 
 747.21  3145  3889 20954.5 
 747.23  3150  3959 27291 
 747.26  3155  4029 24139.5 
 747.28  3160  4100 19237.5 
 747.3  3165  4170 26174.5 
 747.33  3170  4241 32169.5 
 747.35  3175  4312 34420.5 
 747.38  3180  4383 25606 
 747.4  3185  4454 28762 
 747.42  3190  4525 33292.5 
 747.45  3195  4596 29195 
 747.47  3200  4667 35436.5 
 747.5  3205  4739 40504.5 
 747.52  3210  4811 33910 
 747.55  3215  4882 31627 
 747.57  3220  4954 37442.5 
 747.59  3225  5026 32614.5 
 747.62  3230  5098 30176.5 
 747.64  3235  5170 34393.5 
 747.67  3240  5243 39161 
 747.69  3245  5315 41883 
 747.72  3250  5388 38782 
 747.74  3255  5460 47075 
 747.76  3260  5533 55157 
 747.79  3265  5606 53475 
 747.81  3270  5679 54188.5 
 747.84  3275  5753 53033 
 747.86  3280  5826 50086 
 747.89  3285  5899 49322 
 747.91  3290  5973 55823 
 747.94  3295  6047 63746 
 747.96  3300  6121 65441 
 747.98  3305  6195 55403.5 
 748.01  3310  6269 55873 
 748.03  3315  6343 55238.5 
 748.06  3320  6417 58443.5 
 748.08  3325  6492 56534.5 
 748.11  3330  6567 57283 
 748.13  3335  6641 53977 
 748.16  3340  6716 54716 
 748.18  3345  6791 61927 
 748.2  3350  6867 57652 
 748.23  3355  6942 66061.5 
 748.25  3360  7017 46190.5 
 748.28  3365  7093 56145 
 748.3  3370  7169 46434.5 
 748.33  3375  7245 57945.5 
 748.35  3380  7321 55574.5 
 748.38  3385  7397 62047 
 748.4  3390  7473 62453 
 748.43  3395  7550 60077 
 748.45  3400  7626 73170 
 748.47  3405  7703 65554.5 
 748.5  3410  7780 63229.5 
 748.52  3415  7857 58302.5 
 748.55  3420  7934 69865 
 748.57  3425  8012 65304 
 748.6  3430  8089 71893.5 
 748.62  3435  8167 67425 
 748.65  3440  8245 48051.5 
 748.67  3445  8323 52907.5 
 748.7  3450  8401 68983 
 748.72  3455  8479 68463.5 
 748.75  3460  8557 59319 
 748.77  3465  8636 67862.5 
 748.8  3470  8715 71252 
 748.82  3475  8794 56893 
 748.85  3480  8873 68393.5 
 748.87  3485  8952 68488.5 
 748.9  3490  9031 59032.5 
 748.92  3495  9111 62941.5 
 748.95  3500  9191 81240 
 749.07  3505  7382 88199 
 749.1  3510  7462 80598.5 
 749.12  3515  7542 75675.5 
 749.15  3520  7623 84309.5 
 749.17  3525  7703 64145 
 749.2  3530  7783 81545.5 
 749.22  3535  7864 87442 
 749.25  3540  7945 91735.5 
 749.27  3545  8026 92867 
 749.3  3550  8107 93823.5 
 749.32  3555  8188 84113 
 749.35  3560  8269 87890 
 749.37  3565  8351 77068 
 749.4  3570  8432 62995.5 
 749.42  3575  8514 77976.5 
 749.45  3580  8596 62130.5 
 749.47  3585  8678 52338 
 749.5  3590  8760 73808 
 749.52  3595  8843 93726 
 749.55  3600  8925 100143.5 
 749.57  3605  9008 79098.5 
 749.6  3610  9091 72408 
 749.62  3615  9174 84798.5 
 749.65  3620  9257 71156 
 749.67  3625  9341 100664.5 
 749.7  3630  9424 85372.5 
end
uxIntegration time is 0.2294 seconds per sampledt  2.8E-08 cy 1dh310718Tamanrasset 22.79-5.529 4.974364pr865dark 3.5 
 793.7  2900  576 4.25 
 793.73  2905  641 3.5 
 793.76  2910  706 4.75 
 793.79  2915  772 4.25 
 793.83  2920  837 6.75 
 793.86  2925  903 7.5 
 793.89  2930  969 9.5 
 793.92  2935  1035 17.25 
 793.95  2940  1100 23 
 793.98  2945  1166 34 
 794.02  2950  1233 53 
 794.05  2955  1299 81 
 794.08  2960  1365 123.25 
 794.11  2965  1431 130.5 
 794.14  2970  1498 157.25 
 794.17  2975  1565 310.5 
 794.2  2980  1631 362.25 
 794.24  2985  1698 339.25 
 794.27  2990  1765 608.75 
 794.3  2995  1832 768.75 
 794.32  3000  1899 723.5 
 794.35  3005  1966 904.5 
 794.37  3010  2033 1336.5 
 794.4  3015  2101 1696.5 
 794.42  3020  2168 1390 
 794.44  3025  2236 2394 
 794.47  3030  2303 3587 
 794.49  3035  2371 4074.5 
 794.52  3040  2439 3767 
 794.54  3045  2507 4713 
 794.56  3050  2575 5882.5 
 794.59  3055  2643 5944.5 
 794.61  3060  2712 5588.5 
 794.64  3065  2780 6428.5 
 794.66  3070  2849 8181 
 794.69  3075  2917 9182.5 
 794.71  3080  2986 9536.5 
 794.73  3085  3055 10453.5 
 794.76  3090  3124 8921.5 
 794.78  3095  3193 9360 
 794.81  3100  3262 9155.5 
 794.83  3105  3331 14339.5 
 794.85  3110  3400 17202 
 794.88  3115  3470 16450.5 
 794.9  3120  3539 15023.5 
 794.93  3125  3609 17058.5 
 794.95  3130  3679 17788 
 794.98  3135  3749 18184.5 
 795  3140  3819 20987.5 
 795.02  3145  3889 17056 
 795.05  3150  3959 22004 
 795.07  3155  4029 19535 
 795.1  3160  4100 15567.5 
 795.12  3165  4170 21407.5 
 795.14  3170  4241 26432 
 795.17  3175  4312 28068.5 
 795.19  3180  4383 20801.5 
 795.22  3185  4454 23756 
 795.24  3190  4525 27170.5 
 795.26  3195  4596 23731.5 
 795.29  3200  4667 29028.5 
 795.31  3205  4739 33238.5 
 795.34  3210  4811 27885 
 795.36  3215  4882 25902.5 
 795.39  3220  4954 30765.5 
 795.41  3225  5026 26737 
 795.43  3230  5098 24689 
 795.46  3235  5170 28183.5 
 795.48  3240  5243 32301 
 795.51  3245  5315 34685 
 795.53  3250  5388 31987.5 
 795.56  3255  5460 39033.5 
 795.58  3260  5533 45888.5 
 795.61  3265  5606 44725 
 795.63  3270  5679 45549 
 795.65  3275  5753 44456 
 795.68  3280  5826 42184 
 795.7  3285  5899 41691 
 795.73  3290  5973 47285.5 
 795.75  3295  6047 54037 
 795.78  3300  6121 55446.5 
 795.8  3305  6195 46779.5 
 795.82  3310  6269 47596.5 
 795.85  3315  6343 47313 
 795.87  3320  6417 50055 
 795.9  3325  6492 48208.5 
 795.92  3330  6567 48903.5 
 795.95  3335  6641 46313.5 
 795.97  3340  6716 46824 
 796  3345  6791 53087.5 
 796.02  3350  6867 49514 
 796.05  3355  6942 56805.5 
 796.07  3360  7017 39628 
 796.09  3365  7093 48210 
 796.12  3370  7169 39900 
 796.14  3375  7245 49738.5 
 796.17  3380  7321 47719.5 
 796.19  3385  7397 53259.5 
 796.22  3390  7473 53430 
 796.24  3395  7550 51798.5 
 796.27  3400  7626 62662 
 796.29  3405  7703 56237.5 
 796.31  3410  7780 54305.5 
 796.34  3415  7857 50213.5 
 796.36  3420  7934 60411.5 
 796.39  3425  8012 56552.5 
 796.41  3430  8089 62017.5 
 796.44  3435  8167 58356.5 
 796.46  3440  8245 41531.5 
 796.49  3445  8323 45557.5 
 796.51  3450  8401 59477 
 796.54  3455  8479 58847 
 796.56  3460  8557 51052 
 796.59  3465  8636 58490 
 796.61  3470  8715 61277 
 796.64  3475  8794 48800.5 
 796.66  3480  8873 58823.5 
 796.69  3485  8952 58733.5 
 796.71  3490  9031 50447.5 
 796.74  3495  9111 54079 
 796.76  3500  9191 70313 
 796.89  3505  7382 76703.5 
 796.92  3510  7462 69715.5 
 796.94  3515  7542 65870.5 
 796.96  3520  7623 73347 
 796.99  3525  7703 55433 
 797.02  3530  7783 70974.5 
 797.04  3535  7864 76251 
 797.07  3540  7945 79680.5 
 797.09  3545  8026 80893.5 
 797.12  3550  8107 81818 
 797.14  3555  8188 73503 
 797.17  3560  8269 76926 
 797.19  3565  8351 67371 
 797.22  3570  8432 54857.5 
 797.24  3575  8514 68408.5 
 797.27  3580  8596 54442.5 
 797.29  3585  8678 45741.5 
 797.32  3590  8760 64367 
 797.34  3595  8843 82114 
 797.37  3600  8925 87926 
 797.39  3605  9008 69242.5 
 797.42  3610  9091 63183.5 
 797.44  3615  9174 74469.5 
 797.47  3620  9257 62680.5 
 797.49  3625  9341 88489 
 797.52  3630  9424 75264.5 
end
uxIntegration time is 0.2294 seconds per sampledt  2.8E-08 cy 1dh310718Tamanrasset 22.79-5.529 4.974364pr865dark 3.35 
 839.83  2900  576 4 
 839.86  2905  641 2.5 
 839.89  2910  706 3 
 839.92  2915  772 3.75 
 839.96  2920  837 3 
 839.99  2925  903 3 
 840.02  2930  969 3.25 
 840.05  2935  1035 3.75 
 840.08  2940  1100 5.25 
 840.11  2945  1166 5.25 
 840.15  2950  1233 6.5 
 840.18  2955  1299 8.75 
 840.21  2960  1365 14 
 840.24  2965  1431 13.75 
 840.27  2970  1498 19.5 
 840.3  2975  1565 34 
 840.33  2980  1631 39.75 
 840.37  2985  1698 38.25 
 840.4  2990  1765 70.75 
 840.43  2995  1832 86.25 
 840.45  3000  1899 84 
 840.48  3005  1966 116.5 
 840.5  3010  2033 173 
 840.53  3015  2101 215 
 840.55  3020  2168 186 
 840.57  3025  2236 318 
 840.6  3030  2303 496 
 840.62  3035  2371 588.5 
 840.65  3040  2439 550 
 840.67  3045  2507 691.5 
 840.69  3050  2575 893.5 
 840.72  3055  2643 920 
 840.74  3060  2712 866.5 
 840.77  3065  2780 1029.5 
 840.79  3070  2849 1304 
 840.81  3075  2917 1524.5 
 840.84  3080  2986 1573 
 840.86  3085  3055 1760 
 840.89  3090  3124 1524 
 840.91  3095  3193 1622 
 840.93  3100  3262 1613 
 840.96  3105  3331 2552 
 840.98  3110  3400 3024 
 841.01  3115  3470 2914.5 
 841.03  3120  3539 2681 
 841.05  3125  3609 3093.5 
 841.08  3130  3679 3227.5 
 841.1  3135  3749 3262 
 841.13  3140  3819 3815.5 
 841.15  3145  3889 3161.5 
 841.18  3150  3959 4068.5 
 841.2  3155  4029 3635.5 
 841.22  3160  4100 2928.5 
 841.25  3165  4170 3989.5 
 841.27  3170  4241 4898 
 841.3  3175  4312 5167.5 
 841.32  3180  4383 3887 
 841.34  3185  4454 4469 
 841.37  3190  4525 5134.5 
 841.39  3195  4596 4468.5 
 841.42  3200  4667 5381 
 841.44  3205  4739 6235.5 
 841.46  3210  4811 5333.5 
 841.49  3215  4882 4984.5 
 841.51  3220  4954 5768.5 
 841.54  3225  5026 4994 
 841.56  3230  5098 4732.5 
 841.59  3235  5170 5411 
 841.61  3240  5243 6134.5 
 841.63  3245  5315 6535.5 
 841.66  3250  5388 6013 
 841.68  3255  5460 7312.5 
 841.71  3260  5533 8635 
 841.73  3265  5606 8424 
 841.76  3270  5679 8567 
 841.78  3275  5753 8316 
 841.8  3280  5826 7740 
 841.83  3285  5899 7681.5 
 841.85  3290  5973 8787.5 
 841.88  3295  6047 10034 
 841.9  3300  6121 10205.5 
 841.93  3305  6195 8637 
 841.95  3310  6269 8717.5 
 841.98  3315  6343 8630.5 
 842  3320  6417 9138 
 842.02  3325  6492 8819 
 842.05  3330  6567 8875.5 
 842.07  3335  6641 8438 
 842.1  3340  6716 8527.5 
 842.12  3345  6791 9634 
 842.15  3350  6867 8985 
 842.17  3355  6942 10304 
 842.2  3360  7017 7168 
 842.22  3365  7093 8677 
 842.25  3370  7169 7123 
 842.27  3375  7245 8909.5 
 842.29  3380  7321 8508.5 
 842.32  3385  7397 9502.5 
 842.34  3390  7473 9454.5 
 842.37  3395  7550 9202.5 
 842.39  3400  7626 11044.5 
 842.42  3405  7703 9911 
 842.44  3410  7780 9541.5 
 842.47  3415  7857 8824.5 
 842.49  3420  7934 10511 
 842.51  3425  8012 9764.5 
 842.54  3430  8089 10763.5 
 842.56  3435  8167 10028.5 
 842.59  3440  8245 7194 
 842.61  3445  8323 7768 
 842.64  3450  8401 10060 
 842.66  3455  8479 9994.5 
 842.69  3460  8557 8627 
 842.71  3465  8636 9916 
 842.74  3470  8715 10290.5 
 842.76  3475  8794 8188.5 
 842.79  3480  8873 9800 
 842.81  3485  8952 9797 
 842.84  3490  9031 8329.5 
 842.86  3495  9111 9049 
 842.89  3500  9191 11629 
 843.01  3505  7382 12374.5 
 843.04  3510  7462 11305.5 
 843.06  3515  7542 10611.5 
 843.09  3520  7623 11756.5 
 843.11  3525  7703 8997.5 
 843.14  3530  7783 11317 
 843.16  3535  7864 12084.5 
 843.19  3540  7945 12849.5 
 843.21  3545  8026 12868 
 843.24  3550  8107 12931 
 843.26  3555  8188 11659 
 843.29  3560  8269 12046 
 843.31  3565  8351 10547.5 
 843.34  3570  8432 8650.5 
 843.36  3575  8514 10655.5 
 843.39  3580  8596 8393.5 
 843.41  3585  8678 7109 
 843.44  3590  8760 9992 
 843.46  3595  8843 12477 
 843.49  3600  8925 13387.5 
 843.51  3605  9008 10552 
 843.54  3610  9091 9620.5 
 843.56  3615  9174 11201 
 843.59  3620  9257 9501 
 843.61  3625  9341 13258.5 
 843.64  3630  9424 11299.5 
end
uxIntegration time is 0.2294 seconds per sampledt  2.8E-08 cy 1dh310718Tamanrasset 22.79-5.529 4.974364pr865dark 2.35 
 885.85  2900  576 2 
 885.88  2905  641 2.25 
 885.91  2910  706 1.5 
 885.95  2915  772 1.75 
 885.98  2920  837 2.25 
 886.01  2925  903 1.75 
 886.04  2930  969 2 
 886.07  2935  1035 2 
 886.1  2940  1100 2.75 
 886.13  2945  1166 2.5 
 886.17  2950  1233 2.25 
 886.2  2955  1299 1.75 
 886.23  2960  1365 2.25 
 886.26  2965  1431 2 
 886.29  2970  1498 2.75 
 886.32  2975  1565 1.75 
 886.35  2980  1631 2.75 
 886.39  2985  1698 2.5 
 886.42  2990  1765 2.5 
 886.45  2995  1832 2.25 
 886.47  3000  1899 1.5 
 886.5  3005  1966 2.5 
 886.52  3010  2033 3 
 886.55  3015  2101 4 
 886.57  3020  2168 4.5 
 886.59  3025  2236 6.5 
 886.62  3030  2303 7 
 886.64  3035  2371 8 
 886.66  3040  2439 8 
 886.69  3045  2507 10.5 
 886.71  3050  2575 14 
 886.74  3055  2643 15 
 886.76  3060  2712 12 
 886.78  3065  2780 18 
 886.81  3070  2849 22.5 
 886.83  3075  2917 29.5 
 886.86  3080  2986 34.5 
 886.88  3085  3055 33 
 886.9  3090  3124 33.5 
 886.93  3095  3193 38.5 
 886.95  3100  3262 42 
 886.98  3105  3331 63 
 887  3110  3400 69.5 
 887.02  3115  3470 78 
 887.05  3120  3539 77 
 887.07  3125  3609 93 
 887.1  3130  3679 102.5 
 887.12  3135  3749 96.5 
 887.14  3140  3819 114 
 887.17  3145  3889 101 
 887.19  3150  3959 129 
 887.22  3155  4029 121.5 
 887.24  3160  4100 110 
 887.26  3165  4170 144 
 887.29  3170  4241 176.5 
 887.31  3175  4312 189.5 
 887.34  3180  4383 153 
 887.36  3185  4454 182.5 
 887.38  3190  4525 210.5 
 887.41  3195  4596 184.5 
 887.43  3200  4667 220.5 
 887.46  3205  4739 249.5 
 887.48  3210  4811 236.5 
 887.5  3215  4882 214 
 887.53  3220  4954 248 
 887.55  3225  5026 225 
 887.58  3230  5098 217.5 
 887.6  3235  5170 250.5 
 887.63  3240  5243 295.5 
 887.65  3245  5315 301 
 887.67  3250  5388 288.5 
 887.7  3255  5460 340 
 887.72  3260  5533 405 
 887.75  3265  5606 408 
 887.77  3270  5679 409.5 
 887.8  3275  5753 408.5 
 887.82  3280  5826 385.5 
 887.84  3285  5899 384.5 
 887.87  3290  5973 456.5 
 887.89  3295  6047 505.5 
 887.92  3300  6121 534 
 887.94  3305  6195 466.5 
 887.97  3310  6269 453.5 
 887.99  3315  6343 462 
 888.01  3320  6417 498.5 
 888.04  3325  6492 486.5 
 888.06  3330  6567 493.5 
 888.09  3335  6641 461.5 
 888.11  3340  6716 460.5 
 888.14  3345  6791 524.5 
 888.16  3350  6867 496.5 
 888.18  3355  6942 562.5 
 888.21  3360  7017 422 
 888.23  3365  7093 486 
 888.26  3370  7169 429 
 888.28  3375  7245 496.5 
 888.31  3380  7321 492.5 
 888.33  3385  7397 540.5 
 888.35  3390  7473 568 
 888.38  3395  7550 532.5 
 888.4  3400  7626 655.5 
 888.43  3405  7703 569.5 
 888.45  3410  7780 574.5 
 888.48  3415  7857 517.5 
 888.5  3420  7934 629.5 
 888.53  3425  8012 595.5 
 888.55  3430  8089 656 
 888.57  3435  8167 607.5 
 888.6  3440  8245 453 
 888.62  3445  8323 484 
 888.65  3450  8401 626 
 888.67  3455  8479 599 
 888.7  3460  8557 534.5 
 888.72  3465  8636 605.5 
 888.75  3470  8715 654.5 
 888.77  3475  8794 533 
 888.8  3480  8873 624 
 888.82  3485  8952 620.5 
 888.85  3490  9031 546 
 888.87  3495  9111 592.5 
 888.9  3500  9191 739.5 
 889.02  3505  7382 815 
 889.05  3510  7462 772 
 889.07  3515  7542 706 
 889.1  3520  7623 777 
 889.12  3525  7703 625 
 889.15  3530  7783 754 
 889.17  3535  7864 813 
 889.2  3540  7945 860 
 889.22  3545  8026 900.5 
 889.25  3550  8107 881.5 
 889.27  3555  8188 805 
 889.3  3560  8269 832.5 
 889.32  3565  8351 730 
 889.34  3570  8432 621.5 
 889.37  3575  8514 710.5 
 889.4  3580  8596 599 
 889.42  3585  8678 538.5 
 889.44  3590  8760 687 
 889.47  3595  8843 877.5 
 889.5  3600  8925 921.5 
 889.52  3605  9008 743 
 889.54  3610  9091 682 
 889.57  3615  9174 811.5 
 889.59  3620  9257 708 
 889.62  3625  9341 938 
 889.64  3630  9424 835 
end
uxIntegration time is 0.2294 seconds per sampledt  2.8E-08 cy 1dh310718Tamanrasset 22.79-5.529 4.974364pr865dark 1.85 
 933.85  2900  576 1.5 
 933.88  2905  641 2.75 
 933.91  2910  706 1.5 
 933.94  2915  772 1.25 
 933.97  2920  837 2.25 
 934.01  2925  903 1.5 
 934.04  2930  969 1.5 
 934.07  2935  1035 1.5 
 934.1  2940  1100 1.5 
 934.13  2945  1166 2.25 
 934.16  2950  1233 1.75 
 934.2  2955  1299 1.5 
 934.23  2960  1365 1 
 934.26  2965  1431 2.25 
 934.29  2970  1498 2 
 934.32  2975  1565 2.25 
 934.35  2980  1631 2 
 934.38  2985  1698 1 
 934.42  2990  1765 1.5 
 934.45  2995  1832 2.25 
 934.47  3000  1899 2.5 
 934.5  3005  1966 2.5 
 934.52  3010  2033 3 
 934.54  3015  2101 2.5 
 934.57  3020  2168 4 
 934.59  3025  2236 5.5 
 934.61  3030  2303 6.5 
 934.64  3035  2371 10.5 
 934.66  3040  2439 9 
 934.69  3045  2507 15 
 934.71  3050  2575 20 
 934.73  3055  2643 22 
 934.76  3060  2712 19.5 
 934.78  3065  2780 28.5 
 934.81  3070  2849 38 
 934.83  3075  2917 46 
 934.85  3080  2986 53.5 
 934.88  3085  3055 62 
 934.9  3090  3124 53 
 934.93  3095  3193 66.5 
 934.95  3100  3262 69 
 934.97  3105  3331 104 
 935  3110  3400 136 
 935.02  3115  3470 134 
 935.05  3120  3539 125.5 
 935.07  3125  3609 163.5 
 935.09  3130  3679 171 
 935.12  3135  3749 169.5 
 935.14  3140  3819 205.5 
 935.17  3145  3889 186 
 935.19  3150  3959 227.5 
 935.21  3155  4029 214.5 
 935.24  3160  4100 187.5 
 935.26  3165  4170 261.5 
 935.29  3170  4241 304 
 935.31  3175  4312 331 
 935.33  3180  4383 269.5 
 935.36  3185  4454 299 
 935.38  3190  4525 357.5 
 935.41  3195  4596 320 
 935.43  3200  4667 379 
 935.45  3205  4739 439.5 
 935.48  3210  4811 400.5 
 935.5  3215  4882 389.5 
 935.53  3220  4954 427.5 
 935.55  3225  5026 387 
 935.58  3230  5098 358.5 
 935.6  3235  5170 429.5 
 935.62  3240  5243 498.5 
 935.65  3245  5315 528 
 935.67  3250  5388 488.5 
 935.7  3255  5460 572.5 
 935.72  3260  5533 693 
 935.75  3265  5606 725.5 
 935.77  3270  5679 731.5 
 935.79  3275  5753 700 
 935.82  3280  5826 681 
 935.84  3285  5899 666 
 935.87  3290  5973 754.5 
 935.89  3295  6047 877 
 935.92  3300  6121 916 
 935.94  3305  6195 768 
 935.97  3310  6269 760.5 
 935.99  3315  6343 765 
 936.01  3320  6417 844.5 
 936.04  3325  6492 816 
 936.06  3330  6567 813 
 936.09  3335  6641 784.5 
 936.11  3340  6716 780 
 936.14  3345  6791 875 
 936.16  3350  6867 838.5 
 936.18  3355  6942 970.5 
 936.21  3360  7017 704.5 
 936.23  3365  7093 808.5 
 936.26  3370  7169 691 
 936.28  3375  7245 852 
 936.31  3380  7321 831 
 936.33  3385  7397 913 
 936.35  3390  7473 925.5 
 936.38  3395  7550 907.5 
 936.4  3400  7626 1064.5 
 936.43  3405  7703 966.5 
 936.45  3410  7780 936 
 936.48  3415  7857 874.5 
 936.5  3420  7934 1035 
 936.53  3425  8012 974 
 936.55  3430  8089 1060.5 
 936.58  3435  8167 992 
 936.6  3440  8245 744 
 936.63  3445  8323 776 
 936.65  3450  8401 1012.5 
 936.68  3455  8479 996.5 
 936.7  3460  8557 901.5 
 936.73  3465  8636 1005.5 
 936.75  3470  8715 1030.5 
 936.78  3475  8794 859.5 
 936.8  3480  8873 1020 
 936.83  3485  8952 1003.5 
 936.85  3490  9031 873.5 
 936.88  3495  9111 947 
 936.9  3500  9191 1200 
 937.03  3505  7382 1327.5 
 937.05  3510  7462 1225 
 937.08  3515  7542 1155.5 
 937.1  3520  7623 1293 
 937.13  3525  7703 990.5 
 937.15  3530  7783 1242.5 
 937.18  3535  7864 1308 
 937.2  3540  7945 1388 
 937.23  3545  8026 1392 
 937.25  3550  8107 1442.5 
 937.28  3555  8188 1270.5 
 937.3  3560  8269 1343 
 937.33  3565  8351 1186.5 
 937.35  3570  8432 950 
 937.38  3575  8514 1175 
 937.4  3580  8596 973 
 937.43  3585  8678 834 
 937.45  3590  8760 1101.5 
 937.48  3595  8843 1401.5 
 937.5  3600  8925 1524 
 937.53  3605  9008 1228.5 
 937.55  3610  9091 1093.5 
 937.58  3615  9174 1301.5 
 937.6  3620  9257 1103 
 937.63  3625  9341 1514.5 
 937.65  3630  9424 1329.5 
end
uxIntegration time is 0.2294 seconds per sampledt  2.8E-08 cy 1dh310718Tamanrasset 22.79-5.529 4.974364pr865dark 1.9 
 979.74  2900  576 1.75 
 979.77  2905  641 1.25 
 979.8  2910  706 1.5 
 979.84  2915  772 1.75 
 979.87  2920  837 2.25 
 979.9  2925  903 1.25 
 979.93  2930  969 2.5 
 979.96  2935  1035 1.5 
 979.99  2940  1100 1.75 
 980.02  2945  1166 3.5 
 980.06  2950  1233 1.75 
 980.09  2955  1299 1.5 
 980.12  2960  1365 1.75 
 980.15  2965  1431 1.5 
 980.18  2970  1498 1.75 
 980.21  2975  1565 1.5 
 980.25  2980  1631 .75 
 980.28  2985  1698 1.5 
 980.31  2990  1765 1.25 
 980.34  2995  1832 1.75 
 980.36  3000  1899 2 
 980.39  3005  1966 1 
 980.41  3010  2033 1.5 
 980.44  3015  2101 2 
 980.46  3020  2168 3 
 980.48  3025  2236 6 
 980.51  3030  2303 6 
 980.53  3035  2371 8 
 980.55  3040  2439 8.5 
 980.58  3045  2507 10.5 
 980.6  3050  2575 18.5 
 980.63  3055  2643 17.5 
 980.65  3060  2712 18 
 980.67  3065  2780 25.5 
 980.7  3070  2849 34.5 
 980.72  3075  2917 42.5 
 980.75  3080  2986 50.5 
 980.77  3085  3055 54 
 980.79  3090  3124 51.5 
 980.82  3095  3193 61 
 980.84  3100  3262 61.5 
 980.87  3105  3331 103 
 980.89  3110  3400 130.5 
 980.91  3115  3470 151.5 
 980.94  3120  3539 131 
 980.96  3125  3609 154.5 
 980.99  3130  3679 173.5 
 981.01  3135  3749 170 
 981.04  3140  3819 213.5 
 981.06  3145  3889 191 
 981.08  3150  3959 241.5 
 981.11  3155  4029 210.5 
 981.13  3160  4100 189 
 981.16  3165  4170 273 
 981.18  3170  4241 323.5 
 981.2  3175  4312 352.5 
 981.23  3180  4383 264 
 981.25  3185  4454 322 
 981.28  3190  4525 397 
 981.3  3195  4596 333.5 
 981.32  3200  4667 400 
 981.35  3205  4739 480 
 981.37  3210  4811 423 
 981.4  3215  4882 401.5 
 981.42  3220  4954 457.5 
 981.44  3225  5026 401.5 
 981.47  3230  5098 384 
 981.49  3235  5170 466 
 981.52  3240  5243 547 
 981.54  3245  5315 569.5 
 981.57  3250  5388 513.5 
 981.59  3255  5460 637.5 
 981.61  3260  5533 768 
 981.64  3265  5606 780.5 
 981.66  3270  5679 799.5 
 981.69  3275  5753 780 
 981.71  3280  5826 712.5 
 981.74  3285  5899 729.5 
 981.76  3290  5973 843 
 981.79  3295  6047 986.5 
 981.81  3300  6121 1009.5 
 981.83  3305  6195 830.5 
 981.86  3310  6269 839 
 981.88  3315  6343 855.5 
 981.91  3320  6417 939 
 981.93  3325  6492 908 
 981.96  3330  6567 931 
 981.98  3335  6641 862.5 
 982  3340  6716 853.5 
 982.03  3345  6791 992.5 
 982.05  3350  6867 958.5 
 982.08  3355  6942 1062.5 
 982.1  3360  7017 775 
 982.13  3365  7093 920.5 
 982.15  3370  7169 791 
 982.17  3375  7245 923 
 982.2  3380  7321 909.5 
 982.22  3385  7397 1025 
 982.25  3390  7473 1048 
 982.27  3395  7550 995 
 982.3  3400  7626 1221.5 
 982.32  3405  7703 1093 
 982.35  3410  7780 1059.5 
 982.37  3415  7857 970 
 982.39  3420  7934 1178.5 
 982.42  3425  8012 1109.5 
 982.44  3430  8089 1218.5 
 982.47  3435  8167 1159.5 
 982.49  3440  8245 843.5 
 982.52  3445  8323 894.5 
 982.54  3450  8401 1155 
 982.57  3455  8479 1155 
 982.59  3460  8557 1009.5 
 982.62  3465  8636 1154.5 
 982.64  3470  8715 1204.5 
 982.67  3475  8794 975.5 
 982.69  3480  8873 1149.5 
 982.71  3485  8952 1179 
 982.74  3490  9031 1006 
 982.76  3495  9111 1083 
 982.79  3500  9191 1419.5 
 982.92  3505  7382 1523 
 982.94  3510  7462 1422.5 
 982.96  3515  7542 1312.5 
 982.99  3520  7623 1473 
 983.01  3525  7703 1131 
 983.04  3530  7783 1440 
 983.06  3535  7864 1562 
 983.09  3540  7945 1626.5 
 983.11  3545  8026 1643.5 
 983.14  3550  8107 1666 
 983.16  3555  8188 1540.5 
 983.19  3560  8269 1550.5 
 983.21  3565  8351 1401 
 983.24  3570  8432 1132.5 
 983.26  3575  8514 1370 
 983.29  3580  8596 1113.5 
 983.31  3585  8678 955.5 
 983.34  3590  8760 1306 
 983.36  3595  8843 1656 
 983.39  3600  8925 1799.5 
 983.41  3605  9008 1421.5 
 983.44  3610  9091 1303 
 983.46  3615  9174 1511.5 
 983.49  3620  9257 1278 
 983.51  3625  9341 1836.5 
 983.54  3630  9424 1589 
end
uxIntegration time is 0.2294 seconds per sampledt  2.8E-08 cy 1dh310718Tamanrasset 22.79-5.529 4.974364pr865dark 1.4 
 1025.74  2900  576 1.25 
 1025.77  2905  641 1.75 
 1025.8  2910  706 1.25 
 1025.84  2915  772 1.25 
 1025.87  2920  837 1.75 
 1025.9  2925  903 1.5 
 1025.93  2930  969 1.5 
 1025.96  2935  1035 1.25 
 1025.99  2940  1100 1.25 
 1026.02  2945  1166 1.5 
 1026.06  2950  1233 1.75 
 1026.09  2955  1299 1.25 
 1026.12  2960  1365 1.25 
 1026.15  2965  1431 1.5 
 1026.18  2970  1498 1 
 1026.21  2975  1565 1.5 
 1026.24  2980  1631 2 
 1026.28  2985  1698 1.25 
 1026.31  2990  1765 1.75 
 1026.34  2995  1832 2 
 1026.36  3000  1899 2.5 
 1026.39  3005  1966 2.5 
 1026.41  3010  2033 3.5 
 1026.43  3015  2101 5 
 1026.46  3020  2168 4.5 
 1026.48  3025  2236 6.5 
 1026.51  3030  2303 8.5 
 1026.53  3035  2371 9.5 
 1026.55  3040  2439 11 
 1026.58  3045  2507 19 
 1026.6  3050  2575 27 
 1026.63  3055  2643 32.5 
 1026.65  3060  2712 37 
 1026.67  3065  2780 48 
 1026.7  3070  2849 78.5 
 1026.72  3075  2917 105.5 
 1026.75  3080  2986 112 
 1026.77  3085  3055 138 
 1026.79  3090  3124 123 
 1026.82  3095  3193 169 
 1026.84  3100  3262 184.5 
 1026.87  3105  3331 313 
 1026.89  3110  3400 397 
 1026.91  3115  3470 394 
 1026.94  3120  3539 432.5 
 1026.96  3125  3609 539.5 
 1026.99  3130  3679 596 
 1027.01  3135  3749 602.5 
 1027.03  3140  3819 771.5 
 1027.06  3145  3889 734.5 
 1027.08  3150  3959 983.5 
 1027.11  3155  4029 841 
 1027.13  3160  4100 732.5 
 1027.16  3165  4170 1119.5 
 1027.18  3170  4241 1403 
 1027.2  3175  4312 1443 
 1027.23  3180  4383 1161.5 
 1027.25  3185  4454 1454 
 1027.28  3190  4525 1765 
 1027.3  3195  4596 1481 
 1027.32  3200  4667 1752.5 
 1027.35  3205  4739 2196.5 
 1027.37  3210  4811 2047 
 1027.4  3215  4882 1926.5 
 1027.42  3220  4954 2135.5 
 1027.45  3225  5026 1841 
 1027.47  3230  5098 1828.5 
 1027.49  3235  5170 2295 
 1027.52  3240  5243 2688 
 1027.54  3245  5315 2771 
 1027.57  3250  5388 2398.5 
 1027.59  3255  5460 3012.5 
 1027.62  3260  5533 3752.5 
 1027.64  3265  5606 3882.5 
 1027.66  3270  5679 3934 
 1027.69  3275  5753 3702 
 1027.71  3280  5826 3313 
 1027.74  3285  5899 3545.5 
 1027.76  3290  5973 4188.5 
 1027.79  3295  6047 4863 
 1027.81  3300  6121 4933.5 
 1027.83  3305  6195 4041 
 1027.86  3310  6269 4094 
 1027.88  3315  6343 4080 
 1027.91  3320  6417 4525.5 
 1027.93  3325  6492 4446 
 1027.96  3330  6567 4495.5 
 1027.98  3335  6641 4176 
 1028.01  3340  6716 4166.5 
 1028.03  3345  6791 4806.5 
 1028.05  3350  6867 4597.5 
 1028.08  3355  6942 5246.5 
 1028.1  3360  7017 3697 
 1028.13  3365  7093 4392.5 
 1028.15  3370  7169 3578.5 
 1028.18  3375  7245 4392.5 
 1028.2  3380  7321 4415.5 
 1028.22  3385  7397 4939.5 
 1028.25  3390  7473 5021.5 
 1028.27  3395  7550 4793.5 
 1028.3  3400  7626 5781 
 1028.32  3405  7703 5188.5 
 1028.35  3410  7780 5008.5 
 1028.37  3415  7857 4714 
 1028.4  3420  7934 5630.5 
 1028.42  3425  8012 5274 
 1028.44  3430  8089 5764 
 1028.47  3435  8167 5375.5 
 1028.49  3440  8245 3897.5 
 1028.52  3445  8323 4178.5 
 1028.54  3450  8401 5527 
 1028.57  3455  8479 5490.5 
 1028.59  3460  8557 4789 
 1028.62  3465  8636 5464 
 1028.64  3470  8715 5714 
 1028.67  3475  8794 4637 
 1028.69  3480  8873 5427 
 1028.72  3485  8952 5459 
 1028.74  3490  9031 4835 
 1028.77  3495  9111 5061 
 1028.79  3500  9191 6556 
 1028.92  3505  7382 7226.5 
 1028.94  3510  7462 6543 
 1028.97  3515  7542 6046 
 1028.99  3520  7623 6819.5 
 1029.02  3525  7703 5144.5 
 1029.04  3530  7783 6581 
 1029.07  3535  7864 7148 
 1029.09  3540  7945 7466.5 
 1029.12  3545  8026 7558.5 
 1029.14  3550  8107 7652 
 1029.17  3555  8188 6815 
 1029.19  3560  8269 7108 
 1029.22  3565  8351 6266.5 
 1029.24  3570  8432 5097 
 1029.27  3575  8514 6295 
 1029.29  3580  8596 5069.5 
 1029.32  3585  8678 4236 
 1029.34  3590  8760 5864 
 1029.37  3595  8843 7579 
 1029.39  3600  8925 8112 
 1029.42  3605  9008 6452.5 
 1029.44  3610  9091 5848.5 
 1029.47  3615  9174 6828 
 1029.49  3620  9257 5810 
 1029.52  3625  9341 8115.5 
 1029.54  3630  9424 7010 
end
uxIntegration time is 0.2294 seconds per sampledt  2.8E-08 cy 1dh310718Tamanrasset 22.79-5.529 4.974364pr865dark 1.7 
 1069.14  2900  576 1 
 1069.17  2905  641 1.5 
 1069.2  2910  706 1.5 
 1069.24  2915  772 1.75 
 1069.27  2920  837 1.5 
 1069.3  2925  903 1.5 
 1069.33  2930  969 1 
 1069.36  2935  1035 1.75 
 1069.39  2940  1100 2 
 1069.43  2945  1166 1 
 1069.46  2950  1233 1 
 1069.49  2955  1299 .5 
 1069.52  2960  1365 1.5 
 1069.55  2965  1431 1.5 
 1069.58  2970  1498 1.5 
 1069.61  2975  1565 1.5 
 1069.65  2980  1631 1.5 
 1069.68  2985  1698 2.25 
 1069.71  2990  1765 1.75 
 1069.74  2995  1832 1.75 
 1069.77  3000  1899 2 
 1069.79  3005  1966 2 
 1069.81  3010  2033 1.5 
 1069.84  3015  2101 2.5 
 1069.86  3020  2168 1 
 1069.88  3025  2236 3 
 1069.91  3030  2303 3.5 
 1069.93  3035  2371 3.5 
 1069.96  3040  2439 4 
 1069.98  3045  2507 2.5 
 1070  3050  2575 6 
 1070.03  3055  2643 6 
 1070.05  3060  2712 6.5 
 1070.07  3065  2780 7.5 
 1070.1  3070  2849 11 
 1070.12  3075  2917 9.5 
 1070.15  3080  2986 13.5 
 1070.17  3085  3055 14.5 
 1070.2  3090  3124 14.5 
 1070.22  3095  3193 16 
 1070.24  3100  3262 20 
 1070.27  3105  3331 31 
 1070.29  3110  3400 40.5 
 1070.32  3115  3470 36.5 
 1070.34  3120  3539 47 
 1070.36  3125  3609 61.5 
 1070.39  3130  3679 67.5 
 1070.41  3135  3749 62 
 1070.44  3140  3819 91.5 
 1070.46  3145  3889 102 
 1070.48  3150  3959 136 
 1070.51  3155  4029 112.5 
 1070.53  3160  4100 109.5 
 1070.56  3165  4170 173 
 1070.58  3170  4241 222 
 1070.6  3175  4312 219 
 1070.63  3180  4383 185.5 
 1070.65  3185  4454 266 
 1070.68  3190  4525 359.5 
 1070.7  3195  4596 289.5 
 1070.72  3200  4667 317.5 
 1070.75  3205  4739 456.5 
 1070.77  3210  4811 479.5 
 1070.8  3215  4882 463.5 
 1070.82  3220  4954 466 
 1070.85  3225  5026 381.5 
 1070.87  3230  5098 415 
 1070.89  3235  5170 601 
 1070.92  3240  5243 711 
 1070.94  3245  5315 701.5 
 1070.97  3250  5388 565 
 1070.99  3255  5460 740 
 1071.01  3260  5533 1000.5 
 1071.04  3265  5606 1117.5 
 1071.06  3270  5679 1136 
 1071.09  3275  5753 1004 
 1071.11  3280  5826 860 
 1071.14  3285  5899 965 
 1071.16  3290  5973 1260.5 
 1071.18  3295  6047 1479.5 
 1071.21  3300  6121 1475.5 
 1071.23  3305  6195 1157.5 
 1071.26  3310  6269 1110.5 
 1071.28  3315  6343 1161.5 
 1071.31  3320  6417 1355 
 1071.33  3325  6492 1368 
 1071.36  3330  6567 1378 
 1071.38  3335  6641 1244.5 
 1071.4  3340  6716 1198.5 
 1071.43  3345  6791 1434.5 
 1071.45  3350  6867 1386.5 
 1071.48  3355  6942 1621 
 1071.5  3360  7017 1172 
 1071.53  3365  7093 1317.5 
 1071.55  3370  7169 1082.5 
 1071.58  3375  7245 1298 
 1071.6  3380  7321 1304.5 
 1071.62  3385  7397 1503.5 
 1071.65  3390  7473 1530 
 1071.67  3395  7550 1482.5 
 1071.7  3400  7626 1730.5 
 1071.72  3405  7703 1551.5 
 1071.75  3410  7780 1557.5 
 1071.77  3415  7857 1428 
 1071.8  3420  7934 1722.5 
 1071.82  3425  8012 1591.5 
 1071.84  3430  8089 1737 
 1071.87  3435  8167 1657 
 1071.89  3440  8245 1142.5 
 1071.92  3445  8323 1246.5 
 1071.94  3450  8401 1638 
 1071.97  3455  8479 1629.5 
 1071.99  3460  8557 1406 
 1072.02  3465  8636 1639.5 
 1072.04  3470  8715 1679 
 1072.07  3475  8794 1375.5 
 1072.09  3480  8873 1598.5 
 1072.12  3485  8952 1605 
 1072.14  3490  9031 1415 
 1072.17  3495  9111 1485.5 
 1072.19  3500  9191 1867.5 
 1072.32  3505  7382 2072 
 1072.34  3510  7462 1854 
 1072.37  3515  7542 1715 
 1072.39  3520  7623 1915 
 1072.42  3525  7703 1477 
 1072.44  3530  7783 1849 
 1072.47  3535  7864 1989 
 1072.49  3540  7945 2129 
 1072.52  3545  8026 2109 
 1072.54  3550  8107 2122 
 1072.57  3555  8188 1906.5 
 1072.59  3560  8269 1984.5 
 1072.62  3565  8351 1736.5 
 1072.64  3570  8432 1416 
 1072.67  3575  8514 1708.5 
 1072.69  3580  8596 1396.5 
 1072.72  3585  8678 1176 
 1072.74  3590  8760 1609 
 1072.77  3595  8843 2016 
 1072.79  3600  8925 2184 
 1072.82  3605  9008 1754 
 1072.84  3610  9091 1588.5 
 1072.86  3615  9174 1845 
 1072.89  3620  9257 1556 
 1072.92  3625  9341 2156 
 1072.94  3630  9424 1840 
end
