uxIntegration time is 0.2294 seconds per sampledt  2.8E-08 cy 1dh310817Tamanrasset 22.79-5.529 3.164463pr865dark 1.2 
 309.82  2900  576 2 
 309.85  2905  641 1.5 
 309.88  2910  706 1.75 
 309.91  2915  772 1 
 309.94  2920  837 .5 
 309.97  2925  903 .5 
 310.01  2930  969 1 
 310.04  2935  1035 1 
 310.07  2940  1100 1.25 
 310.1  2945  1166 1.25 
 310.13  2950  1233 1.25 
 310.16  2955  1299 1.5 
 310.19  2960  1365 1.75 
 310.23  2965  1431 1 
 310.26  2970  1498 1 
 310.29  2975  1565 1.75 
 310.32  2980  1631 1.5 
 310.35  2985  1698 1.75 
 310.38  2990  1765 0 
 310.41  2995  1832 2 
 310.44  3000  1899 1.5 
 310.46  3005  1966 1.5 
 310.49  3010  2033 2 
 310.51  3015  2101 2 
 310.53  3020  2168 1.5 
 310.56  3025  2236 1 
 310.58  3030  2303 2.5 
 310.61  3035  2371 .5 
 310.63  3040  2439 2 
 310.65  3045  2507 2.5 
 310.68  3050  2575 2.5 
 310.7  3055  2643 2.5 
 310.72  3060  2712 2.5 
 310.75  3065  2780 2.5 
 310.77  3070  2849 3 
 310.8  3075  2917 2 
 310.82  3080  2986 2 
 310.84  3085  3055 3 
 310.87  3090  3124 3.5 
 310.89  3095  3193 3 
 310.92  3100  3262 4 
 310.94  3105  3331 4.5 
 310.96  3110  3400 5 
 310.99  3115  3470 3.5 
 311.01  3120  3539 4 
 311.04  3125  3609 5 
 311.06  3130  3679 5.5 
 311.08  3135  3749 6 
 311.11  3140  3819 7.5 
 311.13  3145  3889 7 
 311.16  3150  3959 11 
 311.18  3155  4029 10.5 
 311.2  3160  4100 7 
 311.23  3165  4170 9.5 
 311.25  3170  4241 14 
 311.28  3175  4312 11.5 
 311.3  3180  4383 9.5 
 311.32  3185  4454 12 
 311.35  3190  4525 16 
 311.37  3195  4596 14.5 
 311.4  3200  4667 15 
 311.42  3205  4739 24.5 
 311.44  3210  4811 23 
 311.47  3215  4882 22 
 311.49  3220  4954 19 
 311.52  3225  5026 17.5 
 311.54  3230  5098 21.5 
 311.57  3235  5170 29.5 
 311.59  3240  5243 44 
 311.61  3245  5315 37 
 311.64  3250  5388 26.5 
 311.66  3255  5460 36 
 311.69  3260  5533 52.5 
 311.71  3265  5606 67 
 311.73  3270  5679 63.5 
 311.76  3275  5753 54 
 311.78  3280  5826 46.5 
 311.81  3285  5899 56 
 311.83  3290  5973 86 
 311.86  3295  6047 101 
 311.88  3300  6121 103 
 311.9  3305  6195 73.5 
 311.93  3310  6269 68 
 311.95  3315  6343 79 
 311.98  3320  6417 96.5 
 312  3325  6492 105 
 312.03  3330  6567 107 
 312.05  3335  6641 85 
 312.07  3340  6716 78 
 312.1  3345  6791 121.5 
 312.12  3350  6867 127 
 312.15  3355  6942 152.5 
 312.17  3360  7017 100.5 
 312.2  3365  7093 115.5 
 312.22  3370  7169 89.5 
 312.24  3375  7245 106 
 312.27  3380  7321 116 
 312.29  3385  7397 146 
 312.32  3390  7473 147 
 312.34  3395  7550 141.5 
 312.37  3400  7626 159 
 312.39  3405  7703 153 
 312.41  3410  7780 152.5 
 312.44  3415  7857 152.5 
 312.46  3420  7934 182 
 312.49  3425  8012 175.5 
 312.51  3430  8089 188 
 312.54  3435  8167 172 
 312.56  3440  8245 119 
 312.59  3445  8323 130 
 312.61  3450  8401 174 
 312.64  3455  8479 179.5 
 312.66  3460  8557 163 
 312.69  3465  8636 184 
 312.71  3470  8715 190.5 
 312.74  3475  8794 155 
 312.76  3480  8873 190 
 312.79  3485  8952 192 
 312.81  3490  9031 170 
 312.84  3495  9111 184.5 
 312.86  3500  9191 238 
 312.99  3505  7382 256.5 
 313.01  3510  7462 237.5 
 313.04  3515  7542 222 
 313.06  3520  7623 242.5 
 313.09  3525  7703 199 
 313.11  3530  7783 248 
 313.14  3535  7864 272.5 
 313.16  3540  7945 286 
 313.19  3545  8026 274.5 
 313.21  3550  8107 292.5 
 313.24  3555  8188 268 
 313.26  3560  8269 273 
 313.29  3565  8351 237.5 
 313.31  3570  8432 206 
 313.34  3575  8514 231.5 
 313.36  3580  8596 204 
 313.39  3585  8678 163.5 
 313.41  3590  8760 238 
 313.44  3595  8843 300.5 
 313.46  3600  8925 328.5 
 313.49  3605  9008 245 
 313.51  3610  9091 226 
 313.54  3615  9174 273.5 
 313.56  3620  9257 221 
 313.59  3625  9341 316 
 313.61  3630  9424 297.5 
end
uxIntegration time is 0.2294 seconds per sampledt  2.8E-08 cy 1dh310817Tamanrasset 22.79-5.529 3.159365pr865dark 1.1 
 351.71  2900  576 2 
 351.74  2905  641 .75 
 351.77  2910  706 1 
 351.8  2915  772 1.5 
 351.83  2920  837 1 
 351.86  2925  903 1 
 351.9  2930  969 2 
 351.93  2935  1035 1.75 
 351.96  2940  1100 1.5 
 351.99  2945  1166 1.25 
 352.02  2950  1233 1.25 
 352.05  2955  1299 1 
 352.09  2960  1365 2 
 352.12  2965  1431 1.5 
 352.15  2970  1498 1 
 352.18  2975  1565 1.5 
 352.21  2980  1631 1.5 
 352.24  2985  1698 1.75 
 352.27  2990  1765 1.25 
 352.31  2995  1832 2 
 352.33  3000  1899 2 
 352.35  3005  1966 2.5 
 352.38  3010  2033 2 
 352.4  3015  2101 4.5 
 352.43  3020  2168 3.5 
 352.45  3025  2236 4.5 
 352.47  3030  2303 7.5 
 352.5  3035  2371 9.5 
 352.52  3040  2439 7 
 352.54  3045  2507 9.5 
 352.57  3050  2575 12.5 
 352.59  3055  2643 14.5 
 352.62  3060  2712 16 
 352.64  3065  2780 18 
 352.66  3070  2849 24.5 
 352.69  3075  2917 33.5 
 352.71  3080  2986 36 
 352.73  3085  3055 44.5 
 352.76  3090  3124 37.5 
 352.78  3095  3193 46.5 
 352.81  3100  3262 63.5 
 352.83  3105  3331 98.5 
 352.86  3110  3400 129.5 
 352.88  3115  3470 142.5 
 352.9  3120  3539 160 
 352.93  3125  3609 209.5 
 352.95  3130  3679 237.5 
 352.97  3135  3749 232.5 
 353  3140  3819 313.5 
 353.02  3145  3889 359.5 
 353.05  3150  3959 479 
 353.07  3155  4029 413 
 353.1  3160  4100 384.5 
 353.12  3165  4170 622.5 
 353.14  3170  4241 793.5 
 353.17  3175  4312 808 
 353.19  3180  4383 690.5 
 353.22  3185  4454 988.5 
 353.24  3190  4525 1227.5 
 353.26  3195  4596 1010.5 
 353.29  3200  4667 1125.5 
 353.31  3205  4739 1559 
 353.34  3210  4811 1611.5 
 353.36  3215  4882 1555 
 353.38  3220  4954 1591 
 353.41  3225  5026 1313 
 353.43  3230  5098 1413 
 353.46  3235  5170 2033 
 353.48  3240  5243 2401.5 
 353.51  3245  5315 2413.5 
 353.53  3250  5388 1998.5 
 353.55  3255  5460 2555 
 353.58  3260  5533 3405 
 353.6  3265  5606 3730.5 
 353.63  3270  5679 3766 
 353.65  3275  5753 3406 
 353.68  3280  5826 2896 
 353.7  3285  5899 3283 
 353.72  3290  5973 4150.5 
 353.75  3295  6047 4916.5 
 353.77  3300  6121 4967.5 
 353.8  3305  6195 3924.5 
 353.82  3310  6269 3844.5 
 353.85  3315  6343 3993 
 353.87  3320  6417 4608 
 353.89  3325  6492 4578 
 353.92  3330  6567 4608 
 353.94  3335  6641 4186 
 353.97  3340  6716 4130.5 
 353.99  3345  6791 4956 
 354.02  3350  6867 4781 
 354.04  3355  6942 5581.5 
 354.07  3360  7017 3942.5 
 354.09  3365  7093 4617 
 354.11  3370  7169 3748.5 
 354.14  3375  7245 4591.5 
 354.16  3380  7321 4601 
 354.19  3385  7397 5254.5 
 354.21  3390  7473 5328.5 
 354.24  3395  7550 5076 
 354.26  3400  7626 6092 
 354.28  3405  7703 5485.5 
 354.31  3410  7780 5455 
 354.33  3415  7857 5097.5 
 354.36  3420  7934 6039 
 354.38  3425  8012 5715.5 
 354.41  3430  8089 6235 
 354.43  3435  8167 5804 
 354.46  3440  8245 4081 
 354.48  3445  8323 4533 
 354.51  3450  8401 5928.5 
 354.53  3455  8479 5894.5 
 354.56  3460  8557 5220 
 354.58  3465  8636 5947 
 354.61  3470  8715 6171.5 
 354.63  3475  8794 4956 
 354.66  3480  8873 5972 
 354.68  3485  8952 5989.5 
 354.71  3490  9031 5270.5 
 354.73  3495  9111 5568.5 
 354.76  3500  9191 7092.5 
 354.89  3505  7382 7952.5 
 354.91  3510  7462 7217.5 
 354.94  3515  7542 6715.5 
 354.96  3520  7623 7583 
 354.99  3525  7703 5760.5 
 355.01  3530  7783 7283 
 355.04  3535  7864 7895 
 355.06  3540  7945 8302 
 355.09  3545  8026 8465 
 355.11  3550  8107 8455 
 355.14  3555  8188 7605.5 
 355.16  3560  8269 7951.5 
 355.19  3565  8351 7043 
 355.21  3570  8432 5754.5 
 355.24  3575  8514 7031.5 
 355.26  3580  8596 5642.5 
 355.29  3585  8678 4832 
 355.31  3590  8760 6630.5 
 355.34  3595  8843 8415.5 
 355.36  3600  8925 9054 
 355.39  3605  9008 7253 
 355.41  3610  9091 6521 
 355.44  3615  9174 7699.5 
 355.46  3620  9257 6485 
 355.49  3625  9341 9169 
 355.51  3630  9424 7934.5 
end
uxIntegration time is 0.2294 seconds per sampledt  2.8E-08 cy 1dh310817Tamanrasset 22.79-5.529 3.200151pr865dark 1.55 
 386.65  2900  576 .5 
 386.69  2905  641 1.25 
 386.72  2910  706 1.5 
 386.75  2915  772 1.5 
 386.78  2920  837 1 
 386.81  2925  903 1 
 386.84  2930  969 2 
 386.87  2935  1035 1.5 
 386.91  2940  1100 .75 
 386.94  2945  1166 1.5 
 386.97  2950  1233 1 
 387  2955  1299 1.5 
 387.03  2960  1365 1.5 
 387.07  2965  1431 2.25 
 387.1  2970  1498 1.5 
 387.13  2975  1565 2 
 387.16  2980  1631 1.75 
 387.19  2985  1698 2 
 387.22  2990  1765 2.25 
 387.25  2995  1832 3.5 
 387.28  3000  1899 4.5 
 387.3  3005  1966 4 
 387.33  3010  2033 5 
 387.35  3015  2101 6.5 
 387.37  3020  2168 9 
 387.4  3025  2236 12 
 387.42  3030  2303 25 
 387.45  3035  2371 34 
 387.47  3040  2439 31 
 387.49  3045  2507 48 
 387.52  3050  2575 78.5 
 387.54  3055  2643 91 
 387.57  3060  2712 87 
 387.59  3065  2780 118 
 387.61  3070  2849 201.5 
 387.64  3075  2917 266.5 
 387.66  3080  2986 307 
 387.69  3085  3055 364.5 
 387.71  3090  3124 337.5 
 387.73  3095  3193 445 
 387.76  3100  3262 503.5 
 387.78  3105  3331 815 
 387.81  3110  3400 1013.5 
 387.83  3115  3470 1050 
 387.86  3120  3539 1136 
 387.88  3125  3609 1421.5 
 387.9  3130  3679 1573 
 387.93  3135  3749 1598.5 
 387.95  3140  3819 2007 
 387.98  3145  3889 1931 
 388  3150  3959 2532 
 388.02  3155  4029 2184 
 388.05  3160  4100 1959.5 
 388.07  3165  4170 2941.5 
 388.1  3170  4241 3623 
 388.12  3175  4312 3723.5 
 388.14  3180  4383 2979.5 
 388.17  3185  4454 3914.5 
 388.19  3190  4525 4654 
 388.22  3195  4596 3854.5 
 388.24  3200  4667 4531 
 388.27  3205  4739 5742.5 
 388.29  3210  4811 5326.5 
 388.31  3215  4882 5089 
 388.34  3220  4954 5564 
 388.36  3225  5026 4768.5 
 388.39  3230  5098 4792.5 
 388.41  3235  5170 6027.5 
 388.44  3240  5243 7029 
 388.46  3245  5315 7228 
 388.48  3250  5388 6307.5 
 388.51  3255  5460 7959 
 388.53  3260  5533 9822.5 
 388.56  3265  5606 10163 
 388.58  3270  5679 10273 
 388.61  3275  5753 9656.5 
 388.63  3280  5826 8737.5 
 388.65  3285  5899 9184.5 
 388.68  3290  5973 10964 
 388.7  3295  6047 12823 
 388.73  3300  6121 13007 
 388.75  3305  6195 10635 
 388.78  3310  6269 10624.5 
 388.8  3315  6343 10692 
 388.83  3320  6417 11841 
 388.86  3325  6492 11658 
 388.89  3330  6567 11675 
 388.92  3335  6641 10802.5 
 388.94  3340  6716 10810.5 
 388.96  3345  6791 12573.5 
 388.99  3350  6867 11938 
 389.01  3355  6942 13712.5 
 389.04  3360  7017 9740 
 389.06  3365  7093 11574.5 
 389.09  3370  7169 9509 
 389.11  3375  7245 11717.5 
 389.13  3380  7321 11542 
 389.16  3385  7397 13005 
 389.18  3390  7473 12900 
 389.21  3395  7550 12566 
 389.23  3400  7626 15046.5 
 389.26  3405  7703 12826 
 389.28  3410  7780 10011 
 389.31  3415  7857 11583.5 
 389.33  3420  7934 14549.5 
 389.36  3425  8012 13698 
 389.38  3430  8089 15021.5 
 389.4  3435  8167 13881 
 389.43  3440  8245 9226 
 389.46  3445  8323 11005 
 389.48  3450  8401 14287.5 
 389.51  3455  8479 14063 
 389.53  3460  8557 12335 
 389.56  3465  8636 14168.5 
 389.58  3470  8715 14805.5 
 389.61  3475  8794 11857.5 
 389.63  3480  8873 14157.5 
 389.66  3485  8952 14307 
 389.68  3490  9031 12693.5 
 389.71  3495  9111 13259 
 389.73  3500  9191 17070 
 389.86  3505  7382 18865.5 
 389.88  3510  7462 17261.5 
 389.91  3515  7542 16137 
 389.93  3520  7623 17998 
 389.96  3525  7703 13785.5 
 389.99  3530  7783 17465.5 
 390.02  3535  7864 18708 
 390.04  3540  7945 19734.5 
 390.07  3545  8026 20081 
 390.09  3550  8107 20237 
 390.12  3555  8188 18106.5 
 390.14  3560  8269 18929.5 
 390.17  3565  8351 16625.5 
 390.19  3570  8432 13610.5 
 390.22  3575  8514 16699.5 
 390.24  3580  8596 13314 
 390.27  3585  8678 11417 
 390.29  3590  8760 15786.5 
 390.32  3595  8843 20024 
 390.34  3600  8925 21502.5 
 390.37  3605  9008 17160.5 
 390.39  3610  9091 15667.5 
 390.42  3615  9174 18474 
 390.44  3620  9257 15373 
 390.47  3625  9341 21808.5 
 390.49  3630  9424 18662 
end
uxIntegration time is 0.2294 seconds per sampledt  2.8E-08 cy 1dh310817Tamanrasset 22.79-5.529 3.348003pr865dark 1.35 
 432.62  2900  576 2 
 432.65  2905  641 1.5 
 432.68  2910  706 1.75 
 432.71  2915  772 1.25 
 432.74  2920  837 2 
 432.77  2925  903 1.25 
 432.81  2930  969 1.75 
 432.84  2935  1035 1.75 
 432.87  2940  1100 1 
 432.9  2945  1166 1.25 
 432.93  2950  1233 1.5 
 432.96  2955  1299 1.25 
 433  2960  1365 2 
 433.03  2965  1431 2.25 
 433.06  2970  1498 2.25 
 433.09  2975  1565 4.25 
 433.12  2980  1631 5 
 433.15  2985  1698 6.75 
 433.18  2990  1765 10.75 
 433.22  2995  1832 14.75 
 433.24  3000  1899 21 
 433.26  3005  1966 26.5 
 433.29  3010  2033 51 
 433.31  3015  2101 66.5 
 433.34  3020  2168 66.5 
 433.36  3025  2236 137 
 433.38  3030  2303 238 
 433.41  3035  2371 305 
 433.43  3040  2439 304 
 433.46  3045  2507 433.5 
 433.48  3050  2575 628 
 433.5  3055  2643 680.5 
 433.53  3060  2712 699.5 
 433.55  3065  2780 862 
 433.58  3070  2849 1235.5 
 433.6  3075  2917 1543 
 433.62  3080  2986 1681 
 433.65  3085  3055 1941.5 
 433.67  3090  3124 1718 
 433.7  3095  3193 2025.5 
 433.72  3100  3262 2126.5 
 433.74  3105  3331 3441.5 
 433.77  3110  3400 4183 
 433.79  3115  3470 4154 
 433.82  3120  3539 4093 
 433.84  3125  3609 4992 
 433.86  3130  3679 5301.5 
 433.89  3135  3749 5373 
 433.91  3140  3819 6415 
 433.94  3145  3889 5703 
 433.96  3150  3959 7439 
 433.98  3155  4029 6468.5 
 434.01  3160  4100 5529.5 
 434.03  3165  4170 7801.5 
 434.06  3170  4241 9688 
 434.08  3175  4312 10219 
 434.11  3180  4383 7838.5 
 434.13  3185  4454 9446 
 434.15  3190  4525 11016.5 
 434.18  3195  4596 9411 
 434.2  3200  4667 11291 
 434.23  3205  4739 13565.5 
 434.25  3210  4811 11948.5 
 434.28  3215  4882 11307.5 
 434.3  3220  4954 12833 
 434.32  3225  5026 10961 
 434.35  3230  5098 10706 
 434.37  3235  5170 12747.5 
 434.4  3240  5243 14689.5 
 434.42  3245  5315 15368 
 434.45  3250  5388 13883.5 
 434.47  3255  5460 17146 
 434.5  3260  5533 20579.5 
 434.52  3265  5606 20692.5 
 434.54  3270  5679 20910.5 
 434.57  3275  5753 20020 
 434.59  3280  5826 18498 
 434.62  3285  5899 18785 
 434.64  3290  5973 22060.5 
 434.67  3295  6047 25065.5 
 434.69  3300  6121 25792 
 434.71  3305  6195 21491 
 434.74  3310  6269 21550.5 
 434.76  3315  6343 21540 
 434.79  3320  6417 23149 
 434.81  3325  6492 22672.5 
 434.84  3330  6567 22926.5 
 434.86  3335  6641 21365 
 434.88  3340  6716 21636 
 434.91  3345  6791 24753.5 
 434.93  3350  6867 23208 
 434.96  3355  6942 26524 
 434.98  3360  7017 18603 
 435.01  3365  7093 22455 
 435.03  3370  7169 18355 
 435.06  3375  7245 22825.5 
 435.08  3380  7321 22180 
 435.1  3385  7397 24995 
 435.13  3390  7473 25146 
 435.15  3395  7550 24223.5 
 435.18  3400  7626 29178 
 435.2  3405  7703 26158 
 435.23  3410  7780 25393 
 435.25  3415  7857 23553.5 
 435.28  3420  7934 28208 
 435.3  3425  8012 26449 
 435.33  3430  8089 28939.5 
 435.35  3435  8167 27078 
 435.38  3440  8245 19280.5 
 435.4  3445  8323 21236.5 
 435.43  3450  8401 27511 
 435.45  3455  8479 27266.5 
 435.48  3460  8557 23783 
 435.5  3465  8636 27252.5 
 435.53  3470  8715 28437 
 435.55  3475  8794 22867.5 
 435.58  3480  8873 27286.5 
 435.6  3485  8952 27364 
 435.63  3490  9031 23949 
 435.65  3495  9111 25304 
 435.67  3500  9191 32546 
 435.8  3505  7382 36096.5 
 435.83  3510  7462 32845 
 435.85  3515  7542 30963 
 435.88  3520  7623 34546 
 435.9  3525  7703 26316.5 
 435.92  3530  7783 33568.5 
 435.95  3535  7864 35919 
 435.98  3540  7945 37730.5 
 436  3545  8026 38215.5 
 436.02  3550  8107 38566 
 436.05  3555  8188 34640 
 436.07  3560  8269 36131 
 436.1  3565  8351 31493 
 436.12  3570  8432 25958.5 
 436.15  3575  8514 31995.5 
 436.17  3580  8596 25416.5 
 436.2  3585  8678 21602 
 436.22  3590  8760 30377 
 436.25  3595  8843 38396.5 
 436.27  3600  8925 40966.5 
 436.3  3605  9008 32457.5 
 436.32  3610  9091 29757.5 
 436.35  3615  9174 34856.5 
 436.37  3620  9257 29491 
 436.4  3625  9341 41638 
 436.42  3630  9424 35196.5 
end
uxIntegration time is 0.2294 seconds per sampledt  2.8E-08 cy 1dh310817Tamanrasset 22.79-5.529 3.50605pr865dark 1.6 
 478.78  2900  576 2.25 
 478.81  2905  641 2.25 
 478.84  2910  706 1.75 
 478.87  2915  772 1.5 
 478.9  2920  837 1.75 
 478.93  2925  903 1.75 
 478.97  2930  969 2 
 479  2935  1035 2 
 479.03  2940  1100 2 
 479.06  2945  1166 2.5 
 479.09  2950  1233 2.75 
 479.12  2955  1299 4.5 
 479.16  2960  1365 6.5 
 479.19  2965  1431 9 
 479.22  2970  1498 11.5 
 479.25  2975  1565 23.75 
 479.28  2980  1631 30.75 
 479.31  2985  1698 32.75 
 479.35  2990  1765 63.5 
 479.38  2995  1832 88.5 
 479.4  3000  1899 92.5 
 479.42  3005  1966 127.5 
 479.45  3010  2033 214 
 479.47  3015  2101 298.5 
 479.5  3020  2168 257.5 
 479.52  3025  2236 493 
 479.54  3030  2303 805 
 479.57  3035  2371 965 
 479.59  3040  2439 944.5 
 479.62  3045  2507 1254 
 479.64  3050  2575 1754 
 479.66  3055  2643 1846 
 479.69  3060  2712 1754 
 479.71  3065  2780 2118.5 
 479.74  3070  2849 2902 
 479.76  3075  2917 3433 
 479.78  3080  2986 3670 
 479.81  3085  3055 4156 
 479.83  3090  3124 3625 
 479.86  3095  3193 4029 
 479.88  3100  3262 4090 
 479.9  3105  3331 6532 
 479.93  3110  3400 7863 
 479.95  3115  3470 7762 
 479.98  3120  3539 7339.5 
 480  3125  3609 8623 
 480.03  3130  3679 9191 
 480.05  3135  3749 9380 
 480.07  3140  3819 11016.5 
 480.1  3145  3889 9374 
 480.12  3150  3959 12239 
 480.15  3155  4029 10849.5 
 480.17  3160  4100 9023.5 
 480.19  3165  4170 12594.5 
 480.22  3170  4241 15545.5 
 480.24  3175  4312 16379.5 
 480.27  3180  4383 12463 
 480.29  3185  4454 14644.5 
 480.31  3190  4525 16948 
 480.34  3195  4596 14645.5 
 480.36  3200  4667 17605 
 480.39  3205  4739 20773 
 480.41  3210  4811 17886 
 480.44  3215  4882 16822.5 
 480.46  3220  4954 19406 
 480.48  3225  5026 16804.5 
 480.51  3230  5098 15998.5 
 480.53  3235  5170 18616 
 480.56  3240  5243 21294.5 
 480.58  3245  5315 22532 
 480.61  3250  5388 20581 
 480.63  3255  5460 25199 
 480.66  3260  5533 30003 
 480.68  3265  5606 29618.5 
 480.7  3270  5679 30200.5 
 480.73  3275  5753 29189 
 480.75  3280  5826 27359 
 480.78  3285  5899 27218.5 
 480.8  3290  5973 31436.5 
 480.83  3295  6047 36040.5 
 480.85  3300  6121 36706 
 480.87  3305  6195 30694 
 480.9  3310  6269 30968 
 480.92  3315  6343 30733 
 480.95  3320  6417 32870.5 
 480.97  3325  6492 32037.5 
 481  3330  6567 32245.5 
 481.02  3335  6641 30501.5 
 481.05  3340  6716 30784 
 481.07  3345  6791 35358.5 
 481.1  3350  6867 33137 
 481.12  3355  6942 38142 
 481.14  3360  7017 26945 
 481.17  3365  7093 32545 
 481.19  3370  7169 26809.5 
 481.22  3375  7245 33076.5 
 481.24  3380  7321 32112 
 481.27  3385  7397 35690.5 
 481.29  3390  7473 35840.5 
 481.32  3395  7550 34680.5 
 481.34  3400  7626 41996 
 481.36  3405  7703 37594 
 481.39  3410  7780 36461 
 481.41  3415  7857 33573.5 
 481.44  3420  7934 40211.5 
 481.46  3425  8012 37566.5 
 481.49  3430  8089 40957.5 
 481.51  3435  8167 38702 
 481.54  3440  8245 27607.5 
 481.56  3445  8323 30714 
 481.59  3450  8401 40426 
 481.61  3455  8479 40297 
 481.63  3460  8557 35439 
 481.66  3465  8636 40909 
 481.69  3470  8715 43215 
 481.71  3475  8794 35003 
 481.73  3480  8873 42261.5 
 481.76  3485  8952 43061 
 481.78  3490  9031 38069 
 481.81  3495  9111 41559.5 
 481.84  3500  9191 54519 
 481.96  3505  7382 59934.5 
 481.99  3510  7462 53014.5 
 482.01  3515  7542 47880 
 482.04  3520  7623 51544.5 
 482.06  3525  7703 38285 
 482.09  3530  7783 47533.5 
 482.11  3535  7864 50292 
 482.14  3540  7945 52032.5 
 482.16  3545  8026 52048 
 482.19  3550  8107 52165 
 482.21  3555  8188 46509.5 
 482.24  3560  8269 48445.5 
 482.26  3565  8351 42374 
 482.29  3570  8432 34573.5 
 482.31  3575  8514 42540 
 482.34  3580  8596 34083.5 
 482.36  3585  8678 28947 
 482.39  3590  8760 40797.5 
 482.41  3595  8843 52316 
 482.44  3600  8925 56551 
 482.46  3605  9008 45036 
 482.49  3610  9091 41257.5 
 482.51  3615  9174 48350 
 482.54  3620  9257 40450.5 
 482.56  3625  9341 56851.5 
 482.59  3630  9424 48125.5 
end
uxIntegration time is 0.2294 seconds per sampledt  2.8E-08 cy 1dh310817Tamanrasset 22.79-5.529 3.602918pr865dark 1.8 
 526.7  2900  576 2.25 
 526.73  2905  641 2 
 526.77  2910  706 2 
 526.8  2915  772 2.75 
 526.83  2920  837 2.75 
 526.86  2925  903 3.5 
 526.89  2930  969 3.5 
 526.92  2935  1035 4.25 
 526.95  2940  1100 7 
 526.98  2945  1166 10.25 
 527.02  2950  1233 12.75 
 527.05  2955  1299 28.5 
 527.08  2960  1365 44.5 
 527.11  2965  1431 50.25 
 527.14  2970  1498 65 
 527.18  2975  1565 138.25 
 527.21  2980  1631 171.75 
 527.24  2985  1698 161 
 527.27  2990  1765 306.5 
 527.3  2995  1832 411.75 
 527.33  3000  1899 416 
 527.35  3005  1966 539.5 
 527.37  3010  2033 827 
 527.4  3015  2101 1105 
 527.42  3020  2168 938 
 527.45  3025  2236 1679 
 527.47  3030  2303 2581 
 527.49  3035  2371 3052 
 527.52  3040  2439 2881.5 
 527.54  3045  2507 3659.5 
 527.57  3050  2575 4811.5 
 527.59  3055  2643 4966.5 
 527.62  3060  2712 4718 
 527.64  3065  2780 5484 
 527.66  3070  2849 7243 
 527.69  3075  2917 8297 
 527.71  3080  2986 8682 
 527.74  3085  3055 9656.5 
 527.76  3090  3124 8400.5 
 527.78  3095  3193 8944 
 527.81  3100  3262 9027.5 
 527.83  3105  3331 14025.5 
 527.86  3110  3400 17026 
 527.88  3115  3470 16308 
 527.91  3120  3539 15319 
 527.93  3125  3609 17512 
 527.95  3130  3679 18377 
 527.98  3135  3749 18716.5 
 528  3140  3819 21880 
 528.03  3145  3889 18075 
 528.05  3150  3959 23245.5 
 528.07  3155  4029 20569 
 528.1  3160  4100 16647.5 
 528.12  3165  4170 22818 
 528.15  3170  4241 28182 
 528.17  3175  4312 29979 
 528.2  3180  4383 22476.5 
 528.22  3185  4454 25889.5 
 528.24  3190  4525 29902.5 
 528.27  3195  4596 26033 
 528.29  3200  4667 31661.5 
 528.32  3205  4739 36572 
 528.34  3210  4811 31001.5 
 528.37  3215  4882 28994.5 
 528.39  3220  4954 33915.5 
 528.41  3225  5026 29367.5 
 528.44  3230  5098 27458 
 528.46  3235  5170 31575.5 
 528.49  3240  5243 36203.5 
 528.51  3245  5315 38426 
 528.53  3250  5388 35295.5 
 528.56  3255  5460 42862.5 
 528.58  3260  5533 50848 
 528.61  3265  5606 49584.5 
 528.63  3270  5679 50227.5 
 528.66  3275  5753 48739 
 528.68  3280  5826 45723.5 
 528.71  3285  5899 45435 
 528.73  3290  5973 51466 
 528.76  3295  6047 58822.5 
 528.78  3300  6121 60097.5 
 528.8  3305  6195 50653 
 528.83  3310  6269 50953.5 
 528.85  3315  6343 50225.5 
 528.88  3320  6417 53474 
 528.9  3325  6492 51745.5 
 528.93  3330  6567 52230 
 528.95  3335  6641 49346.5 
 528.98  3340  6716 49467.5 
 529  3345  6791 56040.5 
 529.02  3350  6867 51988 
 529.05  3355  6942 59060 
 529.07  3360  7017 41357.5 
 529.1  3365  7093 49658 
 529.12  3370  7169 41040 
 529.15  3375  7245 51226 
 529.17  3380  7321 49725 
 529.2  3385  7397 55494.5 
 529.22  3390  7473 56059 
 529.25  3395  7550 54223.5 
 529.27  3400  7626 66237 
 529.29  3405  7703 59658.5 
 529.32  3410  7780 57993.5 
 529.34  3415  7857 53845.5 
 529.37  3420  7934 64678 
 529.39  3425  8012 60530.5 
 529.42  3430  8089 66384 
 529.44  3435  8167 62465 
 529.47  3440  8245 44489.5 
 529.49  3445  8323 48767.5 
 529.52  3450  8401 63138 
 529.54  3455  8479 62720 
 529.57  3460  8557 54443.5 
 529.59  3465  8636 62067 
 529.62  3470  8715 65414.5 
 529.64  3475  8794 52428.5 
 529.67  3480  8873 62431 
 529.69  3485  8952 62247.5 
 529.72  3490  9031 54236.5 
 529.74  3495  9111 57400.5 
 529.77  3500  9191 73990 
 529.9  3505  7382 81727 
 529.92  3510  7462 74338 
 529.95  3515  7542 69646 
 529.97  3520  7623 77757.5 
 530  3525  7703 59257.5 
 530.02  3530  7783 75246 
 530.05  3535  7864 80811.5 
 530.07  3540  7945 84819 
 530.1  3545  8026 85761 
 530.12  3550  8107 86698 
 530.15  3555  8188 77832 
 530.17  3560  8269 81284.5 
 530.2  3565  8351 71233 
 530.22  3570  8432 58373.5 
 530.25  3575  8514 72083 
 530.27  3580  8596 57636 
 530.3  3585  8678 48738.5 
 530.32  3590  8760 68160.5 
 530.35  3595  8843 86346 
 530.37  3600  8925 92492 
 530.4  3605  9008 73375 
 530.42  3610  9091 66794 
 530.45  3615  9174 78275 
 530.47  3620  9257 65739.5 
 530.5  3625  9341 92667.5 
 530.52  3630  9424 79541.5 
end
uxIntegration time is 0.2294 seconds per sampledt  2.8E-08 cy 1dh310817Tamanrasset 22.79-5.529 3.725278pr865dark 2.1 
 572.77  2900  576 2 
 572.8  2905  641 2.75 
 572.83  2910  706 2.75 
 572.86  2915  772 3.75 
 572.89  2920  837 5.25 
 572.92  2925  903 4.5 
 572.96  2930  969 8 
 572.99  2935  1035 12 
 573.02  2940  1100 16.5 
 573.05  2945  1166 25.75 
 573.08  2950  1233 38.75 
 573.11  2955  1299 73.75 
 573.15  2960  1365 112.75 
 573.18  2965  1431 124.25 
 573.21  2970  1498 146.25 
 573.24  2975  1565 307.5 
 573.27  2980  1631 357 
 573.3  2985  1698 333.25 
 573.34  2990  1765 605.5 
 573.37  2995  1832 789.25 
 573.39  3000  1899 761.5 
 573.42  3005  1966 981 
 573.44  3010  2033 1442.5 
 573.46  3015  2101 1875 
 573.49  3020  2168 1580.5 
 573.51  3025  2236 2719.5 
 573.54  3030  2303 4132.5 
 573.56  3035  2371 4819 
 573.58  3040  2439 4465 
 573.61  3045  2507 5685.5 
 573.63  3050  2575 7275.5 
 573.66  3055  2643 7390.5 
 573.68  3060  2712 6912 
 573.7  3065  2780 8005.5 
 573.73  3070  2849 10216.5 
 573.75  3075  2917 11458 
 573.78  3080  2986 11874.5 
 573.8  3085  3055 13042.5 
 573.82  3090  3124 11171 
 573.85  3095  3193 11816.5 
 573.87  3100  3262 11670.5 
 573.9  3105  3331 18445.5 
 573.92  3110  3400 22180 
 573.95  3115  3470 21266 
 573.97  3120  3539 19541.5 
 573.99  3125  3609 22308.5 
 574.02  3130  3679 23398.5 
 574.04  3135  3749 23712.5 
 574.07  3140  3819 27637 
 574.09  3145  3889 22615.5 
 574.11  3150  3959 29131.5 
 574.14  3155  4029 25819.5 
 574.16  3160  4100 20813 
 574.19  3165  4170 28256 
 574.21  3170  4241 34866.5 
 574.24  3175  4312 36980.5 
 574.26  3180  4383 27574.5 
 574.28  3185  4454 31323.5 
 574.31  3190  4525 36135 
 574.33  3195  4596 31512.5 
 574.36  3200  4667 38239 
 574.38  3205  4739 43773.5 
 574.4  3210  4811 36787.5 
 574.43  3215  4882 34309.5 
 574.45  3220  4954 40566 
 574.48  3225  5026 35141.5 
 574.5  3230  5098 32769.5 
 574.53  3235  5170 37234 
 574.55  3240  5243 42597.5 
 574.57  3245  5315 45071 
 574.6  3250  5388 41959 
 574.62  3255  5460 50929 
 574.65  3260  5533 59920.5 
 574.67  3265  5606 58201.5 
 574.7  3270  5679 59097.5 
 574.72  3275  5753 57418.5 
 574.75  3280  5826 54159.5 
 574.77  3285  5899 53493 
 574.79  3290  5973 60840 
 574.82  3295  6047 69500 
 574.84  3300  6121 71286 
 574.87  3305  6195 60021.5 
 574.89  3310  6269 60919 
 574.92  3315  6343 60444.5 
 574.94  3320  6417 64017 
 574.97  3325  6492 62126.5 
 574.99  3330  6567 62552.5 
 575.01  3335  6641 59269.5 
 575.04  3340  6716 59619 
 575.06  3345  6791 67312.5 
 575.09  3350  6867 62469 
 575.11  3355  6942 71588 
 575.14  3360  7017 50184 
 575.16  3365  7093 60811 
 575.18  3370  7169 49733.5 
 575.21  3375  7245 61390.5 
 575.23  3380  7321 58142.5 
 575.26  3385  7397 64442 
 575.28  3390  7473 64977.5 
 575.31  3395  7550 63563 
 575.33  3400  7626 78139.5 
 575.36  3405  7703 70444 
 575.38  3410  7780 68416.5 
 575.41  3415  7857 63417.5 
 575.43  3420  7934 75845 
 575.46  3425  8012 70957 
 575.48  3430  8089 77813.5 
 575.5  3435  8167 72850.5 
 575.53  3440  8245 51868.5 
 575.55  3445  8323 57267.5 
 575.58  3450  8401 74325.5 
 575.6  3455  8479 73240 
 575.63  3460  8557 63174 
 575.65  3465  8636 71642 
 575.68  3470  8715 74551.5 
 575.7  3475  8794 59650 
 575.73  3480  8873 71256.5 
 575.75  3485  8952 71031 
 575.78  3490  9031 61616.5 
 575.8  3495  9111 64795 
 575.83  3500  9191 84070.5 
 575.96  3505  7382 89934.5 
 575.98  3510  7462 80680.5 
 576.01  3515  7542 74512 
 576.03  3520  7623 82566.5 
 576.06  3525  7703 63007 
 576.08  3530  7783 80649 
 576.1  3535  7864 88390.5 
 576.13  3540  7945 94743 
 576.16  3545  8026 98250.5 
 576.18  3550  8107 101088.5 
 576.2  3555  8188 91593.5 
 576.23  3560  8269 95927.5 
 576.25  3565  8351 84280.5 
 576.28  3570  8432 69003 
 576.3  3575  8514 85260 
 576.33  3580  8596 67948 
 576.35  3585  8678 57343 
 576.38  3590  8760 80038 
 576.4  3595  8843 101341 
 576.43  3600  8925 107899.5 
 576.45  3605  9008 84896.5 
 576.48  3610  9091 76762.5 
 576.5  3615  9174 89629 
 576.53  3620  9257 75418 
 576.55  3625  9341 106404.5 
 576.58  3630  9424 90475.5 
end
uxIntegration time is 0.2294 seconds per sampledt  2.8E-08 cy 1dh310817Tamanrasset 22.79-5.529 3.80685pr865dark 2.25 
 618.75  2900  576 3.75 
 618.78  2905  641 4 
 618.81  2910  706 4.5 
 618.84  2915  772 6 
 618.87  2920  837 9.5 
 618.91  2925  903 9 
 618.94  2930  969 17 
 618.97  2935  1035 29.75 
 619  2940  1100 39.25 
 619.03  2945  1166 51 
 619.06  2950  1233 82.25 
 619.1  2955  1299 139.5 
 619.13  2960  1365 214 
 619.16  2965  1431 224 
 619.19  2970  1498 273.75 
 619.22  2975  1565 556.5 
 619.26  2980  1631 635.75 
 619.29  2985  1698 589 
 619.32  2990  1765 1050.5 
 619.35  2995  1832 1302.25 
 619.37  3000  1899 1216.5 
 619.4  3005  1966 1565 
 619.42  3010  2033 2284 
 619.45  3015  2101 2839.5 
 619.47  3020  2168 2345.5 
 619.49  3025  2236 4081 
 619.52  3030  2303 5945.5 
 619.54  3035  2371 6741.5 
 619.57  3040  2439 6089 
 619.59  3045  2507 7522 
 619.61  3050  2575 9274.5 
 619.64  3055  2643 9191.5 
 619.66  3060  2712 8625.5 
 619.69  3065  2780 9976.5 
 619.71  3070  2849 12811 
 619.73  3075  2917 14758 
 619.76  3080  2986 15387 
 619.78  3085  3055 17063 
 619.81  3090  3124 14556 
 619.83  3095  3193 15375 
 619.85  3100  3262 15033 
 619.88  3105  3331 23772.5 
 619.9  3110  3400 28125 
 619.93  3115  3470 26990.5 
 619.95  3120  3539 24564 
 619.98  3125  3609 28052.5 
 620  3130  3679 28875.5 
 620.02  3135  3749 29251.5 
 620.05  3140  3819 33390 
 620.07  3145  3889 27242 
 620.1  3150  3959 35060 
 620.12  3155  4029 30834.5 
 620.14  3160  4100 24781 
 620.17  3165  4170 33269 
 620.19  3170  4241 40856 
 620.22  3175  4312 43071 
 620.24  3180  4383 31779.5 
 620.27  3185  4454 36048.5 
 620.29  3190  4525 40416 
 620.31  3195  4596 35746.5 
 620.34  3200  4667 42982 
 620.36  3205  4739 49217 
 620.39  3210  4811 41145 
 620.41  3215  4882 39019.5 
 620.44  3220  4954 46048.5 
 620.46  3225  5026 39641 
 620.48  3230  5098 36887.5 
 620.51  3235  5170 41577.5 
 620.53  3240  5243 47360 
 620.56  3245  5315 50459.5 
 620.58  3250  5388 46819 
 620.61  3255  5460 56987 
 620.63  3260  5533 66264.5 
 620.65  3265  5606 63819 
 620.68  3270  5679 64290.5 
 620.7  3275  5753 62061.5 
 620.73  3280  5826 59272 
 620.75  3285  5899 58881.5 
 620.78  3290  5973 67651 
 620.8  3295  6047 76511 
 620.83  3300  6121 78016.5 
 620.85  3305  6195 65342 
 620.87  3310  6269 66751.5 
 620.9  3315  6343 66284.5 
 620.92  3320  6417 70320 
 620.95  3325  6492 68126.5 
 620.97  3330  6567 68768.5 
 621  3335  6641 65519.5 
 621.02  3340  6716 68039.5 
 621.05  3345  6791 78029 
 621.07  3350  6867 73492 
 621.1  3355  6942 83006.5 
 621.12  3360  7017 56869.5 
 621.14  3365  7093 68740 
 621.17  3370  7169 55871.5 
 621.19  3375  7245 69555.5 
 621.22  3380  7321 65248 
 621.24  3385  7397 72440 
 621.27  3390  7473 71317.5 
 621.29  3395  7550 69177.5 
 621.32  3400  7626 83802.5 
 621.34  3405  7703 75192 
 621.36  3410  7780 72825.5 
 621.39  3415  7857 67610.5 
 621.41  3420  7934 80697.5 
 621.44  3425  8012 76444.5 
 621.46  3430  8089 85673.5 
 621.49  3435  8167 82628 
 621.51  3440  8245 59432 
 621.54  3445  8323 66400 
 621.56  3450  8401 84466.5 
 621.59  3455  8479 81171.5 
 621.61  3460  8557 68365.5 
 621.64  3465  8636 76155.5 
 621.66  3470  8715 77456.5 
 621.69  3475  8794 60556.5 
 621.71  3480  8873 71220 
 621.74  3485  8952 71003.5 
 621.76  3490  9031 61778 
 621.79  3495  9111 65983.5 
 621.81  3500  9191 85886.5 
 621.94  3505  7382 98006.5 
 621.97  3510  7462 90138 
 621.99  3515  7542 84593.5 
 622.02  3520  7623 91630.5 
 622.04  3525  7703 69182 
 622.07  3530  7783 86222 
 622.09  3535  7864 92742.5 
 622.12  3540  7945 97922.5 
 622.14  3545  8026 100353.5 
 622.17  3550  8107 100964 
 622.19  3555  8188 89680 
 622.22  3560  8269 92532 
 622.24  3565  8351 80533 
 622.27  3570  8432 66482.5 
 622.29  3575  8514 81890.5 
 622.32  3580  8596 64278 
 622.34  3585  8678 53747.5 
 622.37  3590  8760 74254 
 622.39  3595  8843 92810 
 622.42  3600  8925 99522.5 
 622.44  3605  9008 80137 
 622.47  3610  9091 74281 
 622.49  3615  9174 87199 
 622.52  3620  9257 74322 
 622.54  3625  9341 105729 
 622.57  3630  9424 89873 
end
uxIntegration time is 0.2294 seconds per sampledt  2.8E-08 cy 1dh310817Tamanrasset 22.79-5.529 3.924112pr865dark 3.5 
 666.13  2900  576 4 
 666.16  2905  641 4.5 
 666.2  2910  706 5.75 
 666.23  2915  772 9.5 
 666.26  2920  837 12.75 
 666.29  2925  903 14.75 
 666.32  2930  969 25.25 
 666.35  2935  1035 38 
 666.38  2940  1100 51.25 
 666.42  2945  1166 74 
 666.45  2950  1233 121.25 
 666.48  2955  1299 215.25 
 666.51  2960  1365 330.75 
 666.54  2965  1431 339 
 666.57  2970  1498 398.5 
 666.61  2975  1565 802.75 
 666.64  2980  1631 889.75 
 666.67  2985  1698 834.25 
 666.7  2990  1765 1453.25 
 666.73  2995  1832 1803.75 
 666.76  3000  1899 1690.5 
 666.78  3005  1966 2113.5 
 666.8  3010  2033 3048 
 666.83  3015  2101 3853.5 
 666.85  3020  2168 3132 
 666.88  3025  2236 5354.5 
 666.9  3030  2303 7881 
 666.92  3035  2371 8910 
 666.95  3040  2439 8212.5 
 666.97  3045  2507 10294 
 667  3050  2575 12718 
 667.02  3055  2643 12714 
 667.05  3060  2712 11920 
 667.07  3065  2780 13621.5 
 667.09  3070  2849 17291.5 
 667.12  3075  2917 19292 
 667.14  3080  2986 20034.5 
 667.17  3085  3055 21636.5 
 667.19  3090  3124 18152.5 
 667.22  3095  3193 18653.5 
 667.24  3100  3262 17970.5 
 667.26  3105  3331 28151.5 
 667.29  3110  3400 33005.5 
 667.31  3115  3470 30710.5 
 667.34  3120  3539 27505.5 
 667.36  3125  3609 31698 
 667.38  3130  3679 33621.5 
 667.41  3135  3749 35145.5 
 667.43  3140  3819 41205.5 
 667.46  3145  3889 33981.5 
 667.48  3150  3959 43881.5 
 667.51  3155  4029 38604.5 
 667.53  3160  4100 30928 
 667.55  3165  4170 41995 
 667.58  3170  4241 52201.5 
 667.6  3175  4312 54992.5 
 667.63  3180  4383 40480 
 667.65  3185  4454 45098.5 
 667.67  3190  4525 50071 
 667.7  3195  4596 42805.5 
 667.72  3200  4667 51594 
 667.75  3205  4739 59503 
 667.77  3210  4811 50580.5 
 667.8  3215  4882 48318.5 
 667.82  3220  4954 55671.5 
 667.85  3225  5026 45608.5 
 667.87  3230  5098 40241 
 667.89  3235  5170 43594 
 667.92  3240  5243 48825 
 667.94  3245  5315 51860 
 667.97  3250  5388 48746.5 
 667.99  3255  5460 59841.5 
 668.02  3260  5533 70470 
 668.04  3265  5606 68363.5 
 668.06  3270  5679 67836 
 668.09  3275  5753 63730 
 668.11  3280  5826 57155.5 
 668.14  3285  5899 54385.5 
 668.16  3290  5973 61043 
 668.19  3295  6047 69355 
 668.21  3300  6121 70501.5 
 668.24  3305  6195 58117 
 668.26  3310  6269 57677 
 668.28  3315  6343 56519 
 668.31  3320  6417 59132.5 
 668.33  3325  6492 57227.5 
 668.36  3330  6567 56877.5 
 668.38  3335  6641 52771 
 668.41  3340  6716 52448.5 
 668.43  3345  6791 58158 
 668.46  3350  6867 53695 
 668.48  3355  6942 60595 
 668.5  3360  7017 42243.5 
 668.53  3365  7093 51038 
 668.55  3370  7169 41954 
 668.58  3375  7245 52444 
 668.6  3380  7321 49831.5 
 668.63  3385  7397 55826 
 668.65  3390  7473 55657 
 668.68  3395  7550 54071 
 668.7  3400  7626 65421.5 
 668.72  3405  7703 58949 
 668.75  3410  7780 57643.5 
 668.77  3415  7857 54448.5 
 668.8  3420  7934 66831 
 668.82  3425  8012 63955.5 
 668.85  3430  8089 71328 
 668.87  3435  8167 68796 
 668.9  3440  8245 50696 
 668.92  3445  8323 58623.5 
 668.95  3450  8401 78904 
 668.97  3455  8479 80534 
 669  3460  8557 72661.5 
 669.02  3465  8636 88150 
 669.05  3470  8715 98259.5 
 669.07  3475  8794 81871.5 
 669.1  3480  8873 99483 
 669.12  3485  8952 100844 
 669.15  3490  9031 88331.5 
 669.17  3495  9111 95479.5 
 669.2  3500  9191 122929.5 
 669.33  3505  7382 121635 
 669.35  3510  7462 117119 
 669.37  3515  7542 113813.5 
 669.4  3520  7623 127368 
 669.42  3525  7703 97076 
 669.45  3530  7783 122902.5 
 669.48  3535  7864 132217 
 669.5  3540  7945 138363 
 669.53  3545  8026 140982.5 
 669.55  3550  8107 141496.5 
 669.58  3555  8188 123481.5 
 669.6  3560  8269 121668 
 669.62  3565  8351 97975 
 669.65  3570  8432 75261 
 669.67  3575  8514 90116.5 
 669.7  3580  8596 72320.5 
 669.73  3585  8678 62434 
 669.75  3590  8760 88678 
 669.78  3595  8843 114681 
 669.8  3600  8925 127377.5 
 669.83  3605  9008 106285 
 669.85  3610  9091 99844.5 
 669.88  3615  9174 117762.5 
 669.9  3620  9257 98832 
 669.93  3625  9341 137515.5 
 669.95  3630  9424 116621.5 
end
uxIntegration time is 0.2294 seconds per sampledt  2.8E-08 cy 1dh310817Tamanrasset 22.79-5.529 3.949603pr865dark 3.75 
 712.66  2900  576 4.5 
 712.69  2905  641 5 
 712.72  2910  706 5.75 
 712.75  2915  772 6.25 
 712.78  2920  837 8.5 
 712.82  2925  903 10.5 
 712.85  2930  969 14.25 
 712.88  2935  1035 21.25 
 712.91  2940  1100 29.75 
 712.94  2945  1166 40.25 
 712.97  2950  1233 62.25 
 713.01  2955  1299 104.25 
 713.04  2960  1365 158.25 
 713.07  2965  1431 166.25 
 713.1  2970  1498 194.75 
 713.13  2975  1565 387.25 
 713.16  2980  1631 446 
 713.2  2985  1698 409.5 
 713.23  2990  1765 725.5 
 713.26  2995  1832 908 
 713.28  3000  1899 874 
 713.31  3005  1966 1069 
 713.33  3010  2033 1529.5 
 713.36  3015  2101 1947 
 713.38  3020  2168 1627 
 713.4  3025  2236 2792.5 
 713.43  3030  2303 4100.5 
 713.45  3035  2371 4688 
 713.48  3040  2439 4330 
 713.5  3045  2507 5393.5 
 713.52  3050  2575 6713.5 
 713.55  3055  2643 6692 
 713.57  3060  2712 6254.5 
 713.6  3065  2780 7206.5 
 713.62  3070  2849 9078 
 713.64  3075  2917 10227 
 713.67  3080  2986 10498 
 713.69  3085  3055 11483 
 713.72  3090  3124 9823.5 
 713.74  3095  3193 10240 
 713.77  3100  3262 10062 
 713.79  3105  3331 15590 
 713.81  3110  3400 18494.5 
 713.84  3115  3470 17702.5 
 713.86  3120  3539 16130.5 
 713.89  3125  3609 18308.5 
 713.91  3130  3679 18982 
 713.93  3135  3749 19349.5 
 713.96  3140  3819 22146 
 713.98  3145  3889 18116.5 
 714.01  3150  3959 23310.5 
 714.03  3155  4029 20499 
 714.05  3160  4100 16610 
 714.08  3165  4170 22439 
 714.1  3170  4241 27704.5 
 714.13  3175  4312 29323 
 714.15  3180  4383 21768 
 714.18  3185  4454 24889 
 714.2  3190  4525 28427 
 714.22  3195  4596 25011 
 714.25  3200  4667 30369.5 
 714.27  3205  4739 34617.5 
 714.3  3210  4811 29070.5 
 714.32  3215  4882 27424 
 714.35  3220  4954 32234 
 714.37  3225  5026 27930 
 714.39  3230  5098 26205.5 
 714.42  3235  5170 29657.5 
 714.44  3240  5243 34065.5 
 714.47  3245  5315 36369 
 714.49  3250  5388 33990.5 
 714.52  3255  5460 41552.5 
 714.54  3260  5533 48694 
 714.56  3265  5606 47306 
 714.59  3270  5679 48308.5 
 714.61  3275  5753 47002 
 714.64  3280  5826 44633 
 714.66  3285  5899 43917.5 
 714.69  3290  5973 49796 
 714.71  3295  6047 56541 
 714.73  3300  6121 58102.5 
 714.76  3305  6195 49053.5 
 714.78  3310  6269 49856 
 714.81  3315  6343 49398 
 714.83  3320  6417 52124.5 
 714.86  3325  6492 50599 
 714.88  3330  6567 51171.5 
 714.91  3335  6641 48676 
 714.93  3340  6716 49558 
 714.95  3345  6791 56447 
 714.98  3350  6867 52817 
 715  3355  6942 60125.5 
 715.03  3360  7017 41666.5 
 715.05  3365  7093 50339 
 715.08  3370  7169 40961.5 
 715.1  3375  7245 51276 
 715.13  3380  7321 48643.5 
 715.15  3385  7397 54101.5 
 715.18  3390  7473 53782 
 715.2  3395  7550 51964.5 
 715.22  3400  7626 62595.5 
 715.25  3405  7703 56112 
 715.27  3410  7780 54020.5 
 715.3  3415  7857 50013 
 715.32  3420  7934 59552.5 
 715.35  3425  8012 55743.5 
 715.37  3430  8089 60824.5 
 715.4  3435  8167 57286.5 
 715.42  3440  8245 40594 
 715.45  3445  8323 44734.5 
 715.47  3450  8401 57810.5 
 715.5  3455  8479 57211.5 
 715.52  3460  8557 49453 
 715.55  3465  8636 56729 
 715.57  3470  8715 58994 
 715.6  3475  8794 47196 
 715.62  3480  8873 56313 
 715.65  3485  8952 56312 
 715.67  3490  9031 48705.5 
 715.7  3495  9111 51832 
 715.72  3500  9191 66889.5 
 715.85  3505  7382 72249.5 
 715.87  3510  7462 65959 
 715.9  3515  7542 62128.5 
 715.92  3520  7623 68850 
 715.95  3525  7703 52637 
 715.97  3530  7783 66651.5 
 716  3535  7864 71738.5 
 716.02  3540  7945 74847.5 
 716.05  3545  8026 75705.5 
 716.07  3550  8107 76436.5 
 716.1  3555  8188 68520.5 
 716.12  3560  8269 71447.5 
 716.15  3565  8351 62530.5 
 716.17  3570  8432 51280.5 
 716.2  3575  8514 63153.5 
 716.22  3580  8596 50385 
 716.25  3585  8678 42880.5 
 716.27  3590  8760 60166.5 
 716.3  3595  8843 76273 
 716.32  3600  8925 81269 
 716.35  3605  9008 64458 
 716.38  3610  9091 59217 
 716.4  3615  9174 69301 
 716.43  3620  9257 58380.5 
 716.45  3625  9341 82620 
 716.48  3630  9424 69907 
end
uxIntegration time is 0.2294 seconds per sampledt  2.8E-08 cy 1dh310817Tamanrasset 22.79-5.529 3.939407pr865dark 4.2 
 758.75  2900  576 5 
 758.78  2905  641 4.25 
 758.81  2910  706 5.25 
 758.84  2915  772 5 
 758.88  2920  837 7 
 758.91  2925  903 9.25 
 758.94  2930  969 12 
 758.97  2935  1035 16.75 
 759  2940  1100 26.25 
 759.03  2945  1166 32 
 759.07  2950  1233 48.75 
 759.1  2955  1299 86.75 
 759.13  2960  1365 135 
 759.16  2965  1431 136.25 
 759.19  2970  1498 167.5 
 759.22  2975  1565 320.25 
 759.25  2980  1631 368.5 
 759.29  2985  1698 337.5 
 759.32  2990  1765 611.25 
 759.35  2995  1832 774 
 759.37  3000  1899 724 
 759.4  3005  1966 912.5 
 759.42  3010  2033 1338.5 
 759.45  3015  2101 1701 
 759.47  3020  2168 1422 
 759.49  3025  2236 2421 
 759.52  3030  2303 3564.5 
 759.54  3035  2371 4072 
 759.57  3040  2439 3782.5 
 759.59  3045  2507 4771 
 759.61  3050  2575 6015 
 759.64  3055  2643 6064 
 759.66  3060  2712 5647.5 
 759.69  3065  2780 6516.5 
 759.71  3070  2849 8408.5 
 759.73  3075  2917 9404.5 
 759.76  3080  2986 9813 
 759.78  3085  3055 10723 
 759.81  3090  3124 9110.5 
 759.83  3095  3193 9500.5 
 759.85  3100  3262 9259.5 
 759.88  3105  3331 14578 
 759.9  3110  3400 17185.5 
 759.93  3115  3470 16411 
 759.95  3120  3539 14929.5 
 759.98  3125  3609 17023.5 
 760  3130  3679 17643 
 760.02  3135  3749 17813 
 760.05  3140  3819 20355 
 760.07  3145  3889 16691 
 760.1  3150  3959 21411.5 
 760.12  3155  4029 18905 
 760.14  3160  4100 15223.5 
 760.17  3165  4170 20665 
 760.19  3170  4241 25306 
 760.22  3175  4312 26811.5 
 760.24  3180  4383 19953.5 
 760.27  3185  4454 22741 
 760.29  3190  4525 25926.5 
 760.31  3195  4596 22765.5 
 760.34  3200  4667 27572 
 760.36  3205  4739 31226 
 760.39  3210  4811 26150 
 760.41  3215  4882 24563 
 760.43  3220  4954 28919.5 
 760.46  3225  5026 25009.5 
 760.48  3230  5098 23508 
 760.51  3235  5170 26617.5 
 760.53  3240  5243 30326 
 760.56  3245  5315 32194.5 
 760.58  3250  5388 29809.5 
 760.6  3255  5460 35974 
 760.63  3260  5533 42090.5 
 760.65  3265  5606 40799 
 760.68  3270  5679 41072.5 
 760.7  3275  5753 39963 
 760.73  3280  5826 37602 
 760.75  3285  5899 37028.5 
 760.78  3290  5973 42084.5 
 760.8  3295  6047 47839 
 760.82  3300  6121 48997.5 
 760.85  3305  6195 41290.5 
 760.87  3310  6269 42073 
 760.9  3315  6343 41677.5 
 760.92  3320  6417 43883 
 760.95  3325  6492 42722 
 760.97  3330  6567 42792 
 761  3335  6641 40325.5 
 761.02  3340  6716 40805.5 
 761.04  3345  6791 46021 
 761.07  3350  6867 42713.5 
 761.09  3355  6942 48887.5 
 761.12  3360  7017 34235 
 761.14  3365  7093 41357 
 761.17  3370  7169 34015 
 761.19  3375  7245 42605.5 
 761.22  3380  7321 40929.5 
 761.24  3385  7397 45469 
 761.26  3390  7473 45414.5 
 761.29  3395  7550 43762.5 
 761.31  3400  7626 52997 
 761.34  3405  7703 47405.5 
 761.36  3410  7780 46011.5 
 761.39  3415  7857 42371.5 
 761.41  3420  7934 50705 
 761.44  3425  8012 47435 
 761.46  3430  8089 51837 
 761.48  3435  8167 48679 
 761.51  3440  8245 34524.5 
 761.53  3445  8323 38012 
 761.56  3450  8401 49413.5 
 761.58  3455  8479 48945.5 
 761.61  3460  8557 42392.5 
 761.63  3465  8636 48540 
 761.66  3470  8715 50646.5 
 761.68  3475  8794 40499.5 
 761.71  3480  8873 48351 
 761.73  3485  8952 48535.5 
 761.76  3490  9031 41981.5 
 761.78  3495  9111 44695 
 761.81  3500  9191 57772 
 761.93  3505  7382 62495 
 761.96  3510  7462 56937.5 
 761.98  3515  7542 53638 
 762.01  3520  7623 59571 
 762.03  3525  7703 45444 
 762.06  3530  7783 57784 
 762.08  3535  7864 62094 
 762.11  3540  7945 64928.5 
 762.13  3545  8026 65673 
 762.16  3550  8107 66166.5 
 762.18  3555  8188 59335.5 
 762.21  3560  8269 62134 
 762.23  3565  8351 53945 
 762.26  3570  8432 44632.5 
 762.28  3575  8514 55191 
 762.31  3580  8596 43817.5 
 762.33  3585  8678 37068 
 762.36  3590  8760 52418.5 
 762.38  3595  8843 66597 
 762.41  3600  8925 71445.5 
 762.43  3605  9008 56824.5 
 762.46  3610  9091 52247 
 762.48  3615  9174 61197 
 762.51  3620  9257 51951.5 
 762.53  3625  9341 73363 
 762.56  3630  9424 62017.5 
end
uxIntegration time is 0.2294 seconds per sampledt  2.8E-08 cy 1dh310817Tamanrasset 22.79-5.529 3.873129pr865dark 3.6 
 806.78  2900  576 3 
 806.81  2905  641 4.75 
 806.84  2910  706 3.75 
 806.88  2915  772 4 
 806.91  2920  837 4 
 806.94  2925  903 4 
 806.97  2930  969 5.25 
 807  2935  1035 7.75 
 807.03  2940  1100 9.75 
 807.06  2945  1166 10.75 
 807.1  2950  1233 13.5 
 807.13  2955  1299 25.75 
 807.16  2960  1365 38.5 
 807.19  2965  1431 40.25 
 807.22  2970  1498 50.5 
 807.25  2975  1565 103.5 
 807.29  2980  1631 120.75 
 807.32  2985  1698 114.25 
 807.35  2990  1765 200.5 
 807.38  2995  1832 265.25 
 807.41  3000  1899 256.5 
 807.43  3005  1966 333.5 
 807.45  3010  2033 506.5 
 807.48  3015  2101 626 
 807.5  3020  2168 541.5 
 807.52  3025  2236 953.5 
 807.55  3030  2303 1389.5 
 807.57  3035  2371 1647.5 
 807.6  3040  2439 1528 
 807.62  3045  2507 1977.5 
 807.65  3050  2575 2499.5 
 807.67  3055  2643 2545 
 807.69  3060  2712 2400.5 
 807.72  3065  2780 2800 
 807.74  3070  2849 3610 
 807.77  3075  2917 4037 
 807.79  3080  2986 4306 
 807.81  3085  3055 4750 
 807.84  3090  3124 4049.5 
 807.86  3095  3193 4312.5 
 807.89  3100  3262 4257 
 807.91  3105  3331 6633.5 
 807.93  3110  3400 7951.5 
 807.96  3115  3470 7621 
 807.98  3120  3539 7055.5 
 808.01  3125  3609 8097.5 
 808.03  3130  3679 8435.5 
 808.06  3135  3749 8619 
 808.08  3140  3819 9899 
 808.1  3145  3889 8217.5 
 808.13  3150  3959 10502.5 
 808.15  3155  4029 9338 
 808.18  3160  4100 7585 
 808.2  3165  4170 10336 
 808.22  3170  4241 12650 
 808.25  3175  4312 13337.5 
 808.27  3180  4383 10088.5 
 808.3  3185  4454 11495.5 
 808.32  3190  4525 13088.5 
 808.35  3195  4596 11553 
 808.37  3200  4667 14053.5 
 808.39  3205  4739 16035 
 808.42  3210  4811 13548 
 808.44  3215  4882 12720.5 
 808.47  3220  4954 14852.5 
 808.49  3225  5026 13016.5 
 808.52  3230  5098 12103.5 
 808.54  3235  5170 13724.5 
 808.56  3240  5243 15717.5 
 808.59  3245  5315 16671 
 808.61  3250  5388 15407 
 808.64  3255  5460 18875 
 808.66  3260  5533 22060 
 808.69  3265  5606 21500.5 
 808.71  3270  5679 21869 
 808.74  3275  5753 21204 
 808.76  3280  5826 20039 
 808.78  3285  5899 19857.5 
 808.81  3290  5973 22683 
 808.83  3295  6047 25782.5 
 808.86  3300  6121 26445.5 
 808.88  3305  6195 22170.5 
 808.91  3310  6269 22565 
 808.93  3315  6343 22273 
 808.95  3320  6417 23563 
 808.98  3325  6492 22953.5 
 809  3330  6567 23180.5 
 809.03  3335  6641 21864.5 
 809.05  3340  6716 22196 
 809.08  3345  6791 24972.5 
 809.1  3350  6867 23275 
 809.13  3355  6942 26620 
 809.15  3360  7017 18652.5 
 809.17  3365  7093 22594.5 
 809.2  3370  7169 18587 
 809.22  3375  7245 23416 
 809.25  3380  7321 22284 
 809.27  3385  7397 24892 
 809.3  3390  7473 24790 
 809.32  3395  7550 24133 
 809.35  3400  7626 29225.5 
 809.37  3405  7703 26079.5 
 809.4  3410  7780 25372.5 
 809.42  3415  7857 23328.5 
 809.44  3420  7934 27923 
 809.47  3425  8012 26115 
 809.49  3430  8089 28548.5 
 809.52  3435  8167 26829 
 809.54  3440  8245 19019 
 809.57  3445  8323 21065.5 
 809.59  3450  8401 27268 
 809.62  3455  8479 26820 
 809.64  3460  8557 23401 
 809.67  3465  8636 26832.5 
 809.69  3470  8715 27990.5 
 809.72  3475  8794 22387 
 809.74  3480  8873 26854 
 809.77  3485  8952 26945 
 809.79  3490  9031 23114 
 809.82  3495  9111 24534 
 809.84  3500  9191 31850.5 
 809.97  3505  7382 34752.5 
 809.99  3510  7462 31653.5 
 810.02  3515  7542 29828.5 
 810.04  3520  7623 33087.5 
 810.07  3525  7703 25406 
 810.09  3530  7783 32241.5 
 810.12  3535  7864 34735 
 810.15  3540  7945 36209 
 810.17  3545  8026 36534 
 810.19  3550  8107 37051 
 810.22  3555  8188 33100 
 810.24  3560  8269 34784 
 810.27  3565  8351 30099.5 
 810.29  3570  8432 24784.5 
 810.32  3575  8514 30668 
 810.34  3580  8596 24403 
 810.37  3585  8678 20746.5 
 810.4  3590  8760 29017.5 
 810.42  3595  8843 36744.5 
 810.45  3600  8925 39278 
 810.47  3605  9008 31103.5 
 810.49  3610  9091 28466.5 
 810.52  3615  9174 33318 
 810.55  3620  9257 27977 
 810.57  3625  9341 39554.5 
 810.59  3630  9424 33671.5 
end
uxIntegration time is 0.2294 seconds per sampledt  2.8E-08 cy 1dh310817Tamanrasset 22.79-5.529 3.817047pr865dark 2.5 
 852.77  2900  576 2.75 
 852.8  2905  641 2.5 
 852.83  2910  706 2.5 
 852.86  2915  772 2.75 
 852.89  2920  837 4.5 
 852.93  2925  903 3.5 
 852.96  2930  969 3.25 
 852.99  2935  1035 5.75 
 853.02  2940  1100 7.25 
 853.05  2945  1166 7.75 
 853.08  2950  1233 11.5 
 853.12  2955  1299 20 
 853.15  2960  1365 30.5 
 853.18  2965  1431 37.25 
 853.21  2970  1498 43.5 
 853.24  2975  1565 89.5 
 853.27  2980  1631 111 
 853.3  2985  1698 105.5 
 853.34  2990  1765 196.5 
 853.37  2995  1832 265.25 
 853.39  3000  1899 259.5 
 853.42  3005  1966 325.5 
 853.44  3010  2033 511 
 853.46  3015  2101 667.5 
 853.49  3020  2168 561 
 853.51  3025  2236 991.5 
 853.54  3030  2303 1522 
 853.56  3035  2371 1768.5 
 853.58  3040  2439 1707.5 
 853.61  3045  2507 2167.5 
 853.63  3050  2575 2789.5 
 853.66  3055  2643 2923.5 
 853.68  3060  2712 2731.5 
 853.7  3065  2780 3157.5 
 853.73  3070  2849 4123.5 
 853.75  3075  2917 4771.5 
 853.78  3080  2986 4949 
 853.8  3085  3055 5504 
 853.83  3090  3124 4781.5 
 853.85  3095  3193 5069 
 853.87  3100  3262 5069 
 853.9  3105  3331 7850.5 
 853.92  3110  3400 9491 
 853.95  3115  3470 9132.5 
 853.97  3120  3539 8456 
 853.99  3125  3609 9760.5 
 854.02  3130  3679 10201.5 
 854.04  3135  3749 10383 
 854.07  3140  3819 12034.5 
 854.09  3145  3889 10014 
 854.12  3150  3959 12800.5 
 854.14  3155  4029 11394.5 
 854.16  3160  4100 9214 
 854.19  3165  4170 12518.5 
 854.21  3170  4241 15493 
 854.24  3175  4312 16369 
 854.26  3180  4383 12398.5 
 854.29  3185  4454 14139.5 
 854.31  3190  4525 16264 
 854.33  3195  4596 14189 
 854.36  3200  4667 17113 
 854.38  3205  4739 19708 
 854.41  3210  4811 16874 
 854.43  3215  4882 15721 
 854.45  3220  4954 18326.5 
 854.48  3225  5026 15971 
 854.5  3230  5098 14858 
 854.53  3235  5170 17009.5 
 854.55  3240  5243 19416 
 854.58  3245  5315 20699 
 854.6  3250  5388 19049.5 
 854.62  3255  5460 23014 
 854.65  3260  5533 27238.5 
 854.67  3265  5606 26639.5 
 854.7  3270  5679 27041 
 854.72  3275  5753 26339.5 
 854.75  3280  5826 24696.5 
 854.77  3285  5899 24517 
 854.79  3290  5973 27750.5 
 854.82  3295  6047 31832 
 854.84  3300  6121 32595.5 
 854.87  3305  6195 27560 
 854.89  3310  6269 27774 
 854.92  3315  6343 27381.5 
 854.94  3320  6417 29152 
 854.97  3325  6492 28213.5 
 854.99  3330  6567 28527.5 
 855.01  3335  6641 26970 
 855.04  3340  6716 26977.5 
 855.06  3345  6791 30741 
 855.09  3350  6867 28774.5 
 855.11  3355  6942 32804.5 
 855.14  3360  7017 23000 
 855.16  3365  7093 27702 
 855.19  3370  7169 22896 
 855.21  3375  7245 28368.5 
 855.24  3380  7321 27466.5 
 855.26  3385  7397 30467 
 855.28  3390  7473 30692.5 
 855.31  3395  7550 29379 
 855.33  3400  7626 35498.5 
 855.36  3405  7703 31944 
 855.38  3410  7780 30973 
 855.41  3415  7857 28347 
 855.43  3420  7934 33937 
 855.45  3425  8012 31920 
 855.48  3430  8089 34832 
 855.5  3435  8167 32725 
 855.53  3440  8245 23346.5 
 855.55  3445  8323 25337.5 
 855.58  3450  8401 33053.5 
 855.6  3455  8479 32608 
 855.63  3460  8557 28345 
 855.65  3465  8636 32499 
 855.68  3470  8715 33916.5 
 855.7  3475  8794 27092 
 855.73  3480  8873 32559.5 
 855.75  3485  8952 32472 
 855.78  3490  9031 27831 
 855.8  3495  9111 29752.5 
 855.83  3500  9191 38451 
 855.95  3505  7382 42174 
 855.98  3510  7462 38525.5 
 856  3515  7542 36002 
 856.03  3520  7623 40264 
 856.05  3525  7703 30601 
 856.08  3530  7783 38646.5 
 856.1  3535  7864 41614.5 
 856.13  3540  7945 43526.5 
 856.15  3545  8026 43995.5 
 856.18  3550  8107 44744.5 
 856.2  3555  8188 39837 
 856.23  3560  8269 41509.5 
 856.25  3565  8351 36547.5 
 856.28  3570  8432 29684.5 
 856.3  3575  8514 36702.5 
 856.33  3580  8596 29386.5 
 856.35  3585  8678 24805 
 856.38  3590  8760 34216.5 
 856.4  3595  8843 43917 
 856.43  3600  8925 46935 
 856.45  3605  9008 37270.5 
 856.48  3610  9091 33894.5 
 856.5  3615  9174 39941 
 856.53  3620  9257 33133.5 
 856.55  3625  9341 46937 
 856.58  3630  9424 40346 
end
uxIntegration time is 0.2294 seconds per sampledt  2.8E-08 cy 1dh310817Tamanrasset 22.79-5.529 3.852735pr865dark 2.75 
 898.76  2900  576 2.75 
 898.79  2905  641 3 
 898.82  2910  706 3 
 898.86  2915  772 3 
 898.89  2920  837 3.25 
 898.92  2925  903 3.5 
 898.95  2930  969 3.75 
 898.98  2935  1035 4.5 
 899.01  2940  1100 4.25 
 899.04  2945  1166 4.5 
 899.08  2950  1233 6.25 
 899.11  2955  1299 9.5 
 899.14  2960  1365 14.5 
 899.17  2965  1431 18 
 899.2  2970  1498 24.75 
 899.24  2975  1565 50.25 
 899.27  2980  1631 60.25 
 899.3  2985  1698 66 
 899.33  2990  1765 126 
 899.36  2995  1832 171.75 
 899.39  3000  1899 171 
 899.41  3005  1966 227.5 
 899.43  3010  2033 387 
 899.46  3015  2101 513.5 
 899.48  3020  2168 454.5 
 899.51  3025  2236 822 
 899.53  3030  2303 1284.5 
 899.55  3035  2371 1557 
 899.58  3040  2439 1515 
 899.6  3045  2507 2000 
 899.63  3050  2575 2704 
 899.65  3055  2643 2800.5 
 899.67  3060  2712 2688.5 
 899.7  3065  2780 3139.5 
 899.72  3070  2849 4227.5 
 899.75  3075  2917 4917 
 899.77  3080  2986 5156.5 
 899.79  3085  3055 5791 
 899.82  3090  3124 5046 
 899.84  3095  3193 5534 
 899.87  3100  3262 5536 
 899.89  3105  3331 8811.5 
 899.91  3110  3400 10590.5 
 899.94  3115  3470 10282 
 899.96  3120  3539 9771 
 899.99  3125  3609 11285.5 
 900.01  3130  3679 11832.5 
 900.04  3135  3749 12003.5 
 900.06  3140  3819 14010 
 900.08  3145  3889 11876.5 
 900.11  3150  3959 15323.5 
 900.13  3155  4029 13373.5 
 900.16  3160  4100 11108 
 900.18  3165  4170 15235.5 
 900.21  3170  4241 18690.5 
 900.23  3175  4312 19731.5 
 900.25  3180  4383 14800.5 
 900.28  3185  4454 17457 
 900.3  3190  4525 19805 
 900.33  3195  4596 17287 
 900.35  3200  4667 20782.5 
 900.37  3205  4739 24171 
 900.4  3210  4811 20534.5 
 900.42  3215  4882 19462.5 
 900.45  3220  4954 22530 
 900.47  3225  5026 19545.5 
 900.5  3230  5098 18565 
 900.52  3235  5170 21542.5 
 900.54  3240  5243 24911.5 
 900.57  3245  5315 26230.5 
 900.59  3250  5388 23952 
 900.62  3255  5460 29375 
 900.64  3260  5533 34774 
 900.67  3265  5606 34121.5 
 900.69  3270  5679 34474.5 
 900.71  3275  5753 33236.5 
 900.74  3280  5826 31308.5 
 900.76  3285  5899 31149.5 
 900.79  3290  5973 35833.5 
 900.81  3295  6047 41089.5 
 900.84  3300  6121 42093.5 
 900.86  3305  6195 35297.5 
 900.88  3310  6269 35848 
 900.91  3315  6343 35771 
 900.93  3320  6417 38078.5 
 900.96  3325  6492 37050 
 900.98  3330  6567 37425 
 901.01  3335  6641 35226.5 
 901.03  3340  6716 35743 
 901.05  3345  6791 40719.5 
 901.08  3350  6867 38071 
 901.1  3355  6942 43640.5 
 901.13  3360  7017 30516 
 901.15  3365  7093 36978.5 
 901.18  3370  7169 30301.5 
 901.2  3375  7245 37980 
 901.23  3380  7321 36213.5 
 901.25  3385  7397 40464.5 
 901.27  3390  7473 40283.5 
 901.3  3395  7550 38811 
 901.32  3400  7626 46804.5 
 901.35  3405  7703 41663 
 901.37  3410  7780 40247.5 
 901.4  3415  7857 37146 
 901.42  3420  7934 44169 
 901.45  3425  8012 41225.5 
 901.47  3430  8089 45051.5 
 901.5  3435  8167 42046 
 901.52  3440  8245 29700.5 
 901.55  3445  8323 32659.5 
 901.57  3450  8401 42330.5 
 901.6  3455  8479 41723 
 901.62  3460  8557 36129 
 901.64  3465  8636 41306.5 
 901.67  3470  8715 42791.5 
 901.69  3475  8794 34122.5 
 901.72  3480  8873 40800 
 901.74  3485  8952 40467 
 901.77  3490  9031 34697 
 901.79  3495  9111 36982 
 901.82  3500  9191 47947.5 
 901.95  3505  7382 52657.5 
 901.97  3510  7462 48149 
 902  3515  7542 45218 
 902.02  3520  7623 50368 
 902.04  3525  7703 38439.5 
 902.07  3530  7783 48779.5 
 902.09  3535  7864 52463 
 902.12  3540  7945 54969.5 
 902.15  3545  8026 55709 
 902.17  3550  8107 56304.5 
 902.19  3555  8188 50570.5 
 902.22  3560  8269 53182 
 902.24  3565  8351 46423.5 
 902.27  3570  8432 38181 
 902.29  3575  8514 47440 
 902.32  3580  8596 37913 
 902.34  3585  8678 32161.5 
 902.37  3590  8760 45215 
 902.39  3595  8843 57476.5 
 902.42  3600  8925 61547.5 
 902.44  3605  9008 48687.5 
 902.47  3610  9091 44506 
 902.49  3615  9174 52134.5 
 902.52  3620  9257 43988.5 
 902.54  3625  9341 62251 
 902.57  3630  9424 52605 
end
uxIntegration time is 0.2294 seconds per sampledt  2.8E-08 cy 1dh310817Tamanrasset 22.79-5.529 3.862932pr865dark 2.95 
 946.78  2900  576 4 
 946.81  2905  641 3.75 
 946.84  2910  706 2.25 
 946.87  2915  772 2.5 
 946.9  2920  837 3.75 
 946.94  2925  903 3.25 
 946.97  2930  969 3.75 
 947  2935  1035 2.75 
 947.03  2940  1100 3 
 947.06  2945  1166 3.5 
 947.09  2950  1233 3.25 
 947.13  2955  1299 3.5 
 947.16  2960  1365 5.75 
 947.19  2965  1431 5.5 
 947.22  2970  1498 5 
 947.25  2975  1565 7.75 
 947.28  2980  1631 11 
 947.32  2985  1698 12 
 947.35  2990  1765 21 
 947.38  2995  1832 30.5 
 947.4  3000  1899 28.5 
 947.43  3005  1966 43 
 947.45  3010  2033 81.5 
 947.47  3015  2101 105 
 947.5  3020  2168 96.5 
 947.52  3025  2236 185.5 
 947.55  3030  2303 317 
 947.57  3035  2371 396.5 
 947.59  3040  2439 397 
 947.62  3045  2507 535.5 
 947.64  3050  2575 750.5 
 947.67  3055  2643 817.5 
 947.69  3060  2712 807 
 947.72  3065  2780 981.5 
 947.74  3070  2849 1367.5 
 947.76  3075  2917 1697 
 947.79  3080  2986 1815 
 947.81  3085  3055 2037 
 947.84  3090  3124 1819.5 
 947.86  3095  3193 2097.5 
 947.88  3100  3262 2151.5 
 947.91  3105  3331 3449.5 
 947.93  3110  3400 4203 
 947.96  3115  3470 4116 
 947.98  3120  3539 3976.5 
 948  3125  3609 4763 
 948.03  3130  3679 5055.5 
 948.05  3135  3749 5094 
 948.08  3140  3819 6067 
 948.1  3145  3889 5319 
 948.13  3150  3959 6882.5 
 948.15  3155  4029 6012 
 948.17  3160  4100 5067 
 948.2  3165  4170 7102 
 948.22  3170  4241 8776.5 
 948.25  3175  4312 9231.5 
 948.27  3180  4383 6966.5 
 948.29  3185  4454 8375 
 948.32  3190  4525 9777 
 948.34  3195  4596 8392 
 948.37  3200  4667 10040 
 948.39  3205  4739 11965 
 948.42  3210  4811 10456.5 
 948.44  3215  4882 9804 
 948.46  3220  4954 11170.5 
 948.49  3225  5026 9679.5 
 948.51  3230  5098 9247.5 
 948.54  3235  5170 10918 
 948.56  3240  5243 12572.5 
 948.59  3245  5315 13118 
 948.61  3250  5388 12000 
 948.64  3255  5460 14649.5 
 948.66  3260  5533 17612.5 
 948.68  3265  5606 17436 
 948.71  3270  5679 17686.5 
 948.73  3275  5753 16962 
 948.76  3280  5826 15621 
 948.78  3285  5899 15896 
 948.81  3290  5973 18377.5 
 948.83  3295  6047 21082 
 948.85  3300  6121 21527 
 948.88  3305  6195 17949 
 948.9  3310  6269 17934.5 
 948.93  3315  6343 17883.5 
 948.95  3320  6417 19258 
 948.98  3325  6492 18845.5 
 949  3330  6567 18958.5 
 949.03  3335  6641 17790 
 949.05  3340  6716 17881.5 
 949.07  3345  6791 20402.5 
 949.1  3350  6867 19138.5 
 949.12  3355  6942 21820 
 949.15  3360  7017 15370.5 
 949.17  3365  7093 18461 
 949.2  3370  7169 15095.5 
 949.22  3375  7245 18854 
 949.24  3380  7321 18132 
 949.27  3385  7397 20362.5 
 949.29  3390  7473 20410 
 949.32  3395  7550 19658.5 
 949.34  3400  7626 23703.5 
 949.37  3405  7703 21174.5 
 949.39  3410  7780 20565 
 949.42  3415  7857 19100.5 
 949.44  3420  7934 22735 
 949.47  3425  8012 21309 
 949.49  3430  8089 23220.5 
 949.51  3435  8167 21781.5 
 949.54  3440  8245 15301 
 949.57  3445  8323 16970 
 949.59  3450  8401 21937 
 949.62  3455  8479 21788.5 
 949.64  3460  8557 19013.5 
 949.67  3465  8636 21790 
 949.69  3470  8715 22638 
 949.72  3475  8794 18141 
 949.74  3480  8873 21615.5 
 949.77  3485  8952 21570 
 949.79  3490  9031 18592 
 949.82  3495  9111 19991.5 
 949.84  3500  9191 25746 
 949.97  3505  7382 28006 
 949.99  3510  7462 25434.5 
 950.02  3515  7542 23962.5 
 950.04  3520  7623 26597 
 950.07  3525  7703 20248.5 
 950.09  3530  7783 25802 
 950.12  3535  7864 27642.5 
 950.14  3540  7945 28941 
 950.17  3545  8026 29358.5 
 950.19  3550  8107 29477.5 
 950.22  3555  8188 26459.5 
 950.24  3560  8269 27591 
 950.27  3565  8351 24028.5 
 950.29  3570  8432 19743 
 950.32  3575  8514 24296 
 950.34  3580  8596 19287.5 
 950.37  3585  8678 16340.5 
 950.39  3590  8760 22882.5 
 950.42  3595  8843 29140 
 950.44  3600  8925 31075.5 
 950.47  3605  9008 24623.5 
 950.49  3610  9091 22384.5 
 950.52  3615  9174 26255 
 950.55  3620  9257 22128.5 
 950.57  3625  9341 31147.5 
 950.6  3630  9424 26417.5 
end
uxIntegration time is 0.2294 seconds per sampledt  2.8E-08 cy 1dh310817Tamanrasset 22.79-5.529 3.801752pr865dark 3.15 
 992.67  2900  576 2.5 
 992.7  2905  641 3.25 
 992.74  2910  706 2.75 
 992.77  2915  772 3.25 
 992.8  2920  837 2.5 
 992.83  2925  903 2.5 
 992.86  2930  969 2.75 
 992.89  2935  1035 3.5 
 992.93  2940  1100 3 
 992.96  2945  1166 3.5 
 992.99  2950  1233 2.5 
 993.02  2955  1299 3.5 
 993.05  2960  1365 2 
 993.08  2965  1431 2 
 993.11  2970  1498 3.25 
 993.15  2975  1565 3.25 
 993.18  2980  1631 3.25 
 993.21  2985  1698 4 
 993.24  2990  1765 4.25 
 993.27  2995  1832 5 
 993.3  3000  1899 4 
 993.32  3005  1966 6.5 
 993.34  3010  2033 11 
 993.37  3015  2101 16 
 993.39  3020  2168 14.5 
 993.42  3025  2236 31.5 
 993.44  3030  2303 54 
 993.46  3035  2371 63 
 993.49  3040  2439 65 
 993.51  3045  2507 103 
 993.53  3050  2575 166.5 
 993.56  3055  2643 186 
 993.58  3060  2712 184.5 
 993.61  3065  2780 240 
 993.63  3070  2849 369 
 993.66  3075  2917 498.5 
 993.68  3080  2986 517.5 
 993.7  3085  3055 632.5 
 993.73  3090  3124 559 
 993.75  3095  3193 727 
 993.78  3100  3262 757 
 993.8  3105  3331 1243.5 
 993.82  3110  3400 1564 
 993.85  3115  3470 1562.5 
 993.87  3120  3539 1606 
 993.9  3125  3609 2022.5 
 993.92  3130  3679 2179.5 
 993.94  3135  3749 2181 
 993.97  3140  3819 2745 
 993.99  3145  3889 2486.5 
 994.02  3150  3959 3288 
 994.04  3155  4029 2863 
 994.06  3160  4100 2480.5 
 994.09  3165  4170 3650.5 
 994.11  3170  4241 4525 
 994.14  3175  4312 4685 
 994.16  3180  4383 3654.5 
 994.19  3185  4454 4603.5 
 994.21  3190  4525 5416 
 994.23  3195  4596 4544 
 994.26  3200  4667 5434.5 
 994.28  3205  4739 6686.5 
 994.31  3210  4811 6050.5 
 994.33  3215  4882 5774 
 994.35  3220  4954 6317.5 
 994.38  3225  5026 5460.5 
 994.4  3230  5098 5364.5 
 994.43  3235  5170 6569 
 994.45  3240  5243 7646 
 994.48  3245  5315 7913 
 994.5  3250  5388 6989 
 994.52  3255  5460 8736.5 
 994.55  3260  5533 10699.5 
 994.57  3265  5606 10936.5 
 994.6  3270  5679 10951.5 
 994.62  3275  5753 10396.5 
 994.65  3280  5826 9521 
 994.67  3285  5899 9733 
 994.7  3290  5973 11685.5 
 994.72  3295  6047 13400 
 994.74  3300  6121 13602.5 
 994.77  3305  6195 11175 
 994.79  3310  6269 11109 
 994.82  3315  6343 11230.5 
 994.84  3320  6417 12244 
 994.87  3325  6492 12011.5 
 994.89  3330  6567 12036 
 994.92  3335  6641 11270.5 
 994.94  3340  6716 11195 
 994.96  3345  6791 13008 
 994.99  3350  6867 12230 
 995.01  3355  6942 14001.5 
 995.04  3360  7017 9810 
 995.06  3365  7093 11695.5 
 995.09  3370  7169 9641 
 995.11  3375  7245 11916.5 
 995.14  3380  7321 11609.5 
 995.16  3385  7397 12975 
 995.18  3390  7473 13017.5 
 995.21  3395  7550 12633.5 
 995.23  3400  7626 15091.5 
 995.26  3405  7703 13589 
 995.28  3410  7780 13227.5 
 995.31  3415  7857 12186.5 
 995.33  3420  7934 14601 
 995.36  3425  8012 13643.5 
 995.38  3430  8089 14871.5 
 995.41  3435  8167 13992.5 
 995.43  3440  8245 9904 
 995.45  3445  8323 10828 
 995.48  3450  8401 14080.5 
 995.5  3455  8479 13974.5 
 995.53  3460  8557 12233 
 995.55  3465  8636 13962 
 995.58  3470  8715 14511.5 
 995.6  3475  8794 11567 
 995.63  3480  8873 13941.5 
 995.65  3485  8952 13930 
 995.68  3490  9031 11956.5 
 995.7  3495  9111 12743.5 
 995.73  3500  9191 16491 
 995.85  3505  7382 17939.5 
 995.88  3510  7462 16411 
 995.9  3515  7542 15354.5 
 995.93  3520  7623 17048.5 
 995.95  3525  7703 13075 
 995.98  3530  7783 16511 
 996  3535  7864 17737.5 
 996.03  3540  7945 18451 
 996.05  3545  8026 18872.5 
 996.08  3550  8107 18916 
 996.1  3555  8188 16962.5 
 996.13  3560  8269 17707 
 996.15  3565  8351 15500 
 996.18  3570  8432 12694 
 996.2  3575  8514 15462.5 
 996.23  3580  8596 12333 
 996.25  3585  8678 10545.5 
 996.28  3590  8760 14635 
 996.3  3595  8843 18480 
 996.33  3600  8925 19796.5 
 996.35  3605  9008 15659.5 
 996.38  3610  9091 14342 
 996.4  3615  9174 16757.5 
 996.43  3620  9257 14157 
 996.45  3625  9341 19816 
 996.48  3630  9424 16939.5 
end
uxIntegration time is 0.2294 seconds per sampledt  2.8E-08 cy 1dh310817Tamanrasset 22.79-5.529 3.725278pr865dark 2.4 
 1031.7  2900  576 2.75 
 1031.73  2905  641 2 
 1031.76  2910  706 3 
 1031.8  2915  772 2.5 
 1031.83  2920  837 2.25 
 1031.86  2925  903 2.5 
 1031.89  2930  969 2.75 
 1031.92  2935  1035 2.75 
 1031.95  2940  1100 1.5 
 1031.99  2945  1166 2 
 1032.02  2950  1233 3.5 
 1032.05  2955  1299 3.25 
 1032.08  2960  1365 2.5 
 1032.11  2965  1431 3 
 1032.14  2970  1498 3.5 
 1032.18  2975  1565 3 
 1032.21  2980  1631 2.75 
 1032.24  2985  1698 2.75 
 1032.27  2990  1765 3 
 1032.3  2995  1832 3.25 
 1032.33  3000  1899 5 
 1032.35  3005  1966 2 
 1032.37  3010  2033 4 
 1032.4  3015  2101 4 
 1032.42  3020  2168 6.5 
 1032.45  3025  2236 7 
 1032.47  3030  2303 9 
 1032.49  3035  2371 11.5 
 1032.52  3040  2439 10.5 
 1032.54  3045  2507 14 
 1032.56  3050  2575 18.5 
 1032.59  3055  2643 22.5 
 1032.61  3060  2712 23 
 1032.64  3065  2780 28.5 
 1032.66  3070  2849 40.5 
 1032.69  3075  2917 51.5 
 1032.71  3080  2986 67 
 1032.73  3085  3055 72 
 1032.76  3090  3124 74.5 
 1032.78  3095  3193 98.5 
 1032.81  3100  3262 104.5 
 1032.83  3105  3331 179 
 1032.85  3110  3400 242 
 1032.88  3115  3470 243.5 
 1032.9  3120  3539 281.5 
 1032.93  3125  3609 379 
 1032.95  3130  3679 415.5 
 1032.97  3135  3749 423 
 1033  3140  3819 560.5 
 1033.02  3145  3889 569 
 1033.05  3150  3959 788 
 1033.07  3155  4029 641.5 
 1033.09  3160  4100 603 
 1033.12  3165  4170 972 
 1033.14  3170  4241 1211 
 1033.17  3175  4312 1238 
 1033.19  3180  4383 999 
 1033.21  3185  4454 1405 
 1033.24  3190  4525 1716.5 
 1033.26  3195  4596 1376 
 1033.29  3200  4667 1619 
 1033.31  3205  4739 2160 
 1033.34  3210  4811 2072 
 1033.36  3215  4882 2031 
 1033.38  3220  4954 2112.5 
 1033.41  3225  5026 1781.5 
 1033.43  3230  5098 1858 
 1033.46  3235  5170 2503.5 
 1033.48  3240  5243 2974 
 1033.5  3245  5315 2984.5 
 1033.53  3250  5388 2499.5 
 1033.55  3255  5460 3255 
 1033.58  3260  5533 4213 
 1033.6  3265  5606 4419 
 1033.63  3270  5679 4410.5 
 1033.65  3275  5753 4089.5 
 1033.68  3280  5826 3585.5 
 1033.7  3285  5899 3894.5 
 1033.72  3290  5973 4868 
 1033.75  3295  6047 5636 
 1033.77  3300  6121 5688.5 
 1033.8  3305  6195 4541.5 
 1033.82  3310  6269 4468.5 
 1033.85  3315  6343 4541.5 
 1033.87  3320  6417 5136.5 
 1033.9  3325  6492 5154 
 1033.92  3330  6567 5121 
 1033.94  3335  6641 4759 
 1033.97  3340  6716 4620.5 
 1033.99  3345  6791 5437 
 1034.02  3350  6867 5174 
 1034.04  3355  6942 6087.5 
 1034.07  3360  7017 4293.5 
 1034.09  3365  7093 5052.5 
 1034.11  3370  7169 4112 
 1034.14  3375  7245 5042.5 
 1034.16  3380  7321 4992.5 
 1034.19  3385  7397 5682 
 1034.21  3390  7473 5711 
 1034.24  3395  7550 5548.5 
 1034.26  3400  7626 6502 
 1034.29  3405  7703 5866.5 
 1034.31  3410  7780 5740 
 1034.34  3415  7857 5391.5 
 1034.36  3420  7934 6401.5 
 1034.38  3425  8012 6023 
 1034.41  3430  8089 6561 
 1034.43  3435  8167 6093 
 1034.46  3440  8245 4235 
 1034.48  3445  8323 4763 
 1034.51  3450  8401 6187 
 1034.53  3455  8479 6102.5 
 1034.56  3460  8557 5342 
 1034.58  3465  8636 6058.5 
 1034.61  3470  8715 6301.5 
 1034.63  3475  8794 5076 
 1034.66  3480  8873 6057.5 
 1034.68  3485  8952 6001.5 
 1034.71  3490  9031 5205 
 1034.73  3495  9111 5564.5 
 1034.76  3500  9191 7161 
 1034.89  3505  7382 7766.5 
 1034.91  3510  7462 7096 
 1034.94  3515  7542 6611 
 1034.96  3520  7623 7346.5 
 1034.99  3525  7703 5660.5 
 1035.01  3530  7783 7085 
 1035.04  3535  7864 7652.5 
 1035.06  3540  7945 8035 
 1035.09  3545  8026 8108 
 1035.11  3550  8107 8172.5 
 1035.14  3555  8188 7330.5 
 1035.16  3560  8269 7548 
 1035.19  3565  8351 6622 
 1035.21  3570  8432 5470 
 1035.24  3575  8514 6668 
 1035.26  3580  8596 5344.5 
 1035.29  3585  8678 4525 
 1035.31  3590  8760 6261 
 1035.34  3595  8843 7894.5 
 1035.36  3600  8925 8463 
 1035.39  3605  9008 6714 
 1035.41  3610  9091 6168 
 1035.44  3615  9174 7148 
 1035.46  3620  9257 6031.5 
 1035.49  3625  9341 8468.5 
 1035.51  3630  9424 7265 
end
uxIntegration time is 0.2294 seconds per sampledt  2.8E-08 cy 1dh310817Tamanrasset 22.79-5.529 3.674295pr865dark 2.45 
 1071.05  2900  576 1.75 
 1071.08  2905  641 2.75 
 1071.12  2910  706 2 
 1071.15  2915  772 2 
 1071.18  2920  837 2.5 
 1071.21  2925  903 1.25 
 1071.24  2930  969 1.75 
 1071.27  2935  1035 2.25 
 1071.3  2940  1100 2.75 
 1071.34  2945  1166 3 
 1071.37  2950  1233 2.25 
 1071.4  2955  1299 2.75 
 1071.43  2960  1365 2.25 
 1071.46  2965  1431 2.5 
 1071.49  2970  1498 2.25 
 1071.53  2975  1565 2.25 
 1071.56  2980  1631 2.5 
 1071.59  2985  1698 2 
 1071.62  2990  1765 2.75 
 1071.65  2995  1832 3.25 
 1071.68  3000  1899 2.5 
 1071.7  3005  1966 2 
 1071.72  3010  2033 2.5 
 1071.75  3015  2101 3 
 1071.77  3020  2168 2.5 
 1071.79  3025  2236 3 
 1071.82  3030  2303 4.5 
 1071.84  3035  2371 4.5 
 1071.87  3040  2439 5 
 1071.89  3045  2507 5 
 1071.92  3050  2575 5.5 
 1071.94  3055  2643 5 
 1071.96  3060  2712 5.5 
 1071.99  3065  2780 4.5 
 1072.01  3070  2849 9 
 1072.03  3075  2917 9.5 
 1072.06  3080  2986 9 
 1072.08  3085  3055 10 
 1072.11  3090  3124 10.5 
 1072.13  3095  3193 10 
 1072.16  3100  3262 11 
 1072.18  3105  3331 15.5 
 1072.2  3110  3400 20 
 1072.23  3115  3470 18.5 
 1072.25  3120  3539 18 
 1072.28  3125  3609 22.5 
 1072.3  3130  3679 25 
 1072.32  3135  3749 26 
 1072.35  3140  3819 30 
 1072.37  3145  3889 29.5 
 1072.4  3150  3959 42 
 1072.42  3155  4029 35 
 1072.44  3160  4100 28.5 
 1072.47  3165  4170 42 
 1072.49  3170  4241 51.5 
 1072.52  3175  4312 54 
 1072.54  3180  4383 44 
 1072.56  3185  4454 66 
 1072.59  3190  4525 79.5 
 1072.61  3195  4596 67 
 1072.64  3200  4667 69 
 1072.66  3205  4739 105.5 
 1072.68  3210  4811 125 
 1072.71  3215  4882 115.5 
 1072.73  3220  4954 107 
 1072.76  3225  5026 89 
 1072.78  3230  5098 97.5 
 1072.8  3235  5170 161 
 1072.83  3240  5243 208.5 
 1072.85  3245  5315 186.5 
 1072.88  3250  5388 140 
 1072.9  3255  5460 199.5 
 1072.92  3260  5533 295.5 
 1072.95  3265  5606 364 
 1072.97  3270  5679 355.5 
 1073  3275  5753 301.5 
 1073.02  3280  5826 228.5 
 1073.05  3285  5899 296.5 
 1073.07  3290  5973 419 
 1073.1  3295  6047 532 
 1073.12  3300  6121 512 
 1073.14  3305  6195 368 
 1073.17  3310  6269 351.5 
 1073.19  3315  6343 382.5 
 1073.22  3320  6417 493 
 1073.24  3325  6492 521.5 
 1073.27  3330  6567 510.5 
 1073.29  3335  6641 427 
 1073.31  3340  6716 416 
 1073.34  3345  6791 534 
 1073.36  3350  6867 555 
 1073.39  3355  6942 672 
 1073.41  3360  7017 466 
 1073.44  3365  7093 515.5 
 1073.46  3370  7169 397 
 1073.48  3375  7245 468.5 
 1073.51  3380  7321 511 
 1073.53  3385  7397 603.5 
 1073.56  3390  7473 623.5 
 1073.58  3395  7550 595 
 1073.61  3400  7626 673.5 
 1073.63  3405  7703 601.5 
 1073.66  3410  7780 611 
 1073.68  3415  7857 594 
 1073.7  3420  7934 710 
 1073.73  3425  8012 658.5 
 1073.75  3430  8089 718 
 1073.78  3435  8167 668 
 1073.8  3440  8245 445.5 
 1073.83  3445  8323 503.5 
 1073.85  3450  8401 668.5 
 1073.88  3455  8479 673 
 1073.9  3460  8557 617 
 1073.93  3465  8636 661.5 
 1073.95  3470  8715 697 
 1073.98  3475  8794 567 
 1074  3480  8873 654.5 
 1074.03  3485  8952 664.5 
 1074.05  3490  9031 574.5 
 1074.08  3495  9111 625 
 1074.1  3500  9191 802.5 
 1074.23  3505  7382 867 
 1074.25  3510  7462 769 
 1074.28  3515  7542 728.5 
 1074.3  3520  7623 799 
 1074.33  3525  7703 627.5 
 1074.35  3530  7783 803 
 1074.38  3535  7864 845 
 1074.4  3540  7945 879 
 1074.43  3545  8026 879.5 
 1074.45  3550  8107 870.5 
 1074.48  3555  8188 792 
 1074.5  3560  8269 841.5 
 1074.53  3565  8351 736 
 1074.55  3570  8432 593.5 
 1074.58  3575  8514 733.5 
 1074.6  3580  8596 589 
 1074.63  3585  8678 491.5 
 1074.65  3590  8760 677 
 1074.68  3595  8843 840 
 1074.7  3600  8925 919 
 1074.73  3605  9008 723.5 
 1074.75  3610  9091 663.5 
 1074.78  3615  9174 762.5 
 1074.8  3620  9257 660 
 1074.83  3625  9341 904.5 
 1074.85  3630  9424 779 
end
