version=2dh021218davos 46.8 -9.83  2.776992pr840
inst 0  .1845  .16251  .477833 -.48255  0  .341  2.35  1.1342  1490  105  3E-08 1021141693 0  4300  9080  13800  21700  25000 2972mkiii1 0  0  0  0  0  0  0 -1 -4  242 -3  770  740  8028  178  2503  .9965  10  1738  250  .6  64  256  0 000 0 
disp 2856.469  7.694792E-02 -7.58314E-07  2896.38  7.603934E-02 -7.550831E-07  2932.915  7.536076E-02 -7.737756E-07  2968.062  7.460495E-02 -7.844839E-07  3002.456  7.361168E-02 -7.557001E-07  2823.874  7.747915E-02 -7.405234E-07  4284.703  .1154219 -1.137471E-06  4344.57  .114059 -1.132625E-06  4399.372  .1130411 -1.160663E-06  4452.093  .1119074 -1.176726E-06  4503.684  .1104175 -1.13355E-06  4235.811  .1162187 -1.110785E-06 
zeni-.0064 -.01968  .01654  .206792  .281876 -.060814 -.509342  .458899 -.044206 
ap23:12:03 18.72 19.19 15.59 1059.94 11.98 5.01-11.57 24.38 4.84 13.97 14.16 11.12 5.03-4.59 0 .12 0 0 .09 .11 0 0 .08 18.72 18.62 18.81 15.78 1024.68 11.96 4.98-11.54 23.88 .45 14.45 14.26 11.03 5.01-4.59 1.55 9.54 .36 12.17 1.35 .48 0 0 .08 19.03
co23:14:21az: Azimuth discrepancy =  9
co00:48:38ze: Zenith discrepancy =  0
co00:49:12fr: Micrometer #1 discrepancy=-11 Now set to o3 offset = 0
co00:49:47fr: Micrometer #2 discrepancy= 3 Now set to offset =-4
hp00:50:39 .9952067 66771.15 62 18
hp00:51:30 .9928343 68069.94 80.30001 18
hg00:54:07 .9967 1027.792 1028 387049 18
hg00:55:30 .9999 1021.03 1021 446419 18
co04:16:12td: Time correction  0 seconds
hp04:17:00 .9936702 65967.61 80.9 18
hg04:19:37 .9999 1021.001 1021 206687 18
ap04:31:11 0 3.82 .29 .32 0 0 .01 1.37
sla 0 277.240620 291024 120 331162 377656 447592 495927 545891rat 1782 1203 457 406
sla 0 277.940620 291225 136 331675 378029 447799 495668 545835rat 1773 1196 452 407
sla 0 278.640620 291251 128 331860 377449 447405 496233 546512rat 1776 1208 461 408
sla 0 279.350620 291001 132 331758 378411 447604 495996 546790rat 1775 1194 457 412
sla 0 280.050620 290974 134 332269 378287 447057 496274 545931rat 1771 1198 465 403
sla 0 280.760620 290616 118 331594 378119 447552 496184 546194rat 1779 1199 459 406
sla 0 281.460620 290888 121 331770 378067 447898 496229 546350rat 1777 1200 456 407
summary04:39:20dec 03/18 111.079 2.718 18sl 0 1776 1200 458 407 474 279 331726.9 546214.8 4 5 4 3 10 7 335.2 353.3
ap04:52:57 18.24 19 17.96 1059.94 11.96 5.13-11.57 24.48 0 13.5 14.83 11.41 5.02-4.46 0 0 .01 0 .03 .04 0 0 .08 19.65 18.15 19 18.05 1063.86 12.04 5.01-11.57 24 .57 13.78 14.35 11.5 5.02-4.44 1.54 9.55 .36 12.26 1.43 .48 0 0 .17 19.03
co04:54:24td: Time correction  .1 seconds
hp04:55:11 .9937777 66912.49 79.6 18
hg04:57:48 .9999 1021.319 1021 420687 19
ap05:09:22 0 0 .25 .32 0 0 .05 1.35
sla 0 315.420620 291294 117 331251 377715 447329 495705 545934rat 1779 1200 457 408
sla 0 316.120620 290853 123 331871 378217 447087 495711 546168rat 1771 1194 460 410
sla 0 316.830620 291188 133 331383 377853 447872 496460 545690rat 1784 1205 459 399
sla 0 317.530620 291150 120 331604 378607 447075 496539 546020rat 1782 1197 467 401
sla 0 318.240620 290774 114 331218 378236 446771 496166 546109rat 1783 1198 467 405
sla 0 318.940620 291667 131 331789 378160 447534 496048 546385rat 1775 1198 458 408
sla 0 319.640620 291257 125 332084 377848 447266 495615 546112rat 1767 1198 457 410
summary05:17:31dec 03/18 104.734 3.75 18sl 0 1777 1199 461 406 478 278 331600 546059.7 7 3 4 4 20 9 353.3 223.5
ap05:31:07 18.53 17.77 16.53 1081.49 11.96 5.02-11.56 24.48 0 11.41 12.17 9.32 5.02-4.22 0 .01 0 0 .03 .05 0 0 .15 17.94 17.96 17.48 16.25 1056.02 11.96 5.01-11.55 24.02 .51 11.5 12.17 9.32 5.02-4.25 1.54 9.7 .36 12.25 1.42 .49 0 0 .21 20.27
co05:46:53td: Time correction  0 seconds
hp05:47:41 .9936231 65943.92 80.1 17
hg05:50:18 .9999 1021.124 1021 211904 17
zsa0 350.990620 27 33 28 35 37 23 30rat 8 5-2409-16
zsa0 351.690620 34 26 26 33 34 36 25rat 6402 1554 974-6410
zsa0 352.40620 26 36 35 35 32 40 31rat 2423 2420 2420-2431
zsa0 353.10620 50 37 39 38 41 36 26rat 8 5-2409-16
zsa0 353.810620 33 36 40 31 38 36 44rat-2407 5 5 5409
zsa0 354.510620 39 23 34 29 59 46 30rat 3211 5841-1940-5183
zsa0 355.220620 32 28 26 31 26 24 26rat 8-1160 5-16
summary05:53:06dec 03/18 99.011 5.66 17zs 0 1379 1239-479-1238 5340 3582-145.7 425 2877 2345 1852 3924 15327 8314 169.2 546.7
zsa0 356.080620 35 42 37 33 43 43 31rat 8 5 5-16
zsa0 356.780620 26 28 27 24 21 27 23rat 8 5 5-16
zsa0 357.480620 38 40 34 36 37 56 30rat 8443 8440 8441-8452
zsa0 358.180620 31 26 26 31 29 30 26rat 2423-964 1255-2431
zsa0 358.880620 33 34 36 29 52 33 42rat 8 5-8941 5409
zsa0 359.580620 26 30 28 32 29 27 38rat 8 5 5 5409
zsa0 360.290620 30 34 26 21 27 32 32rat 8 5 5-16
summary05:58:10dec 03/18 98.213 6.072 17zs 0 1558 1072 111-16 1610 1044-182 451.3 3167 3269 5045 4759 18000 8671 145.8 519.1
ap06:00:39 1.54 9.73 .25 .34 0 0 .1 1.38
sla 0 362.020620 292051 120 332272 378590 448868 497680 547561rat 1782 1207 459 404
sla 0 362.730620 292246 124 332611 378356 448115 496594 546913rat 1768 1200 457 409
sla 0 363.430620 292019 131 331875 378438 447647 497663 547581rat 1788 1209 471 405
sla 0 364.140620 292132 120 332720 378769 448458 496487 547774rat 1766 1194 453 417
sla 0 364.840620 292153 122 332189 379089 448143 497593 547455rat 1783 1200 466 404
sla 0 365.540620 291826 122 332282 379234 448144 497486 546994rat 1781 1198 465 402
sla 0 366.250620 292109 124 332165 378829 449044 497302 547742rat 1781 1201 454 409
summary06:04:08dec 03/18 97.285 6.619 17sl 0 1778 1201 461 407 475 279 332302 547431.5 8 5 7 5 23 10 273.7 387
zsa0 367.270620 41 31 34 39 57 31 41rat-1157-5420-10538 6378
zsa0 367.970620 32 38 34 27 32 41 39rat 1173 1170 1171-1182
zsa0 368.670620 35 27 35 38 41 37 40rat 977-409-1456 1123
zsa0 369.380620 29 25 27 28 40 33 40rat 5433 4265-2725 2714
zsa0 370.080620 33 36 40 42 34 36 46rat-2407-4171 5 6378
zsa0 370.790620 34 35 39 30 29 53 50rat 6540 8952 8952-808
zsa0 371.490620 32 31 24 40 38 50 46rat 9190 3250 4342-1043
summary06:09:22dec 03/18 96.473 7.165 17zs 0 2821 1091-36 1937-3377-2184-437.7 984 4291 4981 6068 3338 14071 7805 123.5 338
zsa0 372.340620 22 28 38 33 41 45 47rat 2313 5320 1171 466
zsa0 373.040620 36 39 69 34 38 31 59rat-11157 5 6 9387
zsa0 373.740620 30 28 36 36 37 48 58rat 3988 3985 3474 1744
zsa0 374.450620 34 27 38 36 49 54 61rat 3908 4776 895 984
zsa0 375.160620 31 32 31 43 44 58 69rat 10552 3741 3364 1515
zsa0 375.860620 32 35 32 39 51 66 88rat 11316 8898 2878 2312
zsa0 376.560620 29 32 38 42 59 76 85rat 8662 6440 2127 791
summary06:14:27dec 03/18 95.694 7.753 18zs 0 4226 4738 1988 2457-3636-433-1032 2380.6 7642 2724 1336 3119 16802 7134 362.7 951.2
co06:49:25td: Time correction  .1 seconds
hp06:50:22 .9931867 66495.08 80.30001 18
hg06:52:59 .9999 1021.029 1021 217103 18
hp07:03:21 .994054 66791.7 80 19
hg07:05:59 .9999 1021.187 1021 229745 19
zsa0 426.670620 134 38 294 787 2388 6394 9990rat 13959 9293 4328 1929
zsa0 427.370620 147 32 302 806 2456 6688 10607rat 13928 9351 4393 1993
zsa0 428.080620 150 32 293 806 2477 6802 10746rat 14149 9425 4430 1976
zsa0 428.780620 147 30 297 822 2479 6960 10927rat 14152 9426 4524 1948
zsa0 429.490620 147 29 307 832 2561 7135 11142rat 14086 9475 4488 1924
zsa0 430.190620 154 29 296 821 2575 7017 11191rat 14188 9463 4391 2016
zsa0 430.890620 138 30 296 774 2488 7039 11119rat 14218 9747 4557 1975
summary07:08:46dec 03/18 87.517 10.924 19zs 0 14097 9454 4444 1966 7807 3890 2382.2-5535.9 113 144 82 34 134 113 163.8 383.4
sla 0 436.640620 291285 118 332095 378163 448003 496271 546667rat 1773 1200 456 409
sla 0 437.340620 291931 118 332208 377860 447751 497004 547213rat 1778 1210 465 407
sla 0 438.050620 291261 129 332133 378304 447998 496380 547420rat 1773 1199 457 414
sla 0 438.750620 291434 122 331614 378034 448021 496894 547076rat 1785 1207 461 407
sla 0 439.460620 292099 128 332122 378694 448300 496256 546431rat 1772 1193 453 407
sla 0 440.160620 291926 118 332130 378261 448268 496455 546314rat 1774 1200 455 404
sla 0 440.860620 291667 127 332303 378078 448041 496429 546382rat 1771 1202 457 405
summary07:18:45dec 03/18 86.218 9.64 18sl 0 1775 1202 458 408 471 280 332086.5 546786.2 5 6 4 3 12 7 223.5 474
co07:21:46az: Azimuth discrepancy =  4
dsa0 443.430620 31 43 35 38 42 49 64rat-2275 206 2293 3634
dsa0 444.140620 39 32 41 27 31 56 63rat-2081 6294 8346-665
dsa0 444.840620 32 34 32 25 41 54 71rat 3169 5567 2740 924
dsa0 445.540620 29 25 39 31 45 64 70rat-1683 4355 1111-1098
dsa0 446.250620 26 39 36 43 65 70 86rat 5274 5180-996 116
summary07:24:50dec 03/18 85.43 8.867 19ds 0 481 4320 2699 582-1382 1981-13.6 18 3501 2404 3472 1873 7266 5260 43.7 172.2
co07:28:13td: Time correction  .1 seconds
hp07:29:06 .9936224 66259.57 79.7 18
hg07:31:42 .9998 1021.795 1022 251020 19
ap07:31:45 18.24 17.77 16.91 1038.39 11.99 4.99-11.76 24.48 0 13.5 13.69 12.07 5-4.4 0 0 0 .16 .08 .11 0 0 .05 20.58 18.15 17.77 16.91 1057.98 11.96 5.06-11.74 24 .55 13.69 14.07 11.98 5.03-4.42 1.54 9.65 .36 12.16 1.42 .56 0 0 .07 21.82
dsa0 453.770620 48 33 32 29 40 72 95rat 7168 9143 5961 571
dsa0 454.480620 32 27 33 35 55 73 97rat 3781 4479 678 401
dsa0 455.190620 32 29 25 37 43 76 107rat 8118 4615 3802 797
dsa0 455.890620 32 36 29 44 52 90 95rat 8788 5259 3845-1000
dsa0 456.590620 33 36 29 33 50 69 98rat 6714 8585 2305 1372
summary07:35:11dec 03/18 84.111 7.706 18ds 0 6914 6416 3318 428 5544 4030-14.7 96.8 1929 2263 1968 879 3913 1656 30.2 63.2
ap07:46:09 18.34 18.72 16.25 13.97 14.35 11.79 .23 .31 0 0 .01 1.38
ap07:46:58 18.43 18.53 15.87 1059.94 11.98 5.01-11.56 24.48 .04 13.78 14.35 11.41 5.03-4.47 0 14.52 0 0 .02 .04 0 0 .12 19.65 18.43 18.72 15.97 1059.94 11.98 5.32-11.51 23.93 .05 13.97 14.54 11.5 5.02-4.46 1.55 9.51 .36 11.88 1.48 .64 0 0 .14 20.11
co08:04:35td: Time correction  .1 seconds
hp08:05:30 .9935355 66428.07 80.1 18
hg08:08:07 .9999 1020.126 1020 197211 18
ap08:08:11 18.53 17.58 16.82 1057.98 11.96 5.01-11.56 24.48 2.51 13.78 13.69 11.88 5.02-4.45 .07 0 0 0 .1 .11 0 0 .06 19.96 17.96 18.05 16.72 1056.02 12.01 5.01-11.57 23.97 .48 13.78 13.78 11.98 5.02-4.45 1.54 9.52 .36 12.1 1.41 .6600001 0 0 .17 19.8
dsa0 490.170620 31 33 32 50 96 192 264rat 15388 7851 3141 766
dsa0 490.880620 37 40 46 54 93 214 297rat 11626 9099 4290 844
dsa0 491.580620 30 35 28 51 113 226 294rat 16229 8938 3023 479
dsa0 492.290620 32 26 40 57 119 227 292rat 8617 6301 2487 379
dsa0 4930620 30 28 35 55 121 259 363rat 12253 7518 3097 783
summary08:11:34dec 03/18 79.75801 5.146 18ds 0 12823 7941 3208 650 10742 5232-13.2 213.1 3067 1141 660 207 2995 877 15.6 49.4
ap08:22:34 18.43 18.62 16.91 14.35 14.64 12.55 .25 .31 0 0 .09 1.3
ap08:23:19 19.29 18.53 16.53 1061.9 11.99 2.74-11.55 24.48 .07 14.35 14.26 12.17 5.05-4.45 0 0 0 0 .11 .12 0 0 .03 21.05 18.62 18.34 16.53 1054.06 11.99 5-11.61 23.88 .02 14.35 14.26 12.17 5.05-4.44 1.55 9.51 .36 11.91 1.41 .68 0 0 .07 20.74
dsa0 505.40620 36 27 50 172 525 1199 1577rat 14466 7472 2959 472
dsa0 506.110620 42 32 69 176 527 1192 1568rat 12372 7467 2945 481
dsa0 506.810620 27 38 59 189 569 1260 1682rat 15074 7497 2871 555
dsa0 507.520620 54 39 65 191 558 1289 1721rat 14260 7576 3073 560
dsa0 508.220620 44 33 68 196 611 1392 1913rat 13348 7645 2973 684
summary08:26:48dec 03/18 78.1 4.537 19ds 0 13904 7531 2964 550 12143 5114 0 234.2 1057 77 72 85 1095 79 8.7 3.2
jg 3140a0 509.09065 103 14 201 401 640 895 1139rat 6740 3578 1490 1045
jg 3140a0 509.31065 117 8 213 386 644 905 1123rat 6419 3759 1499 928
jg 3140a0 509.53065 100 9 229 400 651 919 1189rat 6175 3674 1521 1111
jg 3140a0 509.75065 107 5 224 384 673 881 1222rat 6029 3644 1183 1411
jg 3140a0 509.97065 119 8 230 407 683 923 1222rat 6160 3610 1327 1211
summary08:29:31dec 03/18 77.815 4.445 18jg 3140 0 6305 3653 1404 1141 2654 1011 34.9-31.6 281 69 146 183 810 284 3.6 18.8
jg 3285a0 510.56065 1134 5 1232 1507 1647 1416 1524rat 616-266-653 303
jg 3285a0 510.78065 1146 6 1224 1517 1610 1429 1576rat 684-255-514 410
jg 3285a0 511065 1142 4 1226 1498 1642 1458 1510rat 764-113-512 135
jg 3285a0 511.22065 1146 8 1248 1500 1638 1440 1521rat 634-173-557 222
jg 3285a0 511.43065 1175 8 1240 1512 1634 1411 1510rat 573-297-635 279
summary05:06:27dec 03/18 46.613 2.643 18jg 3285 0 958 255-147 249 161-95 28.9-65.9 0 0 402 0 230 314 22.6 63.5
jg 3420a0 512.0301065 1527 3 1785 1637 1621 1573 1832rat-542-168-125 646
jg 3420a0 512.25065 1522 6 1777 1650 1572 1623 1818rat-387-67 145 477
jg 3420a0 512.46065 1567 5 1796 1669 1632 1626 1883rat-425-108-10 622
jg 3420a0 512.68065 1520 6 1811 1668 1644 1621 1892rat-475-119-56 657
jg 3420a0 512.9065 1531 16 1809 1698 1644 1637 1869rat-429-155-13 564
summary03:11:15dec 03/18 28.945 1.626 18jg 3420 0-87-24-14 214-772-382 19.9-63.2 257 73 52 279 1164 548 24.8 82.7
jg 3515a0 513.46065 1605 6 1842 1968 1665 1705 1700rat-328-620 109-30
jg 3515a0 513.68065 1633 14 1836 2115 1731 1725 1765rat-264-887-10 83
jg 3515a0 513.9065 1661 11 1882 2143 1762 1802 1822rat-181-752 104 31
jg 3515a0 514.11065 1691 10 1915 2199 1750 1838 1868rat-171-778 220 53
jg 3515a0 514.33065 1711 10 2025 2181 1795 1859 1890rat-365-692 159 55
summary02:18:02dec 03/18 20.788 1.158 18jg 3515 0-70-188 28 20-135-236 17-43.3 120 334 65 19 156 381 27.9 69.6
dsa0 515.34010620 40 48 92 301 966 2000 2807rat 14067 7394 2577 817
dsa0 516.040620 48 36 89 301 976 2126 2923rat 13568 7498 2775 721
dsa0 516.750620 55 34 82 319 971 2167 2941rat 14100 7278 2881 666
dsa0 517.450620 48 34 91 315 994 2149 2900rat 13329 7310 2742 645
dsa0 518.160620 42 33 90 353 1041 2266 3063rat 13577 6989 2770 654
summary08:36:44dec 03/18 77.07801 4.225 18ds 0 13728 7294 2749 701 11485 4728 5.4 224.7 339 191 110 72 288 153 6.1 9.9
ap08:47:45 18.53 18.05 16.44 14.26 15.02 12.45 .29 .38 0 0 .15 1.39
co08:48:32td: Time correction  .1 seconds
hp08:49:34 .9936583 66796.71 79.5 19
hg08:52:10 .9999 1021.247 1021 204442 18
ap08:52:13 18.34 18.24 16.72 1061.9 11.91 5.01-11.56 24.48 0 13.88 14.26 12.26 5-4.54 0 14.52 .01 0 .08 .1 0 0 .04 21.05 18.05 17.67 16.72 1056.02 11.94 1.97-11.52 24.14 .58 13.97 13.97 12.55 5.03-4.54 1.54 9.51 .36 12.33 1.42 .67 0 0 .11 17.94
dsa0 534.210620 100 48 456 2418 9197 21939 31634rat 15185 8357 3176 987
dsa0 534.920620 392 40 2406 14728 58097 140200 204913rat 15637 8516 3225 1052
dsa0 535.620620 637 48 4116 25131 97661 238383 347730rat 15609 8513 3284 1051
dsa0 536.330620 171 30 1036 5894 22641 54123 78639rat 15224 8371 3185 1027
dsa0 537.03010620 473 40 2785 16302 63805 153234 222288rat 15406 8477 3213 1028
summary08:55:37dec 03/18 75.276 3.765 19ds 0 15412 8447 3217 1029 12119 5089 .5 280.3 210 77 43 26 141 36 1.1 3.2
ap09:06:37 18.91 19.29 17.1 15.59 16.34 13.69 .29 .13 0 0 .08 1.38
ap09:07:23 18.81 19.57 17.2 1057.98 11.98 5.01-11.62 24.45 .23 15.4 16.53 14.07 5.02-4.5 .03 0 0 0 .03 .02 0 0 .01 19.8 18.91 20.05 17.29 1038.39 12 5.07-11.57 24.12 .41 15.3 16.63 14.16 5.02-4.48 1.54 9.49 .36 12.03 1.41 .48 0 0 .18 20.89
dsa0 549.450620 6328 129 37380 196150 715201 1594410 2245576rat 14556 8073 3024 1011
dsa0 550.150620 6800 121 39723 207498 754414 1677868 2357245rat 14528 8064 3021 1006
dsa0 550.860620 6516 126 38069 196923 713526 1585174 2229140rat 14463 8038 3012 1007
dsa0 551.560620 6409 133 36736 190272 687819 1523695 2143347rat 14446 8013 2997 1007
dsa0 552.260620 8887 140 51397 263455 943785 2068181 2885803rat 14384 7990 2989 1002
summary09:10:51dec 03/18 73.964 3.488 19ds 0 14475 8036 3009 1007 11255 4820 .8 280 68 35 15 3 60 23 .2 .6
jg 3140a128 553.2801065 21127 32 43565 79346 129633 187421 254896rat 6415 3790 1635 1350
jg 3140a128 553.5065 21843 26 44964 82181 134588 193699 264005rat 6423 3782 1615 1360
jg 3140a128 553.71065 21207 27 43462 79499 129916 186645 255557rat 6407 3763 1606 1379
jg 3140a128 553.93065 22050 27 45488 82563 134960 193993 264801rat 6379 3769 1610 1367
jg 3140a128 554.15065 19730 23 40520 74035 120643 173499 236872rat 6389 3751 1609 1364
summary09:13:42dec 03/18 73.732 3.444 19jg 3140 2 6403 3771 1615 1364 2038 645 51.7-71.9 18 15 12 11 44 26 .6 2.3
jg 3285a128 554.82065 68391 30 75226 99171 114412 106216 120245rat 1522 307-321 527
jg 3285a128 555.04065 62721 26 72209 95505 109890 101933 115766rat 1521 292-324 541
jg 3285a128 555.26065 61629 38 68110 89882 103886 96350 109020rat 1529 310-325 524
jg 3285a128 555.48065 20631 18 22489 29739 34290 31519 35910rat 1480 259-361 550
jg 3285a128 555.69065 15594 14 16766 22192 25460 23430 26629rat 1467 242-356 539
summary05:33:00dec 03/18 44.178 2.054 19jg 3285 2 1392 518-7 405 97-166 39-90.8 0 0 252 0 127 297 29.2 79.9
jg 3420a128 556.29065 100504 40 126679 126306 128488 132613 162495rat 211 220 145 879
jg 3420a128 556.51065 45377 21 56949 56757 57878 59292 72728rat 185 197 112 875
jg 3420a128 556.72065 47793 25 59929 59962 60851 62819 76798rat 215 209 145 861
jg 3420a128 556.94065 68972 26 85674 85501 87169 89168 109498rat 184 190 105 883
jg 3420a128 557.16065 147136 54 185196 184348 188328 194300 236911rat 222 239 144 863
summary03:27:46dec 03/18 27.443 1.269 19jg 3420 2 161 105 43 318-856-457 27.3-87.4 0 65 65 404 1268 644 34.1 114.4
jg 3515a128 557.72065 317991 88 383918 448548 389321 413006 434022rat 341-371 274 208
jg 3515a128 557.94065 405791 100 488583 570003 496302 526151 553355rat 350-365 275 215
jg 3515a128 558.16065 412471 105 497945 580574 505065 536418 562931rat 352-361 284 205
jg 3515a128 558.37065 197330 66 237051 276968 239747 253576 267209rat 310-389 256 216
jg 3515a128 558.5901065 327671 85 395179 462470 401749 425861 447818rat 349-371 271 211
summary02:29:55dec 03/18 19.717 .908 19jg 3515 2 93-88 70 69-126-239 21.9-55.5 146 168 120 82 113 370 35.7 88.1
dsa128 559.670620 979 54 5133 24496 86122 187419 263617rat 13838 7724 2852 957
dsa128 560.380620 285 36 1393 6443 22512 49088 69114rat 13740 7708 2856 957
dsa128 561.080620 205 30 901 4128 14365 31221 43499rat 13703 7685 2844 912
dsa128 561.790620 468 43 2366 11102 38265 82867 116142rat 13695 7623 2830 942
dsa128 562.490620 1178 52 5983 28308 98448 213054 298688rat 13747 7668 2836 950
summary09:21:04dec 03/18 73.159 3.337 19ds 2 13745 7682 2844 944 10725 4656 1 278.2 57 39 11 19 51 39 1.1 3.1
ap09:32:02 19.19 19 17.67 15.59 16.91 15.21 .28 .4 0 0 .15 1.37
co09:32:49td: Time correction  .1 seconds
hp09:33:50 .9923389 66659.61 79.5 19
hg09:36:27 .9999 1021.306 1021 206496 19
ap09:36:30 19.48 19.29 18.91 1040.35 11.98 4.98-11.74 24.45 0 15.49 17.2 15.21 5.03-4.47 0 0 0 0 .09 .11 0 0 .02 22.76 19.48 19.29 18.43 1040.35 11.96 5-11.72 24.02 .45 15.68 17.48 15.3 5.05-4.46 1.54 9.49 .36 12.19 1.4 .47 0 0 .21 20.89
dsa0 578.670620 2191 53 10036 42279 140233 288881 398252rat 12927 7321 2658 909
dsa0 579.380620 5855 90 27623 116459 385576 791788 1087153rat 12961 7351 2675 916
dsa0 580.09010620 3546 67 16406 68843 228212 469097 642688rat 12921 7331 2661 892
dsa0 580.790620 4435 115 20377 85383 281095 574599 789249rat 12883 7291 2645 910
dsa0 581.50620 5688 82 26556 110274 361839 729556 992724rat 12781 7233 2595 876
summary09:40:05dec 03/18 71.832 3.116 20ds 0 12895 7305 2647 901 10013 4451 .7 278.6 69 46 31 16 39 22 .5 2.1
ap09:51:00 19.38 18.43 17.77 15.3 15.4 14.92 .26 .31 0 0 .14 1.37
ap09:51:46 19.19 19.19 17.67 1054.06 11.98 5-11.77 24.31 .51 15.11 15.97 15.02 5.02-4.35 0 0 0 0 .09 .12 0 0 .06 20.58 19.29 18.72 17.67 1079.53 11.98 4.98-11.76 23.97 .4 15.21 15.3 14.64 5.03-4.36 1.55 9.32 .36 12.03 1.4 .57 0 0 .05 108.98
dsa0 593.830620 489 33 1952 7417 23498 46292 62875rat 12185 6964 2474 857
dsa0 594.540620 670 41 2757 10651 33376 66035 89364rat 12225 6936 2494 843
dsa0 595.240620 2582 53 10959 42624 135511 270163 366201rat 12334 7045 2538 859
dsa0 595.950620 6632 77 28751 111680 354263 702293 951982rat 12337 7053 2540 878
dsa0 596.660620 19199 132 84339 327752 1029817 1996877 2661974rat 12351 7050 2523 863
summary09:55:14dec 03/18 70.941 2.984 19ds 0 12286 7010 2514 860 9534 4290 1.5 275.2 76 55 29 13 60 28 .8 3.4
jg 3140a0 597.5301065 67906 58 124707 208472 309869 426862 564412rat 5500 3225 1455 1265
jg 3140a0 597.75065 121292 60 221706 367871 543370 742081 969781rat 5520 3246 1464 1271
jg 3140a0 597.96065 111482 60 203783 337880 500271 684264 895814rat 5512 3247 1462 1268
jg 3140a0 598.18065 45224 43 82502 137601 205073 282964 376616rat 5458 3206 1442 1269
jg 3140a0 598.4065 60923 43 110537 184558 273730 376449 499595rat 5460 3195 1440 1273
summary09:57:57dec 03/18 70.797 2.963 19jg 3140 0 5490 3224 1453 1269 1429 340 65.2-113.8 29 23 11 3 35 20 .5 2.1
jg 3285a192 599.15065 104103 42 111256 142604 161609 147582 166321rat 1254 157-395 510
jg 3285a192 599.37065 43740 16 46360 59968 67629 61697 69395rat 1258 130-396 496
jg 3285a192 599.5901065 33467 22 35917 45643 51683 47085 52933rat 1191 141-401 493
jg 3285a192 599.81065 25509 15 27169 34882 39558 35946 40253rat 1229 137-412 475
jg 3285a192 600.0301065 3814 9 4013 5087 5742 5238 5781rat 1169 133-394 411
summary05:59:35dec 03/18 42.436 1.772 19jg 3285 3 1159 392-55 365-10-202 45.4-108.8 0 0 292 0 237 283 32.7 89.2
jg 3420a0 600.71065 20413 20 25184 24688 24459 24944 30130rat-33 51 92 805
jg 3420a0 600.93065 47288 23 58196 56993 57367 58065 70337rat 0 87 59 820
jg 3420a0 601.15065 149087 48 185167 182028 183117 187507 226358rat 65 137 111 818
jg 3420a0 601.37065 1205412 183 1443387 1434421 1448217 1474682 1696335rat 123 153 102 745
jg 3420a0 601.58065 961105 172 1163624 1153215 1161321 1182891 1394977rat 92 134 99 832
summary03:44:21dec 03/18 26.374 1.098 19jg 3420 0 94 64 27 292-842-447 31.3-100 0 26 49 374 1234 626 39.1 130.2
jg 3515a128 602.29065 188320 55 224937 260622 224297 235822 246400rat 220-441 229 177
jg 3515a128 602.51065 405015 102 484120 558975 483543 507836 530684rat 229-437 231 185
jg 3515a128 602.73065 151404 52 179338 207055 177271 185887 193202rat 168-473 216 153
jg 3515a128 602.94065 388412 92 462840 533038 459475 483481 503936rat 209-444 239 172
jg 3515a128 603.16065 559285 139 663088 764360 661826 695774 724435rat 235-440 241 172
summary02:41:53dec 03/18 18.958 .787 19jg 3515 2 58-109 59 58-127-236 25.1-63.7 92 201 102 66 115 366 40.9 101.2
dsa128 604.160620 6379 83 26811 101174 320207 626150 846611rat 12168 6996 2485 873
dsa128 604.870620 3565 62 14962 56554 177060 347102 468336rat 12115 6935 2481 853
dsa128 605.570620 4008 64 16775 62869 198024 386819 522126rat 12094 6951 2468 857
dsa128 606.28010620 8075 82 33547 124977 391910 765764 1030720rat 12089 6971 2492 861
dsa128 606.980620 6609 90 27478 103125 321881 629144 845229rat 12093 6941 2486 847
summary10:05:34dec 03/18 70.422 2.911 19ds 2 12112 6959 2482 858 9365 4259 .7 278.9 33 25 9 10 22 9 .5 .9
ap10:16:31 19.48 19.48 17.77 16.34 18.15 15.59 .26 .32 0 0 .17 1.39
co10:17:18td: Time correction  .1 seconds
hp10:18:19 .9936965 66643.02 79.6 20
hg10:20:55 .9999 1021.149 1021 207582 20
ap10:20:59 19.38 19.48 18.05 1057.98 11.9 4.97-11.73 24.48 0 15.87 17.39 14.92 5-4.31 0 0 0 0 .09 .11 0 0 .13 20.11 19.57 19.57 17.77 1038.39 11.96 5.04-11.73 24.02 .55 16.16 17.96 15.02 5.03-4.32 1.54 9.49 .36 12.11 1.3 .41 0 0 .11 21.36
dsa128 623.060620 2672 57 10381 37046 114857 220680 296975rat 11783 6829 2403 852
dsa128 623.770620 2367 43 9219 33117 102503 195855 263669rat 11775 6796 2377 853
dsa128 624.470620 790 40 3140 11101 33894 64933 87155rat 11680 6745 2384 835
dsa128 625.180620 1228 46 4888 17238 53022 101998 136633rat 11711 6796 2404 829
dsa128 625.880620 2341 65 9179 32829 101307 193937 261478rat 11767 6797 2388 861
summary10:24:28dec 03/18 69.663 2.813 19ds 2 11743 6793 2391 846 9036 4159 .7 278.2 45 30 12 13 26 24 .7 2.4
ap10:35:25 19.48 19 17.29 15.21 16.53 14.54 .31 .13 0 0 .01 1.3
fv10:37:50128az 171.9142 40 166.2ze 69.248-4 1047.6
ap10:39:15 19.38 18.72 16.82 1069.74 12.04 5.01-11.57 24.48 0 14.45 15.68 13.88 5.01-4.37 0 .13 0 0 .11 .13 0 0 .1 20.89 19 19.1 16.72 1057.98 11.98 5-11.61 23.95 .02 14.45 16.16 14.16 5.02-4.38 1.54 9.35 .36 12.06 1.4 .67 0 0 .07 17.94
dsa0 641.20620 1427 38 5418 18623 56250 105973 141304rat 11451 6644 2322 817
dsa0 641.910620 1705 44 6445 22224 66934 127213 169660rat 11493 6672 2361 819
dsa0 642.620620 3137 64 12147 42297 128672 243963 326353rat 11576 6715 2357 837
dsa0 643.320620 9408 79 36569 126604 384123 723483 964302rat 11551 6718 2354 840
dsa0 644.020620 3149 50 12015 41516 125727 237081 316275rat 11495 6671 2333 825
summary10:42:36dec 03/18 69.173 2.752 19ds 0 11513 6684 2345 828 8864 4104 .9 278.5 50 32 17 10 22 8 .3 1
jg 3140a64 644.97065 72868 55 127576 205746 296154 403232 530591rat 5141 3024 1399 1238
jg 3140a64 645.18065 50258 37 87639 141484 203368 277908 366149rat 5112 3003 1398 1222
jg 3140a64 645.4065 49126 33 86420 139625 200835 274104 361977rat 5112 2999 1392 1232
jg 3140a64 645.62065 17956 22 30552 49381 70377 96229 126715rat 5024 2926 1377 1191
jg 3140a64 645.83065 52429 41 91120 146858 210924 286723 378732rat 5081 2978 1376 1236
summary10:45:24dec 03/18 69.12001 2.746 19jg 3140 1 5094 2986 1388 1224 1177 211 72.80001-136.5 45 37 11 19 33 14 .4 1.5
jg 3285a64 646.43065 234526 65 246894 310706 349370 318433 354893rat 1149 116-412 470
jg 3285a64 646.65065 367319 94 387582 486820 545639 498780 555484rat 1161 117-408 478
jg 3285a64 646.87065 486868 112 514148 643433 720765 661010 733759rat 1177 132-402 474
jg 3285a64 647.0901065 597449 130 629534 786739 879929 808641 896859rat 1193 137-401 481
jg 3285a64 647.3065 545825 116 576336 718972 804645 738419 819615rat 1171 132-403 479
summary06:27:58dec 03/18 41.458 1.646 19jg 3285 1 1095 362-64 361-60-219 49-119 0 0 295 0 257 274 34.6 94.5
jg 3420a128 647.97065 177683 50 219455 215959 216548 220484 265863rat 30 98 86 816
jg 3420a128 648.19065 184540 62 228749 224483 225134 229588 276656rat 25 106 93 814
jg 3420a128 648.41065 121923 42 150811 148020 148639 150962 182043rat 14 92 74 810
jg 3420a128 648.63065 33699 17 41460 40841 40696 41394 49700rat 2 64 80 780
jg 3420a128 648.8401065 8286 10 10193 9791 9733 9907 11876rat-115 57 83 771
summary04:02:00dec 03/18 25.786 1.023 19jg 3420 2 70 52 23 290-858-453 33.7-108 0 0 44 371 1248 631 41.9 140.4
jg 3515a128 649.48065 152407 50 182325 210860 180438 189087 197093rat 170-478 213 166
jg 3515a128 649.7065 190541 60 228532 264592 226604 237915 248078rat 188-469 223 168
jg 3515a128 649.92065 191174 67 228805 264904 227097 238607 248105rat 196-461 226 156
jg 3515a128 650.13065 140132 39 167459 193433 165471 174363 181265rat 188-454 238 154
jg 3515a128 650.35065 130840 55 156532 181052 154650 162227 168856rat 167-480 217 159
summary02:54:34dec 03/18 18.55 .735 19jg 3515 2 49-115 57 55-126-236 26.9-68.2 79 210 99 61 112 365 43.8 108.2
dsa0 651.440620 7425 78 28724 98391 296872 556614 739790rat 11454 6664 2328 824
dsa0 652.140620 338 32 1213 3974 11535 21431 28133rat 11093 6432 2265 751
dsa0 652.850620 736 43 2668 9034 26701 49955 66216rat 11306 6532 2294 793
dsa0 653.550620 649 31 2362 7939 23584 43816 58001rat 11253 6520 2263 787
summary10:52:29dec 03/18 69.00701 2.733 19ds 0 11277 6537 2288 789 8753 4052 1.8 274.9 149 96 31 30 54 34 .9 3.6
co10:57:43td: Time correction  .2 seconds
hp10:58:39 .9934102 66266.3 79.1 19
hg11:01:17 .9998 1021.528 1022 194967 19
co11:12:32td: Time correction  .1 seconds
hp11:13:20 .9937704 65873.75 80.9 20
hg11:15:57 .9999 1020.201 1020 200687 20
ap11:16:00 19.38 19.38 18.43 1061.9 11.96 5.01-11.79 24.48 0 15.59 16.72 15.59 5.02-4.29 0 0 0 0 .08 .11 0 0 .14 20.89 19.67 19.38 18.43 1054.06 11.96 5-11.79 23.97 4.84 15.87 16.63 15.3 4.99-4.38 1.54 9.49 .36 12.17 1.32 .41 0 0 .08 19.49
dsa0 677.990620 136 31 426 1302 3587 6269 7982rat 10502 5997 2011 621
dsa0 678.70620 188 40 548 1632 4486 8071 10286rat 10506 6116 2138 625
dsa0 679.410620 559 33 1894 6336 18489 34443 45425rat 11189 6461 2277 771
dsa0 680.110620 398 30 1338 4447 12906 23750 31123rat 11104 6389 2224 744
dsa0 680.820620 155 34 494 1481 4153 7372 9373rat 10544 6138 2078 614
summary11:19:24dec 03/18 68.921 2.722 20ds 0 10769 6220 2146 675 8608 4000 2.1 270.3 346 196 107 76 108 44 1.9 4.7
ap11:30:21 19.29 18.62 17.1 14.54 15.59 14.16 .04 .06 0 0 .05 1.39
fv11:32:470az 185.519 90 779.8ze 69.099 10 74443.21
ap11:34:12 18.72 18.43 16.25 1071.7 11.91 5.01-11.78 24.48 .41 13.88 15.4 13.69 5.02-4.53 .01 .1 0 0 .08 .11 0 0 0 18.56 19.38 18.43 16.34 1054.06 11.96 5-11.73 23.9 .6 14.16 15.02 13.5 4.99-4.52 1.55 9.48 .36 12.04 1.4 .49 0 0 .21 21.82
dsa0 696.09010620 162 42 474 1510 4023 7109 8937rat 10639 5903 2058 563
dsa0 696.790620 255 35 880 2803 8115 14961 19511rat 10973 6396 2231 720
dsa0 697.50620 154 32 475 1480 4068 7087 9113rat 10521 5954 1990 660
dsa0 698.20620 150 37 434 1360 3682 6443 8218rat 10577 5927 2014 626
dsa0 698.910620 182 35 466 1483 3958 6938 8864rat 10544 5859 2019 632
summary11:37:29dec 03/18 69.163 2.751 19ds 0 10651 6008 2062 640 8602 3888 7.1 255.6 186 220 97 57 161 107 4.1 11.6
jg 3140a0 699.7801065 741 11 1195 1807 2559 3270 4109rat 4407 2594 1075 977
jg 3140a0 700065 792 9 1308 1980 2719 3456 4409rat 4248 2434 1051 1042
jg 3140a0 700.21065 965 7 1604 2433 3391 4442 5609rat 4446 2627 1181 997
jg 3140a0 700.43065 2555 7 4454 7044 9987 13324 17374rat 4777 2779 1260 1137
jg 3140a0 700.65065 4077 7 6972 11250 15929 21543 28325rat 4918 2833 1320 1174
summary11:40:12dec 03/18 69.22 2.758 19jg 3140 0 4559 2653 1177 1065 1150 253 70.2-131.5 278 158 116 87 146 110 3.4 11.7
jg 3285a0 701.25065 113799 31 119677 150479 169274 153618 171139rat 1110 97-423 459
jg 3285a0 701.47065 332293 90 350413 438147 490903 448398 499358rat 1129 111-409 475
jg 3285a0 701.68065 607715 125 641097 797858 890012 816586 904693rat 1154 117-409 476
jg 3285a0 701.9065 730451 144 768711 953221 1060078 975838 1079310rat 1161 120-403 480
jg 3285a0 702.12065 1006334 188 1057748 1298921 1435147 1329410 1458708rat 1169 126-395 469
summary07:00:51dec 03/18 41.548 1.657 19jg 3285 0 1028 322-86 342-68-217 48.4-117.9 0 0 290 0 263 279 34.7 94.6
jg 3420a192 702.87065 206602 65 255226 251413 252754 257178 310561rat 43 107 84 827
jg 3420a192 703.0901065 246597 80 304572 300786 302625 308061 371551rat 60 113 86 827
jg 3420a192 703.3065 269018 64 333225 328303 330972 337390 406646rat 65 129 93 827
jg 3420a192 703.52065 73482 34 90298 88306 88315 89691 107900rat-21 74 74 793
jg 3420a192 703.74065 73640 28 91791 89616 89989 91585 110397rat 0 101 83 802
summary04:22:29dec 03/18 25.867 1.032 19jg 3420 3 78 56 22 295-864-456 33.4-107.2 0 25 45 380 1255 635 41.6 139.4
jg 3515a192 704.38065 25577 21 30549 34973 29591 31201 32354rat 101-492 237 140
jg 3515a192 704.6065 4364 10 5148 5986 5120 5284 5503rat 123-537 143 159
jg 3515a192 704.81065 4309 9 5121 5912 5117 5343 5517rat 194-435 194 121
jg 3515a192 705.0301065 1732 7 2058 2315 1947 2055 2165rat 3-514 241 209
jg 3515a192 705.25065 1048 5 1240 1424 1207 1246 1317rat 30-577 145 223
summary03:09:19dec 03/18 18.625 .744 19jg 3515 3 26-125 49 57-157-247 26.6-68.5 51 230 87 68 196 388 43.4 109
dsa0 706.350620 1036 36 3790 12707 38293 71698 95119rat 11300 6599 2290 791
dsa0 707.050620 2090 49 8008 27553 82640 157126 209761rat 11453 6649 2360 821
dsa0 707.760620 4579 75 17668 60645 182929 345821 461256rat 11454 6664 2345 825
dsa0 708.460620 939 49 3482 11942 36078 67522 89655rat 11422 6610 2287 794
dsa0 709.170620 715 36 2662 9057 26947 50122 66615rat 11289 6513 2259 797
summary11:47:45dec 03/18 69.406 2.781 18ds 0 11384 6607 2308 806 8805 4083 1 273.5 82 59 43 16 55 35 1.3 3.9
ap11:58:42 19 19.38 16.06 13.97 15.49 13.12 .23 .31 0 0 .11 1.3
co11:59:28td: Time correction  .1 seconds
hp12:00:29 .993723 66770.24 79.6 19
hg12:03:05 .9999 1021.312 1021 211226 19
ap12:03:09 18.81 18.62 16.16 1034.47 11.98 5.32-11.77 24.48 0 14.16 15.4 13.02 5.02-4.53 0 0 0 0 .02 .03 0 0 .07 130.42 18.81 18.62 16.16 1048.19 11.96 5-11.78 24.02 .39 14.26 15.68 13.12 5.02-4.52 1.52 9.52 .36 12.14 1.43 .68 0 0 .12 21.67
dsa0 725.140620 2426 55 9960 36034 111776 216014 289860rat 11849 6844 2422 833
dsa0 725.850620 668 49 2606 9465 28978 55563 73991rat 11811 6749 2380 794
dsa0 726.550620 371 33 1376 4818 14797 28288 37402rat 11669 6752 2367 761
dsa0 727.260620 4874 71 19974 73381 229085 443808 595979rat 11964 6898 2443 844
dsa0 727.960620 3489 58 14156 52058 163303 317012 426700rat 11985 6915 2444 848
summary12:06:33dec 03/18 70.04901 2.862 19ds 0 11856 6832 2411 816 9244 4239 0 281.6 128 79 36 37 38 26 1.2 2.4
ap12:17:31 17.96 17.67 15.3 13.4 14.83 13.78 .23 .31 0 0 .04 1.42
ap12:18:17 17.96 18.05 15.3 1042.31 11.99 5.06-11.79 24.38 .52 13.59 14.64 13.69 5.02-4.54 .01 0 0 0 .08 .11 0 0 .04 22.29 18.34 18.05 15.4 1061.9 11.96 2.74-11.77 23.95 .49 13.31 14.83 13.31 5.01-4.5 1.55 9.51 .36 12.04 1.38 .63 0 0 .17 22.13
dsa0 740.360620 8611 91 37456 144155 456655 898653 1213064rat 12298 7046 2524 873
dsa0 741.060620 12302 109 52909 204773 648219 1271264 1713873rat 12343 7063 2531 884
dsa0 741.770620 15466 138 66879 258722 818158 1602151 2154151rat 12367 7085 2544 886
dsa0 742.480620 21273 164 92465 358454 1131344 2198468 2939284rat 12402 7105 2548 889
summary12:21:24dec 03/18 70.732 2.954 19ds 0 12353 7075 2537 883 9526 4305 .7 279.4 44 26 11 7 23 11 .2 .6
jg 3140a128 744.14065 33549 30 61875 104488 156543 217844 289914rat 5550 3250 1470 1258
jg 3140a128 744.36065 35774 31 65868 111314 166770 231762 309140rat 5552 3248 1466 1270
jg 3140a128 744.58065 40882 32 75827 127723 190758 264528 353216rat 5526 3233 1461 1281
jg 3140a128 744.79065 38197 37 70797 119482 178488 248513 331305rat 5548 3248 1477 1271
jg 3140a128 745.01065 32589 33 60724 101729 152285 212498 283310rat 5522 3257 1482 1265
summary12:24:34dec 03/18 70.89701 2.977 19jg 3140 2 5540 3247 1471 1269 1479 354 64.9-111.8 14 9 8 9 35 20 .5 1.9
jg 3285a128 745.61065 309026 89 330946 422321 479392 439226 492971rat 1292 185-394 510
jg 3285a128 745.82065 314395 87 336827 429254 486939 445884 500333rat 1282 179-397 510
jg 3285a128 746.04065 270210 74 289077 369425 418543 382319 429533rat 1269 161-405 511
jg 3285a128 746.26065 252600 68 270193 345115 390462 357052 399222rat 1262 159-399 488
jg 3285a128 746.48065 269652 77 289181 369696 418192 383389 429800rat 1280 170-389 501
summary07:27:28dec 03/18 42.577 1.792 19jg 3285 2 1192 410-51 379-20-208 45-108.2 0 0 291 0 250 290 32.3 88.9
jg 3420a0 747.15065 138640 44 171956 169429 170865 173868 210965rat 58 120 83 839
jg 3420a0 747.37065 242174 68 300280 296434 297817 304589 368058rat 73 127 107 835
jg 3420a0 747.5901065 449254 109 553670 547962 553007 564906 677745rat 102 147 105 832
jg 3420a0 747.81065 1243475 196 1498387 1489800 1504437 1534065 1783679rat 136 163 111 816
jg 3420a0 748.0301065 1497466 218 1773981 1763381 1780432 1811867 2062998rat 130 160 106 748
summary04:39:01dec 03/18 26.525 1.119 19jg 3420 0 113 75 31 297-836-444 30.7-97.8 0 37 53 378 1224 621 38.2 127.1
jg 3515a128 748.67065 494637 129 590789 683244 593058 624053 652640rat 264-419 243 191
jg 3515a128 748.89065 395163 105 472447 545752 472756 497752 521404rat 249-419 242 195
jg 3515a128 749.11065 297723 80 357196 414178 357483 376357 394298rat 246-429 239 193
jg 3515a128 749.33065 396063 97 476059 551121 476494 502725 525200rat 259-418 252 183
jg 3515a128 749.55065 120305 42 143482 166190 142496 149468 155938rat 189-463 217 169
summary03:21:13dec 03/18 19.112 .809 19jg 3515 2 66-104 61 61-131-239 24.5-62.2 105 193 105 72 124 371 39.9 98.8
dsa0 750.630620 9966 107 44760 181308 584887 1170835 1586245rat 12660 7199 2603 890
dsa0 751.34010620 3288 62 14503 58489 190633 384960 525128rat 12638 7202 2593 884
dsa0 752.040620 5405 84 24669 99948 324373 656278 892755rat 12671 7216 2616 883
dsa0 752.750620 4596 69 20091 81519 272531 554192 756235rat 12813 7354 2631 891
dsa0 753.450620 8295 91 37165 153670 501283 1002115 1357221rat 12758 7216 2582 877
summary12:32:02dec 03/18 71.31301 3.038 19ds 0 12708 7237 2605 885 9877 4431 0 283.9 74 66 19 6 76 55 1.6 4.8
ap12:43:00 19.38 19 17.1 15.3 17.01 15.21 .29 .12 0 0 .06 1.43
co12:43:46td: Time correction  0 seconds
hp12:44:47 .9939625 66540.81 79.2 19
hg12:47:24 .9999 1021.264 1021 204366 20
ap12:47:28 19.95 19.19 18.43 1057.98 11.98 5.01-11.76 24.48 0 15.97 17.01 15.21 5.02-4.51 .02 0 0 0 .1 .11 0 0 .06 21.67 19.38 19.29 18.34 1063.86 11.95 5.01-11.79 23.93 .54 15.68 17.2 15.3 5.02-4.5 1.54 9.52 .36 12.11 1.42 .57 0 0 .11 21.98
dsa0 769.450620 9285 123 47112 210878 715186 1494159 2058628rat 13428 7571 2781 953
dsa0 770.160620 10404 118 52613 238296 808780 1691379 2325571rat 13504 7597 2797 952
dsa0 770.860620 10176 137 51800 236081 803389 1680599 2317828rat 13540 7606 2797 965
dsa0 771.560620 12223 138 62568 285021 970306 2026013 2781908rat 13568 7634 2811 962
dsa0 772.270620 13176 136 67459 309269 1055244 2199584 3016462rat 13613 7653 2814 964
summary12:50:51dec 03/18 72.52301 3.228 19ds 0 13531 7612 2800 959 10462 4582 .8 280.9 70 32 13 6 55 19 .3 .9
ap13:01:49 19.95 19.76 18.53 16.25 18.15 16.44 .26 .35 0 0 .15 1.41
ap13:02:35 20.62 19.67 18.53 1063.86 11.98 5.03-11.77 24.43 .49 16.25 18.34 16.06 5.05-4.5 0 0 0 0 .08 .11 0 0 .09 19.65 19.67 19.57 18.24 1083.45 11.9 4.97-11.73 24 .38 16.44 18.24 16.06 5.02-4.53 1.53 9.49 .36 12.06 1.41 .61 0 0 .05 19.65
dsa64 784.720620 4295 97 23983 118414 421968 924084 1296564rat 14097 7861 2917 972
dsa64 785.430620 4130 90 22925 113915 406403 891409 1254230rat 14126 7866 2920 982
dsa64 786.130620 3343 81 18768 93688 335021 738673 1040456rat 14156 7879 2931 977
dsa64 786.84010620 3221 89 17852 90026 323030 715702 1008680rat 14230 7909 2949 977
dsa64 787.540620 2526 83 14166 72359 260309 578494 818621rat 14292 7916 2951 986
summary13:06:07dec 03/18 73.669 3.431 20ds 1 14180 7886 2934 979 11048 4756 .9 279.1 80 25 16 5 70 15 .4 1
jg 3140a64 788.41065 43458 48 89776 164566 269451 386931 525208rat 6498 3827 1635 1377
jg 3140a64 788.63065 46172 39 95386 174270 285354 409205 554843rat 6486 3827 1633 1377
jg 3140a64 788.85065 45988 41 95289 174254 284601 408896 553868rat 6487 3824 1641 1372
jg 3140a64 789.06065 43597 46 90351 165178 270887 389622 528035rat 6502 3842 1643 1371
jg 3140a64 789.2801065 45271 42 94688 173181 283483 407229 553694rat 6496 3833 1640 1389
summary13:08:50dec 03/18 73.887 3.473 20jg 3140 1 6494 3831 1638 1377 2086 670 50.9-69.2 7 7 4 7 24 14 .3 1.2
jg 3285a128 789.95065 152383 50 168077 222192 256888 238007 270968rat 1554 312-334 560
jg 3285a128 790.17065 138117 53 152830 201921 233694 216533 246426rat 1553 316-333 557
jg 3285a128 790.39065 126107 45 139143 184066 212883 197609 225357rat 1561 321-324 565
jg 3285a128 790.61065 122902 49 135335 179146 207330 192342 219356rat 1563 321-327 565
jg 3285a128 790.83065 116458 37 128226 169587 196326 181969 207125rat 1555 318-330 555
summary07:54:04dec 03/18 44.395 2.096 20jg 3285 2 1428 542 0 418 91-168 38.2-89.1 0 0 246 0 147 302 28.6 78.6
jg 3420a128 791.42065 243449 74 306643 307950 314139 324247 396469rat 261 238 149 890
jg 3420a128 791.64065 261993 73 329955 330832 338422 349528 426364rat 269 254 152 882
jg 3420a128 791.86065 249194 82 314996 315479 321796 332645 407594rat 255 244 156 900
jg 3420a128 792.07065 169309 55 214123 213775 218576 225540 276160rat 241 244 146 885
jg 3420a128 792.29065 144572 44 182329 183079 186621 192808 236391rat 257 235 151 887
summary04:55:33dec 03/18 27.671 1.313 20jg 3420 2 181 117 50 324-856-459 26.4-84.6 0 80 74 412 1267 647 33 110.5
jg 3515a128 792.86065 32343 24 39043 45843 39389 41797 44132rat 307-397 265 218
jg 3515a128 793.08065 6236 20 7500 8750 7444 7854 8274rat 211-465 240 208
jg 3515a128 793.29065 16383 11 19619 23041 19762 21159 22185rat 339-365 304 187
jg 3515a128 793.51065 34141 15 41491 48684 41953 44670 47169rat 332-370 280 218
jg 3515a128 793.73065 176615 57 213869 250872 218394 231590 245062rat 364-351 267 233
summary03:33:06dec 03/18 19.947 .952 20jg 3515 2 87-92 70 69-135-245 21-53.4 135 178 120 83 134 380 34.1 84.7
dsa128 794.810620 927 61 5255 28325 105294 240809 344855rat 14708 8110 3035 1002
dsa128 795.520620 959 56 5681 30636 114190 262138 375464rat 14726 8134 3050 1002
dsa128 796.220620 1023 62 6127 33728 125374 289577 414146rat 14827 8147 3076 995
dsa128 796.930620 1109 61 6492 35378 132745 306351 438639rat 14811 8181 3072 998
dsa128 797.630620 1118 58 6734 37478 140419 325137 465814rat 14902 8185 3085 1000
summary13:16:13dec 03/18 74.502 3.597 20ds 2 14795 8151 3064 999 11597 4921 .9 279.7 79 32 21 3 85 25 .5 .7
ap13:27:12 20.14 19.57 17.77 15.4 17.2 15.21 .06 .1 0 0 .14 1.39
co13:27:58td: Time correction  .1 seconds
hp13:28:59 .9932856 66510.1 80.6 20
hp13:30:53 .99331 66846.07 79.5 20
hg13:33:29 .9999 1021.183 1021 232122 20
hp14:09:49 .9934393 66583.98 79.9 19
hg14:12:26 .9999 1021.116 1021 193173 19
co14:19:58td: Time correction  .1 seconds
hp14:20:50 .9941263 66149.47 80.30001 19
hg14:23:27 .9999 1021.195 1021 197166 19
ap14:23:30 18.81 18.15 17.67 1054.06 11.96 5-11.76 24.33 0 14.73 15.11 14.54 5.02-4.74 .02 0 0 0 .03 .03 0 0 .01 21.2 18.62 18.15 17.58 1046.23 11.98 5.01-11.71 23.97 .57 15.11 14.73 13.88 5.02-4.74 1.54 9.49 .36 12.08 1.41 .67 0 0 .21 20.43
dsa0 865.570620 34 24 49 134 533 1698 2757rat 14635 9594 4115 1105
dsa0 866.270620 37 39 65 694 4519 19072 34210rat 24989 12384 5218 1509
dsa0 866.970620 41 45 101 1353 9568 41445 74896rat 24999 12735 5310 1532
dsa0 867.680620 41 35 54 224 1211 4741 8338rat 20209 11667 4936 1412
dsa0 868.380620 41 32 45 208 1195 4699 8078rat 21784 11917 4937 1302
summary14:26:58dec 03/18 81.838 6.157 19ds 0 21323 11659 4903 1372 16932 6876-6.6 256.3 4276 1226 471 175 3757 722 9.8 32.9
ap14:37:56 18.24 18.34 16.82 14.45 14.64 13.88 .25 .31 0 0 .19 1.39
ap14:38:42 18.34 17.58 16.82 1057.98 11.98 2.74-11.79 24.45 .08 14.64 14.64 13.88 5.02-4.74 0 0 .01 0 .08 .11 0 0 .17 19.65 18.24 17.96 16.63 1059.94 11.98 5.01-11.82 24 .07 14.54 14.45 13.59 5.02-4.74 1.55 9.45 .36 12.04 1.41 .57 0 0 .06 20.89
dsa0 880.780620 31 32 38 64 195 558 850rat 14844 9337 3751 629
dsa0 881.480620 36 29 47 84 183 500 706rat 9536 6470 3501 271
dsa0 882.190620 32 28 42 68 168 429 636rat 9869 7118 3199 486
dsa0 882.890620 47 29 40 55 144 399 594rat 10506 8602 3686 500
dsa0 883.590620 36 26 36 62 140 398 545rat 10881 7173 3729 91
summary14:42:11dec 03/18 83.701 7.386 18ds 0 11127 7740 3573 395 9863 5282-14.5 150.6 2143 1185 231 213 1877 872 10.2 35.3
jg 3140a0 884.47065 22 6 41 87 189 294 366rat 9162 5514 1975 952
jg 3140a0 884.68065 26 9 41 81 200 289 373rat 9429 5904 1667 1122
jg 3140a0 884.9065 20 5 44 88 182 278 368rat 8460 5176 1888 1220
jg 3140a0 885.12065 25 6 41 85 180 240 357rat 8260 4721 1292 1744
jg 3140a0 885.33065 23 5 38 81 158 253 344rat 8768 5142 2103 1340
summary14:44:53dec 03/18 84.041 7.65 18jg 3140 0 8816 5291 1785 1276 4734 2230 10.6 28.5 483 443 318 298 1364 831 7.3 32
jg 3285a0 885.93065 290 9 328 430 479 410 465rat 1002-206-684 541
jg 3285a0 886.15065 238 8 307 397 455 399 457rat 1174 28-576 583
jg 3285a0 886.36065 250 9 293 409 447 400 449rat 1397-94-487 495
jg 3285a0 886.58065 243 8 308 412 437 385 437rat 1001-295-556 544
jg 3285a0 886.79065 251 2 304 382 432 394 435rat 1141 140-396 415
summary08:51:40dec 03/18 50.517 4.664 18jg 3285 0 1453 486-91 385 220-123 17.1-38.2 0 0 397 0 357 519 15.8 46.4
jg 3420a0 887.39065 388 5 477 415 429 444 481rat-306 302 157 334
jg 3420a0 887.61065 362 7 453 412 415 417 486rat-357 59 27 658
jg 3420a0 887.82065 375 9 461 410 416 420 499rat-404 112 48 746
jg 3420a0 888.04065 338 7 414 384 383 391 450rat-244 85 97 603
jg 3420a0 888.26065 341 10 409 412 361 380 439rat-319-355 235 625
summary05:31:23dec 03/18 31.504 2.961 18jg 3420 0-12 46 32 223-727-350 10.6-33.4 197 122 75 281 1132 546 13.3 44.1
jg 3515a0 888.82065 343 13 395 452 372 411 430rat 187-421 454 185
jg 3515a0 889.04065 334 6 391 423 357 371 382rat-223-573 176 112
jg 3515a0 889.25065 324 10 364 396 352 381 383rat 212-167 359 6
jg 3515a0 889.47065 294 13 356 381 337 347 374rat-107-416 138 320
jg 3515a0 889.68065 310 4 354 389 328 336 363rat-221-638 112 322
summary03:58:52dec 03/18 22.723 2.174 18jg 3515 0-8-108 64 58-195-240 8.8-23.2 100 215 129 99 372 412 14.5 37.6
dsa0 890.690620 41 34 33 36 78 174 239rat 12298 14435 3406 96
dsa0 891.390620 34 32 45 54 86 161 205rat 4324 4210 2136-309
dsa0 892.090620 24 34 35 40 86 138 203rat 10835 8863 1339 501
dsa0 892.80620 30 41 38 33 64 120 184rat 9550 11789 3661 945
dsa0 893.50620 38 35 55 41 68 130 171rat 854 8357 2867-100
summary14:52:05dec 03/18 84.955 8.427 19ds 0 7572 9531 2682 227 6847 7804-63.5 220.2 4811 3850 951 501 4086 3195 38.7 113.9
dsa0 894.360620 33 26 47 36 58 117 169rat 338 5880 2780 272
dsa0 895.070620 37 38 35 46 55 110 171rat 8837 5770 4480 947
dsa0 895.770620 40 33 51 42 64 97 140rat-723 4684 1330 485
dsa0 896.480620 32 27 26 35 46 114 150rat 9451 6464 4758-272
dsa0 897.180620 32 36 37 34 55 99 144rat 7940 10420 3325 535
summary14:55:46dec 03/18 85.427 8.864 19ds 0 5169 6644 3335 393 3910 4307-23.4 92.6 4938 2207 1384 445 5199 2215 32.3 71.5
co14:57:34td: Time correction  .1 seconds
hp14:58:26 .9935958 66248.98 79.6 19
hg15:01:03 .9997 1022.067 1022 193224 18
zsa0 910.940620 219 27 472 1274 3898 11014 17346rat 13935 9457 4537 1960
zsa0 911.640620 196 33 453 1184 3679 10470 16319rat 13963 9581 4574 1916
zsa0 912.350620 210 36 457 1190 3695 10132 15964rat 13808 9426 4414 1963
zsa0 913.050620 208 37 424 1153 3472 9666 15097rat 13968 9365 4483 1926
zsa0 913.760620 232 40 424 1138 3464 9544 14980rat 13945 9379 4440 1948
zsa0 914.460620 208 30 411 1050 3302 8861 13792rat 13660 9380 4318 1910
zsa0 915.170620 182 32 385 957 2990 7858 12409rat 13467 9280 4232 1974
summary15:13:03dec 03/18 87.673 11.066 18zs 0 13821 9410 4428 1942 7605 3894 2262.1-5256.3 192 94 121 25 232 82 136.6 319.1
sla 0 920.910620 291019 125 331483 378021 447450 495664 546129rat 1776 1196 456 409
sla 0 921.620620 291070 129 331673 378135 446873 495697 546524rat 1774 1195 462 412
sla 0 922.320620 291449 127 331594 378268 447014 496612 545950rat 1783 1202 469 399
sla 0 923.020620 291629 137 331742 378143 447648 495902 546670rat 1775 1197 456 411
sla 0 923.730620 291122 118 331739 377686 447091 496220 546030rat 1777 1205 465 403
sla 0 924.430620 291314 116 331976 377487 446716 495883 546631rat 1771 1204 465 411
sla 0 925.130620 291200 130 331645 377516 447470 495470 546469rat 1772 1200 454 413
summary15:23:01dec 03/18 88.95 11.938 19sl 0 1775 1200 461 408 469 275 331693.1 546343.3 4 4 6 5 21 9 193.5 273.7
co15:34:43td: Time correction  .1 seconds
hp15:35:30 .993534 65874.03 79.5 19
hg15:38:07 .9999 1020.395 1020 217862 19
zsa0 938.830620 76 43 114 231 583 1248 1739rat 12306 8074 3492 1466
zsa0 939.540620 76 32 112 237 581 1227 1720rat 11752 7662 3384 1482
zsa0 940.240620 60 34 101 221 587 1208 1698rat 12445 7984 3275 1497
zsa0 940.940620 54 29 87 189 446 962 1362rat 12074 7663 3504 1531
zsa0 941.650620 52 37 97 174 479 978 1400rat 11964 8374 3288 1591
zsa0 942.350620 54 52 120 184 512 1039 1469rat 11627 8743 3322 1552
zsa0 943.060620 62 32 92 201 444 942 1323rat 11818 7317 3447 1501
summary15:40:56dec 03/18 91.91 11.194 19zs 0 11998 7974 3387 1517 7143 3701 2170.7-5045.6 298 481 96 44 371 472 121.8 287.1
ap15:43:25 1.54 9.59 .26 .32 0 0 .16 1.38
sla 0 944.770620 290940 125 331394 377854 446858 495131 546486rat 1772 1194 457 416
sla 0 945.480620 291043 116 331090 377841 447107 495561 545999rat 1780 1197 459 409
sla 0 946.180620 291304 118 331490 377501 446753 495093 545779rat 1771 1197 458 411
sla 0 946.890620 291327 130 331327 377490 447274 495290 545117rat 1775 1199 455 404
sla 0 947.590620 290798 124 331402 377156 447318 494935 546298rat 1771 1200 451 417
sla 0 948.290620 290897 128 331383 377334 447365 495936 545741rat 1780 1207 459 403
sla 0 9490620 290850 128 331463 378263 447433 494830 545676rat 1769 1186 449 413
summary15:46:53dec 03/18 92.787 10.414 19sl 0 1774 1197 455 410 461 272 331364.1 545870.9 5 6 4 6 21 13 111.7 446.9
co15:49:24td: Time correction  .1 seconds
hp15:50:12 .9938756 68593.55 78.30001 19
hg15:52:49 .9997 1021.847 1022 416947 19
zsa0 953.520620 40 55 39 65 101 176 231rat 17231 10833 4206 1609
zsa0 954.220620 30 45 47 55 91 180 215rat 17706 11309 4682 983
zsa0 954.920620 23 30 34 56 88 163 215rat 15227 7094 3610 1415
zsa0 955.630620 37 28 36 71 78 139 182rat 11431 4124 3470 1404
zsa0 956.330620 23 25 31 42 77 107 146rat 11366 6839 1984 1671
zsa0 957.040620 52 24 30 45 48 91 124rat 10488 5044 4465 1721
zsa0 957.740620 38 34 27 41 68 92 110rat 14037 9189 2325 1156
summary15:55:37dec 03/18 94.093 9.157 19zs 0 13927 7776 3535 1423 9374 3590 6259.4-14620.7 2930 2768 1042 274 3498 2974 36685.5 86205
ap15:58:06 1.56 9.79 .19 .12 0 0 .16 1.35
sla 0 959.460620 290440 114 331387 377609 447459 495713 545481rat 1778 1201 456 403
sla 0 960.160620 291201 137 331455 377648 447023 495679 545290rat 1777 1201 461 402
sla 0 960.870620 291184 126 331439 377437 446720 495642 545830rat 1776 1203 463 407
sla 0 961.570620 291032 116 331330 377713 447230 495285 545586rat 1775 1197 455 408
sla 0 962.280620 290725 125 331334 377455 446665 495300 545871rat 1775 1200 461 410
sla 0 962.980620 290642 113 331035 377224 446967 494897 545626rat 1775 1199 454 412
sla 0 963.690620 290703 132 331140 377278 446677 495506 545502rat 1779 1204 462 405
summary16:01:34dec 03/18 94.992 8.338001 19sl 0 1776 1201 459 407 475 280 331302.9 545598 2 2 4 4 12 7 158 158
co16:04:05td: Time correction  .1 seconds
hp16:04:53 .9931155 68614.65 80.30001 19
hg16:07:29 .9999 1021.003 1021 449574 19
zsa0 968.20620 26 23 29 40 30 40 44rat 4532 6 3860 899
zsa0 968.90620 31 36 33 47 36 40 37rat 2424-4388 2421-2433
zsa0 969.610620 23 33 35 37 29 36 42rat 1174-1244 1171 4753
zsa0 970.310620 22 29 29 36 37 42 32rat 7543 2694 2115-6386
zsa0 971.010620 30 27 35 37 25 30 38rat-4251-5223 1171 5624
zsa0 971.720620 34 36 31 26 30 27 30rat 9 6 6-18
zsa0 972.420620 29 18 24 34 30 33 37rat 3988-275 975 1008
summary16:10:18dec 03/18 96.329 7.269 19zs 0 2203-1203 1674 492 627-2878-498.1 1176.2 3757 2747 1246 4104 16226 8687 165.4 517
ap16:12:47 1.57 9.8 .1 .15 0 0 .16 1.4
sla 0 974.140620 291208 124 331477 377210 446915 495569 545703rat 1775 1205 461 406
sla 0 974.850620 290981 137 331320 377584 446663 495112 546150rat 1773 1196 459 414
sla 0 975.550620 290962 143 331418 377568 447439 495066 544997rat 1772 1196 451 405
sla 0 976.260620 290728 125 331677 377762 446952 495337 545709rat 1770 1196 458 408
sla 0 976.960620 290604 122 331672 377370 447302 495622 545560rat 1773 1203 457 405
sla 0 977.660620 290839 118 331199 377712 446241 495145 545150rat 1775 1195 463 406
sla 0 978.370620 290667 124 330871 377379 446068 494992 545601rat 1778 1198 464 411
summary16:16:15dec 03/18 97.249 6.642 19sl 0 1774 1198 459 408 469 276 331376.3 545552.8 3 4 4 3 11 9 273.7 353.3
co16:18:46td: Time correction  .1 seconds
hp16:19:34 .9932233 68589.87 80.6 19
hg16:22:11 .9999 1021.01 1021 448040 19
zsa0 982.890620 29 31 26 30 50 34 52rat 1174 1171-8010 8433
zsa0 983.60620 31 42 35 42 33 28 31rat 9 6 6-18
zsa0 984.30620 31 30 28 23 33 26 38rat 9 6-1159 5407
zsa0 9850620 29 30 23 26 50 34 33rat 2424 2420-6984-1268
zsa0 985.70620 29 28 30 32 28 38 40rat 6403 3985 6400 774
zsa0 986.40620 37 33 34 43 33 40 42rat 4854-1543 4851 1073
zsa0 987.110620 25 31 27 27 45 34 35rat 1174 1171-6684 1231
summary16:24:59dec 03/18 98.615 5.858 19zs 0 2292 1031-1654 2233-4853-1938-141 258.8 2463 1799 5835 3423 12024 6278 103.1 226.8
ap16:27:28 1.54 9.8 .31 .4 0 0 .21 1.38
sla 0 988.830620 291260 124 331168 377873 447078 495586 545459rat 1779 1197 459 404
sla 0 989.540620 291043 125 330999 377337 447292 495550 546601rat 1781 1203 457 414
sla 0 990.240620 290887 126 330841 377129 447472 495506 545161rat 1783 1205 455 402
sla 0 990.940620 291264 128 331645 377417 447198 495034 545532rat 1768 1198 453 410
sla 0 991.650620 290368 129 331215 378057 446894 494795 545432rat 1772 1188 454 411
sla 0 992.350620 291402 119 331102 378058 446600 495460 545840rat 1779 1194 463 408
sla 0 993.060620 290847 130 331406 377030 447052 495369 546007rat 1774 1205 457 410
summary16:30:56dec 03/18 99.553 5.407 19sl 0 1777 1199 457 408 470 276 331196.6 545718.9 5 6 3 4 16 10 249.8 499.7
co16:33:28td: Time correction  .1 seconds
hp16:34:15 .9940721 68611.68 79.30001 19
hg16:36:52 .9999 1021.025 1021 441398 19
zsa0 997.560620 30 32 37 26 36 39 36rat 1470 4851 2436-2449
zsa0 998.270620 27 40 53 44 43 32 36rat-7524-2409-1159-18
zsa0 998.970620 28 44 36 34 41 39 33rat 9 6 6-18
zsa0 999.670620 39 38 25 38 29 30 38rat 9 6 6-18
zsa0 1000.380620 30 35 27 31 30 32 36rat 9 6 6-18
zsa0 1001.080620 27 27 28 28 27 30 27rat 1174 1171 1171-1184
zsa0 1001.780620 17 19 29 34 28 26 23rat-1540-3304-1085-2449
summary16:39:40dec 03/18 100.942 4.843 19zs 0-913 47 197-879 1900 1442 17.3-7.7 3074 2633 1262 1154 5498 3113 101.8 277
ap16:42:09 1.54 9.79 .28 .32 0 0 .05 1.38
sla 0 1003.50620 291105 111 331327 377638 447312 495134 544818rat 1773 1196 452 404
sla 0 1004.210620 291006 118 331162 377570 447020 495649 546451rat 1780 1201 460 413
sla 0 1004.910620 290951 117 331025 377576 446754 495849 545456rat 1783 1203 464 403
sla 0 1005.620620 291007 129 331672 377613 447024 496009 545868rat 1776 1204 463 405
sla 0 1006.320620 291028 119 331023 377788 447806 495422 545824rat 1779 1197 450 409
sla 0 1007.020620 290990 118 331537 378212 446976 495876 545977rat 1777 1196 462 407
sla 0 1007.730620 290707 119 331629 378177 447202 495384 545682rat 1771 1192 456 409
summary16:45:36dec 03/18 101.896 4.515 18sl 0 1777 1198 458 407 475 277 331339.3 545725.2 4 4 6 4 12 7 295.6 474
co17:04:44td: Time correction  .1 seconds
ap17:16:16 0 0 .31 .31 0 0 .13 1.3
sla 0 1042.30620 291064 127 331282 377979 446769 495651 545167rat 1778 1197 463 401
sla 0 1043.010620 291035 131 331117 378668 447382 495533 545591rat 1780 1188 456 406
sla 0 1043.710620 291300 128 331482 377401 446985 495827 545340rat 1777 1205 462 401
sla 0 1044.410620 290981 129 331673 377717 447469 496425 545677rat 1780 1207 463 398
sla 0 1045.120620 291076 121 331011 377210 446661 495731 545811rat 1783 1206 465 406
sla 0 1045.820620 290889 123 331394 377801 446992 495443 545901rat 1775 1197 459 409
sla 0 1046.520620 290930 143 331791 377734 447349 495623 545213rat 1772 1199 457 402
summary17:24:24dec 03/18 108.259 3.095 19sl 0 1778 1200 461 403 488 284 331392.9 545528.7 4 7 3 4 12 10 295.6 273.7
ap17:37:58 19.29 18.24 19.57 1061.9 11.9 1.97-11.15 24.48 0 14.16 14.54 13.4 5.02-4.36 .01 0 0 0 .09 .13 0 0 .16 19.34 18.62 19.19 19.57 1056.02 11.98 5.01-11.19 24.24 4.84 14.73 14.45 13.31 5.02-4.39 1.54 9.67 .36 11.88 1.41 .65 0 0 .06 20.89
co17:39:24td: Time correction  .1 seconds
ap17:50:56 .04 0 .28 .32 0 0 .13 1.35
sla 0 1076.970620 291644 124 331608 377474 447026 495930 545924rat 1777 1205 463 405
sla 0 1077.670620 291592 120 331305 377783 447010 495341 545950rat 1775 1196 458 410
sla 0 1078.380620 291128 126 331513 378203 446806 495912 545617rat 1778 1196 465 402
sla 0 1079.080620 291304 141 331299 377303 447332 495720 546127rat 1779 1205 458 408
sla 0 1079.780620 291036 120 331039 378277 448144 496604 546100rat 1790 1202 458 400
sla 0 1080.480620 291104 124 331611 378016 447478 495265 545640rat 1771 1193 452 408
sla 0 1081.190620 290969 118 331245 377738 447131 495944 546306rat 1782 1202 462 408
summary17:59:04dec 03/18 114.094 2.408 19sl 0 1779 1200 459 406 479 280 331374.3 545952 6 5 4 4 16 8 223.5 223.5
ap18:12:40 17.96 18.43 18.15 1040.35 11.91 5.01-11.13 24.48 .05 13.02 13.59 11.6 5.01-4.5 0 0 0 .03 .08 .11 0 0 .03 18.56 18.05 18.43 18.05 1059.94 11.93 5.01-11.13 24.19 .49 13.69 13.4 12.07 5-4.52 1.58 9.77 .36 12.23 1.44 .6 0 0 .11 19.65ed