Field of view Scan started at 06:55:43filter: 0CY 5SL  5 
-100.000      0.000    100.501     66.124    705.8 
 -90.000      0.000    100.518     66.110    713.8 
 -80.000      0.000    100.531     66.098    711 
 -70.000      0.000    100.545     66.087    696.8 
 -60.000      0.000    100.558     66.075    674.6 
 -50.000      0.000    100.571     66.064    656.6 
 -40.000      0.000    100.584     66.052    628.4 
 -30.000      0.000    100.598     66.041    606.2 
 -20.000      0.000    100.611     66.030    576.2 
 -10.000      0.000    100.624     66.019    555 
   0.000      0.000    100.637     66.007    557.4 
  10.000      0.000    100.651     65.995    553.2 
  20.000      0.000    100.665     65.983    549.4 
  30.000      0.000    100.679     65.972    538.6 
  40.000      0.000    100.692     65.961    537.4 
  50.000      0.000    100.705     65.950    523.6 
  60.000      0.000    100.718     65.938    529 
  70.000      0.000    100.731     65.927    518.2 
  80.000      0.000    100.744     65.916    529.4 
  90.000      0.000    100.758     65.904    536.6 
 100.000      0.000    100.771     65.893    546.6 
   0.000    -20.000    100.785     65.881    512.8 
   0.000    -18.000    100.802     65.866    522.8 
   0.000    -16.000    100.816     65.855    559.6 
   0.000    -14.000    100.829     65.843    576.8 
   0.000    -12.000    100.842     65.832    599.4 
   0.000    -10.000    100.855     65.821    634.6 
   0.000     -8.000    100.869     65.810    650 
   0.000     -6.000    100.882     65.798    685 
   0.000     -4.000    100.895     65.787    705.4 
   0.000     -2.000    100.908     65.776    747.6 
   0.000      0.000    100.920     65.765    791.2 
   0.000      2.000    100.933     65.753    823.2 
   0.000      4.000    100.946     65.742    850 
   0.000      6.000    100.959     65.731    867 
   0.000      8.000    100.972     65.720    866.2 
   0.000     10.000    100.985     65.708    841.8 
   0.000     12.000    100.998     65.697    803 
   0.000     14.000    101.011     65.686    744.6 
   0.000     16.000    101.025     65.675    720.6 
   0.000     18.000    101.038     65.664    687.8 
   0.000     20.000    101.051     65.652    656.8 
Field of view Scan started at 09:15:20filter: 4CY 5SL  5 
-100.000      0.000    133.830     44.927    19.6 
 -90.000      0.000    133.858     44.915    25.4 
 -80.000      0.000    133.878     44.907    31.6 
 -70.000      0.000    133.899     44.899    39.2 
 -60.000      0.000    133.919     44.890    170.4 
 -50.000      0.000    133.939     44.882    2344.8 
 -40.000      0.000    133.960     44.873    7490.8 
 -30.000      0.000    133.980     44.865    11175.6 
 -20.000      0.000    134.000     44.857    11419.8 
 -10.000      0.000    134.021     44.849    11511 
   0.000      0.000    134.042     44.840    11513.8 
  10.000      0.000    134.062     44.832    11572.2 
  20.000      0.000    134.083     44.823    11481.8 
  30.000      0.000    134.104     44.815    11401 
  40.000      0.000    134.124     44.807    11275.6 
  50.000      0.000    134.145     44.798    10126.2 
  60.000      0.000    134.166     44.790    5311.8 
  70.000      0.000    134.187     44.781    928.6 
  80.000      0.000    134.207     44.773    34.8 
  90.000      0.000    134.227     44.765    24.2 
 100.000      0.000    134.247     44.757    24 
   0.000    -20.000    134.269     44.748    32.6 
   0.000    -18.000    134.297     44.737    33.2 
   0.000    -16.000    134.316     44.729    61.8 
   0.000    -14.000    134.336     44.721    805.8 
   0.000    -12.000    134.357     44.712    3958.4 
   0.000    -10.000    134.376     44.705    8728 
   0.000     -8.000    134.396     44.697    11131.6 
   0.000     -6.000    134.415     44.689    11269.8 
   0.000     -4.000    134.436     44.681    11334.8 
   0.000     -2.000    134.456     44.673    11446 
   0.000      0.000    134.476     44.664    11501.2 
   0.000      2.000    134.495     44.657    11472.6 
   0.000      4.000    134.515     44.649    11414.8 
   0.000      6.000    134.534     44.641    11135.8 
   0.000      8.000    134.553     44.633    8216.401 
   0.000     10.000    134.573     44.625    3186.8 
   0.000     12.000    134.593     44.617    505.4 
   0.000     14.000    134.613     44.609    46 
   0.000     16.000    134.634     44.600    43.8 
   0.000     18.000    134.654     44.592    46 
   0.000     20.000    134.674     44.584    49 
Field of view Scan started at 15:20:33filter: 0CY 5SL  5 
-100.000      0.000    254.768     62.033    3095.4 
 -90.000      0.000    254.786     62.047    3517.8 
 -80.000      0.000    254.799     62.058    4169.8 
 -70.000      0.000    254.813     62.069    5232.6 
 -60.000      0.000    254.827     62.080    6662.8 
 -50.000      0.000    254.841     62.091    8101 
 -40.000      0.000    254.855     62.102    10446.8 
 -30.000      0.000    254.869     62.113    12570.6 
 -20.000      0.000    254.883     62.124    13957 
 -10.000      0.000    254.896     62.135    15218.4 
   0.000      0.000    254.910     62.146    16005.6 
  10.000      0.000    254.924     62.158    16234 
  20.000      0.000    254.938     62.169    16084.8 
  30.000      0.000    254.952     62.180    15775 
  40.000      0.000    254.966     62.191    15493.6 
  50.000      0.000    254.980     62.202    15204.4 
  60.000      0.000    254.993     62.213    10755.4 
  70.000      0.000    255.007     62.224    5587.6 
  80.000      0.000    255.021     62.235    4396.8 
  90.000      0.000    255.035     62.246    3930.6 
 100.000      0.000    255.049     62.258    3512.2 
   0.000    -20.000    255.063     62.269    2252.8 
   0.000    -18.000    255.081     62.283    2355.2 
   0.000    -16.000    255.094     62.294    2619.4 
   0.000    -14.000    255.108     62.305    3225.2 
   0.000    -12.000    255.121     62.316    11169.4 
   0.000    -10.000    255.134     62.327    36553.2 
   0.000     -8.000    255.148     62.337    72085.6 
   0.000     -6.000    255.161     62.348    75867 
   0.000     -4.000    255.175     62.359    59226 
   0.000     -2.000    255.188     62.370    42490.8 
   0.000      0.000    255.201     62.380    31885.6 
   0.000      2.000    255.214     62.391    25852.8 
   0.000      4.000    255.228     62.402    23842.2 
   0.000      6.000    255.241     62.412    22919.6 
   0.000      8.000    255.255     62.424    21758.6 
   0.000     10.000    255.269     62.434    20111.2 
   0.000     12.000    255.283     62.445    17581.4 
   0.000     14.000    255.296     62.455    15201.8 
   0.000     16.000    255.309     62.467    12000 
   0.000     18.000    255.322     62.477    8739.8 
   0.000     20.000    255.336     62.488    5897.4 
