Field of view Scan started at 06:51:30filter: 3CY 5SL  5 
-100.000      0.000     99.022     65.967    58.4 
 -90.000      0.000     99.039     65.952    54.4 
 -80.000      0.000     99.052     65.941    62.8 
 -70.000      0.000     99.066     65.929    70.80001 
 -60.000      0.000     99.079     65.918    106.8 
 -50.000      0.000     99.092     65.907    2393.6 
 -40.000      0.000     99.105     65.895    12347.8 
 -30.000      0.000     99.118     65.884    21194 
 -20.000      0.000     99.131     65.872    22192.6 
 -10.000      0.000     99.144     65.861    22248.4 
   0.000      0.000     99.157     65.849    22348.2 
  10.000      0.000     99.170     65.838    22382.2 
  20.000      0.000     99.183     65.826    22378 
  30.000      0.000     99.197     65.814    22372 
  40.000      0.000     99.210     65.803    22251.4 
  50.000      0.000     99.224     65.791    21709.2 
  60.000      0.000     99.237     65.779    15252.6 
  70.000      0.000     99.251     65.768    3793.8 
  80.000      0.000     99.264     65.756    159 
  90.000      0.000     99.277     65.745    73.6 
 100.000      0.000     99.290     65.733    64.80001 
   0.000    -20.000     99.304     65.721    72.2 
   0.000    -18.000     99.321     65.707    71.80001 
   0.000    -16.000     99.334     65.695    80.4 
   0.000    -14.000     99.347     65.684    151.2 
   0.000    -12.000     99.360     65.673    1626.6 
   0.000    -10.000     99.373     65.662    8321 
   0.000     -8.000     99.387     65.650    21153.4 
   0.000     -6.000     99.399     65.639    22482.8 
   0.000     -4.000     99.412     65.628    22652.8 
   0.000     -2.000     99.425     65.617    22748 
   0.000      0.000     99.438     65.605    22865.6 
   0.000      2.000     99.451     65.594    22964.2 
   0.000      4.000     99.464     65.583    22978.4 
   0.000      6.000     99.477     65.572    22956.2 
   0.000      8.000     99.491     65.560    22334.2 
   0.000     10.000     99.504     65.549    16936.8 
   0.000     12.000     99.516     65.538    7638.8 
   0.000     14.000     99.529     65.527    198.6 
   0.000     16.000     99.542     65.516    78.80001 
   0.000     18.000     99.554     65.505    71.2 
   0.000     20.000     99.567     65.494    67.80001 
Field of view Scan started at 09:12:35filter: 4CY 5SL  5 
-100.000      0.000    132.442     44.291    21.4 
 -90.000      0.000    132.470     44.280    19.8 
 -80.000      0.000    132.491     44.271    22.2 
 -70.000      0.000    132.511     44.262    31.2 
 -60.000      0.000    132.532     44.254    221.6 
 -50.000      0.000    132.553     44.245    2728 
 -40.000      0.000    132.574     44.236    8921.8 
 -30.000      0.000    132.595     44.227    11834.8 
 -20.000      0.000    132.615     44.219    11992 
 -10.000      0.000    132.636     44.210    12112.6 
   0.000      0.000    132.657     44.201    12146.8 
  10.000      0.000    132.677     44.193    12114.8 
  20.000      0.000    132.698     44.184    12095.8 
  30.000      0.000    132.719     44.176    12014.2 
  40.000      0.000    132.739     44.167    11922 
  50.000      0.000    132.760     44.158    10670.4 
  60.000      0.000    132.781     44.150    5359.6 
  70.000      0.000    132.801     44.141    728.2 
  80.000      0.000    132.822     44.133    32.2 
  90.000      0.000    132.842     44.124    22.6 
 100.000      0.000    132.862     44.116    20.6 
   0.000    -20.000    132.883     44.107    27.2 
   0.000    -18.000    132.912     44.095    30.4 
   0.000    -16.000    132.932     44.087    156 
   0.000    -14.000    132.951     44.079    1867.8 
   0.000    -12.000    132.971     44.071    6900.4 
   0.000    -10.000    132.992     44.062    11207.8 
   0.000     -8.000    133.012     44.054    11853.6 
   0.000     -6.000    133.032     44.046    11994.4 
   0.000     -4.000    133.052     44.037    12044.4 
   0.000     -2.000    133.072     44.029    12147 
   0.000      0.000    133.092     44.021    12193.6 
   0.000      2.000    133.112     44.013    12186.4 
   0.000      4.000    133.132     44.004    12129.6 
   0.000      6.000    133.152     43.996    11832.6 
   0.000      8.000    133.171     43.988    9005 
   0.000     10.000    133.191     43.979    4392.4 
   0.000     12.000    133.211     43.971    1117.8 
   0.000     14.000    133.233     43.962    38 
   0.000     16.000    133.252     43.954    31.4 
   0.000     18.000    133.272     43.946    29.4 
   0.000     20.000    133.292     43.938    28.6 
Field of view Scan started at 15:23:46filter: 3CY 5SL  5 
-100.000      0.000    256.360     61.907    58 
 -90.000      0.000    256.378     61.922    62.8 
 -80.000      0.000    256.391     61.933    70.2 
 -70.000      0.000    256.405     61.944    80.6 
 -60.000      0.000    256.419     61.956    110.8 
 -50.000      0.000    256.433     61.967    2364.6 
 -40.000      0.000    256.447     61.978    15780 
 -30.000      0.000    256.461     61.990    28584.2 
 -20.000      0.000    256.474     62.000    32172.8 
 -10.000      0.000    256.488     62.012    32230 
   0.000      0.000    256.502     62.023    32309.4 
  10.000      0.000    256.517     62.035    32333 
  20.000      0.000    256.530     62.046    32246.4 
  30.000      0.000    256.544     62.058    32108.4 
  40.000      0.000    256.558     62.069    31967.2 
  50.000      0.000    256.572     62.080    31509.2 
  60.000      0.000    256.586     62.092    24555.6 
  70.000      0.000    256.599     62.103    8154.4 
  80.000      0.000    256.612     62.114    614.8 
  90.000      0.000    256.627     62.125    85.2 
 100.000      0.000    256.640     62.136    67.6 
   0.000    -20.000    256.654     62.148    83.6 
   0.000    -18.000    256.672     62.162    84 
   0.000    -16.000    256.685     62.173    96.2 
   0.000    -14.000    256.699     62.184    424.6 
   0.000    -12.000    256.713     62.196    4433.6 
   0.000    -10.000    256.726     62.206    15838.8 
   0.000     -8.000    256.739     62.217    28517.2 
   0.000     -6.000    256.753     62.228    31289.2 
   0.000     -4.000    256.766     62.239    31465.2 
   0.000     -2.000    256.780     62.249    31707.2 
   0.000      0.000    256.794     62.260    31625.2 
   0.000      2.000    256.807     62.271    31639.8 
   0.000      4.000    256.820     62.282    31621.4 
   0.000      6.000    256.833     62.292    31496 
   0.000      8.000    256.846     62.303    28692.8 
   0.000     10.000    256.859     62.314    18625.6 
   0.000     12.000    256.873     62.325    6611.6 
   0.000     14.000    256.887     62.337    606.6 
   0.000     16.000    256.900     62.348    90.6 
   0.000     18.000    256.914     62.359    81 
   0.000     20.000    256.927     62.370    75.80001 
