Field of view Scan started at 07:41:23filter: 2CY 5SL  5 
-100.000      0.000     82.562     62.017    199 
 -90.000      0.000     82.573     62.002    214.6 
 -80.000      0.000     82.581     61.991    246.2 
 -70.000      0.000     82.589     61.980    274 
 -60.000      0.000     82.596     61.968    329.6 
 -50.000      0.000     82.604     61.957    1296.4 
 -40.000      0.000     82.612     61.946    14641.6 
 -30.000      0.000     82.620     61.935    40435.6 
 -20.000      0.000     82.628     61.924    56203.4 
 -10.000      0.000     82.635     61.912    57696.8 
   0.000      0.000     82.643     61.901    57894.8 
  10.000      0.000     82.651     61.890    58227.4 
  20.000      0.000     82.659     61.879    58370.4 
  30.000      0.000     82.667     61.868    58338.6 
  40.000      0.000     82.674     61.856    58103.4 
  50.000      0.000     82.682     61.845    57405.6 
  60.000      0.000     82.690     61.834    50155.8 
  70.000      0.000     82.697     61.823    25971 
  80.000      0.000     82.705     61.812    3273.4 
  90.000      0.000     82.713     61.801    352 
 100.000      0.000     82.720     61.790    298.4 
   0.000    -20.000     82.728     61.779    280.2 
   0.000    -18.000     82.739     61.764    339.4 
   0.000    -16.000     82.746     61.753    1143.8 
   0.000    -14.000     82.753     61.743    8587.8 
   0.000    -12.000     82.761     61.732    26759.6 
   0.000    -10.000     82.768     61.721    48195.6 
   0.000     -8.000     82.775     61.711    57882.4 
   0.000     -6.000     82.783     61.700    58419.2 
   0.000     -4.000     82.790     61.689    58858.8 
   0.000     -2.000     82.798     61.679    59229.2 
   0.000      0.000     82.805     61.668    59409.6 
   0.000      2.000     82.813     61.657    59400.2 
   0.000      4.000     82.820     61.647    58829.6 
   0.000      6.000     82.827     61.636    51674.6 
   0.000      8.000     82.835     61.625    33034.6 
   0.000     10.000     82.843     61.614    12695 
   0.000     12.000     82.850     61.604    1822 
   0.000     14.000     82.857     61.593    334.2 
   0.000     16.000     82.865     61.582    290.6 
   0.000     18.000     82.872     61.571    257 
   0.000     20.000     82.879     61.561    240.2 
Field of view Scan started at 09:13:12filter: 3CY 5SL  5 
-100.000      0.000     96.388     43.768    127 
 -90.000      0.000     96.402     43.752    146.6 
 -80.000      0.000     96.412     43.740    160.2 
 -70.000      0.000     96.422     43.729    199 
 -60.000      0.000     96.432     43.718    247.8 
 -50.000      0.000     96.442     43.706    4240.2 
 -40.000      0.000     96.452     43.695    21402 
 -30.000      0.000     96.462     43.684    44803.8 
 -20.000      0.000     96.472     43.672    53016.2 
 -10.000      0.000     96.482     43.661    53614.6 
   0.000      0.000     96.492     43.650    53768.2 
  10.000      0.000     96.502     43.638    53846.8 
  20.000      0.000     96.512     43.627    53789.4 
  30.000      0.000     96.522     43.616    53812.6 
  40.000      0.000     96.532     43.605    53450.8 
  50.000      0.000     96.542     43.593    46748 
  60.000      0.000     96.551     43.582    26697.8 
  70.000      0.000     96.562     43.571    5814.2 
  80.000      0.000     96.571     43.559    312.2 
  90.000      0.000     96.582     43.548    198.4 
 100.000      0.000     96.591     43.537    165.2 
   0.000    -20.000     96.601     43.526    209 
   0.000    -18.000     96.616     43.509    334.8 
   0.000    -16.000     96.626     43.498    2933.4 
   0.000    -14.000     96.635     43.487    13879.8 
   0.000    -12.000     96.645     43.476    45025.4 
   0.000    -10.000     96.655     43.465    52859.6 
   0.000     -8.000     96.664     43.455    53293 
   0.000     -6.000     96.674     43.444    53646.6 
   0.000     -4.000     96.683     43.433    53823 
   0.000     -2.000     96.693     43.422    53923.4 
   0.000      0.000     96.702     43.411    54002.8 
   0.000      2.000     96.712     43.400    54087 
   0.000      4.000     96.722     43.389    53587.8 
   0.000      6.000     96.731     43.378    46377.8 
   0.000      8.000     96.741     43.368    25583.4 
   0.000     10.000     96.750     43.357    2100.8 
   0.000     12.000     96.760     43.346    248 
   0.000     14.000     96.770     43.335    215.2 
   0.000     16.000     96.779     43.324    196.8 
   0.000     18.000     96.789     43.313    180 
   0.000     20.000     96.799     43.302    162.6 
Field of view Scan started at 17:13:15filter: 2CY 5SL  5 
-100.000      0.000    278.224     63.047    173.2 
 -90.000      0.000    278.234     63.062    186.4 
 -80.000      0.000    278.242     63.073    200.6 
 -70.000      0.000    278.250     63.084    223 
 -60.000      0.000    278.257     63.096    261 
 -50.000      0.000    278.265     63.107    315.2 
 -40.000      0.000    278.273     63.118    1941.4 
 -30.000      0.000    278.281     63.129    14711.6 
 -20.000      0.000    278.289     63.141    40960 
 -10.000      0.000    278.296     63.151    49997.2 
   0.000      0.000    278.304     63.162    50574.2 
  10.000      0.000    278.311     63.173    50671 
  20.000      0.000    278.319     63.185    50822.6 
  30.000      0.000    278.327     63.196    50932 
  40.000      0.000    278.334     63.207    50788.2 
  50.000      0.000    278.342     63.218    50246.6 
  60.000      0.000    278.350     63.229    49594.4 
  70.000      0.000    278.357     63.240    41496 
  80.000      0.000    278.365     63.251    15808.2 
  90.000      0.000    278.373     63.262    1973.2 
 100.000      0.000    278.381     63.273    301 
   0.000    -20.000    278.388     63.285    242.6 
   0.000    -18.000    278.399     63.300    274 
   0.000    -16.000    278.406     63.310    394.4 
   0.000    -14.000    278.414     63.321    3001 
   0.000    -12.000    278.421     63.332    14235.4 
   0.000    -10.000    278.428     63.342    35304 
   0.000     -8.000    278.436     63.353    44142.8 
   0.000     -6.000    278.443     63.364    49109.2 
   0.000     -4.000    278.451     63.375    49267.8 
   0.000     -2.000    278.458     63.385    49516.6 
   0.000      0.000    278.466     63.396    49504.8 
   0.000      2.000    278.473     63.407    49402.6 
   0.000      4.000    278.481     63.418    48201.4 
   0.000      6.000    278.488     63.429    39456.6 
   0.000      8.000    278.495     63.439    20703.4 
   0.000     10.000    278.503     63.450    4865.6 
   0.000     12.000    278.510     63.461    366.8 
   0.000     14.000    278.518     63.472    265.8 
   0.000     16.000    278.525     63.482    246 
   0.000     18.000    278.532     63.493    221.4 
   0.000     20.000    278.540     63.503    195.8 
