Field of view Scan started at 07:10:07filter: 0CY 5SL  5 
-100.000      0.000     97.297     60.535    6531.4 
 -90.000      0.000     97.312     60.523    8673.2 
 -80.000      0.000     97.323     60.513    11537.8 
 -70.000      0.000     97.334     60.503    16791.2 
 -60.000      0.000     97.345     60.494    23278.2 
 -50.000      0.000     97.355     60.485    35299 
 -40.000      0.000     97.366     60.475    99374.2 
 -30.000      0.000     97.377     60.466    280246.2 
 -20.000      0.000     97.388     60.456    391822 
 -10.000      0.000     97.399     60.446    430991.2 
   0.000      0.000     97.410     60.437    455375.2 
  10.000      0.000     97.421     60.427    471435.6 
  20.000      0.000     97.432     60.418    479806.4 
  30.000      0.000     97.443     60.408    485965.8 
  40.000      0.000     97.454     60.399    488991.4 
  50.000      0.000     97.465     60.389    491127 
  60.000      0.000     97.476     60.379    487035.8 
  70.000      0.000     97.487     60.370    365794.8 
  80.000      0.000     97.498     60.360    100624.4 
  90.000      0.000     97.509     60.350    9227.4 
 100.000      0.000     97.521     60.341    7145.8 
   0.000    -20.000     97.532     60.331    4747.6 
   0.000    -18.000     97.547     60.318    6175.8 
   0.000    -16.000     97.557     60.309    7703 
   0.000    -14.000     97.568     60.300    45917.6 
   0.000    -12.000     97.579     60.290    199335.4 
   0.000    -10.000     97.589     60.281    384793.4 
   0.000     -8.000     97.600     60.272    470363.2 
   0.000     -6.000     97.611     60.263    463939.2 
   0.000     -4.000     97.621     60.254    447989.6 
   0.000     -2.000     97.632     60.244    442599.4 
   0.000      0.000     97.642     60.235    452946 
   0.000      2.000     97.652     60.226    469814.2 
   0.000      4.000     97.663     60.217    479179.8 
   0.000      6.000     97.674     60.208    474309 
   0.000      8.000     97.685     60.198    360784.8 
   0.000     10.000     97.695     60.189    200052.4 
   0.000     12.000     97.707     60.181    71564.4 
   0.000     14.000     97.717     60.171    17390.6 
   0.000     16.000     97.728     60.162    10742 
   0.000     18.000     97.738     60.153    7380.2 
   0.000     20.000     97.749     60.144    5432.6 
