Field of view Scan started at 07:11:06filter: 0CY 5SL  5 
-100.000      0.000    111.235     69.400    73.6 
 -90.000      0.000    111.250     69.389    73.4 
 -80.000      0.000    111.262     69.380    71.4 
 -70.000      0.000    111.274     69.371    70.2 
 -60.000      0.000    111.285     69.362    69.4 
 -50.000      0.000    111.296     69.353    75.4 
 -40.000      0.000    111.308     69.344    74.6 
 -30.000      0.000    111.319     69.336    70.8 
 -20.000      0.000    111.331     69.327    74.8 
 -10.000      0.000    111.342     69.318    74.6 
   0.000      0.000    111.353     69.309    79.4 
  10.000      0.000    111.365     69.300    75.4 
  20.000      0.000    111.376     69.291    77 
  30.000      0.000    111.388     69.282    77 
  40.000      0.000    111.399     69.274    76.8 
  50.000      0.000    111.411     69.264    79 
  60.000      0.000    111.423     69.255    79.6 
  70.000      0.000    111.434     69.247    78.2 
  80.000      0.000    111.446     69.238    80 
  90.000      0.000    111.458     69.230    79 
 100.000      0.000    111.470     69.221    82.4 
   0.000    -20.000    111.481     69.212    78.8 
   0.000    -18.000    111.497     69.201    78.6 
   0.000    -16.000    111.507     69.192    78 
   0.000    -14.000    111.519     69.183    80.2 
   0.000    -12.000    111.530     69.175    80.2 
   0.000    -10.000    111.541     69.167    80.4 
   0.000     -8.000    111.552     69.158    86.2 
   0.000     -6.000    111.563     69.149    86.8 
   0.000     -4.000    111.574     69.141    91 
   0.000     -2.000    111.585     69.132    93.4 
   0.000      0.000    111.596     69.124    93.4 
   0.000      2.000    111.607     69.115    96.8 
   0.000      4.000    111.618     69.107    95.4 
   0.000      6.000    111.629     69.099    96.6 
   0.000      8.000    111.640     69.090    94.2 
   0.000     10.000    111.651     69.082    97.8 
   0.000     12.000    111.662     69.073    97 
   0.000     14.000    111.673     69.064    93.2 
   0.000     16.000    111.685     69.056    88.4 
   0.000     18.000    111.696     69.047    93 
   0.000     20.000    111.707     69.039    90.8 
Field of view Scan started at 10:23:26filter: 3CY 5SL  5 
-100.000      0.000    162.438     46.805    23.4 
 -90.000      0.000    162.465     46.801    23.8 
 -80.000      0.000    162.484     46.798    22.8 
 -70.000      0.000    162.503     46.795    22.2 
 -60.000      0.000    162.523     46.792    23.6 
 -50.000      0.000    162.541     46.789    24.8 
 -40.000      0.000    162.560     46.786    23 
 -30.000      0.000    162.579     46.783    22.2 
 -20.000      0.000    162.597     46.780    23.8 
 -10.000      0.000    162.616     46.777    21.2 
   0.000      0.000    162.635     46.775    23.4 
  10.000      0.000    162.654     46.772    24.2 
  20.000      0.000    162.673     46.769    24.2 
  30.000      0.000    162.692     46.766    22.4 
  40.000      0.000    162.712     46.763    23.4 
  50.000      0.000    162.730     46.760    21.4 
  60.000      0.000    162.750     46.757    22 
  70.000      0.000    162.768     46.754    21.8 
  80.000      0.000    162.787     46.752    23 
  90.000      0.000    162.807     46.749    23 
 100.000      0.000    162.826     46.746    22 
   0.000    -20.000    162.845     46.743    24.4 
   0.000    -18.000    162.872     46.739    22.2 
   0.000    -16.000    162.890     46.736    23.2 
   0.000    -14.000    162.908     46.733    23.6 
   0.000    -12.000    162.927     46.731    26.4 
   0.000    -10.000    162.945     46.728    23 
   0.000     -8.000    162.963     46.725    23.2 
   0.000     -6.000    162.982     46.722    22.2 
   0.000     -4.000    163.001     46.720    24.2 
   0.000     -2.000    163.019     46.717    23.6 
   0.000      0.000    163.037     46.714    21.8 
   0.000      2.000    163.055     46.712    24.8 
   0.000      4.000    163.073     46.709    23.8 
   0.000      6.000    163.091     46.706    21.8 
   0.000      8.000    163.109     46.704    22.8 
   0.000     10.000    163.127     46.701    26.4 
   0.000     12.000    163.145     46.698    25.4 
   0.000     14.000    163.163     46.696    23.6 
   0.000     16.000    163.181     46.693    24.2 
   0.000     18.000    163.199     46.690    26 
   0.000     20.000    163.217     46.688    28.4 
Field of view Scan started at 14:52:41filter: 0CY 5SL  5 
-100.000      0.000    243.457     65.632    696.6 
 -90.000      0.000    243.473     65.643    659.8 
 -80.000      0.000    243.485     65.652    567.4 
 -70.000      0.000    243.498     65.661    533.4 
 -60.000      0.000    243.510     65.669    467.8 
 -50.000      0.000    243.522     65.678    462.2 
 -40.000      0.000    243.534     65.686    467.2 
 -30.000      0.000    243.546     65.695    509.6 
 -20.000      0.000    243.559     65.704    553 
 -10.000      0.000    243.571     65.712    784.4 
   0.000      0.000    243.583     65.721    1388.4 
  10.000      0.000    243.595     65.730    2820.8 
  20.000      0.000    243.607     65.738    4333 
  30.000      0.000    243.620     65.747    6311 
  40.000      0.000    243.632     65.756    7344.6 
  50.000      0.000    243.644     65.764    7955.6 
  60.000      0.000    243.656     65.773    4214 
  70.000      0.000    243.668     65.781    1306.6 
  80.000      0.000    243.680     65.790    1198.2 
  90.000      0.000    243.693     65.798    818.6 
 100.000      0.000    243.705     65.807    539.4 
   0.000    -20.000    243.717     65.816    666.6 
   0.000    -18.000    243.734     65.828    623 
   0.000    -16.000    243.746     65.836    676.4 
   0.000    -14.000    243.757     65.844    883 
   0.000    -12.000    243.769     65.853    1059.8 
   0.000    -10.000    243.781     65.861    1089.6 
   0.000     -8.000    243.792     65.869    1146.6 
   0.000     -6.000    243.804     65.878    1400.2 
   0.000     -4.000    243.816     65.886    1221 
   0.000     -2.000    243.828     65.894    997.2 
   0.000      0.000    243.839     65.903    652 
   0.000      2.000    243.851     65.911    398 
   0.000      4.000    243.862     65.920    342.2 
   0.000      6.000    243.874     65.928    376.2 
   0.000      8.000    243.886     65.936    460.2 
   0.000     10.000    243.897     65.944    524 
   0.000     12.000    243.909     65.953    547 
   0.000     14.000    243.921     65.961    496.8 
   0.000     16.000    243.932     65.970    490.8 
   0.000     18.000    243.944     65.978    512.6 
   0.000     20.000    243.956     65.987    519.2 
