000000       
.1845     
.16251     
.477833        
-.48255       
0            
0.341     
2.35         
1.1342       
1490        
105          
.000000030   
1021         
14           
1693         
0            
4300         
9080         
13800        
21700        
25000        
2972         
mkiii       
1            
0            
0            
0            
0            
0            
0            
0            
-1           
-4           
242          
-3           
770          
740          
8028         
178          
2503         
.9965        
10           
1738         
250          
0.6          
64           
256          
0            
000          
0            
2242         
APR 21/15    
