0
1.29       
2.265      
3.59      
3.93      
0            
0.338       
2.35         
1.1342       
1445         
105          
.000000032   
1024         
14           
1693         
0            
4300         
9080         
13800        
21700        
25000        
2972         
mkiii       
1            
0            
0            
0            
0            
0            
0            
0            
-1           
-4           
242          
-3           
770          
740          
8028         
178          
2503         
.9965        
10           
1735         
250          
0.0          
64           
256          
0            
000          
0            
2210         
JUL 19/12    

