version=2dh040218Sondrestrom 66.9958  50.6214  2.532272pr980
inst 0 -.5461 -.8458 -.9926 -1.0442  .056  .3444  2.35  1.1417  1495  206  2.5E-08 286141699 0  4143  8938  14393  19432  25887 2972mkiii1 0  0  0  0  0  0  0  3  2  242 -3  770  740  8028  178  2515  1 -18  2469  250  .4  0  256  0 0 0 
disp 2859.04  .0757793 -6.76047E-07  2898.24  .075197 -7.07023E-07  2934.75  .074587 -7.34202E-07  2970.08  .0737582 -7.386641E-07  3005.12  7.244601E-02 -6.80419E-07  2826.1  .0765543 -6.94199E-07  4288.56  .113669 -1.01407E-06  4347.37  .112796 -1.06053E-06  4402.12  .111881 -1.1013E-06  4455.12  .110637 -1.108E-06  4507.68  .108669 -1.02063E-06  4239.15  .114831 -1.0413E-06 
zeni .410311 -.368655  .071416 -2.151968  2.162044 -.351812  2.574614 -1.969205  .320049 
hp03:47:06 .9948318 115360.8 77.4 14
hg03:53:30 .9991 287.2977 287 91613 14
fma0 235.491680 0 3 1 3 3 4rat-2028-1246-591-558
fma0 237.751680 3 2 1 1 4 2rat-2012-1236-586-554
fma0 240.021680 3 2 1 2 6 2rat-1998-1227-582-550
fma0 242.281680 1 2 1 3 3 3rat-1984-1219-578-546
fma0 244.551680 2 0 1 3 3 4rat-1970-1210-574-542
summary04:00:01FEB 04/18 71.658 3.083 14fm 0-1998-1228-582-550-237-1 54.6-140.9 23 14 7 6 3 0 .6 1.5
fma0 246.931680 1 4 2 4 2 4rat-1955-1201-569-538
fma0 249.191680 0 2 1 0 6 5rat-1941-1192-565-534
fma0 251.461680 1 2 2 0 3 2rat-1929-1185-562-531
fma0 253.721680 2 3 0 8 1 3rat-1916-1177-558-527
fma0 255.991680 1 5 1 3 0 5rat-1904-1169-554-524
summary04:11:27FEB 04/18 70.958 2.98 14fm 0-1929-1185-562-531-230-1 56.6-145.8 20 13 6 6 2 0 .6 1.5
fma0 258.371680 0 4 0 4 5 4rat-1890-1161-551-520
fma0 260.641680 2 3 3 3 1 3rat-1879-1154-547-517
fma0 262.91680 2 3 4 3 3 2rat-1868-1147-544-514
fma0 265.171680 1 1 0 2 2 4rat-1856-1140-541-511
fma0 267.431680 3 0 4 4 4 2rat-1846-1133-537-508
summary04:22:54FEB 04/18 70.297 2.89 14fm 0-1868-1147-544-514-223-1 58.4-150.3 18 11 5 5 2 0 .6 1.4
fma0 269.821680 2 2 0 3 4 3rat-1835-1127-534-505
fma0 272.081680 3 2 1 4 1 4rat-1824-1120-531-502
fma0 274.341680 1 0 5 3 4 2rat-1814-1114-528-499
fma0 276.611680 2 1 3 6 2 2rat-1805-1108-526-497
fma0 278.871680 1 2 2 3 1 5rat-1795-1103-523-494
summary04:34:20FEB 04/18 69.681 2.81 14fm 0-1815-1114-528-499-217-1 60.2-154.6 16 10 4 4 2 0 .5 1.3
fma0 281.261680 1 1 0 6 4 2rat-1785-1096-520-491
fma0 283.521680 3 1 3 0 6 3rat-1776-1091-517-489
fma0 285.791680 3 1 1 2 5 4rat-1768-1086-515-486
fma0 288.051680 5 2 1 2 3 3rat-1760-1080-512-484
fma0 290.311680 2 1 2 6 3 4rat-1751-1075-510-482
summary04:45:47FEB 04/18 69.108 2.74 14fm 0-1768-1086-515-486-211-1 61.8-158.5 13 8 4 4 2 0 .5 1.2
hp04:52:18 .9942635 115162.8 80.3 13
hg04:58:42 .9993 286.3015 286 89620 13
fma0 300.431680 2 2 3 2 2 5rat-1716-1054-500-472
fma0 302.691680 1 2 1 6 1 3rat-1708-1049-497-470
fma0 304.961680 1 2 1 0 2 3rat-1702-1045-496-468
fma0 307.221680 2 1 2 6 2 2rat-1695-1041-494-466
fma0 309.491680 0 1 1 5 6 7rat-1689-1037-492-465
summary05:04:57FEB 04/18 68.252 2.642 13fm 0-1702-1045-496-468-203-1 64.2-164.4 11 7 3 3 1 0 .4 1
fma0 311.871680 1 4 0 5 1 5rat-1682-1033-490-463
fma0 314.131680 1 3 1 4 2 1rat-1676-1029-488-461
fma0 316.391680 0 1 2 3 5 3rat-1670-1025-486-460
fma0 318.661680 1 1 1 4 3 4rat-1664-1022-485-458
fma0 320.921680 1 2 1 2 3 4rat-1659-1019-483-456
summary05:16:23FEB 04/18 67.809 2.594 13fm 0-1670-1026-486-460-199-1 65.4-167.4 9 6 3 3 1 0 .4 .9
fma0 323.31680 0 0 4 5 0 4rat-1653-1015-481-455
fma0 325.571680 3 0 1 1 2 9rat-1648-1012-480-453
fma0 327.831680 2 3 1 1 5 5rat-1643-1009-478-452
fma0 330.11680 1 1 1 1 3 7rat-1638-1006-477-451
fma0 332.371680 0 4 3 6 1 4rat-1633-1003-476-449
summary05:27:50FEB 04/18 67.415 2.553 13fm 0-1643-1009-478-452-196-1 66.5-170.1 8 5 2 2 1 0 .3 .8
fma0 334.751680 0 1 5 0 5 5rat-1628-1000-474-448
fma0 337.021680 0 4 6 4 5 4rat-1624-997-473-447
fma0 339.281680 0 1 2 3 5 3rat-1620-995-472-446
fma0 341.551680 0 2 2 1 3 6rat-1616-993-471-445
fma0 343.811680 2 1 1 3 4 4rat-1612-990-469-444
summary05:39:16FEB 04/18 67.075 2.519 13fm 0-1620-995-472-446-194-1 67.5-172.4 6 4 2 2 1 0 .3 .7
fma0 346.191680 0 2 3 3 3 2rat-1608-988-468-442
fma0 348.461680 4 1 3 0 1 5rat-1605-986-467-442
fma0 350.721680 1 0 1 4 4 5rat-1601-983-466-441
fma0 352.991680 3 1 2 4 3 2rat-1598-981-465-440
fma0 355.261680 5 1 3 3 2 3rat-1595-979-464-439
summary05:50:43FEB 04/18 66.788 2.491 13fm 0-1601-983-466-441-192-1 68.2-174.4 5 4 2 1 1 0 .2 .6
hp05:57:15 .9947381 115265.1 80.2 13
hg06:03:38 .9994 286.0675 286 87595 13
fma0 365.361680 1 1 2 4 3 4rat-1584-972-461-436
fma0 367.621680 0 1 1 5 4 4rat-1581-971-460-435
fma0 369.891680 1 2 0 1 5 7rat-1579-970-460-434
fma0 372.151680 2 3 1 5 2 6rat-1577-968-459-434
fma0 374.421680 0 3 5 5 4 3rat-1576-967-459-433
summary06:09:53FEB 04/18 66.432 2.457 13fm 0-1579-970-460-434-189-1 69.2-176.8 3 2 1 1 0 0 .1 .3
fma0 376.81680 0 2 1 7 2 2rat-1574-966-458-433
fma0 379.071680 1 4 2 2 2 6rat-1572-965-458-432
fma0 381.331680 1 4 1 4 4 1rat-1571-964-457-432
fma0 383.591680 1 1 2 1 1 6rat-1569-964-457-432
fma0 385.861680 0 1 2 2 5 4rat-1568-963-456-431
summary06:21:19FEB 04/18 66.295 2.444 13fm 0-1571-964-457-432-188-1 69.6-177.7 2 1 1 1 0 0 .1 .2
fma0 388.241680 1 0 2 3 3 6rat-1567-962-456-431
fma0 390.51680 0 2 0 7 7 3rat-1566-962-456-431
fma0 392.771680 1 1 3 1 1 6rat-1565-961-456-431
fma0 395.031680 1 2 0 3 3 3rat-1565-961-456-430
fma0 397.31680 2 1 1 3 2 5rat-1565-961-456-430
summary06:32:46FEB 04/18 66.214 2.436 13fm 0-1566-961-456-431-188-1 69.8-178.2 1 1 0 1 1 0 .1 .1
fma0 399.681680 0 0 3 5 1 4rat-1563-960-455-430
fma0 401.951680 3 0 2 4 1 5rat-1563-960-455-430
fma0 404.211680 0 1 1 4 1 5rat-1563-960-455-430
fma0 406.481680 1 1 2 1 6 9rat-1563-960-455-430
fma0 408.741680 3 0 2 2 3 5rat-1564-960-455-430
summary06:44:12FEB 04/18 66.191 2.434 12fm 0-1563-960-455-430-187-1 69.9-178.4 0 0 0 0 0 0 0 0
fma0 411.131680 4 4 2 4 2 1rat-1564-961-456-431
fma0 413.391680 3 0 3 2 3 2rat-1564-961-456-431
fma0 415.661680 2 2 2 6 1 5rat-1565-961-456-431
fma0 417.921680 2 1 2 4 3 5rat-1566-962-456-431
fma0 420.191680 2 1 1 2 4 2rat-1567-962-456-431
summary06:55:39FEB 04/18 66.226 2.438 12fm 0-1565-961-456-431-187-1 69.8-178.2 1 1 0 0 0 0 .1 .1
hp07:02:11 .994467 115329.8 80.2 12
hg07:08:34 .9994 285.8888 286 83509 12
fma0 430.31680 1 3 4 1 4 6rat-1573-966-458-433
fma0 432.561680 2 0 2 5 2 5rat-1575-967-459-434
fma0 434.831680 0 1 1 2 4 4rat-1577-969-459-434
fma0 437.11680 2 3 0 3 3 6rat-1579-970-460-435
fma0 439.361680 2 2 1 3 2 4rat-1581-971-461-435
summary07:14:49FEB 04/18 66.413 2.455 12fm 0-1577-969-459-434-188-1 69.3-176.9 3 2 1 1 0 0 .2 .4
fma0 441.751680 2 0 1 5 1 8rat-1583-972-461-436
fma0 444.021680 1 2 3 3 1 3rat-1586-974-462-436
fma0 446.281680 2 1 3 3 1 5rat-1589-976-463-437
fma0 448.551680 3 1 2 0 4 3rat-1592-977-463-438
fma0 450.811680 0 2 0 1 3 4rat-1594-979-464-439
summary07:26:16FEB 04/18 66.601 2.473 12fm 0-1589-976-463-437-189-1 68.8-175.6 4 3 1 1 1 0 .2 .5
fma0 453.21680 1 0 3 4 2 5rat-1598-981-465-440
fma0 455.461680 1 2 0 6 3 3rat-1601-983-466-441
fma0 457.731680 2 3 4 2 3 1rat-1604-985-467-442
fma0 459.991680 0 2 1 4 2 3rat-1608-987-468-443
fma0 462.261680 1 2 0 6 2 3rat-1612-990-469-444
summary07:37:43FEB 04/18 66.846 2.496 12fm 0-1605-985-467-442-191-1 68.1-174 6 4 2 2 1 0 .3 .6
fma0 464.641680 2 2 3 2 3 2rat-1615-992-470-445
fma0 466.911680 1 1 1 4 5 0rat-1620-995-472-446
fma0 469.171680 1 0 5 3 1 2rat-1624-997-473-447
fma0 471.441680 0 2 5 1 5 6rat-1628-1000-474-448
fma0 473.71680 2 2 0 4 2 3rat-1633-1003-476-450
summary07:49:10FEB 04/18 67.14701 2.526 12fm 0-1624-997-473-447-193-1 67.3-171.9 7 4 2 2 1 0 .3 .7
fma0 476.091680 1 1 3 5 3 2rat-1636-1005-477-451
fma0 478.351680 3 1 1 4 0 3rat-1641-1008-478-452
fma0 480.621680 1 2 1 2 1 3rat-1646-1011-480-453
fma0 482.881680 0 3 0 3 7 2rat-1652-1015-481-455
fma0 485.151680 2 0 1 1 3 5rat-1657-1018-483-456
summary08:00:36FEB 04/18 67.502 2.562 11fm 0-1646-1011-480-453-195-1 66.3-169.5 8 5 2 2 1 0 .3 .8
hp08:07:08 .9942054 115340 80.4 11
hg08:13:31 .9994 285.8033 286 79595 11
fma0 495.251680 0 2 3 2 2 4rat-1684-1034-491-464
fma0 497.511680 0 1 3 2 3 6rat-1691-1039-493-466
fma0 499.781680 0 2 1 1 1 7rat-1697-1042-494-467
fma0 502.041680 0 2 1 2 3 6rat-1704-1047-496-469
fma0 504.311680 2 2 2 0 3 5rat-1711-1051-498-471
summary08:19:46FEB 04/18 68.21601 2.638 11fm 0-1697-1043-494-467-201-1 64.3-164.7 11 7 3 3 1 0 .4 1
fma0 506.691680 2 2 2 1 2 2rat-1719-1056-501-474
fma0 508.961680 0 2 1 4 3 3rat-1726-1061-503-476
fma0 511.231680 2 2 0 2 3 5rat-1734-1065-505-478
fma0 513.491680 3 0 1 2 2 6rat-1742-1070-508-480
fma0 515.751680 3 1 3 3 3 2rat-1750-1075-510-482
summary08:31:13FEB 04/18 68.712 2.694 11fm 0-1734-1065-505-478-205 0 62.9-161.1 12 7 4 3 1 0 .5 1.2
fma0 518.141680 1 1 4 3 3 1rat-1759-1081-513-485
fma0 520.40011680 6 1 2 3 2 1rat-1768-1086-515-487
fma0 522.671680 0 1 1 2 5 4rat-1777-1092-518-490
fma0 524.931680 5 2 0 2 2 2rat-1785-1097-520-492
fma0 527.191680 3 1 1 3 4 5rat-1795-1103-523-495
summary08:42:39FEB 04/18 69.256 2.758 11fm 0-1777-1092-518-490-210 0 61.4-157.4 14 9 4 4 2 0 .5 1.2
fma0 529.581680 1 1 2 4 0 6rat-1806-1109-526-498
fma0 531.841680 2 1 2 2 4 3rat-1815-1115-529-500
fma0 534.111680 1 0 2 3 3 5rat-1826-1122-532-503
fma0 536.371680 0 0 1 2 3 2rat-1836-1128-535-506
fma0 538.641680 2 0 2 3 2 3rat-1847-1135-538-509
summary08:54:06FEB 04/18 69.848 2.831 11fm 0-1826-1122-532-503-216 0 59.7-153.3 16 10 5 4 2 0 .6 1.3
fma0 541.021680 0 3 1 3 2 2rat-1857-1141-542-512
fma0 543.281680 2 0 0 3 4 2rat-1869-1149-545-515
fma0 545.551680 2 1 3 0 3 2rat-1881-1156-548-519
fma0 547.811680 0 4 4 1 0 4rat-1893-1163-552-522
fma0 550.081680 1 3 2 2 2 2rat-1905-1171-555-525
summary09:05:32FEB 04/18 70.487 2.915 10fm 0-1881-1156-548-519-221 0 57.9-148.9 19 12 5 5 2 0 .6 1.4
hp09:12:04 .9944616 115259.2 80.1 10
hg09:18:28 .9994 285.6916 286 78207 10
fma0 560.191680 1 2 1 2 2 3rat-1964-1207-573-542
fma0 562.461680 1 0 2 4 2 4rat-1979-1216-577-546
fma0 564.731680 0 3 1 1 4 3rat-1994-1225-581-550
fma0 566.991680 3 0 1 3 2 1rat-2008-1234-586-554
fma0 569.251680 3 2 2 2 3 2rat-2024-1244-590-558
summary09:24:43FEB 04/18 71.654 3.082 10fm 0-1994-1225-581-550-234 0 54.6-140.8 24 15 7 6 3 0 .6 1.6
fma0 571.641680 1 4 1 3 2 0rat-2042-1255-595-563
fma0 573.91680 1 1 3 3 0 4rat-2058-1265-600-568
fma0 576.171680 1 1 2 2 3 3rat-2075-1275-605-572
fma0 578.431680 1 0 3 2 4 4rat-2092-1286-610-577
fma0 580.71680 1 2 3 1 2 4rat-2110-1297-615-582
summary09:36:10FEB 04/18 72.406 3.201 11fm 0-2075-1276-605-572-244 0 52.5-135.6 27 17 8 7 3 0 .7 1.7
fma0 583.081680 1 1 3 0 6 3rat-2128-1308-621-587
fma0 585.351680 2 1 0 2 6 2rat-2147-1320-626-592
fma0 587.611680 0 0 3 0 4 6rat-2166-1331-632-598
fma0 589.881680 0 1 1 0 2 7rat-2186-1344-638-603
fma0 592.141680 1 2 0 5 0 1rat-2206-1356-644-609
summary09:47:36FEB 04/18 73.196 3.336 10fm 0-2167-1332-632-598-254 0 50.2-130.1 31 19 9 9 4 0 .7 1.8
fma0 594.521680 2 3 2 4 1 3rat-2229-1370-650-615
fma0 596.791680 1 3 4 0 2 3rat-2250-1383-656-621
fma0 599.051680 3 1 1 1 3 3rat-2272-1397-663-627
fma0 601.321680 0 0 2 2 2 3rat-2296-1411-670-633
fma0 603.591680 0 2 4 2 1 2rat-2319-1425-676-640
summary09:59:03FEB 04/18 74.02201 3.49 10fm 0-2273-1397-663-627-266 1 47.9-124.3 36 22 10 10 4 0 .7 1.8
fma0 605.971680 2 0 0 3 0 6rat-2345-1441-684-647
fma0 608.241680 3 2 1 2 2 2rat-2370-1457-691-654
fma0 610.51680 0 2 2 2 2 2rat-2396-1473-699-661
fma0 612.761680 1 2 0 4 2 3rat-2422-1489-707-669
fma0 615.031680 3 1 1 3 1 4rat-2449-1506-714-676
summary10:10:29FEB 04/18 74.88201 3.666 10fm 0-2396-1473-699-661-280 1 45.4-118.3 41 26 12 12 5 0 .8 1.9
hp10:17:00 .9943109 115451.5 80.3 10
hg10:23:24 .9994 285.5266 286 77091 10
hp10:36:48 .9948287 115037.6 82 10
hg10:43:12 .9994 284.4072 284 77957 10
hg10:44:25 .9993 286.2688 286 83162 10
hp10:57:16 .9939902 114973.7 79.9 10
hg11:03:39 .9993 286.1508 286 79643 10
co11:12:29az: Azimuth discrepancy = -6
hp11:13:33 .9941318 114966.7 79.9 10
hg11:19:56 .9994 286.1197 286 81610 10
sla 0 685.360620 282938 0 322865 375435 458303 520430 586302rat 2082 1427 556 523
sla 0 686.050620 283118 1 323105 375306 458355 520552 586600rat 2079 1430 557 525
sla 0 686.740620 283178 0 323004 375223 459688 520561 586735rat 2081 1431 544 526
sla 0 687.430620 282630 1 322755 375262 458643 520693 586513rat 2085 1432 555 523
sla 0 688.120620 282761 0 322833 375190 459130 520815 586469rat 2085 1433 552 521
sla 0 688.820620 282765 1 322468 375520 459069 520581 586212rat 2088 1428 550 521
sla 0 689.510620 282764 1 322719 375396 459278 521200 586247rat 2090 1434 554 517
summary11:27:25FEB 04/18 94.667 99.999 11sl 0 2084 1431 553 522 413 266 322821.3 586439.8 4 3 5 3 13 7 223.5 158
sla 0 715.860620 282085 0 322076 374017 457819 518849 584823rat 2079 1431 548 526
sla 0 716.550620 282559 0 322303 374262 458059 519461 585160rat 2081 1433 551 523
sla 0 717.240620 282292 0 322137 374918 457965 519145 584698rat 2081 1423 549 522
sla 0 717.930620 281883 0 322179 374024 457882 519799 584464rat 2086 1439 555 515
sla 0 718.620620 282081 0 322188 373888 457730 519161 584363rat 2080 1435 551 520
sla 0 719.310620 281779 0 322177 373375 458496 518828 585222rat 2077 1438 541 529
sla 0 720.010620 282804 0 322553 374380 457891 519186 585746rat 2075 1429 550 530
summary11:57:55FEB 04/18 92.22 99.999 11sl 0 2080 1433 549 524 405 268 322230.5 584925.1 4 6 4 5 20 11 158 474
co12:00:45az: Azimuth discrepancy =  1
co12:27:29uf: UV fast  scan started
co12:30:47uf: UV fast  scan finished, incident DUV =  .3259273 mW/m^2
co12:41:07uf: UV fast  scan started
co12:44:25uf: UV fast  scan finished, incident DUV =  .5089416 mW/m^2
co13:04:45uf: UV fast  scan started
co13:08:03uf: UV fast  scan finished, incident DUV =  .9298194 mW/m^2
co13:28:23uf: UV fast  scan started
co13:31:41uf: UV fast  scan finished, incident DUV =  1.447494 mW/m^2
hp13:32:39 .9943286 114562.3 80.9 11
hg13:39:02 .9993 286.2928 286 82911 11
co13:59:38uf: UV fast  scan started
co14:02:56uf: UV fast  scan finished, incident DUV =  2.092039 mW/m^2
co14:13:16uf: UV fast  scan started
co14:16:34uf: UV fast  scan finished, incident DUV =  2.377252 mW/m^2
co14:36:54uf: UV fast  scan started
co14:40:13uf: UV fast  scan finished, incident DUV =  2.935716 mW/m^2
co15:00:33uf: UV fast  scan started
co15:03:51uf: UV fast  scan finished, incident DUV =  3.294524 mW/m^2
hp15:04:48 .9950562 115060.2 79.6 13
hg15:11:12 .9993 286.2125 286 90432 13
co15:31:47uf: UV fast  scan started
co15:35:05uf: UV fast  scan finished, incident DUV =  3.555591 mW/m^2
co15:45:25uf: UV fast  scan started
co15:48:43uf: UV fast  scan finished, incident DUV =  3.518929 mW/m^2
co16:09:04uf: UV fast  scan started
co16:12:21uf: UV fast  scan finished, incident DUV =  3.379335 mW/m^2
co16:32:42uf: UV fast  scan started
co16:36:00uf: UV fast  scan finished, incident DUV =  3.17564 mW/m^2
hp16:36:58 .9946274 115544.3 79.2 15
hg16:43:21 .9992 286.5697 287 91874 15
co17:03:57uf: UV fast  scan started
co17:07:15uf: UV fast  scan finished, incident DUV =  2.639914 mW/m^2
co17:17:35uf: UV fast  scan started
co17:20:52uf: UV fast  scan finished, incident DUV =  2.36121 mW/m^2
co17:41:13uf: UV fast  scan started
co17:44:31uf: UV fast  scan finished, incident DUV =  1.813749 mW/m^2
co18:04:51uf: UV fast  scan started
co18:08:09uf: UV fast  scan finished, incident DUV =  1.246728 mW/m^2
hp18:09:07 .9949688 114709.6 80.6 14
hg18:15:30 .9994 285.2236 285 90255 14
co18:36:06uf: UV fast  scan started
co18:39:24uf: UV fast  scan finished, incident DUV =  .6145135 mW/m^2
co18:49:44uf: UV fast  scan started
co18:53:02uf: UV fast  scan finished, incident DUV =  .3882564 mW/m^2
hp18:53:59 .9944138 114640 79.7 14
hg19:00:22 .9993 286.0943 286 90161 14
sla 0 1145.80620 282041 1 321312 373721 457294 519111 584365rat 2089 1435 555 520
sla 0 1146.490620 282654 1 321319 373660 457110 518779 584222rat 2086 1433 554 522
sla 0 1147.180620 282538 0 321247 374343 457507 519326 584235rat 2091 1429 554 517
sla 0 1147.870620 282395 0 321508 373751 457247 518840 583915rat 2084 1432 553 519
sla 0 1148.560620 282202 1 321057 373968 458319 519462 585309rat 2095 1435 548 524
sla 0 1149.260620 281607 0 321246 374067 457476 519182 584934rat 2090 1431 553 524
sla 0 1149.950620 282636 0 322342 374083 457073 519877 585121rat 2081 1437 563 519
summary19:07:52FEB 04/18 91.599 99.999 14sl 0 2088 1433 554 521 422 271 321433 584585.9 5 3 5 3 7 3 432.7 499.7ed