0            
-0.39        
-0.94        
-1.68        
-2.72        
0.0          
0.3398       
2.35000      
1.13900      
3030         
3115         
0.0000000350 
293          
76           
1766         
0.0000       
4290.0000    
9120.0000    
14315.0000   
19790.0000   
25000.0000   
2816         
mkiv        
1            
0            
0            
0            
0            
0            
0            
0            
2984         
0            
242          
-3.00000     
772          
770          
5642         
178          
2650         
0.00000      
0.00000      
3469         
75           
0.000        
64           
256          
0            
64           
52           
2112         
July 7/2011       

