 3080.822 
 919           49
 929           45
 939           52
 949           52
 959           49
 969           55
 979           77
 989          216
 999          934
1009         2300
1019         3578
1029         5037
1039         6265
1049         7613
1059         8452
1069         8675
1079         8319
1089         7219
1099         5960
1109         4699
1119         3304
1129         1915
1139          730
1149          186
1159          121
1169           65
1179           49
1189           54
1199           43
1209           46
1219           36
1219           42
1209           37
1199           42
1189           45
1179           54
1169           75
1159          116
1149          161
1139          653
1129         1806
1119         3142
1109         4511
1099         5683
1089         7050
1079         8250
1069         8697
1059         8570
1049         7591
1039         6328
1029         4990
1019         3697
1009         2444
 999         1135
 989          279
 979           74
 969           47
 959           45
 949           46
 939           53
 929           51
 919           50
eof
