0            
.5518        
.3869        
-.1935       
-1.3538      
-.01         
.3437        
2.35         
1.1521       
3204         
3895         
.000000026   
289         
92           
1757         
0            
5000         
10000        
15000        
20000        
25000        
2816         
mkii        
1
0            
0            
0            
0            
0            
0            
0            
2935         
0            
0            
0            
0            
0            
0            
0            
2546         
.992619      
25.47607     
3469         
250          
0.2
0            
256          
0            
64           
32           
2112         
Dec 24/97    

