 3133.167 
3093          288
3103          303
3113          302
3123          327
3133          309
3143          334
3153          468
3163         1924
3173         5830
3183        11092
3193        16451
3203        21535
3213        26607
3223        32187
3233        36040
3243        37004
3253        35807
3263        32101
3273        27380
3283        22087
3293        16697
3303        11666
3313         6696
3323         2453
3333          656
3343          367
3353          310
3363          313
3373          315
3383          288
3393          279
3393          267
3383          300
3373          282
3363          286
3353          308
3343          335
3333          585
3323         2259
3313         6343
3303        11281
3293        16396
3283        21553
3273        26533
3263        31655
3253        35891
3243        37542
3233        36146
3223        32498
3213        27266
3203        22255
3193        17261
3183        11918
3173         6742
3163         2592
3153          677
3143          326
3133          331
3123          317
3113          303
3103          303
3093          300
eof
