 3261.055 
3690         6605
3700         7395
3710         7818
3720         7133
3730         6227
3740         5310
3750         5631
3760        27478
3770        63432
3780       100801
3790       137316
3800       174175
3810       209500
3820       244444
3830       260987
3840       248804
3850       215617
3860       180759
3870       144538
3880       107591
3890        69646
3900        33395
3910         4917
3920          891
3930          748
3940          678
3950          589
3960          571
3970          536
3980          482
3990          464
3990          444
3980          511
3970          520
3960          582
3950          610
3940          660
3930          740
3920          885
3910         4663
3900        31832
3890        69504
3880       107442
3870       144634
3860       180573
3850       216114
3840       249522
3830       263394
3820       247372
3810       212706
3800       176951
3790       139061
3780       102919
3770        66145
3760        29574
3750         5854
3740         5254
3730         6204
3720         7035
3710         7693
3700         7408
3690         6505
eof
