version=2dh280117Copenhagen 55.716 -12.5615  2.547567pr1000
inst 0 -.90381 -.88811 -1.01801 -1.78069  0  .3456  4.4707  1.153  1470 -328  2.65E-08 1030142463 0  4814  10734  18672  22050  26048 2972mkiii2 0  0  0  0  0  0  0 -66  1  242 -3  770  740  8028  178  2515  .99476  12.88  1725  250  .4  64  256  0 0 0 
disp 2860.48  .075384 -6.58315E-07  2899.71  .0747497 -6.81221E-07  2935.87  .0741645 -7.060291E-07  2970.77  .0735149 -7.24738E-07  3004.99  .0725966 -7.06297E-07  2826.03  .0767217 -7.19396E-07  4290.73  .113076 -9.874721E-07  4349.57  .112124 -1.02183E-06  4403.81  .111247 -1.05904E-06  4456.15  .110272 -1.08711E-06  4507.49  .108895 -1.05945E-06  4239.05  .115082 -1.07909E-06 
zeni .265337 -.346674  .098068 -1.265443  2.065254 -.509788  1.440203 -1.98075  .574513 
co06:28:07az: Azimuth discrepancy = -6
co06:28:48az: Azimuth discrepancy =  1
hp06:30:00 .9878621 113555.1 78.3 14
hg06:36:44 .9954 1030.539 1031 364037 14
sla 0 402.160620 273600 0 329000 385798 464100 509369 565824rat 1903 1218 407 452
sla 0 402.850620 273486 0 328375 385666 462735 508959 565873rat 1907 1216 416 456
sla 0 403.540620 273345 0 328767 385074 463459 508966 565207rat 1902 1223 410 450
sla 0 404.230620 273704 0 328114 384752 462582 508511 565538rat 1907 1222 414 457
sla 0 404.920620 273018 2 328131 384591 462166 508174 563122rat 1904 1221 415 441
sla 0 405.620620 273256 0 327576 384525 461087 507796 563379rat 1908 1219 422 446
sla 0 406.310620 272574 1 327188 383801 460952 506889 562917rat 1905 1219 415 450
summary06:44:13JAN 29/17 93.846 99.999 14sl 0 1905 1220 414 450 464 247 328164.4 564551.5 2 3 5 6 17 10 641.8 1340.7
co07:13:44uf: UV fast  scan started
co07:17:10uf: UV fast  scan finished, incident DUV =  .1987277 mW/m^2
co07:32:33uf: UV fast  scan started
co07:35:59uf: UV fast  scan finished, incident DUV =  .4457622 mW/m^2
co07:36:21uf: UV fast  scan started
co07:39:47uf: UV fast  scan finished, incident DUV =  .5398685 mW/m^2
co07:55:10uf: UV fast  scan started
co07:58:36uf: UV fast  scan finished, incident DUV =  1.236677 mW/m^2
co07:58:58uf: UV fast  scan started
co08:02:24uf: UV fast  scan finished, incident DUV =  1.351386 mW/m^2
hp08:03:32 .9880102 113437.8 82.3 14
hg08:10:16 .9957 1029.214 1029 358978 14
sla 0 495.690620 273057 1 327817 384376 461528 507366 563331rat 1901 1217 414 450
sla 0 496.380620 272888 0 327245 383943 461084 506747 563685rat 1903 1216 413 458
sla 0 497.080620 272555 1 327622 383766 460788 507138 563035rat 1902 1222 419 449
sla 0 497.770620 272154 1 327513 383313 461011 507041 562544rat 1902 1226 416 446
sla 0 498.460620 272168 0 327161 383579 459261 505586 562293rat 1894 1210 420 457
sla 0 499.150620 271205 0 326361 382764 459766 504814 561238rat 1898 1213 409 455
sla 0 499.840620 271310 2 326089 382828 458952 505200 560634rat 1905 1216 420 447
summary08:17:46JAN 29/17 83.137 6.894 14sl 0 1901 1217 416 452 455 241 327115.5 562394.3 4 5 4 5 18 12 651.5 1106
co08:25:48uf: UV fast  scan started
co08:29:14uf: UV fast  scan finished, incident DUV =  1.519223 mW/m^2
fza0 509.981620 0 405 1717 6509 16978 24359
fza0 510.891620 1 400 1730 6470 17110 24493
co08:31:25gi: 29 01 17  2.537371
gia0 511.670610 62 0 187 791 2925 7804 11020
gia0 512.040610 52 0 192 796 2985 7604 11026
gia0 512.40010610 58 0 181 778 2989 7694 10957
gia0 512.77010610 54 0 185 793 2928 7767 10952
gia0 513.130610 52 0 187 781 2983 7803 11001
fza0 514.061620 0 405 1760 6620 17283 24488
fza0 514.971620 0 407 1810 6761 17529 24855
co08:35:47uf: UV fast  scan started
co08:39:13uf: UV fast  scan finished, incident DUV =  1.679401 mW/m^2
fza0 519.96011620 0 429 1930 7342 18726 26214
fza0 520.871620 1 447 1963 7542 19085 26731
co08:41:24gi: 29 01 17  2.542469
gia0 521.65010610 53 0 182 837 3133 8005 11280
gia0 522.02010610 57 0 192 814 3126 7937 11179
gia0 522.390610 50 0 200 821 3100 8048 11223
gia0 522.750610 55 0 176 801 3047 7789 11096
gia0 523.110610 52 0 184 758 2950 7483 10605
fza0 524.041620 0 422 1858 6937 17671 24602
fza0 524.951620 0 393 1854 6908 17040 24030
hp08:46:17 .9869363 112531.2 80.2 14
hg08:53:01 .9942 1030.391 1030 351832 14
co08:53:39uf: UV fast  scan started
co08:57:05uf: UV fast  scan finished, incident DUV =  1.393783 mW/m^2
co08:57:09gi: 29 01 17  2.557764
gia0 537.40610 47 1 191 885 3337 7968 11199
gia0 537.770610 54 0 197 935 3404 8262 11332
gia0 538.130610 54 0 201 936 3400 8162 11258
gia0 538.50610 55 1 197 894 3268 8015 10950
gia0 538.860610 46 0 196 864 3235 7769 10790
zsa0 540.60620 138 0 514 2451 9084 21785 30601rat 16260 9488 3798 1466
zsa0 541.290620 159 0 546 2652 9734 23546 32752rat 16335 9484 3836 1423
zsa0 541.980620 163 0 599 2793 10297 24858 34745rat 16169 9495 3827 1445
zsa0 542.670620 171 0 626 2961 10757 25871 36356rat 16151 9414 3811 1468
zsa0 543.370620 160 0 579 2694 9828 23291 32713rat 16033 9368 3747 1466
zsa0 544.060620 131 0 515 2416 8924 21167 29742rat 16126 9426 3750 1467
zsa0 544.750620 128 0 497 2391 8721 20830 29128rat 16211 9401 3781 1446
summary09:02:40JAN 29/17 79.207 4.898 14zs 0 16184 9439 3793 1454 11529 5070-21.5 306 97 50 35 17 140 55 .9 2.7
co09:06:31uf: UV fast  scan started
co09:09:57uf: UV fast  scan finished, incident DUV =  2.215712 mW/m^2
co09:10:02gi: 29 01 17  2.562863
gia0 550.270610 83 0 299 1405 4909 11489 15719
gia0 550.640610 80 0 289 1399 5041 11623 15827
gia0 551.010610 85 0 289 1436 5191 12107 16370
gia0 551.370610 91 1 336 1553 5650 12960 17792
gia0 551.730610 103 0 362 1680 6136 14198 19267
zsa0 553.470620 258 0 996 4586 16602 38147 52529rat 15820 9202 3613 1379
zsa0 554.160620 274 1 1008 4890 17341 40052 55053rat 15984 9136 3636 1372
zsa0 554.850620 284 1 1119 5206 18501 42661 58901rat 15805 9138 3629 1391
zsa0 555.550620 288 0 1134 5193 18628 42946 59152rat 15772 9177 3628 1381
zsa0 556.240620 309 0 1195 5666 20011 46344 63704rat 15876 9130 3648 1372
zsa0 556.930620 350 0 1318 6252 22072 50723 69612rat 15843 9095 3615 1365
zsa0 557.620620 320 0 1249 5889 21114 48197 66499rat 15854 9132 3585 1388
summary09:15:32JAN 29/17 78.242 4.559 15zs 0 15851 9144 3622 1378 11440 4990-12.8 281.1 68 35 20 9 86 32 1.1 3.1
co09:19:23uf: UV fast  scan started
co09:22:49uf: UV fast  scan finished, incident DUV =  3.378188 mW/m^2
co09:22:54gi: 29 01 17  2.567961
gia0 563.140610 143 1 526 2396 8212 18193 24563
gia0 563.510610 137 0 540 2350 8107 18122 24278
gia0 563.870610 138 0 525 2318 7925 17558 23712
gia0 564.240610 144 1 505 2233 7741 16934 22888
gia0 564.60610 132 0 512 2334 8104 17846 23900
co09:25:09uf: UV fast  scan started
co09:28:35uf: UV fast  scan finished, incident DUV =  3.574643 mW/m^2
co09:28:40gi: 29 01 17  2.573059
gia0 568.910610 132 0 489 2233 7796 16995 23051
gia0 569.270610 121 0 485 2194 7528 16524 22418
gia0 569.640610 133 0 495 2306 7968 17336 23449
gia0 5700610 132 1 529 2329 8025 17626 23791
gia0 570.370610 130 0 540 2398 8245 17973 24265
zsa0 572.10620 349 0 1382 6213 21467 47393 64357rat 15341 8827 3440 1319
zsa0 572.790620 447 0 1833 8495 29039 63975 86708rat 15419 8772 3432 1311
zsa0 573.480620 392 0 1577 7090 24559 54025 73206rat 15338 8822 3425 1310
zsa0 574.170620 342 0 1425 6436 22334 49023 66639rat 15355 8820 3415 1324
zsa0 574.860620 316 1 1240 5705 19448 42633 58063rat 15356 8738 3409 1332
zsa0 575.560620 427 1 1821 8416 28968 63866 86937rat 15443 8806 3435 1330
zsa0 576.250620 404 1 1711 7948 27370 60548 82493rat 15482 8822 3450 1334
summary09:34:10JAN 29/17 76.987 4.181 15zs 0 15391 8801 3429 1323 11157 4838-.6 240.8 57 33 14 10 50 37 1.2 3.4
dsa0 577.150620 5 0 28 110 369 826 1141rat 11912 7049 2688 624
co09:38:43uf: UV fast  scan started
co09:42:08uf: UV fast  scan finished, incident DUV =  4.820801 mW/m^2
co09:42:13gi: 29 01 17  2.578157
gia0 582.460610 187 0 796 3463 11449 24450 32669
gia0 582.830610 203 0 817 3564 11835 25345 33605
gia0 583.190610 217 0 841 3657 12219 26016 34613
gia0 583.560610 233 0 887 3938 12885 27537 36333
gia0 583.920610 241 0 977 4161 13770 29157 38683
dsa0 584.750620 10 0 37 151 489 1048 1409rat 11822 6760 2524 531
dsa0 585.440620 7 0 34 145 503 1079 1426rat 12323 7068 2530 458
dsa0 586.130620 10 0 38 158 487 1069 1428rat 11807 6659 2632 507
dsa0 586.830620 8 0 39 143 492 1028 1363rat 11532 6927 2420 476
dsa0 587.520620 11 0 39 143 480 997 1346rat 11406 6798 2397 557
summary09:46:07JAN 29/17 76.274 3.991 15ds 0 11778 6842 2501 506 10159 4732-1.9 236.5 353 159 95 40 447 225 3.1 16.4
zsa0 588.430620 547 2 2289 10246 34434 73381 99053rat 15055 8556 3288 1294
zsa0 589.120620 571 0 2455 10683 36260 77350 103969rat 14976 8603 3293 1276
zsa0 589.810620 589 1 2510 10991 37075 78946 106517rat 14971 8568 3285 1292
zsa0 590.50620 645 0 2629 11690 39262 83571 112764rat 15016 8548 3283 1293
zsa0 591.20620 636 0 2694 12008 40132 85732 115735rat 15021 8542 3299 1295
zsa0 591.890620 638 0 2591 11681 39144 83432 112764rat 15072 8544 3289 1300
zsa0 592.580620 619 0 2507 11351 38002 80831 108646rat 15077 8531 3280 1276
summary09:50:30JAN 29/17 76.033 3.931 15zs 0 15027 8556 3288 1289 10901 4720-4.3 266.8 43 24 6 10 49 33 2 8.8
co09:53:23uf: UV fast  scan started
co09:56:49uf: UV fast  scan finished, incident DUV =  5.954992 mW/m^2
co09:56:53gi: 29 01 17  2.588354
gia0 597.130610 297 0 1198 4863 15766 32338 42797
gia0 597.50610 313 0 1199 5103 16282 33623 44355
gia0 597.870610 308 0 1246 5097 16593 34218 45134
gia0 598.230610 312 0 1184 5112 16493 33700 44474
gia0 598.60610 320 0 1264 5066 16315 33692 44079
dsa0 599.420620 9 0 38 163 493 1068 1418rat 11927 6596 2611 515
dsa0 600.120620 10 1 37 126 487 959 1254rat 11696 7280 2203 451
dsa0 600.810620 13 0 38 147 484 982 1327rat 11574 6687 2330 594
dsa0 601.50620 11 1 34 142 463 960 1243rat 12090 6769 2431 412
dsa0 602.20620 10 0 30 141 446 891 1213rat 12189 6452 2266 630
summary10:00:48JAN 29/17 75.503 3.804 15ds 0 11895 6757 2368 520 10230 4688-.9 244.7 259 315 160 92 391 461 7.5 34.8
zsa0 603.10620 679 1 2801 11730 38329 79568 106352rat 14528 8320 3174 1251
zsa0 603.80620 627 0 2468 10804 35151 72462 97288rat 14669 8270 3144 1271
zsa0 604.490620 649 0 2720 11540 37414 77635 103643rat 14547 8283 3172 1246
zsa0 605.180620 734 1 3128 12961 42321 86930 116029rat 14434 8271 3129 1245
zsa0 605.870620 699 1 2878 12505 40553 84038 111847rat 14648 8280 3167 1233
zsa0 606.560620 656 0 2658 11552 37180 76629 102093rat 14591 8222 3143 1237
zsa0 607.250620 680 0 2746 11575 37294 76342 102091rat 14433 8197 3113 1253
summary10:05:10JAN 29/17 75.297 3.757 15zs 0 14550 8263 3149 1248 10556 4567-3.3 266.1 94 41 23 12 100 36 1.6 7.5
dsa0 608.160620 11 0 36 151 479 986 1292rat 11882 6622 2409 476
co10:09:43uf: UV fast  scan started
co10:13:09uf: UV fast  scan finished, incident DUV =  5.923197 mW/m^2
co10:13:32ux: UV extended  scan started
co10:19:21ux: UV extended  scan finished, incident DUV =  6.277111 mW/m^2
hp10:20:28 .987159 112676.3 82.7 15
hg10:27:12 .994 1028.303 1028 342354 15
hg10:28:35 .9937 1030.15 1030 361356 15
co10:28:55gi: 29 01 17  2.608747
gia0 629.160610 299 0 1241 4760 14875 29492 38399
gia0 629.530610 314 0 1285 5085 16012 31451 41047
gia0 629.890610 331 0 1333 5297 16524 32743 42561
gia0 630.260610 344 0 1339 5282 16728 32948 43101
gia0 630.620610 329 0 1359 5323 16856 33056 42955
dsa0 631.440620 11 1 46 171 531 1026 1350rat 11215 6358 2177 532
dsa0 632.130620 16 0 46 171 526 1046 1415rat 11210 6422 2299 652
dsa0 632.830620 11 2 41 171 532 1050 1327rat 11938 6483 2275 359
dsa0 633.520620 6 0 42 171 531 1029 1353rat 11540 6355 2188 530
dsa0 634.210620 11 0 37 148 466 940 1274rat 11700 6591 2363 663
summary10:32:49JAN 29/17 74.239 3.532 15ds 0 11521 6442 2260 547 9769 4381 2.1 238.5 315 99 78 123 626 214 .9 17.5
zsa0 635.120620 836 0 3399 13833 43624 87136 115176rat 14082 7998 3007 1203
zsa0 635.820620 894 0 3737 14846 47202 93994 124085rat 14000 8021 2994 1198
zsa0 636.510620 955 0 3966 15965 50668 100722 133480rat 14042 8006 2987 1215
zsa0 637.20620 919 0 3808 15148 48292 96222 127175rat 14020 8036 2997 1203
zsa0 637.890620 983 1 4008 16003 50792 101046 133079rat 14011 8010 2990 1188
zsa0 638.580620 896 1 3797 15017 47441 93845 124391rat 13925 7965 2965 1215
zsa0 639.270620 909 0 3848 15279 47853 95211 125686rat 13928 7952 2991 1198
summary10:37:11JAN 29/17 74.113 3.507 15zs 0 14001 7998 2990 1203 10152 4459-5.7 284.6 57 30 13 10 67 34 1 5.3
dsa0 640.180620 10 0 52 183 568 1188 1512rat 11262 6700 2527 396
dsa0 640.870620 8 1 46 190 600 1149 1516rat 11744 6413 2149 554
dsa0 641.560620 16 0 55 189 616 1250 1591rat 11245 6784 2398 398
dsa0 642.260620 12 0 50 213 626 1225 1627rat 11573 6178 2240 583
dsa0 642.950620 14 0 47 197 634 1245 1589rat 11915 6589 2256 411
summary10:41:33JAN 29/17 73.998 3.485 15ds 0 11548 6533 2314 468 10049 4580 0 258.2 295 242 149 92 330 344 5.5 28.5
co10:43:49ux: UV extended  scan started
co10:49:38ux: UV extended  scan finished, incident DUV =  7.614626 mW/m^2
hp10:50:46 .9872679 112133.4 79.3 15
hg10:57:30 .9935 1029.819 1030 341246 15
co10:57:49gi: 29 01 17  2.613845
gia0 658.060610 424 0 1601 6203 19042 36776 47952
gia0 658.430610 414 0 1606 6306 19286 37337 48390
gia0 658.790610 405 1 1680 6378 19592 37771 49097
gia0 659.160610 396 0 1657 6422 19465 37867 49362
gia0 659.520610 417 1 1625 6249 19323 37200 48239
dsa0 660.340620 17 0 51 187 603 1165 1548rat 11316 6554 2199 598
dsa0 661.040620 8 1 44 188 555 1064 1403rat 11660 6157 2169 566
dsa0 661.730620 16 0 50 189 571 1140 1466rat 11310 6416 2342 457
dsa0 662.420620 13 0 64 207 651 1263 1647rat 10684 6466 2218 518
dsa0 663.110620 15 0 52 203 650 1250 1644rat 11542 6507 2180 555
summary11:01:43JAN 29/17 73.613 3.411 15ds 0 11302 6420 2222 539 9579 4393 .9 247.9 377 156 70 54 359 159 4.3 13.6
zsa0 664.030620 939 0 3871 15199 46985 91615 120619rat 13735 7807 2903 1186
zsa0 664.720620 994 2 4096 15616 48432 94222 123802rat 13614 7812 2893 1177
zsa0 665.410620 1114 1 4480 17116 53157 102957 135656rat 13609 7800 2874 1190
zsa0 666.10620 935 0 3879 14685 45301 88714 116322rat 13586 7817 2921 1168
zsa0 666.790620 960 1 3786 14702 45312 88362 116400rat 13675 7795 2903 1188
zsa0 667.480620 834 0 3447 13298 41226 80491 106256rat 13676 7825 2908 1197
zsa0 668.170620 1025 0 4151 15857 49085 95117 125434rat 13595 7787 2876 1193
summary11:06:05JAN 29/17 73.561 3.402 15zs 0 13641 7806 2897 1186 9847 4342-4.4 279 55 13 17 10 52 19 .7 3
dsa0 669.080620 11 1 48 159 488 985 1270rat 10950 6561 2397 472
dsa0 669.770620 8 1 44 165 489 961 1277rat 11230 6293 2281 603
dsa0 670.460620 8 0 51 166 513 983 1296rat 10593 6343 2167 568
dsa0 671.160620 10 1 46 157 509 969 1290rat 11070 6547 2143 612
dsa0 671.850620 12 0 36 153 508 983 1302rat 12107 6698 2210 589
summary11:10:27JAN 29/17 73.52201 3.395 15ds 0 11190 6488 2240 569 9370 4401-.5 249.8 564 167 102 57 538 194 3.1 16.5
co11:12:43ux: UV extended  scan started
co11:18:32ux: UV extended  scan finished, incident DUV =  5.825379 mW/m^2
hp11:19:40 .9875051 112221.9 80.6 16
hg11:26:24 .9947 1029.461 1029 338728 16
co11:26:44gi: 29 01 17  2.618944
gia0 686.980610 316 0 1268 4780 14660 28231 36486
gia0 687.350610 324 0 1263 4728 14666 28039 36605
gia0 687.710610 327 0 1307 4984 15236 29294 37928
gia0 688.080610 335 0 1409 5256 16169 31103 40306
gia0 688.440610 365 0 1426 5485 16412 31453 41100
dsa0 689.260620 10 1 42 178 557 1082 1401rat 11957 6480 2232 491
dsa0 689.960620 12 0 46 179 531 1033 1375rat 11260 6234 2234 610
dsa0 690.650620 11 0 46 192 548 1057 1380rat 11359 6029 2197 526
dsa0 691.340620 8 0 46 170 508 1011 1286rat 11166 6364 2333 413
dsa0 692.030620 11 2 43 163 548 983 1286rat 11534 6469 1888 537
summary11:30:38JAN 29/17 73.488 3.388 16ds 0 11455 6315 2177 515 9805 4350 3 246 312 188 169 72 388 271 4 23.1
zsa0 692.940620 963 0 3991 15269 46905 90685 119394rat 13557 7743 2865 1185
zsa0 693.630620 977 0 3960 15213 46691 90850 119307rat 13599 7767 2893 1174
zsa0 694.320620 1037 0 4232 16188 50015 97009 127531rat 13596 7782 2880 1179
zsa0 695.020620 998 1 3999 15587 48196 92761 122046rat 13648 7752 2846 1182
zsa0 695.710620 871 0 3520 13730 42241 81779 107193rat 13653 7755 2871 1166
zsa0 696.40620 887 0 3549 13691 42286 81775 107725rat 13617 7767 2866 1187
zsa0 697.090620 861 0 3487 13474 41511 80298 105178rat 13614 7757 2867 1163
summary11:35:01JAN 29/17 73.514 3.393 16zs 0 13612 7760 2870 1177 9847 4325-3.9 277.4 32 13 15 9 53 18 .4 2.7
dsa0 6980620 9 0 49 173 533 1015 1310rat 10902 6301 2139 474
dsa0 698.690620 14 0 44 177 566 1040 1394rat 11474 6307 1984 638
dsa0 699.390620 12 2 45 165 549 1005 1328rat 11416 6507 1975 578
dsa0 700.080620 11 0 48 169 504 1000 1294rat 10924 6337 2317 485
dsa0 700.770620 12 1 46 163 519 981 1282rat 11116 6432 2110 529
summary11:39:23JAN 29/17 73.551 3.4 16ds 0 11166 6377 2105 541 9436 4405-.1 249.8 268 90 139 68 77 119 2.1 10.1
co11:41:38ux: UV extended  scan started
co11:47:27ux: UV extended  scan finished, incident DUV =  5.574542 mW/m^2
hp11:48:35 .9875022 111995.6 79.3 16
hg11:55:19 .9954 1030.172 1030 336441 16
co11:55:39gi: 29 01 17  2.624042
gia0 715.890610 353 0 1413 5444 16573 31690 41301
gia0 716.260610 348 0 1426 5254 16120 31100 40286
gia0 716.630610 361 0 1351 5161 15763 30188 39170
gia0 716.990610 334 0 1339 5094 15570 30102 38862
gia0 717.360610 352 0 1359 5186 15841 30416 39292
dsa0 718.180620 8 0 44 173 495 1010 1257rat 11308 6255 2427 305
dsa0 718.870620 16 0 43 165 462 904 1198rat 10925 5978 2245 578
dsa0 719.560620 11 0 43 157 487 924 1242rat 11017 6287 2110 639
dsa0 720.250620 8 0 45 171 499 985 1298rat 11095 6193 2282 552
dsa0 720.950620 10 0 39 171 504 1009 1331rat 11819 6296 2342 556
summary11:59:33JAN 29/17 73.872 3.461 16ds 0 11233 6202 2281 526 9550 4167 4.9 225.5 357 132 118 128 603 232 2.6 19.5
zsa0 721.860620 948 1 3817 14752 45275 87674 115356rat 13605 7746 2872 1182
zsa0 722.550620 913 0 3630 13838 42643 83316 109218rat 13600 7802 2911 1166
zsa0 723.250620 891 0 3530 13524 41740 81217 106979rat 13610 7790 2893 1187
zsa0 723.940620 911 0 3696 13872 42794 83226 109498rat 13517 7786 2891 1182
zsa0 724.630620 901 2 3636 13769 42271 82415 108040rat 13548 7777 2902 1166
zsa0 725.320620 942 0 3625 13924 42737 82923 108799rat 13585 7754 2881 1170
zsa0 726.010620 921 2 3607 13778 42255 82125 108019rat 13567 7758 2888 1181
summary12:03:56JAN 29/17 73.974 3.48 16zs 0 13576 7773 2891 1176 9812 4328-2.9 265.6 34 21 13 9 42 22 .8 4.2
dsa0 726.910620 9 0 45 169 505 955 1254rat 10939 6096 2089 530
dsa0 727.610620 10 0 45 156 471 910 1178rat 10727 6233 2181 468
dsa0 728.30620 10 0 45 159 471 937 1237rat 10851 6275 2307 552
dsa0 7290620 15 1 47 182 497 970 1270rat 10899 5856 2228 517
dsa0 729.690620 13 0 38 156 470 933 1177rat 11561 6336 2297 353
summary12:08:18JAN 29/17 74.086 3.502 16ds 0 10995 6159 2220 484 9447 4226 3.2 227.7 326 191 90 79 554 266 3.4 21.9
co12:10:33ux: UV extended  scan started
co12:16:22ux: UV extended  scan finished, incident DUV =  4.745397 mW/m^2
hp12:17:30 .9884618 112145.2 80.9 16
hg12:24:14 .9953 1029.758 1030 337303 16
co12:24:34gi: 29 01 17  2.618944
gia0 744.80610 258 0 1050 4107 12701 24843 32102
gia0 745.170610 253 0 1030 4055 12567 24731 32008
gia0 745.530610 249 0 963 3714 11488 22560 29380
gia0 745.90610 221 1 879 3406 10729 20594 26914
gia0 746.260610 196 0 821 3249 9994 19814 25524
dsa0 747.080620 4 1 28 97 313 632 804rat 11264 6695 2353 368
dsa0 747.780620 5 0 29 108 310 614 765rat 10831 6062 2261 275
summary12:27:25JAN 29/17 74.711 3.629 16ds 0 11048 6379 2307 322 10018 4678-1.9 255.8 306 448 65 66 96 303 4.9 24.4
zsa0 749.380620 496 1 2009 7861 24614 48826 64299rat 13847 7934 2975 1185
zsa0 750.070620 465 1 1986 7733 24299 48114 63482rat 13833 7942 2967 1193
zsa0 750.760620 466 0 1854 7416 23564 46734 61583rat 14003 7997 2974 1188
zsa0 751.450620 402 0 1656 6615 20800 41401 54308rat 13967 7966 2989 1168
zsa0 752.150620 387 0 1612 6400 20098 40137 52841rat 13949 7975 3004 1183
zsa0 752.840620 420 0 1689 6866 21546 43089 57024rat 14055 7978 3010 1206
zsa0 753.530620 427 1 1792 7120 22600 45352 60294rat 14023 8044 3025 1226
summary12:31:27JAN 29/17 74.87 3.663 16zs 0 13954 7977 2992 1193 10138 4453-2.5 258.8 85 37 22 19 82 28 1.3 6.8
co12:35:19uf: UV fast  scan started
co12:38:44uf: UV fast  scan finished, incident DUV =  2.662137 mW/m^2
co12:38:49gi: 29 01 17  2.618944
gia0 759.060610 137 0 558 2311 7362 14778 19345
gia0 759.430610 139 0 576 2306 7409 14887 19713
gia0 759.790610 135 0 572 2340 7397 14992 19776
gia0 760.160610 134 0 573 2371 7502 15032 19865
gia0 760.520610 129 0 558 2341 7380 14921 19648
zsa0 762.250620 316 3 1300 5488 17841 36527 48613rat 14484 8235 3112 1230
zsa0 762.950620 354 0 1533 6312 20371 41562 55308rat 14319 8187 3097 1230
zsa0 763.640620 317 1 1293 5541 17768 36203 48041rat 14462 8153 3091 1218
zsa0 764.330620 321 0 1328 5469 17703 35848 47642rat 14300 8167 3064 1224
zsa0 765.020620 308 0 1288 5477 17546 35904 47717rat 14439 8167 3109 1224
zsa0 765.710620 330 0 1278 5445 17414 35465 47155rat 14420 8139 3089 1226
zsa0 766.40620 311 0 1246 5111 16610 33738 45085rat 14313 8197 3077 1248
summary12:44:19JAN 29/17 75.439 3.789 16zs 0 14391 8178 3091 1229 10459 4543-1.1 251.8 78 32 17 10 96 24 2.2 10.6
co12:48:10uf: UV fast  scan started
co12:51:36uf: UV fast  scan finished, incident DUV =  2.349574 mW/m^2
co12:51:41gi: 29 01 17  2.613845
gia0 771.920610 131 0 516 2063 6640 13558 17813
gia0 772.290610 105 0 468 1902 6141 12522 16414
gia0 772.650610 115 0 478 1921 6185 12601 16476
gia0 773.020610 118 0 455 1959 6273 12596 16583
gia0 773.380610 125 0 503 2087 6768 13647 18029
zsa0 775.110620 317 0 1310 5321 17289 35291 47192rat 14292 8218 3099 1252
zsa0 775.80620 331 0 1298 5424 17606 35948 48020rat 14412 8215 3100 1247
zsa0 776.490620 392 0 1522 6178 20184 41590 55628rat 14354 8283 3140 1253
zsa0 777.190620 363 0 1410 5940 19374 40347 53421rat 14555 8322 3186 1209
zsa0 777.880620 390 1 1522 6264 20534 42203 56285rat 14421 8287 3129 1240
zsa0 778.570620 382 1 1543 6353 20799 43138 57684rat 14457 8321 3169 1252
zsa0 779.260620 408 1 1545 6673 21690 44590 59768rat 14595 8252 3130 1262
summary12:57:11JAN 29/17 76.099 3.947 15zs 0 14441 8271 3136 1245 10456 4587 5.9 210.8 107 44 33 17 132 50 2.9 15.2
hp13:00:40 .9876809 111502.9 79.5 15
hg13:07:24 .9932 1030.684 1031 338351 15
co13:08:01uf: UV fast  scan started
co13:11:27uf: UV fast  scan finished, incident DUV =  2.987577 mW/m^2
co13:11:32gi: 29 01 17  2.603649
gia0 791.770610 128 0 481 2097 6881 14498 19210
gia0 792.130610 114 1 464 2046 6837 14287 19020
gia0 792.50610 119 0 469 1991 6740 14060 18798
gia0 792.860610 123 0 499 2086 7037 14611 19552
gia0 793.230610 123 0 472 2114 6920 14747 19665
zsa0 794.960620 281 0 1172 5062 17373 37221 50409rat 15007 8666 3309 1307
zsa0 795.660620 272 0 1124 4811 16199 34954 46879rat 14915 8614 3340 1265
zsa0 796.350620 272 0 1031 4521 15290 32841 44382rat 15020 8613 3320 1298
zsa0 797.040620 268 0 1053 4578 15609 33395 45401rat 15001 8631 3303 1324
zsa0 797.730620 306 1 1251 5503 18550 39670 53973rat 15004 8581 3301 1327
zsa0 798.420620 313 0 1238 5378 18539 39958 54022rat 15077 8712 3335 1300
zsa0 799.120620 297 0 1204 5405 18194 39407 53170rat 15138 8629 3357 1291
summary13:17:02JAN 29/17 77.289 4.266 15zs 0 15023 8635 3324 1302 10858 4761-5.4 251.4 70 42 21 21 88 52 1 3.3
co13:19:55uf: UV fast  scan started
co13:23:21uf: UV fast  scan finished, incident DUV =  2.813283 mW/m^2
co13:23:26gi: 29 01 17  2.608747
gia0 803.670610 119 0 446 1858 6425 13819 18726
gia0 804.040610 120 0 428 1881 6209 13394 18031
gia0 804.410610 105 0 425 1812 6330 13634 18234
gia0 804.770610 108 0 447 1917 6529 14242 18964
gia0 805.140610 120 0 456 1985 6726 14404 19486
zsa0 806.870620 307 0 1164 5082 17502 38293 52035rat 15160 8772 3400 1322
zsa0 807.570620 284 1 1044 4751 16300 35781 48386rat 15342 8771 3415 1301
zsa0 808.260620 287 0 1166 4989 17262 38085 51559rat 15129 8829 3437 1305
zsa0 808.950620 276 0 1096 4901 16932 37467 50702rat 15327 8835 3450 1304
zsa0 809.640620 315 0 1183 5327 18384 40401 55269rat 15323 8801 3420 1351
zsa0 810.330620 277 0 1149 5015 17334 38235 52253rat 15210 8824 3436 1346
zsa0 811.020620 270 0 1012 4691 16048 35757 48621rat 15470 8822 3479 1324
summary13:28:56JAN 29/17 78.099 4.513 15zs 0 15280 8808 3434 1322 11050 4844-13.1 276.9 120 27 26 20 135 38 1.1 3.1
co13:32:48uf: UV fast  scan started
co13:36:14uf: UV fast  scan finished, incident DUV =  2.452859 mW/m^2
co13:36:18gi: 29 01 17  2.608747
gia0 816.550610 77 1 338 1488 5328 12095 16592
gia0 816.920610 80 0 336 1526 5378 12119 16640
gia0 817.280610 78 0 314 1502 5355 12148 16519
gia0 817.650610 88 0 321 1503 5358 12070 16657
gia0 818.010610 81 0 318 1500 5261 11956 16377
zsa0 819.750620 217 0 841 4002 14454 33503 46170rat 15991 9229 3651 1383
zsa0 820.440620 192 1 777 3662 13079 30148 42288rat 15882 9157 3627 1459
zsa0 821.130620 207 0 818 3843 13687 31811 44060rat 15886 9180 3663 1404
zsa0 821.830620 213 0 792 3748 13505 31091 43416rat 15927 9189 3621 1440
zsa0 822.520620 195 1 783 3604 13115 30638 42743rat 15918 9297 3685 1436
zsa0 823.210620 222 0 872 4048 14835 34618 48587rat 15976 9322 3680 1462
zsa0 823.90620 212 1 798 3919 14105 33219 46333rat 16187 9284 3720 1435
summary13:41:49JAN 29/17 79.052 4.84 15zs 0 15967 9237 3664 1431 11386 4972-20.7 302.3 106 65 35 29 143 61 1.1 2.8
co13:45:41uf: UV fast  scan started
co13:49:06uf: UV fast  scan finished, incident DUV =  2.11442 mW/m^2
co13:49:11gi: 29 01 17  2.613845
gia0 829.420610 68 0 266 1191 4458 10349 14319
gia0 829.790610 76 0 299 1375 4958 11629 15869
gia0 830.160610 90 0 318 1503 5376 12428 17138
gia0 830.520610 97 0 328 1456 5358 12378 17083
gia0 830.890610 101 0 348 1535 5422 12678 17406
zsa0 832.620620 271 1 959 4386 15578 37005 51353rat 15857 9264 3758 1413
zsa0 833.320620 296 0 1033 4652 16741 39798 55454rat 15846 9324 3761 1431
zsa0 834.010620 259 1 867 3871 13829 32894 45502rat 15784 9295 3763 1399
zsa0 834.70620 216 0 729 3319 12034 28558 39741rat 15918 9348 3753 1425
zsa0 835.390620 204 0 733 3236 11808 27964 38945rat 15802 9367 3744 1428
zsa0 836.080620 220 1 721 3214 11562 27522 38642rat 15811 9328 3766 1464
zsa0 836.770620 228 0 746 3324 12086 28845 40248rat 15861 9385 3778 1436
summary13:54:41JAN 29/17 80.081 5.247 15zs 0 15840 9330 3760 1428 11270 5022-29.8 325.1 45 42 11 20 77 40 1.2 2.5
co13:57:35uf: UV fast  scan started
co14:01:01uf: UV fast  scan finished, incident DUV =  2.198035 mW/m^2
hp14:02:09 .9867789 111966.1 79 16
hg14:08:53 .9938 1030.14 1030 334974 15
zsa0 850.390620 134 1 435 1842 6893 17224 24333rat 15973 9710 3977 1490
zsa0 851.090620 120 0 411 1817 6869 17386 24653rat 16250 9808 4032 1506
zsa0 851.780620 161 1 497 2174 8018 20481 29114rat 16145 9743 4072 1517
zsa0 852.470620 141 0 460 1980 7378 18608 26482rat 16056 9730 4017 1522
zsa0 853.160620 139 0 425 1811 6735 17218 24297rat 16062 9780 4076 1485
zsa0 853.850620 149 1 461 1926 7105 17915 25512rat 15891 9688 4016 1525
zsa0 854.540620 149 0 409 1778 6779 16997 24130rat 16173 9804 3991 1511
summary14:12:28JAN 29/17 81.61901 5.981 15zs 0 16079 9752 4026 1508 11253 5176-41.2 352.3 122 47 38 15 134 59 1.1 2.1
co14:15:21uf: UV fast  scan started
co14:18:46uf: UV fast  scan finished, incident DUV =  1.013128 mW/m^2
co14:18:51gi: 29 01 17  2.613845
gia0 859.090610 39 0 112 485 1862 4717 6699
gia0 859.450610 39 0 118 483 1759 4579 6472
gia0 859.820610 40 0 114 472 1737 4474 6297
gia0 860.180610 30 0 103 443 1679 4293 6116
gia0 860.550610 37 0 101 421 1626 4144 5871
fza0 861.471620 1 222 894 3331 8697 12184
co14:22:18uf: UV fast  scan started
co14:25:44uf: UV fast  scan finished, incident DUV =  .7410628 mW/m^2
fza0 866.481620 0 210 858 3186 8393 12079
fza0 867.391620 0 194 812 3105 8087 11656
fza0 868.311620 0 202 803 3027 7938 11210
fza0 869.221620 0 204 786 2909 7726 10902
fza0 870.131620 0 204 748 2761 7364 10447
co14:30:57uf: UV fast  scan started
co14:34:23uf: UV fast  scan finished, incident DUV =  .7481391 mW/m^2
fza0 875.131620 0 211 805 2933 7896 11494
fza0 876.041620 0 225 839 3123 8456 12401
fza0 876.951620 0 214 849 3085 8329 12086
fza0 877.861620 1 231 813 3063 8426 12115
co14:47:02uf: UV fast  scan started
co14:50:28uf: UV fast  scan finished, incident DUV =  .5850015 mW/m^2
hp14:51:36 .9874811 112638.7 79.8 15
hg14:58:19 .994 1030.913 1031 340049 15
sla 0 903.740620 271717 0 327086 382890 460627 505853 561038rat 1897 1220 409 444
sla 0 904.440620 271594 0 327034 382789 460329 506046 561153rat 1899 1223 414 443
sla 0 905.130620 271655 1 326449 382918 458939 505623 560639rat 1903 1218 424 443
sla 0 905.820620 271816 0 326192 382794 459121 504901 560094rat 1900 1213 416 445
sla 0 906.510620 270627 0 325935 382222 459223 504623 559518rat 1901 1217 412 443
sla 0 907.20620 270864 0 325708 381515 458454 504232 559704rat 1901 1222 416 448
sla 0 907.890620 270364 1 325122 381026 458126 502913 559114rat 1897 1216 408 454
summary15:05:49JAN 29/17 86.91001 10.128 15sl 0 1900 1218 414 446 474 254 326218 560180.1 2 4 5 4 15 8 715.4 790
co15:13:51uf: UV fast  scan started
co15:17:17uf: UV fast  scan finished, incident DUV =  .1452937 mW/m^2
co15:32:41uf: UV fast  scan started
co15:36:07uf: UV fast  scan finished, incident DUV =  .0855892 mW/m^2
hp15:37:14 .9874693 113302.1 77.1 15
hg15:43:58 .9944 1031.125 1031 350689 15
hp16:20:05 .9878909 113225.4 80.7 14
hg16:26:49 .9956 1029.593 1030 351339 14
sla 0 992.230620 272533 2 327198 384757 461630 508325 564254rat 1918 1221 421 448
sla 0 992.930620 272972 0 328456 384175 461965 507563 564402rat 1894 1221 412 456
sla 0 993.620620 272748 0 327859 383866 462076 507710 563883rat 1903 1225 412 451
sla 0 994.310620 272907 0 327549 384330 461614 507153 563316rat 1903 1215 411 451
sla 0 9950620 273323 0 327025 383119 460737 506939 562316rat 1908 1227 418 445
sla 0 995.690620 272104 0 327095 383761 459965 506076 562509rat 1899 1212 418 454
sla 0 996.390620 271767 0 326567 383570 459673 505598 561064rat 1902 1211 416 447
summary16:34:18JAN 29/17 97.97899 99.999 14sl 0 1904 1219 415 450 463 245 327392.7 563106.3 8 6 4 4 18 10 622.1 1203.3
ap16:36:45 14.22 15.83 8.23 1108.14 12.03 5.05-11.95 24.34 0 5.47 23.24 12.22 5.01-4.91 0 0 0 0 1.29 2.08 8.09 1.11 2.02 2.19 14.22 16.21 8.51 1106.18 12.03 5.05-11.95 23.9 2.21 5.47 25.24 12.51 5.01-4.91 1.31 9.33 .32 10.43 2.91 2.6 8.100001 1.15 2.03 2.21ed