version=2dh200419Copenhagen 55.716 -12.5615  2.710714pr1000
inst 0 -.90381 -.88811 -1.01801 -1.78069  0  .3455  4.4707  1.153  1465 -328  2.65E-08 1030142463 0  4814  10734  18672  22050  26048 2972mkiii2 0  0  0  0  0  0  0 -66  1  242 -3  770  740  8028  178  2515  .99476  12.88  1725  250  .4  0  256  0 0 0 
disp 2860.48  .075384 -6.58315E-07  2899.71  .0747497 -6.81221E-07  2935.87  .0741645 -7.060291E-07  2970.77  .0735149 -7.24738E-07  3004.99  .0725966 -7.06297E-07  2826.03  .0767217 -7.19396E-07  4290.73  .113076 -9.874721E-07  4349.57  .112124 -1.02183E-06  4403.81  .111247 -1.05904E-06  4456.15  .110272 -1.08711E-06  4507.49  .108895 -1.05945E-06  4239.05  .115082 -1.07909E-06 
zeni .265337 -.346674  .098068 -1.265443  2.065254 -.509788  1.440203 -1.98075  .574513 
co03:11:01az: Azimuth discrepancy = -252
co03:11:32az: Azimuth discrepancy =  2
hpscan03:12:19 0 31812 10 46095 20 62165 30 77215 40 92253 50 100160 60 100612 70 100802 80 100792 90 100818 100 100397 110 98279 120 83892 130 69509 140 54749 150 38488 160 22977
hp03:13:08 .9881468 105065.5 77.1 16
hg03:20:15 .9922 1031.365 1031 297886 16
sla 0 205.70620 256227 0 306255 358752 429889 469377 520477rat 1855 1177 384 442
sla 0 206.40620 256057 0 306811 358586 429099 469458 520679rat 1848 1180 392 443
sla 0 207.090620 255691 0 306609 358144 428919 469621 519685rat 1852 1186 396 433
sla 0 207.780620 255826 2 306438 357992 428447 469535 519218rat 1854 1188 400 430
sla 0 208.470620 255698 1 305184 357634 428594 468460 519208rat 1862 1182 388 440
sla 0 209.160620 255020 0 305609 357472 427869 467144 518227rat 1843 1171 383 444
sla 0 209.850620 254488 0 305070 357067 427519 466659 518106rat 1846 1172 382 447
summary03:27:46APR 21/19 93.825 99.999 16sl 0 1851 1179 389 440 444 237 305996.6 519371.5 6 7 7 6 24 14 697.7 986.8
co03:56:04uf: UV fast  scan started
co04:00:19uf: UV fast  scan finished, incident DUV =  .3172078 mW/m^2
co04:15:56uf: UV fast  scan started
co04:20:10uf: UV fast  scan finished, incident DUV =  .9210142 mW/m^2
co04:35:47uf: UV fast  scan started
co04:40:01uf: UV fast  scan finished, incident DUV =  1.987628 mW/m^2
hpscan04:40:50 0 26623 10 40750 20 57114 30 72438 40 87445 50 99567 60 100591 70 100645 80 100353 90 100592 100 100846 110 100258 120 88379 130 73317 140 58322 150 42566 160 26386
hp04:41:38 .9869808 105090.7 80.6 16
hg04:48:45 .9938 1030.417 1030 299252 16
sla 0 294.210620 255467 1 305912 358259 428957 469249 520328rat 1858 1182 392 442
sla 0 294.90620 255858 0 306283 358565 428890 468814 519658rat 1849 1174 389 440
sla 0 295.60620 255453 3 306035 357585 428539 468402 518822rat 1849 1182 388 437
sla 0 296.290620 254825 1 305297 357541 428343 467446 519009rat 1850 1173 381 448
sla 0 296.980620 255246 1 305486 357022 427527 467891 517959rat 1852 1184 394 434
sla 0 297.670620 254881 1 305147 356426 426866 466620 517389rat 1845 1179 389 442
sla 0 298.370620 253919 0 305001 356066 426564 465832 516463rat 1839 1176 384 441
summary04:56:17APR 21/19 81.912 6.142 16sl 0 1849 1179 388 441 439 236 305594.5 518518.3 6 4 5 4 15 9 487 1331.4
co04:59:32uf: UV fast  scan started
co05:03:47uf: UV fast  scan finished, incident DUV =  3.968051 mW/m^2
fza0 304.531620 0 1189 6336 27932 83948 131878
fza0 305.441620 0 1226 6547 29481 88370 138748
co05:05:58gi: 21 04 19  2.654632
gia0 306.220610 130 0 446 1955 7573 19630 27887
gia0 306.590610 136 1 432 2002 7674 19816 28208
gia0 306.950610 125 1 443 2042 7793 19942 28446
gia0 307.320610 126 0 458 2074 7834 20066 28756
gia0 307.690610 137 1 438 2067 7948 20245 28882
fza0 308.611620 0 1358 7877 35625 105255 166293
fza0 309.521620 1 1452 8353 37088 110333 172888
co05:10:34uf: UV fast  scan started
co05:14:48uf: UV fast  scan finished, incident DUV =  5.198255 mW/m^2
hpscan05:15:37 0 28274 10 41889 20 58159 30 73159 40 88161 50 98738 60 99832 70 99928 80 99792 90 100104 100 99807 110 99585 120 86481 130 71187 140 56188 150 39987 160 24377
hp05:16:25 .9868692 104421.1 79.8 16
hg05:23:32 .9935 1030.095 1030 293650 17
co05:23:54gi: 21 04 19  2.675025
gia0 324.140610 208 0 767 3682 13207 30835 42763
gia0 324.510610 214 1 759 3685 13419 31238 43098
gia0 324.870610 201 0 800 3717 13558 31598 43368
gia0 325.230610 218 0 808 3798 13755 31670 43905
gia0 325.60610 216 1 805 3903 13852 31978 44292
dsa0 326.420620 11 0 33 217 900 2342 3632rat 15524 8502 3283 1070
dsa0 327.110620 5 0 31 227 914 2420 3755rat 15960 8463 3365 1079
dsa0 327.810620 6 0 31 216 898 2529 3798rat 16173 8883 3640 943
dsa0 328.50620 7 0 35 236 974 2633 3953rat 15843 8687 3468 948
dsa0 329.190620 5 0 42 233 1015 2708 4023rat 15195 8877 3417 908
summary05:27:48APR 21/19 77.53 4.337 17ds 0 15739 8682 3435 990 12572 5283 .7 254.9 384 199 134 79 420 285 4 21.4
co05:30:17uf: UV fast  scan started
co05:34:31uf: UV fast  scan finished, incident DUV =  7.993464 mW/m^2
co05:34:36gi: 21 04 19  2.69032
gia0 334.850610 277 0 1121 5012 17601 38858 52920
gia0 335.220610 272 0 1089 5056 17654 38979 53146
gia0 335.580610 278 0 1107 5153 17877 39526 53574
gia0 335.940610 274 0 1148 5154 17959 39841 53819
gia0 336.310610 280 0 1150 5203 18222 39887 54266
dsa0 337.130620 10 0 57 359 1535 3890 5805rat 15664 8710 3259 989
dsa0 337.820620 9 0 60 388 1547 3982 6009rat 15560 8485 3332 1043
dsa0 338.510620 15 0 67 407 1605 4078 6061rat 15202 8392 3281 981
dsa0 339.20620 8 0 59 405 1638 4199 6230rat 15899 8551 3324 979
dsa0 339.90620 11 2 65 429 1712 4359 6411rat 15791 8492 3303 946
summary05:38:30APR 21/19 76.028 3.93 17ds 0 15623 8526 3300 988 12463 5197 1.7 274.9 268 118 30 35 317 140 1.8 10.1
zsa0 340.810620 317 0 1305 5833 18921 39691 53044rat 14817 8329 3217 1248
zsa0 341.50620 309 0 1299 5977 19337 40047 53638rat 14876 8262 3162 1257
zsa0 342.190620 320 0 1299 5955 19679 40876 54315rat 14965 8367 3175 1223
zsa0 342.890620 343 0 1399 6094 20061 41073 55173rat 14664 8288 3112 1270
zsa0 343.580620 351 0 1408 6165 20340 41646 55682rat 14696 8298 3112 1250
zsa0 344.270620 352 0 1425 6353 20652 42336 56138rat 14716 8239 3117 1214
zsa0 344.960620 355 0 1487 6526 21048 42721 57085rat 14570 8162 3074 1247
summary05:42:53APR 21/19 75.414 3.784 17zs 0 14758 8278 3138 1244 10776 4594-2.7 266.7 136 66 48 19 165 63 3.2 16.6
co05:45:59uf: UV fast  scan started
co05:50:14uf: UV fast  scan finished, incident DUV =  10.71015 mW/m^2
co05:50:18gi: 21 04 19  2.715812
gia0 350.550610 428 0 1792 7628 25350 51979 69304
gia0 350.910610 433 0 1788 7806 25450 52448 69445
gia0 351.280610 451 0 1896 7787 25645 52574 70188
gia0 351.640610 435 0 1906 7864 25857 53105 70562
gia0 352.010610 431 0 1918 7896 26028 53173 70955
dsa0 352.830620 22 1 142 768 2966 6952 10085rat 14603 8150 3024 964
dsa0 353.520620 28 0 149 817 2984 7056 10347rat 14442 7950 3065 1014
dsa0 354.220620 33 0 154 789 3129 7257 10411rat 14434 8231 2985 923
dsa0 354.910620 26 0 158 841 3166 7330 10623rat 14379 8006 2981 970
dsa0 355.60620 25 0 151 882 3206 7493 10851rat 14684 7902 3026 971
summary05:54:13APR 21/19 73.823 3.451 17ds 0 14508 8048 3016 968 11409 4893 1.7 287.5 129 138 35 32 166 195 3.4 15.8
zsa0 356.520620 507 0 2109 8584 26963 52233 68488rat 13925 7845 2872 1165
zsa0 357.210620 544 0 2175 8829 27261 52761 69325rat 13835 7766 2868 1174
zsa0 357.90620 533 0 2191 8893 27728 53499 69921rat 13864 7795 2855 1151
zsa0 358.590620 570 0 2242 9082 27840 54025 70574rat 13806 7747 2880 1148
zsa0 359.280620 563 0 2329 9264 28173 54554 71017rat 13683 7703 2870 1133
zsa0 359.970620 589 0 2410 9318 28631 54845 71992rat 13558 7701 2823 1169
zsa0 360.660620 583 0 2444 9519 29300 55794 72630rat 13572 7683 2798 1133
summary05:58:35APR 21/19 73.21 3.338 18zs 0 13749 7749 2852 1153 10059 4362-4.6 290.5 146 58 30 17 137 45 .9 5.3
dsa0 361.570620 43 0 223 1092 4051 9009 12845rat 13895 7839 2840 931
dsa0 362.260620 42 0 216 1142 4113 9120 13058rat 14098 7705 2831 953
dsa0 362.950620 46 0 252 1152 4205 9258 13317rat 13505 7740 2804 976
dsa0 363.650620 47 0 249 1164 4296 9433 13601rat 13650 7783 2795 990
dsa0 364.340620 43 1 248 1199 4400 9521 13635rat 13736 7705 2735 963
summary06:02:57APR 21/19 72.598 3.233 18ds 0 13777 7754 2801 963 10696 4717 1 291.1 229 57 41 23 282 68 1.8 5.1
co06:05:26uf: UV fast  scan started
co06:09:41uf: UV fast  scan finished, incident DUV =  14.89692 mW/m^2
co06:09:45gi: 21 04 19  2.746401
gia0 3700610 779 1 3142 11937 37022 70722 92228
gia0 370.360610 799 0 3243 12046 37360 71094 92910
gia0 370.730610 798 0 3267 12226 37517 71718 93456
gia0 371.090610 813 0 3324 12305 37697 72080 93856
gia0 371.460610 854 0 3297 12425 37891 72407 94326
dsa0 372.270620 77 0 375 1644 5713 12169 16792rat 13108 7470 2701 835
dsa0 372.970620 70 0 384 1682 5667 12185 17078rat 13020 7382 2745 905
dsa0 373.660620 78 0 399 1707 5925 12260 17347rat 12890 7351 2581 949
dsa0 374.350620 88 0 381 1741 6035 12557 17627rat 13204 7375 2608 917
dsa0 375.040620 88 0 390 1730 6135 12709 17874rat 13165 7460 2592 928
summary06:13:39APR 21/19 71.1 3 18ds 0 13077 7408 2645 907 10175 4543 1.5 296.9 126 54 73 43 214 103 1.3 9.5
zsa0 375.950620 971 0 3742 13263 38637 69746 89754rat 12692 7212 2566 1084
zsa0 376.650620 1003 0 3785 13477 39135 70207 90071rat 12671 7172 2539 1070
zsa0 377.340620 1034 0 3913 13749 39207 71098 91129rat 12582 7140 2586 1066
zsa0 378.030620 1038 0 4008 13786 39865 71682 91480rat 12513 7163 2549 1047
zsa0 378.720620 1055 0 3973 13965 40338 72462 92714rat 12598 7155 2545 1059
zsa0 379.410620 1087 0 4115 14175 40578 72894 93294rat 12472 7116 2545 1060
zsa0 380.10620 1088 1 4147 14305 41230 73490 93813rat 12475 7112 2511 1049
summary06:18:01APR 21/19 70.49 2.916 18zs 0 12572 7153 2549 1062 9173 4073-2.8 295.1 89 35 23 13 59 26 .7 4
co06:20:37gi: 21 04 19  2.761697
gia0 380.860610 1094 0 4218 14953 44575 82335 106394
gia0 381.230610 1163 0 4285 15020 44900 82324 107082
gia0 381.590610 1112 0 4299 15088 45263 82913 107298
gia0 381.960610 1157 0 4385 15346 45462 83480 107940
gia0 382.320610 1145 0 4486 15329 45742 84065 108507
co06:23:05ux: UV extended  scan started
co06:30:29ux: UV extended  scan finished, incident DUV =  19.81441 mW/m^2
hpscan06:31:17 0 24678 10 38882 20 54807 30 70008 40 84806 50 97706 60 99198 70 98995 80 99629 90 99403 100 99042 110 98925 120 89164 130 74220 140 59713 150 44047 160 28354
hp06:32:05 .987677 103659.2 81.8 18
hg06:39:12 .9928 1028.483 1028 277580 19
hg06:40:47 .9927 1030.059 1030 293063 19
co06:41:39ux: UV extended  scan started
co06:49:03ux: UV extended  scan finished, incident DUV =  25.56513 mW/m^2
hpscan06:49:52 0 26955 10 41192 20 56928 30 72239 40 86765 50 98519 60 99466 70 99091 80 99324 90 99239 100 99156 110 98975 120 88346 130 73788 140 58709 150 43152 160 27433
hp06:50:40 .9868099 103607.1 80.8 19
hg06:57:47 .9937 1029.603 1030 289391 19
co06:58:09gi: 21 04 19  2.797385
gia0 418.390610 3018 0 9994 28671 77644 129850 163158
gia0 418.750610 3084 0 10077 28882 77765 130373 163921
gia0 419.120610 3105 0 10197 28830 78115 130702 164388
gia0 419.480610 3123 0 10282 29086 78278 131303 165241
gia0 419.850610 3228 0 10301 29316 78738 131327 165299
co07:00:37uf: UV fast  scan started
co07:04:51uf: UV fast  scan finished, incident DUV =  32.11947 mW/m^2
co07:04:56gi: 21 04 19  2.802483
gia0 425.180610 3598 0 11396 31380 83680 138271 173232
gia0 425.540610 3652 0 11378 31542 83911 138597 173434
gia0 425.910610 3629 0 11476 31801 84512 139408 174621
gia0 426.280610 3595 0 11561 31926 84851 139619 174829
gia0 426.640610 3666 0 11550 32064 85439 140396 175560
dsa0 427.450620 789 0 2710 7908 22882 40001 52434rat 10230 6152 2003 762
dsa0 428.150620 804 0 2726 8081 23037 40097 52485rat 10220 6071 1985 757
dsa0 428.840620 841 0 2782 8168 23301 40585 53256rat 10189 6080 1990 769
dsa0 429.540620 847 0 2796 8214 23301 40752 53316rat 10190 6076 2009 758
dsa0 430.230620 856 0 2918 8309 23281 40582 53293rat 9991 6011 1996 775
summary07:08:50APR 21/19 63.538 2.214 19ds 0 10164 6078 1997 764 7718 3781 2.8 302.7 98 50 10 8 120 57 .9 6.1
zsa0 431.130620 4150 0 12262 31968 80832 127748 156709rat 10170 6024 1990 876
zsa0 431.820620 4175 0 12466 32223 81376 127984 157319rat 10107 5997 1969 885
zsa0 432.520620 4197 1 12580 32468 82019 128706 157987rat 10092 5989 1959 879
zsa0 433.210620 4223 1 12626 32694 82505 129885 159006rat 10116 5999 1973 867
zsa0 433.90620 4368 8 12769 32991 82908 130140 159857rat 10077 5969 1961 882
zsa0 434.590620 4382 1 12997 33353 83425 131000 160883rat 10027 5949 1962 881
zsa0 435.280620 4439 0 13149 33610 84101 131965 161983rat 10008 5948 1959 879
summary07:13:12APR 21/19 62.958 2.171 19zs 0 10085 5982 1968 878 7275 3505 1.4 297.4 55 28 11 6 63 28 .4 2.8
co07:15:48gi: 21 04 19  2.81268
gia0 436.040610 4509 0 13717 35778 94095 151700 189105
gia0 436.410610 4541 0 13638 36009 93962 152074 189733
gia0 436.770610 4539 0 13767 36078 94423 152567 190172
gia0 437.140610 4565 0 13862 36122 94579 152788 190579
gia0 437.510610 4657 0 14019 36385 95165 153213 191437
co07:18:16ux: UV extended  scan started
co07:25:40ux: UV extended  scan finished, incident DUV =  38.65755 mW/m^2
hpscan07:26:28 0 29343 10 43249 20 58884 30 74150 40 88122 50 97761 60 98367 70 98745 80 98705 90 98558 100 98801 110 98114 120 86511 130 72462 140 57374 150 41344 160 25758
hp07:27:17 .9875071 102831.9 79.8 19
hg07:34:23 .994 1029.364 1029 291835 20
co07:34:46gi: 21 04 19  2.848368
gia0 4550610 6440 0 18336 44944 113624 178445 220020
gia0 455.370610 6493 0 18433 45175 114001 178918 220300
gia0 455.730610 6477 0 18508 45182 114338 178855 220905
gia0 456.10610 6587 0 18560 45470 114587 179540 220919
gia0 456.470610 6653 0 18548 45247 114695 179872 221628
co07:37:14ux: UV extended  scan started
co07:44:38ux: UV extended  scan finished, incident DUV =  46.56021 mW/m^2
hpscan07:45:26 0 27622 10 41563 20 56771 30 71456 40 85140 50 97461 60 98420 70 98502 80 98999 90 98818 100 98863 110 98466 120 88847 130 74014 140 59149 150 42718 160 26934
hp07:46:14 .9878204 102978.6 81.8 20
hg07:53:21 .9931 1030 1030 305793 20
co07:53:43gi: 21 04 19  2.873859
gia0 473.960610 8898 0 23476 54055 133291 203501 248585
gia0 474.330610 8847 0 23586 54145 133533 204209 249376
gia0 474.690610 8867 0 23576 54622 133378 204136 249887
gia0 475.060610 8962 0 23680 54442 133904 204916 250549
gia0 475.420610 8995 1 23885 54713 134214 205104 251082
dsa0 476.320620 3140 0 8517 20209 51987 82464 105248rat 8656 5378 1656 717
dsa0 477.010620 3237 1 8846 20611 53165 84700 107947rat 8611 5411 1676 711
dsa0 477.710620 3339 0 9082 21151 54314 86227 109941rat 8577 5378 1662 714
dsa0 478.40620 3524 1 9285 21795 56183 88799 112827rat 8612 5377 1643 700
dsa0 479.090620 3485 0 9436 21791 56111 88733 113062rat 8541 5376 1646 713
summary07:57:42APR 21/19 57.293 1.835 20ds 0 8599 5384 1657 711 6324 3347 3.9 296.8 43 15 13 7 48 17 .6 3
co08:00:10uf: UV fast  scan started
co08:04:25uf: UV fast  scan finished, incident DUV =  56.72455 mW/m^2
co08:04:30gi: 21 04 19  2.889154
gia0 484.740610 10186 0 26433 58827 143096 216070 263461
gia0 485.10610 10322 0 26617 59072 143305 216362 264258
gia0 485.470610 10327 0 26583 59439 144092 217127 264794
gia0 485.840610 10533 0 26838 59512 144191 218112 265693
gia0 486.20610 10416 0 26942 59802 144743 218109 266666
dsa0 487.10620 5152 1 13625 30635 78498 123007 155488rat 8395 5336 1616 686
dsa0 487.790620 5257 0 13768 30968 79156 123766 157104rat 8379 5317 1607 705
dsa0 488.490620 5423 0 14341 32187 82338 128967 162307rat 8384 5330 1616 669
dsa0 489.180620 5696 1 14928 33418 84935 132819 167782rat 8340 5297 1610 686
dsa0 489.870620 5799 0 15131 33730 85561 133578 168623rat 8308 5283 1603 683
summary08:08:29APR 21/19 56.004 1.775 21ds 0 8361 5313 1610 686 6166 3341 2.6 305.9 36 22 6 13 54 31 .5 4.8
zsa0 490.850620 10987 0 27011 57824 134737 196648 234999rat 8617 5327 1646 762
zsa0 491.550620 11055 1 27413 58175 135710 197462 236279rat 8571 5319 1632 767
zsa0 492.240620 11204 0 27638 58908 136210 198204 236839rat 8552 5281 1633 761
zsa0 492.930620 11296 1 27771 58863 136209 198788 237865rat 8544 5297 1645 767
zsa0 493.620620 11424 1 27959 59019 137282 199529 238584rat 8531 5302 1628 764
zsa0 494.320620 11539 0 28041 59533 137787 200279 239291rat 8534 5281 1628 761
zsa0 495.010620 11605 0 28345 59514 138614 201236 240357rat 8508 5303 1623 759
summary08:12:55APR 21/19 55.485 1.752 21zs 0 8551 5301 1634 763 6109 3187 3.9 301.3 35 17 9 3 35 16 .5 2.5
co08:15:32gi: 21 04 19  2.894253
gia0 495.770610 11815 0 29807 64243 153947 230000 280467
gia0 496.130610 11910 0 29707 64074 154293 230253 280375
gia0 496.50610 11934 0 29906 64284 154965 230703 281318
gia0 496.860610 11985 0 29977 64601 154958 230780 281358
gia0 497.230610 12048 1 30179 64624 155325 231434 281863
co08:17:59ux: UV extended  scan started
co08:25:23ux: UV extended  scan finished, incident DUV =  64.40868 mW/m^2
hpscan08:26:12 0 29678 10 43516 20 58192 30 72698 40 86915 50 97279 60 98059 70 98096 80 98184 90 98011 100 97836 110 97594 120 85247 130 70446 140 55260 150 39768 160 24102
hp08:27:00 .9870724 102377.8 79.7 21
hg08:34:06 .9926 1029.14 1029 308428 21
co08:34:29gi: 21 04 19  2.919744
gia0 514.720610 14779 1 35842 73799 174894 256779 310476
gia0 515.09010610 15097 0 35861 74339 175380 256919 310934
gia0 515.450610 14916 0 35930 74400 175167 256635 310535
gia0 515.820610 14903 0 36139 74503 175669 257028 311660
gia0 516.180610 15131 0 36253 74806 175975 257344 311816
dsa0 517.070620 27789 2 64013 128061 297288 434338 530331rat 7272 4681 1348 567
dsa0 517.77010620 30140 0 68881 136799 317240 460710 563180rat 7214 4653 1323 574
dsa0 518.46010620 29946 1 69213 137134 318345 461710 562193rat 7204 4653 1318 557
dsa0 519.160620 30241 0 68560 135739 315417 457734 556035rat 7209 4661 1321 547
dsa0 519.850620 30526 1 69760 138077 320387 464732 565242rat 7202 4654 1320 553
summary08:38:27APR 21/19 52.648 1.638 21ds 0 7220 4660 1326 560 5429 3046 5.7 279.2 29 12 12 11 33 20 .5 4
co08:40:56ux: UV extended  scan started
co08:48:20ux: UV extended  scan finished, incident DUV =  74.60246 mW/m^2
hpscan08:49:09 0 26828 10 40383 20 56105 30 70477 40 85117 50 96740 60 97756 70 98109 80 98019 90 98157 100 98030 110 97263 120 85516 130 71005 140 56374 150 40594 160 25027
hp08:49:57 .9880196 102348.2 80.5 21
hg08:57:03 .9934 1029.808 1030 319101 22
co08:57:26gi: 21 04 19  2.945236
gia0 537.670610 18382 1 42146 83823 195238 281199 338841
gia0 538.040610 18390 0 42401 84468 195265 281585 338825
gia0 538.410610 18496 0 42522 84554 195263 281945 339387
gia0 538.770610 18563 0 42829 84891 195858 282520 340451
gia0 539.140610 18625 1 42733 84919 196491 283134 341331
dsa64 540.020620 57214 2 129224 252911 590338 852790 1038524rat 7240 4718 1327 579
dsa64 540.710620 63656 0 143063 279048 653885 944188 1150234rat 7250 4741 1329 584
dsa64 541.410620 71445 0 162129 315368 740050 1068465 1304551rat 7256 4757 1333 597
dsa64 542.10620 78076 0 176847 344725 808074 1166811 1422683rat 7271 4761 1337 594
dsa64 542.80620 89411 0 202164 392663 922806 1331667 1627429rat 7280 4783 1341 609
summary09:01:24APR 21/19 50.348 1.559 22ds 1 7259 4752 1333 593 5363 3078 3.8 299.4 16 24 6 12 24 6 .4 1.6
zsa0 543.770620 18955 0 42477 81734 183094 255957 303795rat 7799 4973 1459 732
zsa0 544.460620 19092 1 42575 82134 183695 257056 304206rat 7808 4970 1464 719
zsa0 545.150620 19169 0 42704 82316 184184 257776 304891rat 7807 4973 1465 717
zsa0 545.850620 19399 3 42986 82857 184511 258086 305577rat 7784 4950 1462 722
zsa0 546.540620 19349 1 43200 82759 184801 258470 305844rat 7769 4961 1462 719
zsa0 547.230620 19471 0 43351 83072 185092 258800 306255rat 7759 4950 1460 719
zsa0 547.930620 19677 0 43418 83246 185733 259059 306777rat 7757 4946 1450 722
summary09:05:50APR 21/19 49.934 1.546 22zs 0 7783 4960 1460 721 5474 3004 5.8 299.6 22 12 5 5 26 12 .3 1.9
co09:08:57ux: UV extended  scan started
co09:16:21ux: UV extended  scan finished, incident DUV =  86.22228 mW/m^2
hpscan09:17:09 0 28248 10 42292 20 57393 30 72292 40 86888 50 97316 60 97666 70 97724 80 97993 90 97680 100 97619 110 96436 120 83880 130 69021 140 54322 150 39188 160 24118
hp09:17:58 .9873436 102140.3 78.9 22
hg09:25:04 .9943 1029.441 1029 326666 22
co09:25:27gi: 21 04 19  2.986022
gia0 565.690610 22879 1 50620 96290 219768 311307 372428
gia0 566.050610 22991 0 50583 96307 219842 311191 373241
gia0 566.420610 22941 0 50730 96509 219789 311309 373920
gia0 566.790610 23084 2 51005 96800 220267 312306 373816
gia0 567.150610 22998 0 51064 96463 220284 312874 374179
dsa128 567.970620 67075 1 148581 282992 672847 978346 1210045rat 7290 4867 1375 665
dsa128 568.670620 71955 0 160443 305763 726637 1056917 1309608rat 7299 4872 1379 676
dsa128 569.370620 70206 0 155480 296298 704330 1024506 1267397rat 7299 4872 1378 668
dsa128 570.060620 72478 0 161107 306250 727685 1059078 1313632rat 7293 4876 1382 681
dsa128 570.760620 70915 0 157005 298155 707798 1027801 1275580rat 7273 4860 1372 683
summary09:29:21APR 21/19 47.93 1.486 22ds 2 7291 4869 1377 675 5132 3034 2.9 305.5 11 6 4 8 32 15 .3 2.5
zsa0 571.710620 23285 0 49894 92542 204563 283166 332774rat 7540 4874 1417 689
zsa0 572.410620 23323 1 49998 92745 204591 282512 332634rat 7521 4854 1406 697
zsa0 573.10620 23312 0 50294 92995 205163 283559 333512rat 7511 4859 1410 692
zsa0 573.790620 23449 1 50462 93501 206052 284436 334930rat 7511 4848 1405 697
zsa0 574.480620 23498 1 50659 93807 206827 285266 335674rat 7506 4847 1401 694
zsa0 575.180620 23596 1 50730 93901 206935 285406 335958rat 7502 4845 1401 696
zsa0 575.870620 23577 0 50695 93465 206703 284546 335786rat 7492 4852 1393 707
summary09:33:47APR 21/19 47.592 1.476 23zs 0 7512 4854 1405 696 5285 2968 5.7 304.1 15 10 8 6 32 14 .3 2.2
dsa128 576.780620 75200 1 165606 312821 742171 1074741 1331772rat 7246 4854 1363 679
dsa128 577.470620 74827 0 164968 310135 734418 1065424 1320962rat 7225 4853 1371 681
dsa128 578.170620 77256 2 169695 319982 759712 1100984 1366001rat 7250 4864 1368 686
dsa128 578.860620 76761 280 169007 317558 753699 1093445 1355730rat 7243 4869 1373 683
dsa128 579.550620 76706 0 168633 316810 752682 1088514 1349918rat 7227 4857 1359 684
summary09:38:09APR 21/19 47.269 1.467 23ds 2 7238 4859 1367 683 5054 3016 2.7 305.8 11 7 6 3 14 5 .2 1.1
co09:40:38ux: UV extended  scan started
co09:48:02ux: UV extended  scan finished, incident DUV =  97.98906 mW/m^2
hpscan09:48:50 0 26298 10 40281 20 56216 30 70703 40 85375 50 96451 60 96947 70 97433 80 97467 90 97238 100 97101 110 97040 120 86303 130 71763 140 56896 150 41792 160 26783
hp09:49:39 .9869558 101570.1 80.5 23
hg09:56:45 .9939 1030.026 1030 332795 23
co09:57:07gi: 21 04 19  3.031907
gia0 597.370610 26057 1 55895 102907 231139 322600 384926
gia0 597.730610 26221 0 55564 102685 230221 322694 384107
gia0 598.10610 26368 0 55929 103408 231158 323326 385734
gia0 598.460610 26294 0 56080 102744 231386 323360 385525
gia0 598.830610 26486 0 56323 103661 232577 324697 387615
dsa128 599.650620 93033 1 200703 374908 881862 1273850 1580941rat 7193 4836 1366 698
dsa128 600.350620 93380 0 201638 376260 884149 1276928 1585616rat 7184 4832 1366 701
dsa128 601.040620 94178 1 203404 379430 892371 1289785 1603576rat 7192 4840 1370 707
dsa128 601.740620 94545 0 203593 378193 888960 1285054 1595446rat 7172 4839 1371 701
dsa128 602.430620 95568 2 205268 383660 899716 1300280 1615963rat 7189 4829 1370 706
summary10:01:02APR 21/19 45.798 1.429 23ds 2 7186 4835 1369 703 4937 2956 3.9 302 9 5 2 4 13 9 .3 1.6
zsa0 603.380620 27595 1 57306 103957 225946 309978 362843rat 7334 4763 1379 672
zsa0 604.080620 27771 2 57623 104170 226558 309881 363958rat 7308 4753 1366 687
zsa0 604.770620 27643 0 58038 104322 227362 310871 365272rat 7291 4760 1364 688
zsa0 605.460620 27803 1 57813 104357 227722 310973 365088rat 7309 4760 1359 685
zsa0 606.150620 27878 1 58005 104308 227198 310310 364220rat 7285 4753 1359 684
zsa0 606.850620 27811 0 57937 104569 227674 310609 364102rat 7295 4746 1354 678
zsa0 607.540620 28042 0 58559 104654 228838 312208 366305rat 7271 4765 1355 682
summary10:05:27APR 21/19 45.559 1.422 23zs 0 7299 4757 1362 682 5116 2917 6.4 303.1 20 7 9 6 33 11 .4 2.2
dsa128 608.450620 100235 0 215262 397719 933383 1344032 1669633rat 7135 4823 1357 707
dsa128 609.140620 101139 1 216949 400546 938625 1353935 1680281rat 7135 4825 1365 703
dsa128 609.830620 102125 0 218325 403567 947684 1364227 1693894rat 7142 4827 1357 706
dsa128 610.530620 101664 0 217468 401763 944450 1358615 1688316rat 7141 4828 1354 709
dsa128 611.220620 101993 0 218300 401834 943831 1358178 1686469rat 7123 4826 1355 706
summary10:09:50APR 21/19 45.335 1.417 23ds 2 7135 4826 1358 706 4876 2947 3.6 302.5 8 2 4 2 9 3 .2 .6
co10:12:18ux: UV extended  scan started
co10:19:43ux: UV extended  scan finished, incident DUV =  105.9696 mW/m^2
hpscan10:20:31 0 27537 10 41423 20 56421 30 71466 40 85907 50 96139 60 96991 70 97117 80 97183 90 96569 100 97164 110 96739 120 86007 130 71640 140 57808 150 41992 160 26841
hp10:21:20 .9868508 101189.4 80.4 24
hg10:28:26 .993 1029.704 1030 337141 24
co10:28:49gi: 21 04 19  3.062497
gia0 629.050610 29991 0 62631 113650 252596 350004 416481
gia0 629.420610 30113 0 62645 113639 252202 349688 416715
gia0 629.780610 30104 1 62873 113198 252161 349638 416539
gia0 630.150610 30211 0 62727 113516 252988 350140 416889
gia0 630.510610 30184 1 62851 113500 252517 350117 417679
dsa128 631.330620 112745 1 238032 435917 1012462 1451883 1796968rat 7057 4776 1347 696
dsa128 632.030620 113339 1 239064 438970 1017928 1458514 1805275rat 7059 4767 1343 697
dsa128 632.730620 113669 0 239467 438313 1019427 1458580 1806307rat 7052 4773 1337 699
dsa128 633.420620 113826 0 240517 438763 1020826 1460635 1809842rat 7040 4776 1337 702
dsa128 634.110620 113558 1 239283 437540 1016651 1455770 1804184rat 7047 4773 1341 703
summary10:32:43APR 21/19 44.416 1.395 24ds 2 7051 4773 1341 699 4812 2913 4.3 300.4 8 4 4 3 17 5 .3 .9
zsa0 635.070620 30256 1 61867 109948 237347 322169 377185rat 7168 4688 1333 672
zsa0 635.760620 30339 0 61808 109998 237396 322028 377323rat 7170 4684 1330 676
zsa0 636.450620 30108 1 62027 109620 237319 321738 376539rat 7151 4695 1327 670
zsa0 637.140620 30234 0 62100 109779 237208 322257 377532rat 7153 4696 1336 675
zsa0 637.840620 30308 1 62087 109740 237471 321647 376763rat 7146 4689 1323 674
zsa0 638.530620 30194 0 61889 109602 236832 321037 375674rat 7151 4686 1327 670
zsa0 639.220620 30448 0 62053 109549 237065 321026 375077rat 7140 4688 1322 663
summary10:37:08APR 21/19 44.287 1.392 24zs 0 7154 4689 1328 671 5006 2884 6.8 301.8 11 4 5 4 12 10 .4 2
dsa128 640.130620 115415 1 242673 441698 1027006 1468162 1816423rat 7027 4771 1334 696
dsa128 640.820620 115476 0 242624 440871 1024317 1464747 1813259rat 7017 4769 1336 699
dsa128 641.520620 114502 0 241033 438073 1018575 1455621 1803504rat 7018 4769 1333 703
dsa128 642.210620 114257 0 240627 436744 1015544 1450876 1797407rat 7011 4768 1331 702
dsa128 642.910620 114900 2 242800 439605 1023070 1461759 1809941rat 7005 4773 1332 700
summary10:41:31APR 21/19 44.177 1.389 24ds 2 7016 4770 1333 700 4776 2913 3.8 301.7 8 0 2 3 14 5 .2 1
co10:43:59ux: UV extended  scan started
co10:51:23ux: UV extended  scan finished, incident DUV =  112.3424 mW/m^2
hpscan10:52:12 0 26045 10 40227 20 55093 30 69743 40 84061 50 95803 60 96749 70 96754 80 97166 90 96786 100 96720 110 96815 120 87701 130 73389 140 58716 150 42989 160 27563
hp10:53:01 .9870579 101053.4 81.8 24
hg11:00:07 .9926 1029.382 1029 340211 24
co11:00:29gi: 21 04 19  3.093087
gia0 660.730610 31349 0 65089 116321 258906 358175 426027
gia0 661.10610 31317 0 65058 116909 258867 358664 426745
gia0 661.460610 31616 0 65459 116564 259247 358802 427143
gia0 661.830610 31643 2 65605 117015 259687 359438 426823
gia0 662.190610 31542 0 65293 116634 260021 358772 427252
dsa128 663.010620 123411 0 257933 466709 1081763 1543951 1909014rat 6992 4759 1331 697
dsa128 663.710620 123626 1 258580 467400 1082839 1546559 1912441rat 6989 4760 1335 698
dsa128 664.40620 122377 1 257285 463891 1075397 1534547 1898455rat 6976 4758 1330 699
dsa128 665.10620 122634 0 256657 463241 1074541 1533792 1896828rat 6984 4762 1331 698
dsa128 665.80620 121737 0 254371 458808 1064935 1522795 1883237rat 6991 4772 1339 697
summary11:04:24APR 21/19 43.863 1.382 24ds 2 6986 4762 1333 698 4754 2910 3.7 302.4 7 6 4 1 10 5 .2 1.1
zsa0 666.750620 31154 0 63573 112502 242654 328966 385205rat 7140 4679 1327 672
zsa0 667.440620 31215 0 63671 111991 243710 329319 385829rat 7138 4704 1313 674
zsa0 668.130620 31252 1 63479 111744 242659 327517 383588rat 7127 4689 1308 673
zsa0 668.830620 31065 0 63536 111620 240886 326455 382377rat 7109 4680 1326 673
zsa0 669.520620 30957 1 63347 111678 241539 326390 381803rat 7121 4677 1313 668
zsa0 670.210620 31039 2 63478 111459 240962 326414 381968rat 7113 4686 1324 669
zsa0 670.910620 30952 1 63464 111378 241429 326042 382116rat 7109 4684 1310 676
summary11:08:49APR 21/19 43.855 1.382 25zs 0 7122 4686 1317 672 4972 2884 6.5 303.7 13 9 8 3 16 10 .4 2
dsa128 671.810620 121671 1 255355 459195 1066949 1522878 1883565rat 6974 4769 1331 698
dsa128 672.510620 121190 0 253354 456786 1060230 1513894 1873717rat 6982 4765 1332 701
dsa128 673.20620 119945 1 251506 454017 1053085 1504046 1860081rat 6984 4762 1333 697
dsa128 673.90620 119449 0 250309 451925 1049716 1500222 1852939rat 6994 4771 1336 691
dsa128 674.60620 119603 1 251264 452962 1051279 1501746 1855491rat 6982 4766 1334 693
summary11:13:12APR 21/19 43.863 1.383 24ds 2 6983 4767 1333 696 4757 2917 3.3 303.9 7 4 2 4 18 8 .2 1.7
co11:15:40ux: UV extended  scan started
co11:23:04ux: UV extended  scan finished, incident DUV =  112.4641 mW/m^2
hpscan11:23:53 0 28037 10 41585 20 56320 30 70562 40 84568 50 95890 60 96739 70 96598 80 96925 90 96576 100 96896 110 96349 120 84949 130 70404 140 55430 150 40074 160 24597
hp11:24:41 .987085 101026.9 80.5 25
hg11:31:48 .9927 1029.986 1030 349889 25
co11:32:10gi: 21 04 19  3.138972
gia0 692.410610 30592 0 63680 114464 254718 353260 420743
gia0 692.770610 30447 0 63339 114476 254911 353150 420421
gia0 693.140610 30614 0 63514 114715 254726 352564 420586
gia0 693.510610 30458 0 63443 114382 254439 352236 419476
gia0 693.870610 30316 1 63415 114460 254111 352804 419580
dsa128 694.690620 115787 2 244132 445001 1033672 1479014 1831726rat 7033 4772 1339 701
dsa128 695.380620 114209 1 241193 440795 1023854 1466488 1814303rat 7048 4775 1343 696
dsa128 696.080620 113740 1 239934 437587 1017701 1458009 1806346rat 7045 4781 1344 702
dsa128 696.770620 112987 0 238122 434635 1010983 1448723 1793882rat 7048 4782 1344 699
dsa128 697.470620 112600 1 237326 432441 1007612 1443857 1785473rat 7048 4789 1344 693
summary11:36:04APR 21/19 44.177 1.389 25ds 2 7044 4780 1343 698 4811 2922 3.9 303.4 6 7 2 4 17 10 .3 2
zsa0 698.420620 30131 0 62096 110261 239364 325241 382101rat 7193 4717 1337 686
zsa0 699.120620 30017 3 62001 109935 239407 325166 381131rat 7198 4729 1335 676
zsa0 699.810620 29918 0 61655 109641 238233 324233 379524rat 7210 4728 1344 670
zsa0 700.50620 30025 0 61599 109350 237614 323277 379013rat 7201 4726 1342 677
zsa0 701.190620 29835 0 61522 109098 237790 323312 379041rat 7207 4737 1340 677
zsa0 701.880620 29855 0 61504 109336 237787 323931 379501rat 7217 4736 1348 674
zsa0 702.580620 30054 0 62044 109724 238949 325242 381740rat 7196 4738 1345 682
summary11:40:29APR 21/19 44.289 1.392 25zs 0 7203 4730 1342 677 5034 2907 6.2 306.5 9 8 5 5 24 13 .3 2.4
dsa128 703.480620 109679 1 233038 424655 992017 1425129 1763582rat 7066 4808 1354 695
dsa128 704.180620 109242 1 231206 421714 985830 1414012 1750475rat 7065 4804 1347 696
dsa128 704.880620 108301 0 229221 419399 977005 1403346 1735941rat 7068 4793 1352 692
dsa128 705.570620 108482 1 230790 421023 983798 1412377 1748166rat 7068 4805 1350 695
dsa128 706.270620 109108 0 231535 423355 987545 1416129 1752509rat 7065 4792 1345 694
summary11:44:52APR 21/19 44.416 1.395 25ds 2 7066 4800 1350 694 4844 2945 3.3 307.1 0 7 4 2 6 4 .3 1
co11:47:20ux: UV extended  scan started
co11:54:45ux: UV extended  scan finished, incident DUV =  107.518 mW/m^2
hpscan11:55:34 0 28394 10 42184 20 57172 30 71562 40 86066 50 96087 60 96773 70 96413 80 96534 90 96650 100 96646 110 95276 120 81987 130 67641 140 52705 150 37417 160 22121
hp11:56:22 .9873272 100934.7 78.7 25
hg12:03:29 .9937 1030.082 1030 335844 24
co12:03:51gi: 21 04 19  3.093087
gia0 724.090610 27828 0 58883 108158 242369 338192 403284
gia0 724.460610 27821 1 58774 107993 241948 338315 402425
gia0 724.830610 27594 0 58821 107563 241305 337702 402387
gia0 725.190610 27652 0 58638 107595 241013 337037 401865
gia0 725.560610 27730 1 58545 107477 241088 336490 401504
dsa128 726.380620 102221 1 219376 408753 958797 1386214 1721521rat 7192 4843 1377 706
dsa128 727.070620 101681 0 218365 406936 955742 1382323 1716023rat 7199 4849 1378 704
dsa128 727.770620 102116 3 218987 408980 959207 1388319 1722563rat 7206 4847 1382 702
dsa128 728.460620 101127 1 217144 405348 953198 1378673 1712310rat 7211 4854 1378 706
dsa128 729.160620 100222 0 215813 402701 947034 1371122 1702575rat 7213 4858 1382 705
summary12:07:45APR 21/19 45.335 1.417 24ds 2 7204 4850 1379 705 4949 2962 3.9 305.6 9 6 2 2 11 5 .1 .9
zsa0 730.110620 27326 1 57488 104124 228030 312874 367480rat 7359 4797 1379 686
zsa0 730.810620 27061 0 56830 103223 225389 309038 363218rat 7355 4780 1376 689
zsa0 731.50620 26986 0 56675 102619 225230 308314 362987rat 7357 4796 1369 696
zsa0 732.190620 26722 0 56243 102478 224308 307892 361602rat 7384 4796 1381 685
zsa0 732.880620 26662 1 55934 101882 224169 307894 361331rat 7408 4821 1384 682
zsa0 733.570620 26597 0 56121 102214 223372 306534 360373rat 7374 4788 1380 690
zsa0 734.270620 26342 0 55802 101563 222371 305765 359029rat 7388 4804 1388 685
summary12:12:11APR 21/19 45.561 1.423 24zs 0 7375 4797 1380 688 5175 2939 6.2 307.4 20 13 6 5 32 17 .4 3.2
dsa128 735.170620 96137 1 210079 393514 931287 1350983 1680270rat 7259 4889 1389 710
dsa128 735.870620 96064 1 209705 392929 927844 1350105 1677469rat 7263 4892 1402 705
dsa128 736.560620 95783 1 208512 390864 924079 1344185 1669273rat 7268 4895 1400 703
dsa128 737.250620 95747 0 208705 390910 926057 1345331 1670886rat 7267 4898 1394 703
dsa128 737.950620 95425 1 208031 390198 924011 1343795 1670297rat 7275 4901 1399 707
summary12:16:33APR 21/19 45.798 1.428 24ds 2 7266 4895 1397 706 5008 2997 3 310.3 6 5 5 3 13 8 .2 1.3
co12:19:02ux: UV extended  scan started
co12:26:26ux: UV extended  scan finished, incident DUV =  99.30554 mW/m^2
hpscan12:27:15 0 28692 10 42736 20 57395 30 72500 40 86917 50 96248 60 96838 70 96620 80 97172 90 96800 100 96791 110 95349 120 82040 130 67890 140 53109 150 38359 160 23408
hp12:28:03 .9874089 101169 78.4 24
hg12:35:10 .9938 1030.566 1031 328955 24
co12:35:32gi: 21 04 19  3.062497
gia0 755.780610 23766 0 52158 99401 225975 319110 382219
gia0 756.140610 23785 1 51949 99184 225261 319253 381808
gia0 756.510610 23643 0 52093 98915 224659 318158 381533
gia0 756.870610 23610 1 51940 98668 224715 317614 380382
gia0 757.240610 23657 1 51795 98768 224388 317873 380590
dsa128 758.060620 86299 1 193258 375719 897771 1317402 1646926rat 7485 4964 1431 726
dsa128 758.760620 85832 1 192626 374708 893946 1315333 1643081rat 7492 4968 1443 722
dsa128 759.450620 85042 2 189984 370154 883336 1302033 1624970rat 7506 4976 1450 717
dsa128 760.150620 84194 0 188633 367025 878153 1293791 1615876rat 7507 4984 1447 720
dsa128 760.840620 83592 0 187567 365411 874533 1289814 1609879rat 7517 4989 1452 717
summary12:39:27APR 21/19 47.269 1.467 24ds 2 7501 4976 1445 720 5197 3030 4 308.5 13 10 8 4 24 12 .2 1.9
zsa0 761.80620 22827 0 49481 93369 206412 286655 338084rat 7629 4888 1431 704
zsa0 762.490620 22685 0 49253 93017 205592 286380 336412rat 7645 4901 1444 686
zsa0 763.190620 22519 1 49202 92600 204807 284498 335746rat 7620 4891 1432 706
zsa0 763.880620 22517 0 48903 92156 203954 284063 335051rat 7640 4906 1444 704
zsa0 764.570620 22435 0 48534 91646 203820 283364 334446rat 7662 4919 1436 707
zsa0 765.270620 22172 0 48739 91678 203626 283574 334210rat 7647 4921 1443 700
zsa0 765.960620 22034 0 48405 91546 203395 281689 332601rat 7648 4898 1419 708
summary12:43:52APR 21/19 47.596 1.476 24zs 0 7642 4903 1436 702 5395 2992 6.2 308.5 14 13 9 8 28 15 .3 2.8
dsa128 766.870620 80835 0 183613 360599 867205 1281777 1603041rat 7574 5014 1458 723
dsa128 767.570620 80572 1 183081 359530 865021 1279363 1599451rat 7577 5017 1461 721
dsa128 768.260620 81030 1 183080 360240 866668 1283669 1604116rat 7591 5023 1467 719
dsa128 768.950620 80112 2 182548 358880 864174 1278782 1598792rat 7586 5022 1463 721
dsa128 769.650620 79603 1 180476 355364 857835 1270537 1586853rat 7606 5036 1466 716
summary12:48:15APR 21/19 47.931 1.486 24ds 2 7587 5022 1463 720 5283 3067 3.4 312 13 8 4 3 21 12 .3 1.8
co12:50:44ux: UV extended  scan started
co12:58:08ux: UV extended  scan finished, incident DUV =  88.8686 mW/m^2
hpscan12:58:56 0 26848 10 40350 20 55765 30 70615 40 85190 50 96172 60 97061 70 96860 80 96949 90 97146 100 96907 110 96563 120 85470 130 71285 140 56959 150 41461 160 26728
hp12:59:45 .9867955 101284.7 80.4 24
hg13:06:51 .9932 1030.142 1030 323613 24
co13:07:13gi: 21 04 19  3.042104
gia0 787.460610 19060 0 44166 87461 201921 290321 349874
gia0 787.830610 19168 0 43927 87066 201522 289889 349306
gia0 788.190610 19157 0 43758 86741 201202 289781 348118
gia0 788.560610 19082 1 43730 86518 200984 289157 348045
gia0 788.920610 18880 0 43477 86336 200417 288015 347755
dsa128 789.740620 68715 1 161195 327178 801392 1200316 1511826rat 7812 5123 1504 743
dsa128 790.440620 67817 0 159477 323759 793498 1192885 1500227rat 7829 5140 1519 736
dsa128 791.130620 67774 0 158807 323426 792268 1190802 1499581rat 7839 5136 1518 741
dsa128 791.830620 66723 1 157533 320765 785017 1181979 1489344rat 7839 5138 1525 743
dsa128 792.520620 66684 1 157038 319249 784122 1180153 1487204rat 7845 5151 1523 744
summary13:11:08APR 21/19 49.874 1.544 23ds 2 7833 5138 1518 741 5460 3119 3.4 310 13 10 8 3 16 9 .3 1.7
co13:13:37ux: UV extended  scan started
co13:21:01ux: UV extended  scan finished, incident DUV =  80.44317 mW/m^2
hpscan13:21:50 0 27536 10 41118 20 56234 30 71204 40 85451 50 96539 60 97009 70 97331 80 97161 90 97475 100 97299 110 97039 120 86920 130 72133 140 58186 150 42504 160 27250
hp13:22:38 .9865811 101508.8 80.9 23
hg13:29:45 .9923 1030.066 1030 323837 23
co13:30:07gi: 21 04 19  3.037006
gia0 810.360610 15487 0 37406 77004 181386 265071 320719
gia0 810.720610 15477 0 37192 77195 180994 265191 321024
gia0 811.090610 15527 0 37189 76430 180804 264340 320172
gia0 811.460610 15438 0 37087 76682 180505 263883 319685
gia0 811.820610 15415 0 36930 76199 180223 264107 319552
dsa128 812.650620 53048 0 131109 278942 695903 1067462 1355149rat 8140 5267 1590 761
dsa128 813.350620 52808 3 130449 276963 694822 1067540 1353183rat 8161 5298 1597 754
dsa128 814.040620 52146 1 128824 274185 687706 1057160 1340043rat 8171 5297 1598 753
dsa128 814.740620 51389 0 127720 272051 683430 1049956 1333418rat 8176 5300 1595 761
dsa128 815.430620 51185 0 126866 271002 680478 1046333 1328563rat 8188 5301 1598 760
summary13:34:02APR 21/19 52.11 1.619 23ds 2 8167 5293 1596 758 5742 3207 3.1 311.3 18 14 3 4 23 17 .4 2.6
zsa0 816.390620 14567 2 34556 70675 162168 232614 277039rat 8278 5188 1571 746
zsa0 817.090620 14365 0 34447 70179 161390 231380 276194rat 8268 5195 1569 756
zsa0 817.780620 14408 0 34157 69843 160689 230625 275658rat 8291 5201 1573 762
zsa0 818.470620 14166 0 34066 69544 160131 229401 274024rat 8279 5197 1565 759
zsa0 819.160620 14190 0 33934 68968 159327 228672 273148rat 8282 5219 1573 759
zsa0 819.860620 13989 1 33615 68751 158257 227403 271418rat 8299 5209 1578 755
zsa0 820.550620 13992 1 33313 68222 157220 226228 269770rat 8315 5220 1584 751
summary13:38:28APR 21/19 52.573 1.636 23zs 0 8287 5204 1573 755 5870 3133 4.5 308.7 16 12 6 5 25 11 .4 1.4
co13:41:35ux: UV extended  scan started
co13:48:58ux: UV extended  scan finished, incident DUV =  68.05755 mW/m^2
hpscan13:49:47 0 29729 10 43298 20 58001 30 72540 40 86510 50 96830 60 97186 70 97335 80 97148 90 97243 100 96936 110 97114 120 85559 130 70928 140 55930 150 40252 160 25043
hp13:50:35 .9861895 101481.5 79.9 23
hg13:57:42 .9924 1030.119 1030 319013 23
co13:58:04gi: 21 04 19  3.026809
gia0 838.310610 11466 0 29242 63903 154088 231332 282437
gia0 838.680610 11341 0 29071 63651 153987 231131 281466
gia0 839.050610 11402 0 29061 63543 153753 230954 281614
gia0 839.410610 11258 0 28761 63366 153299 229851 280706
gia0 839.780610 11223 0 28668 63062 153188 229987 280633
dsa128 840.610620 35430 1 94266 214549 557447 882614 1133318rat 8655 5521 1700 785
dsa128 841.30620 35277 2 93918 213852 555538 881818 1131986rat 8665 5530 1710 784
dsa128 8420620 34935 2 92489 212239 550677 875011 1121849rat 8695 5527 1714 777
dsa128 842.690620 34423 0 91422 209924 545948 866236 1114451rat 8698 5529 1707 792
dsa128 843.390620 33969 0 91073 209115 545224 866686 1115143rat 8715 5547 1714 791
summary14:01:59APR 21/19 55.167 1.738 23ds 2 8686 5531 1709 786 6171 3340 2.7 312.2 25 10 6 6 25 7 .2 1.5
co14:04:29uf: UV fast  scan started
co14:08:43uf: UV fast  scan finished, incident DUV =  58.71045 mW/m^2
co14:08:48gi: 21 04 19  3.02171
gia0 849.050610 9759 0 25977 57976 142419 215918 264173
gia0 849.410610 9806 0 25794 58043 142389 215346 263490
gia0 849.780610 9729 0 25604 57972 141912 215746 264029
gia0 850.140610 9745 0 25532 57725 141639 215415 263111
gia0 850.510610 9760 0 25660 57635 141391 214552 262619
dsa128 851.340620 28979 1 80312 189562 501356 805294 1042991rat 8910 5633 1749 811
dsa128 852.030620 29012 3 79777 188752 498309 803668 1037606rat 8927 5641 1767 797
dsa128 852.730620 28619 0 79108 187500 496732 801563 1035424rat 8950 5657 1768 798
dsa128 853.420620 28238 0 78067 186485 493203 796850 1030772rat 8979 5653 1773 803
dsa128 854.110620 28149 0 77984 185818 492176 795761 1028661rat 8975 5661 1775 800
summary14:12:43APR 21/19 56.422 1.794 23ds 2 8948 5649 1766 802 6382 3403 2.6 312.6 30 12 10 6 41 15 .3 1.8
zsa0 855.080620 9169 0 23927 53166 126302 187912 226018rat 8944 5494 1729 788
zsa0 855.770620 8975 1 23731 52797 125378 187010 225893rat 8959 5504 1740 807
zsa0 856.460620 8946 1 23372 52439 125296 186107 224423rat 9004 5512 1721 799
zsa0 857.160620 8882 0 23267 52041 124300 185003 223287rat 8997 5519 1730 803
zsa0 857.850620 8844 0 23144 51707 123527 184327 222483rat 9004 5531 1741 803
zsa0 858.540620 8681 0 22718 51593 123116 183543 221826rat 9066 5522 1737 809
zsa0 859.230620 8525 0 22685 51193 122432 182807 221285rat 9055 5538 1744 816
summary14:17:09APR 21/19 56.951 1.819 23zs 0 9004 5517 1735 804 6432 3284 3.3 307.5 45 15 8 9 30 12 .3 2.1
co14:19:45gi: 21 04 19  3.011514
gia0 859.990610 8375 0 22767 52706 131298 200692 247657
gia0 860.360610 8375 0 22645 52557 130864 201333 247177
gia0 860.730610 8223 0 22526 52070 130099 200173 245976
gia0 861.090610 8178 0 22401 51889 129953 199866 245195
gia0 861.460610 8117 0 22187 52110 129639 199005 244998
dsa128 862.290620 23708 0 68395 167750 451781 738282 962385rat 9183 5757 1810 826
dsa128 862.990620 23432 2 67513 165692 447358 732231 952965rat 9200 5772 1816 818
dsa128 863.680620 22991 0 66292 163536 440228 723948 941000rat 9226 5777 1836 812
dsa128 864.370620 22644 1 65070 161416 436486 716831 933301rat 9261 5789 1829 818
dsa128 865.070620 22200 0 64665 160274 433678 713900 927229rat 9267 5800 1838 806
summary14:23:40APR 21/19 57.742 1.857 23ds 2 9227 5779 1826 816 6616 3479 2.3 313.7 37 16 12 8 57 23 .3 2.5
co14:26:10ux: UV extended  scan started
co14:33:33ux: UV extended  scan finished, incident DUV =  48.78996 mW/m^2
hpscan14:34:22 0 31151 10 44610 20 59504 30 73927 40 87654 50 96960 60 97261 70 97241 80 97732 90 97417 100 97622 110 96516 120 83563 130 68754 140 53818 150 38045 160 22392
hp14:35:10 .9871948 101727.7 78.8 23
hg14:42:16 .9938 1030.491 1030 305614 23
co14:43:09ux: UV extended  scan started
co14:50:33ux: UV extended  scan finished, incident DUV =  42.24105 mW/m^2
hpscan14:51:21 0 28313 10 42038 20 56815 30 71273 40 85904 50 97251 60 97735 70 97789 80 97867 90 97510 100 97763 110 97331 120 84519 130 70188 140 55529 150 39601 160 24143
hp14:52:10 .9868022 102135.7 79.9 22
hg14:59:16 .9937 1030.267 1030 315197 22
sla 0 904.740620 249229 2 298939 349360 418011 456798 506185rat 1835 1173 386 434
sla 0 905.430620 249544 0 298759 349437 418599 457014 506871rat 1840 1174 382 438
sla 0 906.120620 249537 1 298571 348980 417873 456552 506144rat 1838 1175 386 436
sla 0 906.810620 249435 1 298292 348584 417694 456217 506475rat 1839 1177 384 442
sla 0 907.50620 248766 0 297943 348876 417209 455962 505485rat 1842 1171 387 436
sla 0 908.20620 248638 0 297952 348067 416509 455115 504579rat 1833 1173 386 436
sla 0 908.890620 248571 475 297563 347757 416748 454711 505109rat 1838 1174 380 445
summary15:06:48APR 21/19 63.258 2.193 22sl 0 1838 1174 384 438 435 236 298288.4 505835.5 3 2 3 4 12 5 493.4 805.7
co15:10:03uf: UV fast  scan started
co15:14:18uf: UV fast  scan finished, incident DUV =  31.74512 mW/m^2
co15:14:23gi: 21 04 19  2.975825
gia0 914.620610 3079 1 10103 28821 78079 131240 165287
gia0 914.990610 3011 0 9983 28550 78153 131016 165028
gia0 915.360610 2988 0 9929 28587 77845 130484 164379
gia0 915.720610 2953 0 9805 28527 76924 129605 163729
gia0 916.090610 2957 0 9884 28182 76918 129121 162639
dsa64 916.980620 22558 0 85245 273310 821328 1490552 2001714rat 11059 6574 2220 906
dsa64 917.670620 21824 0 83139 268864 810356 1471812 1976792rat 11106 6585 2221 905
dsa64 918.360620 21391 1 81559 264696 799973 1455882 1956981rat 11135 6601 2228 906
dsa64 919.060620 20769 0 80062 260338 788287 1439888 1937535rat 11161 6621 2242 909
dsa64 919.750620 20306 1 77847 255324 774187 1416459 1908492rat 11204 6629 2247 913
summary15:18:21APR 21/19 64.802 2.313 22ds 1 11133 6602 2232 908 8227 3943 2.4 310 55 23 12 3 47 13 .1 .5
co15:20:51ux: UV extended  scan started
co15:28:15ux: UV extended  scan finished, incident DUV =  27.87362 mW/m^2
hpscan15:29:03 0 28325 10 41725 20 57299 30 72177 40 86801 50 97113 60 97531 70 97559 80 97799 90 97818 100 97503 110 97020 120 83936 130 69177 140 54786 150 38888 160 23555
hp15:29:52 .9867225 102073.1 79.3 22
hg15:36:58 .9923 1030.885 1031 316716 22
co15:37:21gi: 21 04 19  2.965629
gia0 937.590610 1723 0 6333 20428 58636 102844 131870
gia0 937.960610 1730 1 6250 20262 58191 102374 131280
gia0 938.320610 1688 0 6124 20150 57589 102357 130202
gia0 938.690610 1676 0 6133 19897 57435 101670 130398
gia0 939.050610 1655 0 6114 19859 57151 101336 129468
co15:39:49ux: UV extended  scan started
co15:47:13ux: UV extended  scan finished, incident DUV =  22.02069 mW/m^2
hpscan15:48:01 0 26269 10 40003 20 55693 30 71050 40 85507 50 96902 60 97802 70 97874 80 97788 90 98204 100 97857 110 97894 120 86630 130 71853 140 57532 150 41846 160 26719
hp15:48:50 .9867309 102302.5 80.7 22
hg15:55:56 .9924 1030.001 1030 313130 22
co15:56:19gi: 21 04 19  2.955433
gia0 956.550610 1009 0 3976 14483 43458 81095 105200
gia0 956.910610 1034 0 3995 14389 43478 80547 104622
gia0 957.280610 992 0 3932 14342 43010 80321 104101
gia0 957.650610 948 0 3854 14083 42672 79698 103266
gia0 958.010610 970 0 3888 13992 42449 79324 102703
co15:58:47uf: UV fast  scan started
co16:03:01uf: UV fast  scan finished, incident DUV =  16.62778 mW/m^2
co16:03:06gi: 21 04 19  2.950334
gia0 963.340610 828 0 3327 12586 38714 73431 95691
gia0 963.710610 809 0 3323 12588 38271 72994 95394
gia0 964.070610 795 0 3314 12370 38061 72780 94616
gia0 964.440610 788 0 3222 12305 37841 72413 94623
gia0 964.80610 767 0 3215 12111 37762 72051 94020
dsa64 965.630620 2017 0 12207 61960 230416 512212 743363rat 14269 7993 2914 1074
dsa64 966.330620 1937 0 11729 59944 224889 501966 728874rat 14344 8043 2929 1073
dsa64 967.020620 1848 1 11311 58496 219429 492251 715622rat 14406 8057 2947 1075
dsa64 967.720620 1746 0 10786 56620 212632 478592 698521rat 14479 8069 2958 1089
dsa64 968.410620 1692 1 10541 54895 207779 469449 685750rat 14484 8112 2971 1090
summary16:07:01APR 21/19 71.493 3.058 22ds 1 14396 8055 2944 1080 10939 4746 2 310.5 92 43 23 9 69 24 .3 1.6
zsa0 969.330620 680 2 2827 10689 32432 60942 79259rat 13322 7563 2740 1126
zsa0 970.020620 697 0 2774 10552 32166 60155 78179rat 13345 7562 2719 1123
zsa0 970.710620 639 0 2700 10316 31662 59515 77246rat 13416 7614 2741 1118
zsa0 971.40620 628 0 2582 10369 31250 58848 76666rat 13561 7542 2749 1134
zsa0 972.090620 613 1 2610 10108 30837 58221 76037rat 13469 7607 2760 1144
zsa0 972.790620 635 0 2546 9885 30432 57700 75066rat 13536 7664 2778 1128
zsa0 973.480620 612 0 2485 9889 29943 56735 74442rat 13568 7589 2775 1165
summary16:11:24APR 21/19 72.104 3.152 22zs 0 13460 7592 2752 1134 9831 4288-4.6 300 102 41 21 16 81 49 1.6 8.2
co16:14:30uf: UV fast  scan started
co16:18:45uf: UV fast  scan finished, incident DUV =  12.82976 mW/m^2
co16:18:50gi: 21 04 19  2.929941
gia0 979.070610 500 0 2128 8793 28436 57552 76094
gia0 979.440610 488 0 2113 8785 28309 57178 75562
gia0 979.810610 484 0 2068 8747 28165 56686 75192
gia0 980.170610 498 0 2049 8666 28006 56500 74785
gia0 980.540610 460 0 2036 8527 27850 56169 74474
dsa0 981.420620 1900 0 14145 89243 365854 885813 1321159rat 15795 8669 3237 1146
dsa0 982.120620 1797 0 13665 86415 354702 866206 1292609rat 15833 8702 3269 1144
dsa0 982.810620 1738 1 13083 83685 345528 847591 1269077rat 15913 8737 3284 1154
dsa0 983.510620 1567 1 12446 80505 335018 826074 1239388rat 16004 8784 3301 1158
dsa0 984.20620 1525 0 11780 78052 324834 806380 1212485rat 16122 8804 3326 1164
summary16:22:48APR 21/19 73.699 3.428 21ds 0 15933 8739 3283 1153 12244 5137 1.8 310 132 56 34 8 107 27 .2 .7
zsa0 985.120620 414 1 1754 7433 23715 47294 62770rat 14293 8039 2998 1215
zsa0 985.810620 373 1 1730 7287 23302 46699 61769rat 14298 8070 3019 1200
zsa0 986.50620 392 0 1666 7187 23010 46174 60942rat 14410 8080 3024 1191
zsa0 987.190620 390 0 1624 7013 22784 45436 60572rat 14451 8116 2997 1234
zsa0 987.880620 378 0 1618 6869 22337 44910 59813rat 14417 8156 3033 1230
zsa0 988.570620 368 1 1582 6797 22116 44334 59080rat 14461 8146 3020 1233
zsa0 989.270620 355 0 1534 6606 21676 43870 58290rat 14546 8224 3061 1220
summary16:27:11APR 21/19 74.31301 3.547 21zs 0 14411 8119 3022 1218 10515 4538-6.4 293.6 91 63 22 17 82 44 .9 3.9
dsa0 990.170620 899 1 7580 55587 244205 634154 972296rat 16857 9145 3477 1208
dsa0 990.870620 834 1 7185 53144 235099 613866 941906rat 16931 9188 3495 1206
dsa0 991.560620 767 1 6786 50991 226295 595584 916900rat 17032 9226 3524 1215
dsa0 992.250620 708 0 6471 48862 218591 577014 890215rat 17083 9262 3531 1219
dsa0 992.950620 666 1 6038 46649 210462 559389 864586rat 17232 9318 3556 1222
summary16:31:33APR 21/19 74.925 3.675 21ds 0 17027 9228 3517 1214 13142 5406 1.7 310.3 144 67 31 7 123 40 .1 .7
co16:34:02uf: UV fast  scan started
co16:38:17uf: UV fast  scan finished, incident DUV =  9.034219 mW/m^2
co16:38:22gi: 21 04 19  2.899351
gia0 998.610610 275 0 1158 5314 18550 40840 55153
gia0 998.980610 278 0 1145 5281 18479 40217 54874
gia0 999.340610 268 0 1120 5278 18326 40287 54637
gia0 999.710610 267 0 1105 5207 18118 39858 54352
gia0 1000.070610 260 0 1127 5138 18097 39428 53939
dsa0 1000.890620 303 0 3126 28049 135929 387417 613973rat 18288 9799 3793 1270
dsa0 1001.590620 287 1 2909 26686 129914 372729 593258rat 18414 9835 3816 1283
dsa0 1002.280620 254 0 2745 25048 123843 359052 572204rat 18483 9935 3855 1283
dsa0 1002.980620 234 1 2488 23820 117493 342877 549310rat 18691 9940 3877 1300
dsa0 1003.670620 207 0 2330 22447 111660 328190 526622rat 18764 9995 3902 1301
summary16:42:16APR 21/19 76.426 4.03 21ds 0 18528 9901 3849 1287 14409 5788 1.5 310.5 197 81 44 13 156 43 .5 1.8
zsa0 1004.580620 212 0 924 4334 15124 32697 44716rat 15470 8777 3347 1345
zsa0 1005.270620 206 1 888 4299 14796 32053 43921rat 15561 8726 3356 1353
zsa0 1005.960620 203 0 866 4139 14536 31756 43324rat 15625 8850 3393 1334
zsa0 1006.660620 200 2 854 4069 14200 31255 42832rat 15626 8857 3426 1354
zsa0 1007.350620 207 0 830 4007 13982 30690 42166rat 15661 8842 3413 1365
zsa0 1008.040620 191 0 825 3882 13685 30169 41719rat 15613 8905 3432 1393
zsa0 1008.730620 194 0 784 3816 13395 29957 41071rat 15803 8949 3494 1355
summary16:46:39APR 21/19 77.038 4.195 21zs 0 15623 8844 3409 1357 11280 4832-.5 242.5 101 75 50 19 109 50 2.2 7.5
dsa0 1009.640620 106 0 1227 13547 72167 225329 370023rat 19732 10439 4107 1347
dsa0 1010.330620 87 1 1126 12677 68050 213522 353501rat 19853 10479 4122 1376
dsa0 1011.030620 74 0 1058 11822 64337 204785 338250rat 19916 10587 4177 1360
dsa0 1011.720620 76 1 1009 11303 61464 196355 325503rat 19920 10585 4186 1369
dsa0 1012.410620 60 1 889 10551 57790 186948 310231rat 20234 10656 4233 1366
summary16:51:01APR 21/19 77.648 4.373 21ds 0 19931 10549 4165 1364 15567 6149 1.2 310 186 88 51 11 175 59 .5 1.9
co16:53:30uf: UV fast  scan started
co16:57:45uf: UV fast  scan finished, incident DUV =  6.088619 mW/m^2
co16:57:50gi: 21 04 19  2.878958
gia0 1018.080610 159 0 608 2960 11178 26594 37297
gia0 1018.440610 170 0 619 2954 11035 26510 37010
gia0 1018.810610 150 1 604 2855 10966 26414 36579
gia0 1019.170610 152 0 582 2837 10774 26147 36514
gia0 1019.540610 154 0 584 2878 10643 25899 36149
dsa0 1020.370620 26 0 349 5029 30469 107719 186486rat 21604 11297 4530 1468
dsa0 1021.060620 23 0 323 4629 28345 102247 177022rat 21685 11413 4609 1460
dsa0 1021.760620 20 0 277 4264 26879 96798 167906rat 22087 11514 4594 1460
dsa0 1022.450620 15 0 274 3970 25113 91611 160066rat 21866 11567 4641 1483
dsa0 1023.140620 17 0 247 3692 23665 86842 153052rat 22056 11633 4658 1513
summary17:01:45APR 21/19 79.143 4.874 20ds 0 21860 11485 4606 1477 17134 6671 .4 309.1 216 132 50 22 194 88 .7 2.7
zsa0 1024.060620 136 1 479 2294 8572 20917 29547rat 16392 9600 3873 1486
zsa0 1024.750620 117 0 460 2225 8448 20379 29037rat 16446 9618 3823 1523
zsa0 1025.440620 116 0 431 2188 8246 20116 28432rat 16672 9634 3872 1488
zsa0 1026.130620 120 0 416 2121 8092 19641 27855rat 16722 9666 3850 1503
zsa0 1026.820620 110 0 452 2083 7932 19133 27415rat 16248 9630 3823 1548
zsa0 1027.510620 111 0 413 2049 7694 18904 26922rat 16588 9650 3903 1521
zsa0 1028.20620 113 0 409 2022 7505 18490 26496rat 16534 9611 3914 1548
summary17:06:07APR 21/19 79.75 5.11 20zs 0 16515 9630 3865 1517 11661 5119-25.6 318.2 166 23 36 26 215 54 2 4.5
co17:09:14uf: UV fast  scan started
co17:13:29uf: UV fast  scan finished, incident DUV =  4.234002 mW/m^2
hpscan17:14:17 0 31264 10 44897 20 59560 30 74397 40 88449 50 97566 60 98004 70 97933 80 97660 90 97738 100 97521 110 95625 120 81920 130 67476 140 52239 150 36788 160 21707
hp17:15:05 .9876026 102143.9 77.6 20
hg17:22:12 .9937 1031.023 1031 272713 20
zsa0 1043.750620 65 0 238 1100 4334 11700 17292rat 16897 10267 4311 1682
zsa0 1044.440620 81 0 223 1090 4222 11504 16987rat 17106 10233 4351 1678
zsa0 1045.130620 75 0 234 1036 4126 11155 16709rat 16763 10320 4318 1740
zsa0 1045.820620 66 0 237 1007 3941 10871 16258rat 16596 10331 4405 1733
zsa0 1046.510620 68 0 223 974 3865 10674 15907rat 16781 10396 4410 1718
zsa0 1047.20620 65 0 229 921 3774 10384 15578rat 16546 10520 4394 1747
zsa0 1047.890620 65 0 215 950 3694 10165 15198rat 16727 10292 4394 1732
summary17:25:49APR 21/19 82.462 6.463 20zs 0 16774 10337 4369 1719 11274 5231-46.7 364.4 188 96 42 28 270 67 2 2.7
co17:28:55uf: UV fast  scan started
co17:33:09uf: UV fast  scan finished, incident DUV =  2.469087 mW/m^2
fza0 1053.911620 2 528 2261 10272 36023 62431
fza0 1054.821620 4 516 2151 9573 33598 58000
fza0 1055.731620 8 475 2074 8962 31246 54110
fza0 1056.641620 3 480 1943 8365 28731 49063
fza0 1057.551620 4 474 1878 7932 26550 45470
co17:38:35uf: UV fast  scan started
co17:42:50uf: UV fast  scan finished, incident DUV =  1.815578 mW/m^2
fza0 1063.571620 1 354 1358 5540 16994 27607
co17:44:37uf: UV fast  scan started
co17:48:52uf: UV fast  scan finished, incident DUV =  1.464001 mW/m^2
hpscan17:49:40 0 28555 10 41972 20 56932 30 71754 40 86256 50 97261 60 98483 70 98784 80 98442 90 98713 100 98827 110 98320 120 87114 130 72279 140 57202 150 41376 160 25235
hp17:50:29 .9873725 102978 80.9 19
hg17:57:35 .9925 1030.074 1030 267792 19
sla 0 1083.050620 251494 0 301735 352016 422087 461743 511828rat 1845 1187 392 438
sla 0 1083.740620 252295 0 301746 352785 422668 461170 511297rat 1839 1172 380 439
sla 0 1084.430620 251686 1 301410 352572 422254 460755 510909rat 1840 1171 380 439
sla 0 1085.130620 251640 1 301665 351879 422097 460987 511056rat 1839 1182 384 438
sla 0 1085.820620 251126 0 301190 352192 422006 460342 509716rat 1839 1172 379 433
sla 0 1086.510620 251203 0 301213 351861 420694 460057 510114rat 1836 1173 390 439
sla 0 1087.20620 250565 1 300518 351014 420681 459467 509182rat 1841 1178 385 437
summary18:05:07APR 21/19 87.665 10.837 19sl 0 1840 1176 384 438 440 240 301353.9 510586.1 3 6 5 2 8 6 418 948
co18:08:22uf: UV fast  scan started
co18:12:37uf: UV fast  scan finished, incident DUV =  .4994645 mW/m^2
co18:23:13uf: UV fast  scan started
co18:27:27uf: UV fast  scan finished, incident DUV =  .2017316 mW/m^2
hpscan18:28:16 0 31796 10 45331 20 60166 30 74832 40 88777 50 98659 60 99197 70 98626 80 99232 90 99147 100 99135 110 98427 120 85385 130 70230 140 54700 150 38818 160 23126
hp18:29:04 .9864958 103476.6 79 18
hg18:36:11 .9921 1030.65 1031 278197 18
hpscan19:09:10 0 35948 10 49794 20 65617 30 79974 40 94108 50 99196 60 99174 70 99179 80 99458 90 99567 100 99455 110 93565 120 78880 130 64014 140 48078 150 32057 160 16826
hp19:09:59 .9882064 103811.6 74.2 18
hg19:17:05 .9928 1030.558 1031 282077 18
sla 0 1162.550620 253752 0 304187 354964 426242 465093 515446rat 1842 1183 380 438
sla 0 1163.250620 253805 0 303848 354792 425299 464876 515132rat 1845 1183 388 437
sla 0 1163.940620 253510 1 303823 355111 424545 464502 514894rat 1842 1175 392 439
sla 0 1164.630620 253212 0 303595 354811 424825 463991 514858rat 1840 1174 385 443
sla 0 1165.320620 253333 1 302677 354008 424280 462494 513347rat 1839 1170 376 445
sla 0 1166.010620 252944 0 302771 353929 423295 462578 514046rat 1839 1172 387 450
sla 0 1166.70620 252625 2 302845 353951 423620 462717 512758rat 1839 1173 385 437
summary19:24:37APR 21/19 97.884 99.999 18sl 0 1841 1176 385 441 429 233 303392.3 514354.5 2 5 5 5 17 12 601.7 999.3
ap19:27:04 17.54 17.54 15.17 1108.14 12.01 5.04-11.96 24.28 0 13.46 19.63 16.69 5.01-4.92 0 0 0 .01 1.31 2.19 13.9 2.09 2.06 2.25 17.54 17.64 15.17 1108.14 12.03 5.04-11.96 23.87 2.35 13.46 19.63 16.69 5.01-4.92 1.3 9.45 .32 11.44 3.07 2.61 13.9 2.1 2.03 2.24ed