version=2dh040717Copenhagen 55.716 -12.5615  2.776991pr1000
inst 0 -.90381 -.88811 -1.01801 -1.78069  0  .3455  4.4707  1.153  1465 -328  2.65E-08 1030142463 0  4814  10734  18672  22050  26048 2972mkiii2 0  0  0  0  0  0  0 -66  1  242 -3  770  740  8028  178  2515  .99476  12.88  1725  250  .4  0  256  0 0 0 
disp 2860.48  .075384 -6.58315E-07  2899.71  .0747497 -6.81221E-07  2935.87  .0741645 -7.060291E-07  2970.77  .0735149 -7.24738E-07  3004.99  .0725966 -7.06297E-07  2826.03  .0767217 -7.19396E-07  4290.73  .113076 -9.874721E-07  4349.57  .112124 -1.02183E-06  4403.81  .111247 -1.05904E-06  4456.15  .110272 -1.08711E-06  4507.49  .108895 -1.05945E-06  4239.05  .115082 -1.07909E-06 
zeni .265337 -.346674  .098068 -1.265443  2.065254 -.509788  1.440203 -1.98075  .574513 
co23:16:13fr: Micrometer #1 discrepancy=-57 Now set to o3 offset =-66
co23:18:14fr: Micrometer #2 discrepancy= 57 Now set to offset = 1
hpscan23:18:58 0 99450 10 100825 20 100316 30 100585 40 101084 50 100809 60 100428 70 90495 80 75191 90 58746 100 43078 110 27435 120 11763 130 650 140 355 150 318 160 270
hp23:19:46 .9946049 103615.5 34.3 18
hpscan23:19:47 0 33925 10 48740 20 63951 30 79448 40 93914 50 100952 60 101109 70 101361 80 101328 90 101425 100 101143 110 98866 120 84600 130 68521 140 52173 150 36453 160 20920
hp23:20:36 .986698 105862.4 76.4 18
hg23:27:42 .9889 1023.559 1024 286153 18
hg23:29:17 .9935 1029.246 1029 305356 18
co01:35:18az: Azimuth discrepancy = -33
co01:35:41az: Azimuth discrepancy =  1
hpscan01:36:24 0 27488 10 42678 20 58237 30 73494 40 88498 50 99939 60 100922 70 101362 80 100912 90 101023 100 100702 110 100742 120 90299 130 74740 140 59046 150 42845 160 26788
hp01:37:13 .9872207 105422.7 80.8 17
hg01:44:19 .9932 1030.201 1030 279944 17
sla 0 109.780620 256855 0 308384 360505 432143 471801 522775rat 1846 1178 383 438
sla 0 110.470620 256820 0 307600 360627 431888 471726 522771rat 1856 1176 385 438
sla 0 111.160620 257102 0 307480 360475 431076 471244 522375rat 1854 1173 389 440
sla 0 111.860620 256430 1 307759 359923 431511 471255 521639rat 1850 1180 385 433
sla 0 112.550620 256417 1 307157 360419 430960 471106 521672rat 1857 1172 389 435
sla 0 113.240620 256146 2 306808 359200 430002 470144 521086rat 1853 1178 390 439
sla 0 113.930620 256136 0 306091 359216 429709 469624 520378rat 1858 1173 388 438
summary01:51:51JUL 05/17 94.67401 99.999 17sl 0 1853 1176 387 437 454 239 307325.6 521813.7 4 3 3 2 8 6 741.1 893.8
co02:43:05uf: UV fast  scan started
co02:47:20uf: UV fast  scan finished, incident DUV =  .2670703 mW/m^2
hpscan02:48:08 0 28982 10 43945 20 59766 30 74800 40 90205 50 100327 60 100631 70 101095 80 100818 90 101124 100 101464 110 100649 120 88753 130 73574 140 57669 150 41986 160 26706
hp02:48:56 .9862256 105503.5 79.7 17
hg02:56:03 .9924 1030.272 1030 287479 17
co03:16:56uf: UV fast  scan started
co03:21:11uf: UV fast  scan finished, incident DUV =  1.046791 mW/m^2
hpscan03:21:59 0 27505 10 43076 20 58543 30 74045 40 89718 50 100210 60 101061 70 101075 80 100997 90 100922 100 101174 110 100687 120 88792 130 73663 140 57856 150 42508 160 26696
hp03:22:48 .9866026 105526.4 79.9 17
hg03:29:54 .9925 1030.069 1030 286297 18
co03:30:47uf: UV fast  scan started
co03:35:01uf: UV fast  scan finished, incident DUV =  1.592446 mW/m^2
hpscan03:35:49 0 26836 10 42310 20 57999 30 73185 40 89160 50 100007 60 100900 70 101074 80 100997 90 101266 100 100916 110 100251 120 87901 130 72867 140 56750 150 41188 160 25951
hp03:36:38 .9871896 105598.8 79.7 18
hg03:43:44 .9928 1030.027 1030 301900 18
fza0 224.511620 1 355 1513 6287 19754 30995
fza0 225.421620 0 326 1479 6326 19688 31433
fza0 226.331620 1 329 1474 6431 20230 31778
fza0 227.241620 2 321 1487 6432 20355 32138
co03:48:17uf: UV fast  scan started
co03:52:32uf: UV fast  scan finished, incident DUV =  2.060569 mW/m^2
hpscan03:53:21 0 27135 10 42269 20 57548 30 72614 40 88072 50 99783 60 101067 70 100849 80 100745 90 100906 100 100847 110 99959 120 87503 130 72520 140 56717 150 40950 160 25152
hp03:54:09 .9875318 105390 80 18
hg04:01:16 .9931 1030.049 1030 289397 18
hg04:07:55 .9934 1030.03 1030 356608 18
co04:08:47uf: UV fast  scan started
co04:13:02uf: UV fast  scan finished, incident DUV =  4.177584 mW/m^2
hpscan04:13:50 0 27389 10 41977 20 57334 30 72575 40 87818 50 99910 60 100917 70 100908 80 100758 90 100922 100 100870 110 100535 120 89193 130 73665 140 58056 150 41929 160 26084
hp04:14:39 .9867017 105435 80.8 18
hg04:21:45 .9936 1030.004 1030 297835 18
co04:22:08gi: 05 07 17  2.726009
gia0 262.370610 102 0 435 2323 9595 25331 37384
gia0 262.740610 109 0 419 2362 9650 25820 37691
gia0 263.10610 103 0 431 2386 9854 26103 38073
gia0 263.470610 100 0 426 2423 9961 26400 38133
gia0 263.830610 112 0 448 2476 10027 26630 38530
dsa0 264.650620 8 0 129 2058 13384 50595 88570rat 22907 12054 4895 1587
dsa0 265.350620 15 0 253 4435 29264 110090 192502rat 23385 12115 4885 1592
dsa0 266.040620 17 0 336 6141 39976 148157 258300rat 23467 12007 4829 1588
dsa0 266.730620 17 1 373 6373 41200 152358 264675rat 23167 11981 4825 1578
dsa0 267.430620 18 2 396 6720 43158 157954 273700rat 23095 11921 4787 1573
summary04:26:02JUL 05/17 77.742 4.401 18ds 0 23204 12016 4844 1584 18136 6901 1.4 357.5 226 74 45 8 215 41 1 2.3
co04:28:31uf: UV fast  scan started
co04:32:45uf: UV fast  scan finished, incident DUV =  6.763249 mW/m^2
hpscan04:33:34 0 30238 10 45336 20 60101 30 75173 40 90054 50 100166 60 100449 70 100316 80 100390 90 100597 100 100658 110 99239 120 86178 130 70661 140 54808 150 38768 160 23205
hp04:34:22 .986887 104988.3 78.7 18
hg04:41:28 .994 1030.138 1030 278384 18
co04:41:51gi: 05 07 17  2.746401
gia0 282.090610 147 0 709 3896 15336 36912 52017
gia0 282.450610 156 0 719 3882 15305 37060 52212
gia0 282.820610 154 0 732 3952 15461 37416 52775
gia0 283.180610 165 0 766 3981 15583 37579 53009
gia0 283.550610 162 0 709 3966 15469 37191 52081
dsa0 284.370620 44 0 456 4899 25759 78639 127163rat 19849 10518 4117 1384
dsa0 285.060620 25 0 388 4137 21261 64776 104088rat 19721 10417 4112 1360
dsa0 285.750620 32 0 338 3534 18175 54163 87220rat 19557 10332 4019 1372
dsa0 286.440620 21 1 235 2355 12087 35973 57381rat 19389 10327 4017 1334
dsa0 287.140620 20 0 170 1655 8270 24448 38982rat 19113 10187 3991 1336
summary04:45:45JUL 05/17 75.161 3.727 18ds 0 19526 10356 4051 1357 15183 6023 1.6 354 288 122 59 22 231 70 .5 3.4
co04:48:14ux: UV extended  scan started
co04:55:38ux: UV extended  scan finished, incident DUV =  8.419262 mW/m^2
hpscan04:56:26 0 28467 10 42951 20 57968 30 73042 40 88290 50 99725 60 100581 70 100376 80 100465 90 100590 100 100813 110 100125 120 87965 130 72300 140 56967 150 40790 160 24933
hp04:57:14 .9865417 105109.8 80.2 18
hg05:04:21 .9942 1029.792 1030 269574 18
dsa0 304.990620 38 0 276 2050 8903 22607 33866rat 16991 9116 3425 1154
dsa0 305.680620 83 1 700 5238 22875 58697 88536rat 17113 9196 3475 1188
dsa0 306.380620 193 0 1676 12579 55310 142084 215452rat 17173 9244 3488 1219
dsa0 307.070620 64 0 546 3997 17178 43501 65357rat 16905 9081 3423 1176
dsa0 307.760620 29 0 271 1872 7928 19702 29393rat 16515 8939 3343 1147
summary05:06:22JUL 05/17 72.394 3.199 18ds 0 16939 9115 3431 1177 13173 5399 2.3 355.9 259 118 57 29 197 55 .3 2.7
co05:08:51ux: UV extended  scan started
co05:16:15ux: UV extended  scan finished, incident DUV =  12.3775 mW/m^2
hpscan05:17:03 0 27404 10 41931 20 57351 30 72933 40 88467 50 99830 60 100727 70 100710 80 100467 90 100652 100 100599 110 99856 120 87365 130 72152 140 56356 150 40591 160 25168
hp05:17:52 .986634 105249 79.8 18
hg05:24:58 .9933 1029.533 1030 272925 18
co05:25:51ux: UV extended  scan started
co05:33:14ux: UV extended  scan finished, incident DUV =  18.71829 mW/m^2
hpscan05:34:03 0 26397 10 41441 20 57180 30 72476 40 87992 50 99849 60 100813 70 100724 80 100660 90 100658 100 100608 110 100376 120 88308 130 73079 140 57457 150 41986 160 26559
hp05:34:51 .9865748 105281.2 80.2 18
hg05:41:57 .9929 1029.508 1030 281440 18
co05:42:50ux: UV extended  scan started
co05:50:14ux: UV extended  scan finished, incident DUV =  15.9269 mW/m^2
hpscan05:51:02 0 26259 10 41573 20 56987 30 72488 40 87857 50 99963 60 100517 70 100480 80 100559 90 100508 100 100724 110 100330 120 89405 130 74355 140 58701 150 43217 160 27774
hp05:51:51 .9861565 105079.4 80.7 19
hg05:58:57 .9925 1029.366 1029 279889 19
co05:59:20gi: 05 07 17  2.797385
gia0 359.570610 720 0 3094 11416 35043 64949 84810
gia0 359.930610 743 0 3066 11383 34477 64117 83293
gia0 360.30610 694 0 2976 11062 33785 62413 81209
gia0 360.660610 681 0 2911 10706 32833 60743 78900
gia0 361.030610 684 0 2824 10434 31657 58838 76449
co06:01:48ux: UV extended  scan started
co06:09:11ux: UV extended  scan finished, incident DUV =  12.06761 mW/m^2
hpscan06:09:59 0 27593 10 42695 20 58431 30 73740 40 89397 50 99793 60 100216 70 100065 80 100575 90 100391 100 100434 110 99985 120 89030 130 73742 140 58210 150 42784 160 26941
hp06:10:48 .9863304 104784.6 80.1 19
hg06:17:54 .9931 1030.072 1030 268543 19
co06:18:47ux: UV extended  scan started
co06:26:11ux: UV extended  scan finished, incident DUV =  18.93314 mW/m^2
hpscan06:26:59 0 28775 10 43786 20 59285 30 74493 40 89684 50 99986 60 100753 70 100468 80 100454 90 100342 100 100666 110 100299 120 89209 130 73773 140 58442 150 42254 160 26429
hp06:27:48 .9861872 104929.6 80 19
hg06:34:54 .9937 1030.223 1030 272081 19
co06:35:47ux: UV extended  scan started
co06:43:12ux: UV extended  scan finished, incident DUV =  26.53805 mW/m^2
hpscan06:44:00 0 29091 10 44023 20 59295 30 74434 40 89248 50 99953 60 100744 70 100722 80 100893 90 100407 100 100357 110 100259 120 88483 130 73236 140 56844 150 40985 160 25046
hp06:44:48 .9868035 105104.2 79.8 18
hg06:51:54 .9941 1030.14 1030 273210 19
co06:52:17gi: 05 07 17  2.787188
gia0 412.520610 3083 0 10208 29142 79112 131187 164120
gia0 412.890610 3177 0 10520 30216 81220 134527 168819
gia0 413.250610 3300 0 10908 31266 83768 138537 173323
gia0 413.620610 3469 0 11361 32010 86252 142610 178224
gia0 413.980610 3539 0 11785 32880 88756 146600 183032
co06:54:45ux: UV extended  scan started
co07:02:10ux: UV extended  scan finished, incident DUV =  47.11665 mW/m^2
hpscan07:02:58 0 28320 10 42887 20 58287 30 73239 40 87980 50 99395 60 100266 70 100208 80 100373 90 100636 100 100470 110 100023 120 88100 130 72365 140 56826 150 40584 160 25024
hp07:03:46 .9868635 104904.2 80.2 19
hg07:10:53 .9937 1029.994 1030 273856 19
co07:11:45ux: UV extended  scan started
co07:19:10ux: UV extended  scan finished, incident DUV =  49.88232 mW/m^2
hpscan07:19:58 0 26417 10 41143 20 56678 30 71830 40 87035 50 99339 60 100419 70 100407 80 100298 90 100772 100 100396 110 99907 120 88536 130 73253 140 57485 150 41522 160 25801
hp07:20:46 .987228 105000.6 80.8 19
hg07:27:53 .9927 1029.916 1030 289600 19
co07:28:15gi: 05 07 17  2.822876
gia0 448.490610 3508 0 10424 26307 67474 106386 131607
gia0 448.860610 3404 0 10048 25258 65027 102490 126927
gia0 449.220610 3270 1 9809 24421 62647 98547 122306
gia0 449.590610 3187 0 9399 23621 60420 95474 118015
gia0 449.960610 3084 0 9017 22785 58425 92062 113945
co07:30:43ux: UV extended  scan started
co07:38:07ux: UV extended  scan finished, incident DUV =  17.03346 mW/m^2
hpscan07:38:55 0 27574 10 42632 20 58423 30 73692 40 89476 50 99420 60 100192 70 100260 80 100069 90 100068 100 100324 110 99647 120 86058 130 71025 140 55512 150 40113 160 24698
hp07:39:44 .9863629 104746.4 79 20
hg07:46:50 .9926 1029.632 1030 273705 19
co07:47:12gi: 05 07 17  2.822876
gia0 467.440610 6802 0 18893 45332 112599 173167 211935
gia0 467.810610 6955 0 19405 46233 114741 176790 216105
gia0 468.170610 7086 0 19792 47097 116862 180050 219397
gia0 468.540610 7252 0 20156 48037 118867 182705 223535
gia0 468.910610 7533 1 20647 48722 120994 185335 226600
co07:49:40ux: UV extended  scan started
co07:57:05ux: UV extended  scan finished, incident DUV =  57.14919 mW/m^2
hpscan07:57:53 0 25329 10 40472 20 56053 30 71475 40 86886 50 99382 60 100020 70 100174 80 100308 90 100158 100 100219 110 99874 120 89310 130 74103 140 58708 150 43128 160 27554
hp07:58:41 .9867292 104709.5 81 19
hg08:05:48 .9931 1029.525 1030 275437 19
co08:06:10gi: 05 07 17  2.822876
gia0 486.410610 6675 0 17641 40217 99108 150161 183654
gia0 486.780610 6668 0 17519 40203 98884 149922 182719
gia0 487.140610 6660 0 17596 40285 99139 149636 183087
gia0 487.510610 6668 1 17710 40299 99370 150545 183731
gia0 487.880610 6859 0 17933 40868 99998 151618 185203
co08:08:38ux: UV extended  scan started
co08:16:02ux: UV extended  scan finished, incident DUV =  46.69313 mW/m^2
hpscan08:16:51 0 28470 10 43501 20 58779 30 74530 40 89622 50 99799 60 100025 70 100264 80 100217 90 100169 100 100071 110 99243 120 87092 130 72310 140 56547 150 41328 160 25881
hp08:17:39 .9867521 104619.4 79.1 19
hg08:24:45 .9937 1029.584 1030 278705 20
co08:25:08gi: 05 07 17  2.838171
gia0 505.370610 11973 0 30803 67118 161833 240022 291058
gia0 505.740610 12185 0 30914 67201 161545 240123 291241
gia0 506.10610 12267 0 31134 68059 164245 243294 294143
gia0 506.470610 12594 0 32060 69860 167339 248810 300988
gia0 506.830610 13645 0 34787 75685 181861 270466 328487
co08:27:36ux: UV extended  scan started
co08:35:00ux: UV extended  scan finished, incident DUV =  87.03608 mW/m^2
hpscan08:35:48 0 27330 10 42309 20 57975 30 73059 40 88516 50 99266 60 99986 70 99981 80 100223 90 100139 100 100380 110 100038 120 88940 130 74366 140 58525 150 43249 160 27514
hp08:36:37 .9865652 104545 80.5 20
hg08:43:44 .9943 1029.559 1030 302432 20
co08:44:06gi: 05 07 17  2.884056
gia0 524.340610 8035 0 19949 42571 101485 148994 180520
gia0 524.710610 8103 0 20001 42679 101398 149069 180415
gia0 525.070610 8055 1 20090 42766 101768 149343 181352
gia0 525.440610 8168 0 20317 43143 102413 150660 182307
gia0 525.80610 8383 0 20538 43589 103073 151969 183835
dsa0 526.680620 289 0 665 1496 3594 5365 6534rat 8175 5007 1482 599
dsa0 527.380620 261 0 664 1427 3333 4915 5950rat 7802 4833 1430 573
dsa0 528.070620 239 1 639 1351 3228 4765 5837rat 7841 4939 1435 625
dsa0 528.770620 258 0 663 1380 3288 4845 5767rat 7748 4917 1427 501
dsa0 529.460620 320 0 782 1633 3786 5654 6945rat 7703 4858 1486 638
summary08:48:04JUL 05/17 42.536 1.353 20ds 0 7854 4911 1452 587 5975 3186 8 368.1 187 69 29 54 237 121 3.3 25.6
co08:50:31ux: UV extended  scan started
co08:57:56ux: UV extended  scan finished, incident DUV =  57.09171 mW/m^2
hpscan08:58:44 0 29175 10 44053 20 59307 30 74125 40 89395 50 99183 60 99692 70 99506 80 99556 90 99670 100 99588 110 99094 120 87733 130 72990 140 57106 150 41152 160 25721
hp08:59:32 .9864603 103970.5 79.6 21
hg09:06:39 .9939 1029.198 1029 289379 21
co09:07:01gi: 05 07 17  2.894253
gia0 547.260610 12696 0 30059 60521 140954 203693 245235
gia0 547.630610 12800 1 29985 60388 141274 203348 244254
gia0 5480610 12739 0 29973 60613 141252 203777 245548
gia0 548.360610 12865 0 30369 61043 142158 205391 246500
gia0 548.730610 12926 0 30422 61637 143451 207096 248387
dsa0 549.610620 546 1 1281 2589 6028 8750 10542rat 7488 4772 1371 561
dsa0 550.310620 548 0 1334 2649 6177 8981 10827rat 7422 4785 1378 564
dsa0 5510620 695 2 1614 3177 7494 10855 13113rat 7424 4821 1362 573
dsa0 551.690620 1471 0 3405 6665 15550 22510 27317rat 7346 4770 1360 593
dsa0 552.390620 11960 0 27734 53481 127168 183887 225532rat 7374 4860 1360 643
summary09:10:59JUL 05/17 40.036 1.303 21ds 0 7411 4802 1366 587 5533 3121 5 367.7 54 39 8 34 150 36 1.4 7.7
co09:13:27ux: UV extended  scan started
co09:20:51ux: UV extended  scan finished, incident DUV =  81.65814 mW/m^2
hpscan09:21:40 0 28423 10 42892 20 58104 30 72676 40 87839 50 98728 60 99554 70 99674 80 99540 90 99534 100 99738 110 99167 120 88160 130 73258 140 57230 150 41279 160 25728
hp09:22:28 .9866878 104012.1 80.5 21
hg09:29:35 .9933 1030.154 1030 292584 21
co09:29:57gi: 05 07 17  2.904449
gia0 570.190610 23528 0 54116 105617 242445 344516 413771
gia0 570.560610 23560 0 53923 104998 242132 345115 412658
gia0 570.920610 23523 1 53626 104287 240437 342112 410092
gia0 571.290610 24303 0 55057 107456 247309 351473 422324
gia0 571.660610 26686 1 60583 118222 272440 387357 465129
dsa128 572.470620 12646 0 28352 55280 131976 193079 239978rat 7513 4942 1418 708
dsa128 573.160620 3296 0 7499 14453 34427 50094 62125rat 7418 4900 1390 695
dsa128 573.860620 5430 0 12079 23360 55330 80707 99883rat 7423 4888 1402 687
dsa128 574.550620 15570 0 35150 67560 161510 235613 292480rat 7451 4941 1408 704
dsa128 575.250620 11093 1 24996 47844 114523 166907 206756rat 7429 4937 1402 693
summary09:33:51JUL 05/17 37.822 1.263 21ds 2 7447 4922 1404 697 5215 3034 4.7 359.6 39 26 10 9 22 16 .9 3.9
zsa0 576.20620 40364 1 90772 174420 396293 558738 669661rat 7919 5093 1506 782
zsa0 576.890620 39928 0 89826 171575 389944 549072 654654rat 7888 5088 1500 759
zsa0 577.590620 42511 1 95222 182255 414689 585430 701001rat 7916 5107 1512 778
zsa0 578.280620 39076 0 87579 167720 379886 533633 637323rat 7872 5062 1489 766
zsa0 578.970620 47442 0 106053 203223 465245 659379 793531rat 7971 5156 1532 802
zsa0 579.660620 55416 0 124870 240098 554965 791490 960540rat 8067 5235 1564 842
zsa0 580.360620 46793 1 105073 202270 464735 660007 797442rat 8016 5181 1541 820
summary09:38:16JUL 05/17 37.432 1.257 21zs 0 7950 5132 1521 793 5413 3024 7.7 361.7 71 61 26 30 28 12 .5 2.8
co09:41:23ux: UV extended  scan started
co09:48:47ux: UV extended  scan finished, incident DUV =  114.5211 mW/m^2
hpscan09:49:35 0 28719 10 43327 20 58081 30 72928 40 87948 50 98603 60 99330 70 98939 80 99199 90 99199 100 99014 110 98734 120 86689 130 71309 140 55677 150 39358 160 24126
hp09:50:23 .9862598 103635 79.8 22
hg09:57:30 .9927 1029.867 1030 313235 22
dsa192 598.270620 22370 0 50599 99058 242030 360314 460628rat 7743 5145 1506 841
dsa192 598.960620 22583 1 50624 98971 241705 359858 458874rat 7736 5144 1507 830
dsa192 599.660620 22361 1 50506 98595 240340 358601 457751rat 7731 5145 1516 835
dsa192 600.350620 22518 0 50791 99072 241849 360117 459487rat 7726 5143 1507 833
dsa192 601.050620 22453 1 50576 98848 240912 357773 456743rat 7716 5124 1496 835
summary09:59:39JUL 05/17 35.739 1.229 22ds 3 7730 5140 1506 835 5059 2968 5.9 353.6 10 9 7 4 14 9 .3 2
zsa0 602.010620 58314 1 126613 238002 539753 758850 914540rat 7819 5087 1499 810
zsa0 602.70620 49129 1 107146 199461 448224 624546 746248rat 7686 4998 1456 769
zsa0 603.390620 45206 1 96870 179540 400453 554050 657781rat 7598 4930 1423 739
zsa0 604.090620 55688 1 121712 226084 510320 714221 855621rat 7723 5043 1478 782
zsa0 604.780620 59842 2 130370 241464 547061 764371 918952rat 7724 5056 1472 799
zsa0 605.470620 57913 0 125095 232912 527856 738898 885680rat 7754 5063 1480 785
zsa0 606.170620 52443 2 114870 214689 490447 690913 832671rat 7829 5122 1506 808
summary10:04:05JUL 05/17 35.432 1.225 22zs 0 7733 5043 1473 785 5222 2972 7.9 357.8 79 63 28 25 26 14 .7 3.9
co10:08:12ux: UV extended  scan started
co10:15:36ux: UV extended  scan finished, incident DUV =  150.7885 mW/m^2
co10:16:12ux: UV extended  scan started
co10:23:36ux: UV extended  scan finished, incident DUV =  96.25383 mW/m^2
hpscan10:24:24 0 24804 10 39109 20 54434 30 69991 40 85382 50 98222 60 98884 70 99061 80 99214 90 98967 100 99025 110 99015 120 88529 130 73735 140 58603 150 43435 160 27930
hp10:25:13 .9861048 103600.4 81.4 23
hg10:32:19 .9935 1028.807 1029 327685 23
co10:32:41gi: 05 07 17  3.031907
gia0 632.940610 40304 1 86034 157057 353110 488908 583176
gia0 633.30610 40683 3 86619 158447 355066 492719 588290
gia0 633.670610 41285 0 87811 159637 358000 497657 593139
gia0 634.040610 41208 0 87886 159894 358129 497168 593036
gia0 634.40610 41490 0 88148 160536 360058 498529 595762
dsa192 635.290620 24636 0 54406 104146 251844 372543 473972rat 7593 5085 1484 825
dsa192 635.980620 24446 0 54476 103844 251757 371429 472669rat 7574 5085 1473 826
dsa192 636.680620 24421 0 53591 102615 247856 366465 466823rat 7587 5078 1482 831
dsa192 637.370620 20145 0 44649 84925 205418 303388 386458rat 7554 5075 1475 829
dsa192 638.070620 16595 0 36624 69377 168193 247765 315739rat 7530 5069 1462 829
summary10:36:40JUL 05/17 33.694 1.2 23ds 3 7568 5078 1475 828 4919 2934 5.6 354.2 26 7 9 2 29 8 .4 1.9
zsa0 639.030620 70404 1 150948 275896 624289 871269 1048925rat 7664 5053 1470 807
zsa0 639.720620 52618 1 112973 207575 469086 655423 789412rat 7668 5037 1469 804
zsa0 640.410620 46562 2 100039 184024 413907 576932 690735rat 7635 5000 1456 776
zsa0 641.110620 59723 1 128265 234874 528710 736727 883635rat 7631 5014 1459 787
zsa0 641.80620 62903 0 134247 246331 555891 775968 932830rat 7662 5035 1468 798
zsa0 642.490620 64887 1 138994 254453 575366 803785 967764rat 7666 5049 1473 806
zsa0 643.190620 54307 1 116583 213532 482686 673680 811657rat 7652 5034 1465 806
summary10:41:06JUL 05/17 33.535 1.198 23zs 0 7654 5032 1466 798 5101 2943 7.8 358.2 15 19 6 12 26 7 .3 1.7
co10:43:43gi: 05 07 17  3.042104
gia0 643.950610 24747 1 52973 96700 216927 300078 357442
gia0 644.320610 25211 1 53596 98474 220318 304725 362777
gia0 644.680610 24957 0 53318 97767 219140 303198 360536
gia0 645.050610 25217 0 54058 98601 221028 306403 363989
gia0 645.420610 31114 0 66627 121651 272534 378462 452015
dsa128 646.370620 60244 0 127271 231473 537155 761561 935721rat 7043 4751 1312 682
dsa128 647.070620 111600 1 236922 429244 994901 1410697 1737864rat 7079 4795 1333 711
dsa128 647.770620 69901 1 148460 269593 625860 888019 1091616rat 7053 4766 1319 688
dsa128 648.460620 36870 2 78690 142743 331917 473278 582130rat 7041 4764 1328 680
dsa128 649.150620 117117 1 248752 451474 1045072 1481648 1822957rat 7088 4795 1335 707
summary10:47:45JUL 05/17 33.331 1.195 23ds 2 7061 4774 1325 694 4841 2932 4.4 355.2 22 20 10 14 26 10 .2 2.3
zsa0 650.10620 48852 0 103151 185377 408572 559423 660031rat 7366 4832 1377 711
zsa0 650.80620 62374 0 132712 240284 537058 745373 889985rat 7534 4966 1442 768
zsa0 651.490620 42662 1 91576 169215 380021 529574 634273rat 7643 4989 1454 777
zsa0 652.180620 57959 0 123439 225071 505176 703276 843143rat 7593 4994 1454 785
zsa0 652.880620 65626 0 139514 252579 568367 789488 948040rat 7571 5002 1447 794
zsa0 653.570620 55143 0 117456 214040 481696 669575 801777rat 7592 4997 1447 779
zsa0 654.260620 54249 0 115600 210243 469133 649433 775031rat 7527 4940 1428 763
summary10:52:10JUL 05/17 33.22 1.193 23zs 0 7547 4960 1436 768 5089 2937 8 358 89 61 27 27 38 8 .5 1.9
dsa192 655.230620 25006 2 55007 103192 249832 367511 466412rat 7490 5069 1461 815
dsa192 655.920620 25093 0 55225 103761 250823 369046 467695rat 7491 5063 1462 808
dsa192 656.620620 24988 1 54535 103202 249518 366649 465338rat 7517 5058 1456 815
dsa192 657.310620 24912 2 54437 102134 246933 362951 461111rat 7480 5059 1457 819
dsa192 658.010620 12956 0 28648 53791 129394 190264 241411rat 7449 5026 1454 809
summary10:56:37JUL 05/17 33.128 1.192 24ds 3 7485 5055 1458 813 4883 2944 4.5 358.9 25 17 3 5 24 13 .5 3.1
co10:59:05ux: UV extended  scan started
co11:06:29ux: UV extended  scan finished, incident DUV =  96.07872 mW/m^2
hpscan11:07:18 0 25905 10 40695 20 55758 30 71382 40 86366 50 97606 60 98097 70 98271 80 98314 90 98583 100 98500 110 97973 120 87531 130 72904 140 57765 150 42276 160 27415
hp11:08:06 .9865339 102750.8 80.7 24
hg11:15:13 .9943 1029.159 1029 341787 24
co11:15:35gi: 05 07 17  3.072694
gia0 675.830610 44533 2 92746 167504 373233 514211 612182
gia0 676.20610 44605 1 93047 167538 373304 515075 613317
gia0 676.570610 44498 0 92975 167366 373486 515022 613156
gia0 676.940610 44236 0 93110 167027 373145 515324 614124
gia0 677.30610 44308 0 92603 166592 371221 513119 610818
dsa192 678.20620 25284 2 54989 103964 250888 368299 467147rat 7502 5047 1452 813
dsa192 678.90620 25234 0 55229 104398 251261 369331 468815rat 7495 5041 1458 816
dsa192 679.590620 25371 1 55396 104413 251525 369196 469743rat 7480 5039 1452 826
dsa192 680.290620 25805 0 56630 106467 257206 378067 479697rat 7489 5058 1459 814
dsa192 680.990620 24975 0 54425 102436 247651 362835 460788rat 7481 5046 1444 818
summary11:19:35JUL 05/17 32.98 1.19 24ds 3 7489 5046 1453 817 4874 2930 5.1 356.3 10 7 6 5 25 14 .5 3.4
zsa0 681.940620 73735 1 154525 278235 623145 862588 1033965rat 7516 4971 1434 787
zsa0 682.640620 68078 0 143182 258390 580156 803060 964386rat 7532 4978 1432 794
zsa0 683.330620 50134 1 106694 193488 436313 605913 727963rat 7569 4997 1440 791
zsa0 684.030620 43659 0 92610 168112 377633 525036 629379rat 7555 4980 1443 780
zsa0 684.720620 41757 1 89212 161873 362817 504060 604263rat 7538 4965 1439 779
zsa0 685.410620 56609 0 119993 217576 490055 681683 821241rat 7577 5005 1450 805
zsa0 686.110620 51899 0 110525 200154 451068 628398 755240rat 7576 5010 1455 793
summary11:24:01JUL 05/17 33.015 1.191 24zs 0 7552 4987 1442 790 5024 2923 7.7 355.2 24 17 8 9 26 10 .3 2.5
co11:26:38gi: 05 07 17  3.098185
gia0 686.870610 39997 2 84064 150556 337980 467157 558016
gia0 687.240610 31594 0 66873 119904 268397 370169 439942
gia0 687.60610 43466 0 91043 163061 365232 505212 604120
gia0 687.970610 45334 1 94838 169312 380002 525694 628378
gia0 688.340610 45312 0 94989 169790 380900 526849 629979
dsa192 689.240620 24267 0 53027 99154 239523 351425 446476rat 7454 5047 1449 819
dsa192 689.930620 6928 0 15275 28524 69350 101349 128707rat 7437 5040 1424 810
dsa192 690.630620 273 2 579 1087 2594 3762 4706rat 7351 4924 1389 743
dsa192 691.320620 6922 0 15010 28125 67580 99069 125521rat 7413 5001 1437 800
dsa192 692.020620 241 0 514 973 2294 3305 4121rat 7292 4837 1359 728
summary11:30:37JUL 05/17 33.103 1.192 24ds 3 7389 4970 1412 780 4893 2938 5 357.7 67 89 37 42 69 20 1.3 4.9
zsa0 692.970620 69386 1 145574 260931 584480 807894 967669rat 7485 4962 1426 781
zsa0 693.660620 81238 2 171644 308942 694506 964618 1159456rat 7554 5010 1452 800
zsa0 694.360620 73722 4 155514 279765 627401 868990 1043238rat 7520 4980 1437 793
zsa0 695.050620 63975 0 135260 243639 546976 757969 909262rat 7523 4979 1435 787
zsa0 695.750620 54988 1 115752 210212 470605 652018 780785rat 7537 4958 1431 777
zsa0 696.440620 65344 3 137741 248813 557852 773304 927580rat 7533 4976 1437 787
zsa0 697.130620 51603 0 107847 192343 424654 582197 688838rat 7346 4847 1383 722
summary11:35:03JUL 05/17 33.189 1.193 25zs 0 7500 4959 1429 778 5009 2921 7.6 354.1 71 52 22 26 25 4 .4 1
dsa192 698.120620 25744 0 56728 106201 256530 376243 476697rat 7457 5046 1448 807
dsa192 698.820620 25920 1 56823 106704 257605 377769 479896rat 7467 5043 1447 818
dsa192 699.510620 25824 0 56985 106411 257557 377788 480751rat 7455 5055 1448 826
dsa192 700.210620 26045 0 56952 106862 258274 379355 481780rat 7475 5055 1454 817
dsa192 700.90620 26107 0 57226 107315 258898 380093 482276rat 7463 5045 1452 813
summary11:39:30JUL 05/17 33.294 1.194 25ds 3 7463 5049 1450 816 4852 2936 4.4 356.5 8 6 3 7 24 10 .3 2.4
co11:41:59ux: UV extended  scan started
co11:49:23ux: UV extended  scan finished, incident DUV =  155.9106 mW/m^2
hpscan11:50:12 0 26590 10 40970 20 56211 30 71391 40 86959 50 97483 60 98052 70 98100 80 97926 90 98017 100 98134 110 97952 120 87719 130 73293 140 57914 150 42677 160 27403
hp11:51:00 .9855951 102421.1 80.7 25
hg11:58:07 .9943 1029.425 1029 365998 25
co11:58:29gi: 05 07 17  3.154266
gia0 718.730610 32658 1 68858 124452 277022 381319 453072
gia0 719.090610 41328 0 87180 157808 352562 487684 581486
gia0 719.460610 37165 2 78217 141592 315893 436776 518522
gia0 719.830610 42432 0 88961 161583 361361 498676 596478
gia0 720.190610 42104 1 88548 160728 358231 495560 590661
dsa192 721.090620 25253 0 55038 104889 253188 372743 473776rat 7540 5055 1462 818
dsa192 721.790620 25421 0 56034 105877 256663 377522 480462rat 7518 5070 1458 824
dsa192 722.490620 25159 0 55107 104966 253316 373589 474838rat 7544 5061 1470 818
dsa192 723.180620 24875 1 54772 103927 251388 370144 470512rat 7530 5064 1463 819
dsa192 723.880620 25172 0 55398 104607 253891 373173 474621rat 7515 5071 1455 821
summary12:02:29JUL 05/17 34.149 1.206 25ds 3 7529 5064 1462 820 4905 2939 5 353.6 13 7 6 3 20 6 .6 1.3
zsa0 724.830620 63277 1 134762 244411 549101 762241 912849rat 7563 4990 1443 779
zsa0 725.530620 50936 1 109141 199101 446139 620561 742275rat 7574 4977 1448 771
zsa0 726.220620 47129 0 99367 179055 395069 541832 639622rat 7385 4843 1384 711
zsa0 726.910620 65112 1 137470 248605 557261 772134 924004rat 7533 4973 1435 776
zsa0 727.610620 48255 0 101068 181822 401218 549265 648769rat 7371 4836 1376 714
zsa0 728.30620 65424 0 138646 251187 562580 779329 932036rat 7537 4969 1434 773
zsa0 7290620 66022 2 140437 254970 573298 798855 956515rat 7591 5013 1461 779
summary12:06:54JUL 05/17 34.372 1.209 26zs 0 7508 4943 1426 758 5084 2942 7.4 354.8 91 72 33 31 23 8 .4 1.9
co12:09:31gi: 05 07 17  3.164463
gia0 729.760610 42312 0 89757 162222 364958 506730 605987
gia0 730.120610 42305 1 89760 162101 363976 505554 604529
gia0 730.490610 42514 0 90266 163005 367038 509218 608874
gia0 730.860610 41950 0 89483 161954 364619 505822 604709
gia0 731.220610 41568 0 87839 159374 358305 497608 594898
dsa192 732.120620 19885 2 43912 83420 202410 298243 379429rat 7540 5072 1462 818
dsa192 732.820620 24337 0 54033 101903 247849 365486 465136rat 7527 5090 1467 821
dsa192 733.520620 24578 0 54189 103038 249885 368506 469154rat 7550 5078 1468 823
dsa192 734.210620 21001 0 46437 87952 213107 314642 400012rat 7529 5075 1471 815
dsa192 734.910620 1309 0 2905 5536 13293 19517 24805rat 7466 4990 1437 806
summary12:13:30JUL 05/17 34.736 1.214 26ds 3 7522 5061 1461 817 4909 2942 4.9 351.9 33 40 14 7 15 23 1.1 5.7
zsa0 735.860620 40314 0 85137 153442 337635 460758 541032rat 7345 4804 1359 686
zsa0 736.560620 39346 1 83297 149953 329022 449671 527264rat 7333 4797 1366 679
zsa0 737.250620 38411 0 81077 146808 322364 439592 515119rat 7351 4790 1356 676
zsa0 737.950620 39405 1 83447 150807 332226 453847 534168rat 7366 4813 1364 696
zsa0 738.640620 39317 2 83213 150156 330000 450862 529522rat 7349 4803 1364 687
zsa0 739.330620 39026 2 82884 149639 329108 449072 527697rat 7349 4800 1359 689
zsa0 740.030620 39218 2 82788 150057 328756 448696 527606rat 7351 4784 1360 692
summary12:17:56JUL 05/17 35.002 1.218 26zs 0 7349 4799 1361 686 5153 2951 7.9 354.5 10 10 4 7 17 11 .5 3.1
co12:21:03ux: UV extended  scan started
co12:28:27ux: UV extended  scan finished, incident DUV =  152.6071 mW/m^2
hpscan12:29:16 0 26566 10 40708 20 55753 30 70636 40 85702 50 97091 60 97296 70 97844 80 97577 90 97550 100 97678 110 97726 120 87784 130 73844 140 58352 150 42906 160 27703
hp12:30:04 .9858579 101952.4 81.3 26
hg12:37:11 .9934 1029.775 1030 366455 26
dsa192 757.960620 23109 0 51976 100945 246098 364769 465902rat 7670 5113 1485 833
dsa192 758.660620 23075 0 51687 100807 245715 364714 466012rat 7693 5118 1491 834
dsa192 759.350620 22688 0 51013 99215 242189 359835 459156rat 7691 5128 1495 828
dsa192 760.050620 22764 0 51268 99306 243042 361760 461587rat 7692 5146 1503 827
dsa192 760.740620 22740 1 51333 100000 243748 362160 462102rat 7691 5121 1495 827
summary12:39:21JUL 05/17 36.517 1.242 26ds 3 7687 5125 1494 830 5032 2967 5.4 350.1 10 13 7 3 17 14 .6 3
zsa0 761.70620 35903 2 77281 140969 311218 427288 503180rat 7436 4842 1385 698
zsa0 762.390620 36242 0 77833 142816 315669 432805 510001rat 7461 4842 1379 701
zsa0 763.090620 40305 0 86967 160348 357429 495308 586014rat 7570 4929 1428 720
zsa0 763.780620 35643 1 76377 140843 310692 427723 502202rat 7491 4850 1397 685
zsa0 764.470620 44385 1 96883 179401 403415 562246 670694rat 7658 4997 1455 757
zsa0 765.160620 51526 0 113148 211252 481375 675540 814642rat 7791 5093 1488 808
zsa0 765.850620 51980 2 114006 212630 483711 679474 819356rat 7784 5090 1493 808
summary12:43:46JUL 05/17 36.874 1.247 26zs 0 7599 4949 1432 740 5232 2976 7.5 352.8 149 113 48 52 38 12 .4 2.7
dsa192 766.840620 21601 1 48782 95035 232738 347638 443223rat 7728 5160 1516 822
dsa192 767.530620 21800 0 49638 96792 237211 353636 451348rat 7726 5155 1507 827
dsa192 768.230620 21919 0 49704 95988 236417 351500 449252rat 7694 5164 1495 833
dsa192 768.920620 21683 2 48943 95390 233649 348601 445432rat 7724 5155 1510 831
dsa192 769.620620 21091 0 47977 93324 229541 341592 436062rat 7721 5161 1499 827
summary12:48:13JUL 05/17 37.247 1.254 26ds 3 7719 5159 1505 828 5069 2999 4.3 354 14 4 8 4 25 8 .5 2
co12:50:42ux: UV extended  scan started
co12:58:06ux: UV extended  scan finished, incident DUV =  82.34065 mW/m^2
co12:58:41ux: UV extended  scan started
co13:06:05ux: UV extended  scan finished, incident DUV =  109.4349 mW/m^2
hpscan13:06:53 0 25822 10 39861 20 54541 30 69332 40 83868 50 96653 60 97781 70 97839 80 97855 90 97841 100 97598 110 97664 120 87893 130 72860 140 57327 150 41391 160 26662
hp13:07:42 .9862258 102268.4 81.7 26
hg13:14:49 .9929 1029.028 1029 357130 26
co13:15:11gi: 05 07 17  3.17466
gia0 795.430610 31262 0 70085 133644 306283 432304 519549
gia0 795.790610 31317 1 69935 133456 305283 431844 518725
gia0 796.160610 31208 0 69529 132599 304157 430087 516957
gia0 796.530610 30859 1 69548 132405 304423 429325 517217
gia0 796.890610 30841 1 69261 131763 302924 428377 515398
co13:17:39ux: UV extended  scan started
co13:25:03ux: UV extended  scan finished, incident DUV =  126.25 mW/m^2
hpscan13:25:51 0 28485 10 42620 20 57394 30 72074 40 86718 50 97119 60 97778 70 97656 80 97563 90 97665 100 97830 110 96641 120 83944 130 68938 140 53529 150 37818 160 23017
hp13:26:40 .9866478 102140.2 79.1 26
hg13:33:46 .9935 1030.21 1030 383341 26
co13:34:09gi: 05 07 17  3.200151
gia0 814.380610 20734 0 47486 93675 217084 309761 372559
gia0 814.750610 21572 0 49678 97972 226863 324106 390213
gia0 815.120610 17122 1 39661 78051 179994 256361 306868
gia0 815.480610 16887 0 39134 77560 178095 253059 303121
gia0 815.850610 18791 1 43312 85903 198073 282428 339071
dsa128 816.730620 8199 0 19330 38197 92864 137416 172250rat 7639 5035 1450 726
dsa128 817.430620 26226 1 61309 121622 294819 435019 544906rat 7656 5031 1447 730
dsa128 818.120620 107763 0 251932 500849 1208628 1780197 2220555rat 7760 5107 1487 749
dsa128 818.820620 103012 1 240592 479057 1158751 1704657 2126509rat 7764 5105 1478 747
dsa128 819.510620 78695 0 183950 367052 888844 1314618 1642276rat 7763 5102 1487 741
summary13:38:07JUL 05/17 42.258 1.347 26ds 2 7716 5076 1470 739 5353 3086 3.9 348.2 63 39 20 10 33 14 .3 2.4
co13:40:36ux: UV extended  scan started
co13:48:00ux: UV extended  scan finished, incident DUV =  113.7367 mW/m^2
hpscan13:48:49 0 26815 10 41099 20 55792 30 70949 40 86126 50 96868 60 97401 70 97848 80 97553 90 97723 100 97343 110 96813 120 84969 130 70045 140 54509 150 39332 160 24312
hp13:49:37 .9866564 102071.7 79.8 26
hg13:56:44 .9939 1030.48 1030 379897 27
zsa0 837.520620 21936 0 51743 104112 237649 337279 401058rat 8143 5125 1527 738
zsa0 838.220620 21964 1 51209 102925 235306 333752 397592rat 8142 5129 1524 746
zsa0 838.910620 22023 0 51828 104309 238791 338749 404493rat 8155 5136 1525 756
zsa0 839.610620 21720 1 51062 102826 235313 334878 398522rat 8169 5148 1539 742
zsa0 840.30620 21487 0 50715 102636 235272 334583 397797rat 8195 5152 1536 737
zsa0 840.990620 20781 2 49794 101758 235210 338138 405056rat 8321 5236 1583 770
zsa0 841.680620 18475 1 46023 96033 226322 330625 402010rat 8565 5390 1653 836
summary13:59:36JUL 05/17 44.784 1.404 27zs 0 8241 5188 1555 761 5807 3117 7.1 347.1 156 97 48 35 56 20 .2 3.4
co14:02:42ux: UV extended  scan started
co14:10:07ux: UV extended  scan finished, incident DUV =  98.57848 mW/m^2
hpscan14:10:55 0 27002 10 41082 20 56396 30 71723 40 86761 50 96900 60 97545 70 97640 80 97655 90 97545 100 97311 110 96584 120 84230 130 69521 140 54281 150 39054 160 24605
hp14:11:44 .9866301 102027.3 79.1 27
hg14:18:50 .9942 1030.345 1030 469403 27
co14:19:12gi: 05 07 17  3.23584
gia0 859.450610 17831 0 44705 95254 228786 338601 412506
gia0 859.820610 16422 2 40745 87399 208681 308554 375137
gia0 860.180610 18023 1 45259 96376 231012 342075 418255
gia0 860.550610 16450 0 41062 87954 211715 312045 379994
gia0 860.910610 14943 1 37432 80218 192076 282895 344648
dsa128 861.730620 65484 0 166594 363618 913836 1398240 1769536rat 8390 5370 1617 779
dsa128 862.430620 61726 1 156797 343092 862635 1320912 1671486rat 8397 5368 1617 776
dsa128 863.120620 52000 1 132591 289090 729376 1118571 1416739rat 8383 5373 1616 774
dsa128 863.820620 55033 0 139876 306065 773333 1184620 1502675rat 8404 5378 1613 782
dsa128 864.510620 61190 2 156319 341771 863151 1324193 1676318rat 8417 5393 1624 777
summary14:23:07JUL 05/17 47.731 1.48 27ds 2 8398 5376 1617 778 5910 3246 3.9 348.1 13 10 4 3 14 10 .3 1.2
zsa0 865.460620 20508 1 52376 113964 275177 410021 502255rat 8946 5587 1742 870
zsa0 866.160620 28908 2 73604 159944 390209 583975 718566rat 9020 5665 1767 894
zsa0 866.850620 19214 3 48192 102828 243834 358425 432381rat 8718 5446 1681 802
zsa0 867.540620 16700 1 41603 87827 206888 300743 361088rat 8590 5364 1631 780
zsa0 868.230620 15535 1 38895 82658 193375 280368 335292rat 8575 5321 1619 762
zsa0 868.930620 14991 0 37473 79699 187053 270864 323969rat 8586 5329 1613 762
zsa0 869.620620 14644 0 36717 78221 182708 265385 316743rat 8586 5321 1626 753
summary14:27:32JUL 05/17 48.303 1.496 27zs 0 8717 5433 1668 803 6147 3234 5.4 351 189 141 63 57 26 15 .5 3.7
dsa128 870.530620 58005 2 150848 333554 848609 1309863 1664261rat 8509 5442 1647 789
dsa128 871.220620 60817 1 157669 349444 890672 1374927 1745278rat 8532 5455 1649 786
dsa128 871.920620 59564 2 155292 345195 879665 1359434 1726928rat 8545 5456 1653 788
dsa128 872.610620 58885 3 154489 342587 875106 1351720 1719493rat 8540 5463 1650 794
dsa128 873.310620 60071 1 157578 350842 896000 1386865 1763495rat 8568 5473 1660 793
summary14:31:54JUL 05/17 48.873 1.513 27ds 2 8539 5458 1652 790 6011 3289 3.2 348.7 22 11 5 3 18 7 .2 .9
co14:34:23ux: UV extended  scan started
co14:41:48ux: UV extended  scan finished, incident DUV =  82.16371 mW/m^2
co14:42:23ux: UV extended  scan started
co14:49:47ux: UV extended  scan finished, incident DUV =  59.65488 mW/m^2
hpscan14:50:36 0 24845 10 39223 20 54269 30 69579 40 84372 50 96704 60 97629 70 97425 80 97393 90 97400 100 97527 110 97244 120 88222 130 73646 140 58711 150 43832 160 28710
hp14:51:24 .985904 101821.1 81.6 27
hg14:58:30 .9925 1030.128 1030 383559 27
co14:59:23ux: UV extended  scan started
co15:06:47ux: UV extended  scan finished, incident DUV =  67.4494 mW/m^2
hpscan15:07:35 0 27423 10 42045 20 56586 30 71843 40 87043 50 97339 60 97228 70 97678 80 97736 90 97529 100 97519 110 96796 120 86427 130 72205 140 56464 150 41686 160 26417
hp15:08:24 .9862556 101877.5 80 27
hg15:15:30 .9926 1030.172 1030 390651 27
co15:15:52gi: 05 07 17  3.20525
gia0 916.120610 8240 0 24025 59764 152922 239586 297696
gia0 916.480610 8145 0 23939 59406 152256 239227 296044
gia0 916.850610 8087 0 23933 59349 151884 238908 295690
gia0 917.210610 8047 0 23692 58987 151416 238093 296026
gia0 917.580610 8135 0 23589 58784 150780 237728 295268
co15:18:21ux: UV extended  scan started
co15:25:45ux: UV extended  scan finished, incident DUV =  55.34056 mW/m^2
hpscan15:26:33 0 28691 10 43347 20 58485 30 72819 40 88442 50 97221 60 97656 70 97407 80 97592 90 97494 100 97356 110 97261 120 85303 130 70984 140 55614 150 40472 160 24967
hp15:27:21 .9859583 101810.1 79.2 26
hg15:34:28 .9931 1030.436 1030 382806 26
co15:34:50gi: 05 07 17  3.200151
gia0 935.080610 5898 1 18325 49167 130518 211035 263646
gia0 935.450610 5888 1 18298 49116 130328 209951 263445
gia0 935.810610 5792 0 18186 48510 128402 208276 260816
gia0 936.180610 5727 0 18102 48436 128176 207486 260314
gia0 936.540610 5749 1 17915 48161 128039 207067 259201
co15:37:18ux: UV extended  scan started
co15:44:43ux: UV extended  scan finished, incident DUV =  42.47018 mW/m^2
hpscan15:45:31 0 27770 10 42534 20 57189 30 72242 40 86719 50 97155 60 97312 70 97567 80 97613 90 97899 100 97926 110 97201 120 86580 130 71971 140 56228 150 40677 160 25833
hp15:46:19 .9863847 101981.7 80.2 26
hg15:53:26 .9938 1030.325 1030 379391 26
co15:54:18ux: UV extended  scan started
co16:01:42ux: UV extended  scan finished, incident DUV =  40.65036 mW/m^2
hpscan16:02:31 0 28420 10 42802 20 57464 30 72015 40 87024 50 97130 60 97829 70 97746 80 97855 90 97589 100 97477 110 97016 120 85844 130 70813 140 54937 150 39417 160 24355
hp16:03:19 .986315 102091 79.7 26
hg16:10:25 .994 1030.58 1031 379638 26
co16:11:18ux: UV extended  scan started
co16:18:42ux: UV extended  scan finished, incident DUV =  33.74248 mW/m^2
hpscan16:19:30 0 28875 10 43153 20 57880 30 72548 40 87215 50 97329 60 97720 70 97660 80 97993 90 97783 100 97832 110 97118 120 84971 130 70445 140 54550 150 38841 160 23695
hp16:20:18 .9866039 102185.2 79.5 26
hg16:27:25 .9935 1029.73 1030 373219 26
co16:27:47gi: 05 07 17  3.179758
gia0 988.020610 1639 0 6398 22297 65460 117499 151178
gia0 988.390610 1609 1 6339 21844 64467 116010 149604
gia0 988.750610 1589 1 6336 21810 64414 115513 148837
gia0 989.120610 1574 0 6233 21612 63911 114899 148429
gia0 989.480610 1566 0 6280 21429 63505 113846 147550
co16:30:15ux: UV extended  scan started
co16:37:39ux: UV extended  scan finished, incident DUV =  25.84533 mW/m^2
hpscan16:38:27 0 28899 10 43321 20 58107 30 72840 40 87425 50 97203 60 97932 70 97528 80 97639 90 97614 100 97907 110 97035 120 84619 130 69703 140 54091 150 38609 160 23174
hp16:39:16 .986395 102083.8 79.2 26
hg16:46:22 .9929 1029.923 1030 360736 26
co16:46:45gi: 05 07 17  3.159365
gia0 1006.980610 1029 0 4466 17243 53944 102544 134771
gia0 1007.350610 1018 0 4447 17307 53675 102245 133618
gia0 1007.710610 1030 0 4370 17057 53302 101284 133016
gia0 1008.080610 988 0 4398 16854 52870 100085 132158
gia0 1008.440610 958 0 4233 16550 51209 97227 127892
co16:49:13ux: UV extended  scan started
co16:56:37ux: UV extended  scan finished, incident DUV =  19.53628 mW/m^2
hpscan16:57:25 0 27315 10 41596 20 56349 30 71347 40 86274 50 97168 60 98023 70 97770 80 97873 90 97689 100 97821 110 97359 120 85581 130 70586 140 54919 150 39365 160 24656
hp16:58:14 .9860597 102327 79.9 26
hg17:05:20 .9925 1030.024 1030 353106 25
co17:06:13ux: UV extended  scan started
co17:13:37ux: UV extended  scan finished, incident DUV =  16.45753 mW/m^2
hpscan17:14:25 0 26573 10 41268 20 56121 30 71144 40 86481 50 97400 60 97850 70 98053 80 98220 90 98105 100 97658 110 97398 120 85848 130 70640 140 54969 150 39524 160 24702
hp17:15:13 .9863549 102515.3 79.9 25
hg17:22:20 .9929 1029.81 1030 355672 25
co17:23:12ux: UV extended  scan started
co17:30:36ux: UV extended  scan finished, incident DUV =  12.44881 mW/m^2
hpscan17:31:24 0 26541 10 41594 20 56823 30 71963 40 87179 50 97391 60 97890 70 98190 80 97931 90 98200 100 98543 110 97286 120 85445 130 70474 140 55052 150 39857 160 25118
hp17:32:13 .9866074 102567.6 79.4 25
hg17:39:19 .9934 1030.236 1030 352333 25
co17:39:41gi: 05 07 17  3.133873
gia0 1059.930610 213 1 973 5142 19661 44780 62198
gia0 1060.290610 214 0 966 5177 19377 44557 61794
gia0 1060.660610 204 1 976 5147 19203 43922 61328
gia0 1061.030610 212 1 964 5036 18987 43681 60740
gia0 1061.390610 199 1 932 4972 18798 43511 60499
co17:42:10ux: UV extended  scan started
co17:49:33ux: UV extended  scan finished, incident DUV =  9.07632 mW/m^2
hpscan17:50:21 0 26571 10 41141 20 56474 30 71572 40 86793 50 97487 60 98162 70 98201 80 98267 90 97985 100 98139 110 97299 120 85398 130 70829 140 55673 150 40361 160 25462
hp17:51:10 .9869586 102573.1 79.6 25
hg17:58:16 .9938 1030.443 1030 342532 25
co17:58:39gi: 05 07 17  3.123676
gia0 1078.890610 136 1 557 3122 12361 31202 45091
gia0 1079.250610 132 0 541 3031 12206 31046 44668
gia0 1079.620610 132 0 543 2996 12138 30866 44401
gia0 1079.980610 120 0 527 2995 12200 30659 44060
gia0 1080.350610 123 0 532 2997 11888 30474 43806
co18:01:07uf: UV fast  scan started
co18:05:22uf: UV fast  scan finished, incident DUV =  6.200845 mW/m^2
hpscan18:06:10 0 26918 10 41642 20 56710 30 71642 40 86730 50 97425 60 97839 70 97728 80 97864 90 98265 100 97884 110 96922 120 85171 130 69506 140 54099 150 38805 160 23341
hp18:06:59 .9867466 102392.6 79.5 25
hg18:14:05 .9939 1030.487 1030 345099 25
co18:14:27gi: 05 07 17  3.103284
gia0 1094.70610 96 0 367 1912 7919 21664 31862
gia0 1095.060610 94 1 360 1856 7894 21474 31786
gia0 1095.430610 95 0 341 1792 7736 21268 31454
gia0 1095.790610 90 1 347 1822 7709 21015 31168
gia0 1096.160610 95 0 335 1769 7594 20780 30962
dsa0 1097.070620 7 0 104 2201 17351 75989 141877rat 25141 13245 5400 1736
dsa0 1097.760620 5 0 85 2045 16122 71232 134010rat 25708 13266 5430 1761
dsa0 1098.460620 5 0 79 1792 14185 63152 118936rat 25474 13298 5454 1758
dsa0 1099.150620 10 0 71 1659 13232 60075 113400rat 25692 13398 5530 1759
dsa0 1099.850620 6 1 67 1610 13215 59956 114199rat 25970 13504 5519 1790
summary18:18:27JUL 05/17 79.79 5.125 24ds 0 25597 13342 5467 1761 19962 7615-.9 347.3 310 108 56 19 253 57 .8 2.1
co18:20:56uf: UV fast  scan started
co18:25:11uf: UV fast  scan finished, incident DUV =  3.994033 mW/m^2
hpscan18:25:59 0 28639 10 43003 20 57780 30 72368 40 87127 50 96943 60 97757 70 97834 80 97788 90 97873 100 97691 110 97137 120 85550 130 70530 140 54968 150 39292 160 24166
hp18:26:48 .9868226 102135.6 79.6 24
hg18:33:54 .9928 1030.712 1031 325118 24
co18:34:17gi: 05 07 17  3.072694
gia0 1114.520610 67 0 242 1000 4251 12706 19332
gia0 1114.880610 67 0 233 980 4188 12415 19182
gia0 1115.250610 72 1 214 980 4132 12411 18969
gia0 1115.610610 65 0 220 979 4130 12163 18733
gia0 1115.980610 69 0 214 942 4094 12163 18709
fza0 1116.911620 0 631 3350 17258 67792 121656
fza0 1117.521620 6 633 3696 20830 87694 162939rat 34845 14894 6145 1903
fza0 1118.121620 3 644 3815 21729 93025 174798rat 29445 14571 6186 1959
fza0 1118.721620 4 622 3436 19466 83115 156583rat 33632 19887 7076 2291
summary18:38:07JUL 05/17 82.219 6.316 24fz 0 32641 16451 6469 2051 26078 9730-3.5 378.3 2833 2980 526 210 2796 2370 24.4 106.1
fza0 1119.611620 2 622 2873 14632 56482 101418
fza0 1120.231620 3 596 3333 18546 80734 153579rat 35527 14360 6551 2011
fza0 1120.821620 7 583 2951 16026 66732 125437rat 31741 18677 7298 2372
fza0 1121.421620 5 568 2809 14904 61119 113454rat 28253 30111 10994 2805
summary18:40:49JUL 05/17 82.544 6.512 24fz 0 31840 21049 8281 2396 24172 12835-39.7 504.1 3638 8139 2379 398 4908 6295 76.4 276
co18:42:27uf: UV fast  scan started
co18:46:41uf: UV fast  scan finished, incident DUV =  2.358894 mW/m^2
hpscan18:47:29 0 30165 10 45068 20 59339 30 74105 40 88638 50 97666 60 97949 70 98091 80 97973 90 97895 100 98124 110 97131 120 85025 130 69931 140 54006 150 38500 160 23356
hp18:48:18 .9863139 102354 78.7 24
hg18:55:24 .9927 1030.304 1030 313554 24
fza0 1136.181620 0 396 1502 6170 21040 36563
fza0 1136.81620 2 394 1484 6434 24161 45102rat 25188 27564 8965 2660
fza0 1137.391620 3 394 1459 6164 22060 40223rat 20255 22656 24655 3827
fza0 1137.991620 5 382 1404 5815 20185 36328rat-6278-3852-1831-1750
summary18:57:23JUL 05/17 84.496 7.906 23fz 0 13055 15456 10596 1579 8002 7473-29.1 221.6 16924 16900 13318 2942 8677 9785 60.8 360.7
fza0 1138.881620 1 373 1399 5432 18270 31575
fza0 1139.51620 4 361 1359 5535 19419 35159rat 20531 23024 8750 3153
fza0 1140.091620 2 362 1318 5216 17696 30921rat-6523-4002-1903-1817
fza0 1140.691620 1 356 1303 5112 17123 30108rat-6595-4046-1924-1837
summary19:00:05JUL 05/17 84.806 8.164 23fz 0 2471 4992 1641-167 3006 4455-16 107.1 15641 15616 6157 2875 6438 7649 45.6 272.8
fza0 1141.581620 0 357 1265 4816 15523 26188
fza0 1142.51620 3 329 1206 4698 14700 24421
fza0 1143.411620 2 341 1170 4458 14116 23840
co19:04:26uf: UV fast  scan started
co19:08:41uf: UV fast  scan finished, incident DUV =  1.264776 mW/m^2
hpscan19:09:29 0 28233 10 42982 20 58146 30 72935 40 88245 50 97739 60 98086 70 98721 80 98375 90 98418 100 98472 110 97540 120 86823 130 71940 140 56252 150 40979 160 25861
hp19:10:18 .9867401 102736.7 79.6 23
hg19:17:24 .9921 1030.784 1031 301193 23
fza0 1158.181620 2 229 738 2531 7206 11741
fza0 1159.091620 1 217 708 2462 6874 11204
fza0 11601620 0 221 705 2391 6616 10807
fza0 1160.911620 0 238 691 2288 6322 10366
co19:45:41uf: UV fast  scan started
co19:49:56uf: UV fast  scan finished, incident DUV =  .2358904 mW/m^2
hpscan19:50:44 0 28107 10 43601 20 59045 30 74352 40 89797 50 98900 60 98880 70 99110 80 99164 90 99113 100 99185 110 98175 120 85909 130 70408 140 55071 150 39728 160 24836
hp19:51:32 .985975 103572.2 78.5 21
hg19:58:38 .9924 1030.333 1030 269355 21
sla 0 1204.10620 253376 0 303522 355543 425685 464482 514509rat 1843 1170 380 433
sla 0 1204.790620 253298 0 304034 355363 425295 464028 514833rat 1831 1167 380 440
sla 0 1205.490620 252892 0 303218 354577 424707 463923 515026rat 1842 1176 385 443
sla 0 1206.180620 252703 0 303021 354614 424665 463809 514707rat 1844 1175 384 441
sla 0 1206.870620 252921 1 302768 354057 424462 462948 514099rat 1839 1173 378 444
sla 0 1207.570620 252934 0 302476 354439 423980 462595 513453rat 1840 1165 380 442
sla 0 1208.260620 252376 1 302168 354173 422823 461884 512833rat 1838 1162 385 444
summary20:06:10JUL 05/17 92.004 99.999 21sl 0 1840 1170 382 441 428 229 303029.6 514208.6 4 5 3 4 13 9 632 790
ap20:08:37 20.58 20.2 18.78 1108.14 12.01 5.04-11.96 24.28 0 17.54 20.3 19.25 5.01-4.92 0 0 0 0 1.32 2.26 5.96 1.03 2.01 2.24 20.49 20.11 18.78 1108.14 12.01 5.04-11.96 23.87 2.14 17.54 20.3 19.25 5.01-4.92 1.3 9.350001 .32 11.47 3.05 2.58 5.96 1.04 2 2.25ed