version=2dh070718Copenhagen 55.716 -12.5615  3.047202pr1000
inst 0 -.90381 -.88811 -1.01801 -1.78069  0  .3455  4.4707  1.153  1465 -328  2.65E-08 1030142463 0  4814  10734  18672  22050  26048 2972mkiii2 0  0  0  0  0  0  0 -66  1  242 -3  770  740  8028  178  2515  .99476  12.88  1725  250  .4  0  256  0 0 0 
disp 2860.48  .075384 -6.58315E-07  2899.71  .0747497 -6.81221E-07  2935.87  .0741645 -7.060291E-07  2970.77  .0735149 -7.24738E-07  3004.99  .0725966 -7.06297E-07  2826.03  .0767217 -7.19396E-07  4290.73  .113076 -9.874721E-07  4349.57  .112124 -1.02183E-06  4403.81  .111247 -1.05904E-06  4456.15  .110272 -1.08711E-06  4507.49  .108895 -1.05945E-06  4239.05  .115082 -1.07909E-06 
zeni .265337 -.346674  .098068 -1.265443  2.065254 -.509788  1.440203 -1.98075  .574513 
co23:16:41fr: Micrometer #1 discrepancy=-56 Now set to o3 offset =-66
co23:18:43fr: Micrometer #2 discrepancy= 66 Now set to offset = 1
hpscan23:19:27 0 95965 10 96243 20 96214 30 96332 40 96093 50 96196 60 87034 70 73146 80 57904 90 42621 100 27804 110 12852 120 874 130 353 140 310 150 282 160 229
hp23:20:15 .9910359 100672.5 23.9 21
hpscan23:20:16 0 32518 10 46123 20 61294 30 76035 40 90538 50 96591 60 96810 70 96831 80 96558 90 96644 100 96730 110 94727 120 81752 130 66878 140 51801 150 36217 160 21684
hp23:21:05 .9858546 101031.2 76.5 21
hg23:28:11 .9883 1023.138 1023 277739 21
hg23:29:46 .9931 1029.677 1030 295598 21
co01:39:14az: Azimuth discrepancy = -75
co01:39:36az: Azimuth discrepancy =  0
hpscan01:40:19 0 26462 10 40971 20 56143 30 70744 40 85007 50 95628 60 96388 70 96405 80 96501 90 96478 100 96555 110 96213 120 84381 130 70727 140 55916 150 40475 160 25373
hp01:41:08 .9874765 100665.3 80.1 21
hg01:48:14 .9931 1029.798 1030 280273 21
sla 0 113.70620 246692 0 295123 344743 411645 449714 498378rat 1824 1163 385 435
sla 0 114.390620 246513 1 295310 344564 411813 450003 498300rat 1824 1168 386 432
sla 0 115.080620 246409 1 294912 344069 411396 449744 497904rat 1827 1172 388 431
sla 0 115.770620 246131 1 294321 344489 411394 449508 497251rat 1834 1164 386 427
sla 0 116.460620 246101 0 294493 343832 410696 448904 497082rat 1825 1166 388 432
sla 0 117.160620 245544 1 294139 343115 410276 448394 496098rat 1825 1171 387 428
sla 0 117.850620 246262 1 294009 342605 410166 447709 496047rat 1821 1170 381 434
summary01:55:46JUL 08/18 94.652 99.999 21sl 0 1826 1168 386 431 446 242 294615.3 497294.3 4 4 2 3 13 6 505.9 974
co02:46:02uf: UV fast  scan started
co02:50:16uf: UV fast  scan finished, incident DUV =  .1559878 mW/m^2
hpscan02:51:05 0 25277 10 39780 20 54771 30 69794 40 84202 50 95545 60 96124 70 96262 80 96053 90 96352 100 96526 110 95580 120 84289 130 69920 140 55303 150 39760 160 24845
hp02:51:53 .9871912 100554 80.2 21
hg02:59:00 .9937 1029.375 1029 281672 21
co03:19:53uf: UV fast  scan started
co03:24:07uf: UV fast  scan finished, incident DUV =  .6008688 mW/m^2
hpscan03:24:56 0 25591 10 39706 20 54918 30 69112 40 83937 50 94963 60 96219 70 96141 80 96106 90 96454 100 96420 110 95851 120 84151 130 69589 140 55048 150 39669 160 24473
hp03:25:44 .9874549 100557.9 80.5 21
hg03:32:50 .994 1030.254 1030 282191 21
co03:33:43uf: UV fast  scan started
co03:37:58uf: UV fast  scan finished, incident DUV =  .908581 mW/m^2
hpscan03:38:46 0 27946 10 41906 20 56470 30 71017 40 84910 50 95562 60 96244 70 96119 80 96220 90 96321 100 96103 110 95688 120 82954 130 68958 140 53989 150 38212 160 22778
hp03:39:34 .9874101 100469.4 79.7 21
hg03:46:41 .9939 1029.965 1030 298581 21
fza0 227.451620 0 374 1431 5842 16745 25486
fza0 228.361620 0 359 1475 5979 17146 26243
fza0 229.271620 0 399 1532 6333 17971 27401
co03:50:19uf: UV fast  scan started
co03:54:34uf: UV fast  scan finished, incident DUV =  1.769088 mW/m^2
fza0 235.311620 0 503 2189 8900 24635 37028
fza0 236.221620 0 509 2148 8920 24688 36866
fza0 237.131620 0 514 2329 9576 26400 39272
fza0 238.041620 0 561 2442 10103 27942 41556
fza0 238.951620 2 585 2574 10420 28962 42826
co03:59:28gi: 08 07 18  2.935039
gia0 239.730610 58 0 195 804 3322 9146 13578
gia0 240.090610 56 0 174 834 3374 9352 13936
gia0 240.460610 60 1 189 840 3489 9526 14104
gia0 240.820610 54 0 182 890 3534 9727 14525
gia0 241.190610 55 0 185 871 3605 9873 14675
co04:10:35uf: UV fast  scan started
co04:14:50uf: UV fast  scan finished, incident DUV =  3.662968 mW/m^2
co04:14:55gi: 08 07 18  2.935039
gia0 255.160610 92 1 331 1691 6864 17378 24964
gia0 255.530610 93 0 349 1693 6937 17601 25336
gia0 255.890610 102 0 345 1790 6995 17715 25607
gia0 256.260610 99 0 332 1783 7138 17929 25722
gia0 256.620610 99 0 371 1814 7255 18086 26016
zsa0 259.990620 155 0 647 3408 13861 34730 50582rat 17279 10083 3988 1618
zsa0 260.680620 145 0 653 3533 13912 35088 50653rat 17284 9971 4017 1579
zsa0 261.370620 158 0 647 3592 14298 35462 51732rat 17370 9945 3944 1625
zsa0 262.060620 157 0 664 3663 14620 36029 52527rat 17326 9929 3916 1622
zsa0 262.750620 159 0 706 3728 14714 36403 52503rat 17105 9897 3933 1575
zsa0 263.440620 173 1 677 3790 14953 36788 52862rat 17339 9873 3909 1559
zsa0 264.130620 185 0 710 3910 15640 37959 54508rat 17262 9872 3850 1556
summary04:22:03JUL 08/18 78.548 4.662 22zs 0 17281 9939 3937 1591 12190 5266-13.5 293.2 86 74 55 30 102 46 1.9 7.9
co04:24:39gi: 08 07 18  2.940138
gia0 264.90610 127 0 484 2429 9383 22507 31947
gia0 265.260610 124 1 492 2417 9461 22683 32078
gia0 265.630610 119 0 489 2455 9617 22690 32260
gia0 265.990610 126 1 483 2520 9554 22795 32210
gia0 266.360610 121 0 501 2492 9576 23047 32425
zsa0 268.90620 201 0 824 4480 17427 41173 58425rat 16969 9635 3733 1505
zsa0 269.590620 187 0 836 4454 16912 39766 56491rat 16755 9509 3713 1510
zsa0 270.280620 197 1 875 4602 17642 41544 58936rat 16752 9558 3719 1504
zsa0 270.970620 187 0 885 4731 18269 43088 61090rat 16856 9595 3726 1501
zsa0 271.670620 206 0 936 4876 18702 43625 61855rat 16666 9518 3678 1501
zsa0 272.360620 215 1 959 5001 18935 44597 62730rat 16661 9505 3720 1467
zsa0 273.050620 203 0 931 5117 19159 44579 63010rat 16784 9403 3667 1488
summary04:30:58JUL 08/18 77.39701 4.298 22zs 0 16778 9532 3708 1497 11989 5134-13 306.6 108 75 25 15 96 57 3.6 16.9
co04:34:04uf: UV fast  scan started
co04:38:19uf: UV fast  scan finished, incident DUV =  5.850587 mW/m^2
hpscan04:39:07 0 27973 10 42033 20 56353 30 70855 40 84706 50 94569 60 95043 70 95511 80 95202 90 95309 100 95262 110 94919 120 83942 130 69291 140 54276 150 38608 160 23384
hp04:39:56 .9870375 99458.32 80 22
hg04:47:02 .9925 1030.011 1030 286214 22
co04:47:25gi: 08 07 18  2.950334
gia0 287.650610 167 0 722 3513 12486 27057 36780
gia0 288.020610 166 0 728 3588 12410 27093 37101
gia0 288.380610 156 0 734 3517 12487 27150 36893
gia0 288.740610 170 1 736 3542 12570 26964 37096
gia0 289.110610 155 0 734 3567 12494 26988 36786
co04:49:53ux: UV extended  scan started
co04:57:16ux: UV extended  scan finished, incident DUV =  6.35482 mW/m^2
hpscan04:58:05 0 25674 10 39679 20 54344 30 68654 40 82565 50 94399 60 95749 70 95798 80 95922 90 95581 100 95904 110 95488 120 84762 130 70587 140 55485 150 40052 160 24339
hp04:58:53 .9879039 99999.82 81.2 22
hg05:05:59 .9925 1029.192 1029 301428 22
dsa0 306.630620 47 0 352 1897 7175 16545 24482rat 14566 8091 3003 1095
dsa0 307.320620 64 0 390 2204 8498 19679 28733rat 14885 8200 3024 1040
dsa0 308.020620 73 0 403 2249 8705 19986 29236rat 14821 8186 2990 1051
dsa0 308.710620 68 1 405 2180 8236 18612 27328rat 14511 8020 2925 1070
dsa0 309.40620 78 1 524 2704 10286 23413 34348rat 14397 8088 2959 1070
summary05:08:00JUL 08/18 72.465 3.21 22ds 0 14636 8117 2980 1065 11228 4817 2.2 302.1 209 75 39 21 261 91 .8 8.2
co05:10:29uf: UV fast  scan started
co05:14:44uf: UV fast  scan finished, incident DUV =  12.93056 mW/m^2
co05:14:49gi: 08 07 18  2.996219
gia0 315.060610 527 0 2440 9893 31940 62368 83402
gia0 315.420610 545 0 2463 10055 32273 63243 84032
gia0 315.790610 555 1 2446 10125 32483 63391 84664
gia0 316.150610 564 0 2593 10230 32714 63884 85267
gia0 316.520610 560 0 2570 10368 33043 64300 85366
dsa0 317.340620 51 1 288 1320 4719 10075 14516rat 13454 7611 2714 1022
dsa0 318.030620 63 0 334 1586 5686 12252 17373rat 13654 7666 2756 955
dsa0 318.720620 92 1 508 2380 8541 18211 26234rat 13573 7633 2714 1026
dsa0 319.420620 105 0 593 2817 10143 21761 31304rat 13676 7679 2743 1023
dsa0 320.110620 144 0 754 3620 12937 27826 40090rat 13710 7664 2758 1032
summary05:18:43JUL 08/18 71.004 2.986 23ds 0 13613 7651 2737 1012 10377 4562 2.4 300.1 102 28 22 32 155 61 .6 5.8
zsa0 321.010620 1024 1 4726 18828 59009 113448 151584rat 13791 7807 2841 1245
zsa0 321.710620 1019 2 4497 17430 54121 103276 136761rat 13599 7733 2808 1205
zsa0 322.40620 1016 0 4399 17078 52946 100074 132473rat 13556 7685 2767 1204
zsa0 323.090620 1007 0 4389 16847 52035 98267 129245rat 13486 7664 2763 1176
zsa0 323.780620 1019 0 4387 16870 51535 96559 127274rat 13412 7582 2728 1185
zsa0 324.470620 1045 0 4422 16720 51174 95629 125903rat 13335 7579 2717 1180
zsa0 325.160620 1068 0 4400 16806 51042 94998 124794rat 13328 7528 2699 1170
summary05:23:05JUL 08/18 70.404 2.904 23zs 0 13501 7654 2760 1195 9677 4242-4.4 318.7 165 98 51 26 91 39 .7 3.2
co05:26:11ux: UV extended  scan started
co05:33:35ux: UV extended  scan finished, incident DUV =  17.53788 mW/m^2
hpscan05:34:23 0 25782 10 39757 20 54827 30 69064 40 83198 50 94512 60 95434 70 95341 80 95291 90 95058 100 95260 110 94672 120 83592 130 69049 140 54119 150 38700 160 23704
hp05:35:12 .9871607 99540.18 80.2 23
hg05:42:18 .9934 1029.824 1030 310896 24
co05:42:40gi: 08 07 18  3.047202
gia0 342.910610 1462 0 5580 18769 54594 97097 125245
gia0 343.280610 1467 1 5649 18842 54530 96993 125128
gia0 343.650610 1471 1 5677 18897 55010 97397 125541
gia0 344.010610 1499 0 5707 18895 54957 97067 124784
gia0 344.380610 1468 0 5674 18896 54486 95811 123176
co05:45:08uf: UV fast  scan started
co05:49:23uf: UV fast  scan finished, incident DUV =  21.69391 mW/m^2
co05:49:28gi: 08 07 18  3.047202
gia0 349.710610 1611 0 6035 19436 55605 96592 123208
gia0 350.080610 1665 1 6055 19624 55664 96757 123811
gia0 350.440610 1676 0 6141 19703 55689 97133 124406
gia0 350.810610 1647 0 6171 19810 55917 97548 124617
gia0 351.170610 1679 0 6231 19980 56243 97374 124428
dsa0 351.990620 308 0 1275 4408 13687 25723 35001rat 11430 6678 2272 878
dsa0 352.680620 474 1 1932 6506 20381 38279 51859rat 11361 6719 2271 861
dsa0 353.370620 674 0 2687 9230 29077 54357 74183rat 11457 6728 2254 896
dsa0 354.070620 1101 0 4443 15468 48342 90487 123568rat 11495 6705 2263 901
dsa0 354.760620 1275 0 4900 17046 52841 99233 135290rat 11478 6689 2279 896
summary05:53:22JUL 08/18 66.2 2.435 24ds 0 11444 6704 2268 886 8607 4063 2.1 308.8 52 21 10 17 11 37 1 3.7
zsa0 355.660620 2452 0 8954 28032 77998 132417 169013rat 11687 6751 2301 1045
zsa0 356.350620 2564 0 9124 28376 78257 133121 170290rat 11629 6721 2310 1055
zsa0 357.040620 2618 0 9286 28998 80449 137152 174392rat 11682 6756 2319 1029
zsa0 357.730620 2699 0 9739 29906 82914 141348 180266rat 11607 6754 2319 1042
zsa0 358.430620 2744 0 9756 30011 83113 140789 179921rat 11582 6721 2292 1051
zsa0 359.120620 2768 1 10057 30539 84946 144489 184292rat 11563 6759 2310 1042
zsa0 359.810620 2785 1 9891 30070 82647 139730 178085rat 11490 6680 2283 1039
summary05:57:44JUL 08/18 65.589 2.38 24zs 0 11606 6735 2305 1043 8267 3809-.5 315.6 69 29 14 8 77 30 .6 4
co06:00:20gi: 08 07 18  3.047202
gia0 360.580610 2125 0 7519 22726 63245 107724 135937
gia0 360.940610 2204 0 7587 23098 63610 108463 137510
gia0 361.310610 2208 0 7724 23094 64191 108893 137589
gia0 361.670610 2193 0 7787 23261 64166 108687 137960
gia0 362.040610 2243 1 7749 23256 64365 108753 137999
co06:02:48ux: UV extended  scan started
co06:10:12ux: UV extended  scan finished, incident DUV =  27.79541 mW/m^2
hpscan06:11:00 0 25680 10 39752 20 54263 30 69053 40 83185 50 94133 60 94603 70 94749 80 95085 90 94909 100 94878 110 94154 120 82934 130 68660 140 53737 150 38569 160 23650
hp06:11:48 .9872544 99116.88 80.1 24
hg06:18:55 .994 1029.388 1029 314380 24
co06:19:17gi: 08 07 18  3.067595
gia0 379.530610 3807 1 12203 33879 89926 147479 185614
gia0 379.890610 3888 1 12526 34818 92919 152605 192161
gia0 380.260610 3972 1 12676 35023 93193 152693 192329
gia0 380.620610 3919 0 12675 34854 93102 152265 191123
gia0 380.990610 3975 0 12760 35058 93937 154097 193510
co06:21:45uf: UV fast  scan started
co06:26:00uf: UV fast  scan finished, incident DUV =  38.25794 mW/m^2
co06:26:05gi: 08 07 18  3.08289
gia0 386.330610 4505 0 14146 37939 100175 162576 203901
gia0 386.70610 4581 0 14280 38148 100684 163173 204448
gia0 387.060610 4616 0 14388 38303 101326 163656 205271
gia0 387.430610 4621 0 14380 38533 101430 164024 205810
gia0 387.790610 4652 0 14429 38525 101606 164234 206196
dsa0 388.60620 30055 0 96484 263709 727359 1216238 1578961rat 9766 5916 1892 786
dsa0 389.290620 29227 1 93823 255275 701965 1172129 1520894rat 9727 5896 1885 783
dsa0 389.990620 38916 0 124459 336723 926765 1545841 2001336rat 9743 5929 1898 787
dsa0 390.680620 38441 2 122864 332172 911912 1517136 1964758rat 9719 5907 1887 788
dsa0 391.370620 37933 2 120019 322770 886109 1472696 1905024rat 9691 5901 1881 783
summary06:29:59JUL 08/18 61.059 2.043 24ds 0 9729 5910 1889 785 7216 3631 3 306.7 28 13 7 2 26 9 .3 1.7
zsa0 392.270620 5330 0 16198 41568 105614 165324 204295rat 10079 6006 1949 905
zsa0 392.960620 5412 0 16407 41831 106278 166358 205337rat 10051 6005 1949 900
zsa0 393.650620 5597 0 16642 42289 106914 167335 206591rat 10015 5983 1949 901
zsa0 394.340620 5661 1 16639 42720 107569 168265 207877rat 10040 5964 1946 904
zsa0 395.030620 5771 0 16911 42838 108561 169273 207942rat 9995 5978 1932 879
zsa0 395.730620 5840 0 17112 43170 109460 170108 209453rat 9965 5965 1918 889
zsa0 396.420620 5882 0 17283 43560 109561 171022 210756rat 9945 5950 1937 893
summary06:34:20JUL 08/18 60.448 2.006 24zs 0 10013 5979 1940 896 7146 3486 2 314 48 21 12 9 36 22 .6 3.3
co06:36:56gi: 08 07 18  3.108382
gia0 397.180610 5554 3 16720 42435 110223 174926 218367
gia0 397.540610 5544 1 16872 42668 110441 175299 219163
gia0 397.910610 5661 0 16952 43075 111136 176050 219925
gia0 398.270610 5705 0 16882 43050 111217 176386 220228
gia0 398.640610 5753 0 17125 43245 111846 176973 220730
co06:39:24ux: UV extended  scan started
co06:46:48ux: UV extended  scan finished, incident DUV =  45.11159 mW/m^2
hpscan06:47:36 0 23542 10 37795 20 52555 30 67201 40 81334 50 93355 60 94823 70 94652 80 94816 90 94841 100 94460 110 94303 120 84059 130 70076 140 55742 150 40989 160 26206
hp06:48:25 .9878042 98921.39 81.2 25
hg06:55:31 .993 1029.897 1030 338461 25
co06:56:24uf: UV fast  scan started
co07:00:39uf: UV fast  scan finished, incident DUV =  53.91224 mW/m^2
co07:00:44gi: 08 07 18  3.159365
gia0 420.970610 8813 0 24044 56088 139172 212465 262318
gia0 421.340610 8873 0 24104 56179 139148 213209 263340
gia0 421.70610 8908 0 24278 56237 140101 213932 263479
gia0 422.070610 8951 1 24481 56649 140325 214041 263287
gia0 422.430610 8961 1 24424 56316 140219 214040 263883
dsa128 423.340620 14872 2 41267 97905 259809 415523 537153rat 8884 5595 1714 787
dsa128 424.030620 14453 0 39477 93375 246767 394573 510370rat 8853 5576 1713 790
dsa128 424.730620 14797 0 40876 96362 254109 405113 523229rat 8820 5556 1701 784
dsa128 425.420620 16818 3 46390 109219 288825 460857 595086rat 8839 5579 1708 786
dsa128 426.110620 16735 1 45952 108166 284602 453778 585475rat 8814 5554 1705 783
summary07:04:43JUL 08/18 56.203 1.784 26ds 2 8842 5572 1708 786 6326 3382 2.8 311 28 17 5 3 23 13 .3 1.7
zsa0 427.080620 10358 1 27117 61429 147253 219246 265983rat 9070 5539 1733 824
zsa0 427.770620 10444 1 27538 61819 148158 220224 267110rat 9022 5531 1725 823
zsa0 428.460620 10508 0 27670 62222 149014 221478 268752rat 9026 5527 1725 825
zsa0 429.150620 10640 0 27962 62465 149732 222020 269966rat 8991 5521 1715 834
zsa0 429.840620 10756 0 28291 62692 150421 222832 270978rat 8956 5521 1711 835
zsa0 430.530620 10957 0 28512 63369 151200 224318 271649rat 8952 5503 1717 816
zsa0 431.230620 11010 0 28682 63628 151911 225005 273087rat 8939 5499 1710 826
summary07:09:09JUL 08/18 55.59 1.756 26zs 0 8994 5520 1719 826 6350 3256 4.1 311.6 48 14 9 7 54 12 .2 1.2
co07:11:45gi: 08 07 18  3.169561
gia0 431.990610 10295 0 27178 60953 149787 225654 277450
gia0 432.360610 10447 0 27595 61428 150581 226104 277986
gia0 432.720610 10571 1 27632 61666 150625 227263 278796
gia0 433.090610 10490 0 27694 61739 151256 228056 279570
gia0 433.460610 10566 1 27802 62021 151797 228703 280059
co07:14:13ux: UV extended  scan started
co07:21:38ux: UV extended  scan finished, incident DUV =  62.04278 mW/m^2
hpscan07:22:26 0 22879 10 37068 20 51721 30 66390 40 80582 50 93189 60 94243 70 94099 80 94261 90 94204 100 94230 110 94069 120 84527 130 70553 140 56490 150 41504 160 26750
hp07:23:15 .9869596 98433.06 81.7 26
hg07:30:21 .9927 1028.905 1029 344309 26
co07:30:44gi: 08 07 18  3.189955
gia0 450.970610 13819 1 34378 73328 174577 257829 315061
gia0 451.340610 14000 0 34404 73220 175458 258053 315211
gia0 451.70610 13860 1 34483 73319 175061 258486 315048
gia0 452.070610 14007 0 34644 73367 175382 257983 314881
gia0 452.440610 13985 0 34893 73701 175160 258185 315449
co07:33:12uf: UV fast  scan started
co07:37:27uf: UV fast  scan finished, incident DUV =  73.13414 mW/m^2
co07:37:32gi: 08 07 18  3.195053
gia0 457.770610 15051 2 36790 76885 182044 266780 325211
gia0 458.140610 15230 1 37031 76971 182785 267761 325975
gia0 458.510610 15255 0 37110 77387 183175 268543 326392
gia0 458.870610 15319 1 37300 77323 183778 268637 326937
gia0 459.240610 15314 0 37381 77663 184515 269148 327496
dsa128 460.060620 34498 0 85540 180800 451625 689465 874509rat 8072 5230 1558 748
dsa128 460.760620 34611 0 85047 179124 449424 683451 866671rat 8060 5234 1542 747
dsa128 461.450620 34260 0 84010 176259 440419 669753 849120rat 8026 5216 1542 746
dsa128 462.150620 33724 0 82420 172416 431450 654599 829885rat 8011 5213 1532 746
dsa128 462.840620 37011 0 91032 190222 474470 722021 916262rat 8013 5218 1548 753
summary07:41:27JUL 08/18 51.189 1.587 26ds 2 8036 5222 1544 748 5643 3178 3.1 312.4 28 9 10 3 32 11 .3 1.4
zsa0 463.80620 17356 0 41426 84185 193799 278110 333932rat 8267 5206 1574 780
zsa0 464.490620 17710 1 42051 84870 194841 279519 334793rat 8224 5193 1573 769
zsa0 465.180620 17773 1 42069 85143 196342 280709 336791rat 8241 5198 1558 777
zsa0 465.870620 17954 0 42514 86052 197698 282213 339274rat 8218 5175 1551 786
zsa0 466.570620 18175 0 43028 86718 199029 284417 341375rat 8200 5176 1556 779
zsa0 467.260620 18304 0 43298 87383 200988 286986 343963rat 8212 5182 1552 772
zsa0 467.950620 18644 1 43698 87986 201816 288613 346156rat 8197 5176 1559 776
summary07:45:52JUL 08/18 50.599 1.568 26zs 0 8223 5187 1560 777 5736 3085 5.5 310.8 25 12 9 6 27 14 .3 2.1
co07:48:29gi: 08 07 18  3.215446
gia0 468.720610 17037 0 40401 81881 191817 278335 337535
gia0 469.080610 17027 0 40654 81831 192395 278595 337601
gia0 469.450610 17238 0 40566 81922 192436 278335 337969
gia0 469.820610 17169 0 40774 82208 192722 278680 338166
gia0 470.180610 17376 0 40956 82272 193521 279471 338903
co07:50:57ux: UV extended  scan started
co07:58:21ux: UV extended  scan finished, incident DUV =  80.88955 mW/m^2
hpscan07:59:09 0 25340 10 39514 20 54447 30 68800 40 82610 50 93371 60 94136 70 93760 80 93612 90 93965 100 94105 110 93395 120 82052 130 67934 140 53852 150 39039 160 24424
hp07:59:58 .9869447 98057 79.8 27
hg08:07:04 .994 1029.434 1029 351378 27
co08:07:27gi: 08 07 18  3.23584
gia0 487.680610 21317 0 48629 94693 219329 312880 377804
gia0 488.050610 21471 0 48876 95326 219768 313500 378308
gia0 488.410610 21599 1 49022 95461 220220 313875 378628
gia0 488.780610 20937 1 47636 92392 213039 302897 366458
gia0 489.140610 20839 1 47407 92256 212488 302798 364247
co08:09:54uf: UV fast  scan started
co08:14:10uf: UV fast  scan finished, incident DUV =  91.87704 mW/m^2
co08:14:15gi: 08 07 18  3.246036
gia0 494.490610 22670 0 51501 98697 227034 321991 387638
gia0 494.860610 22814 0 51561 99182 227631 323022 388774
gia0 495.220610 23036 0 51712 99447 228177 323945 389895
gia0 495.590610 23176 1 51670 99669 227468 323443 389384
gia0 495.960610 22917 0 51450 99161 227100 322219 388407
dsa128 496.780620 54683 0 124120 242532 584390 863069 1084902rat 7537 4999 1446 738
dsa128 497.470620 53282 1 120744 234723 565356 835376 1050046rat 7514 4999 1448 737
dsa128 498.160620 53852 0 121735 235911 568473 839358 1052572rat 7501 4998 1445 727
dsa128 498.860620 51900 1 117461 227893 548527 809071 1017095rat 7496 4988 1440 738
dsa128 499.550620 55603 1 125207 242743 584214 860001 1080115rat 7490 4983 1433 735
summary08:18:09JUL 08/18 46.426 1.445 27ds 2 7508 4993 1442 735 5155 3023 3.8 311.9 19 7 6 5 20 10 .3 2
zsa0 500.510620 33503 0 74596 141690 323213 455155 548122rat 7866 5097 1497 796
zsa0 501.210620 35187 1 78119 148914 339988 480726 579322rat 7905 5120 1515 800
zsa0 501.90620 33742 1 75113 142724 324744 457748 551677rat 7861 5090 1501 800
zsa0 502.590620 34243 0 76112 145159 328715 464035 558218rat 7863 5076 1508 792
zsa0 503.280620 32593 1 72267 136778 309065 434587 522540rat 7801 5048 1490 789
zsa0 503.970620 32732 1 72750 137951 312300 438581 526841rat 7812 5051 1484 785
zsa0 504.670620 33805 0 74577 141197 320134 450973 542261rat 7826 5072 1498 789
summary08:22:35JUL 08/18 45.876 1.431 27zs 0 7848 5079 1499 793 5310 2982 6.1 314.4 37 26 10 6 23 14 .4 2.1
co08:25:11gi: 08 07 18  3.261331
gia0 505.430610 20947 0 46365 87764 199392 280794 335534
gia0 505.80610 20022 0 44614 84206 191287 267594 320695
gia0 506.160610 19821 1 43880 83095 188045 264110 315922
gia0 506.530610 20857 0 46511 87428 198219 278706 333187
gia0 506.90610 23787 2 53281 99811 227100 319891 384014
dsa128 507.720620 31356 1 69659 132159 316667 463022 580644rat 7327 4915 1395 722
dsa128 508.410620 27325 0 60462 114938 275305 402495 505399rat 7330 4909 1393 726
dsa128 509.110620 41482 0 92048 173956 416312 608092 762711rat 7316 4918 1396 727
dsa128 509.80620 37485 0 82487 156644 374257 546664 685840rat 7325 4907 1395 727
dsa128 510.50620 28592 1 63063 119471 285512 416374 523332rat 7299 4892 1384 732
summary08:29:06JUL 08/18 45.077 1.411 28ds 2 7319 4908 1393 727 4994 2977 3.8 310.1 12 10 5 4 23 13 .4 2.1
co08:31:35ux: UV extended  scan started
co08:38:59ux: UV extended  scan finished, incident DUV =  93.79694 mW/m^2
hpscan08:39:47 0 24064 10 38114 20 52507 30 67375 40 81208 50 92934 60 93253 70 93512 80 93599 90 93740 100 93873 110 93580 120 82926 130 69249 140 54808 150 40281 160 25479
hp08:40:36 .9866715 97813.01 81 28
hg08:47:42 .994 1029.81 1030 356723 28
co08:48:04gi: 08 07 18  3.281725
gia0 528.320610 29739 1 63049 115846 259236 359571 430277
gia0 528.680610 30634 0 65217 119733 267953 372975 446030
gia0 529.050610 30608 0 65205 119389 267397 371842 444208
gia0 529.420610 30771 0 64809 118922 266599 370172 442270
gia0 529.780610 30868 1 65535 119802 268692 373395 446680
dsa128 530.60620 60245 0 128866 237525 558456 804945 1003504rat 7126 4820 1355 716
dsa128 531.290620 65060 1 138982 256684 602360 866973 1079792rat 7127 4811 1351 714
dsa128 531.990620 77189 0 164321 302703 710003 1021503 1270691rat 7127 4819 1355 713
dsa128 532.680620 77070 0 164027 301525 707125 1018218 1265066rat 7121 4822 1359 707
dsa128 533.380620 67149 0 143030 262582 615707 885391 1102288rat 7099 4807 1349 713
summary08:51:59JUL 08/18 42.397 1.35 28ds 2 7120 4816 1354 713 4840 2928 4.1 313.5 12 6 4 3 16 8 .3 2
co08:54:28uf: UV fast  scan started
co08:58:43uf: UV fast  scan finished, incident DUV =  117.5694 mW/m^2
co08:58:47gi: 08 07 18  3.291921
gia0 539.040610 32435 0 68052 122513 273105 377789 451344
gia0 539.40610 32454 0 68074 122616 274145 378003 452499
gia0 539.770610 32497 0 68302 122859 274468 378931 453083
gia0 540.140610 32570 1 68413 123272 274897 379583 453017
gia0 540.50610 32619 0 68486 123154 273702 378653 451579
dsa128 541.320620 80219 1 168788 307435 715985 1023945 1271991rat 7034 4770 1332 710
dsa128 542.010620 79754 2 168352 305596 712963 1019997 1266361rat 7030 4780 1334 708
dsa128 542.710620 79811 0 168304 305705 711652 1016265 1261282rat 7015 4763 1326 707
dsa128 543.40620 78238 0 164900 298333 695584 993928 1234015rat 7007 4771 1329 708
dsa128 544.090620 79010 1 165997 299493 698396 998121 1238778rat 6997 4773 1330 707
summary09:02:42JUL 08/18 41.217 1.325 28ds 2 7017 4771 1330 708 4752 2903 4.1 313.9 16 6 3 1 12 6 .4 1.6
zsa0 545.050620 39257 2 81920 145878 318613 434708 514505rat 7255 4768 1358 719
zsa0 545.740620 39586 0 82201 145675 319824 435783 515877rat 7251 4785 1352 720
zsa0 546.430620 39750 1 82349 146151 319358 435704 515345rat 7243 4770 1357 716
zsa0 547.130620 39773 0 82495 146157 319185 435623 514901rat 7234 4769 1359 713
zsa0 547.820620 39880 0 82368 146425 319170 435618 515570rat 7241 4761 1359 719
zsa0 548.510620 40069 2 82967 146667 320731 436500 516984rat 7218 4763 1347 722
zsa0 549.20620 40198 1 83451 147647 323035 439908 520035rat 7227 4768 1349 714
summary09:07:07JUL 08/18 40.747 1.316 28zs 0 7238 4769 1354 718 4943 2873 7.5 313.6 13 8 5 3 16 10 .4 2.1
dsa128 550.10620 86277 2 179709 321770 747204 1063366 1319892rat 6941 4747 1316 711
dsa128 550.80620 86716 0 180464 322858 749608 1067391 1323367rat 6941 4749 1318 706
dsa128 551.490620 87114 1 180982 324143 751699 1069234 1325892rat 6937 4740 1314 707
dsa128 552.190620 87783 0 182803 326040 756728 1075340 1333715rat 6919 4740 1310 709
dsa128 552.880620 87837 1 183018 327277 756467 1076254 1334479rat 6919 4728 1316 708
summary09:11:29JUL 08/18 40.292 1.307 28ds 2 6931 4741 1315 708 4665 2879 4 313 11 8 3 2 12 8 .3 1.5
co09:13:27gi: 08 07 18  3.302118
gia0 553.70610 35125 0 72484 128460 283875 389870 464634
gia0 554.060610 35281 1 72479 127770 283358 388327 463174
gia0 554.430610 35063 1 72552 127723 282425 386932 460740
gia0 554.80610 35238 0 72430 127290 282507 386547 460639
gia0 555.160610 35298 1 72574 127439 282184 386903 461176
co09:15:56ux: UV extended  scan started
co09:23:20ux: UV extended  scan finished, incident DUV =  127.7304 mW/m^2
hpscan09:24:09 0 22866 10 37326 20 51773 30 66161 40 80300 50 92409 60 93069 70 93222 80 93680 90 93164 100 92985 110 93004 120 83301 130 69892 140 55869 150 41040 160 26866
hp09:24:57 .9873574 97381.53 81.3 28
hg09:32:04 .9929 1029.563 1030 363449 29
co09:32:26gi: 08 07 18  3.322511
gia0 572.670610 39545 1 79920 139185 305107 416085 494269
gia0 573.040610 39682 1 80269 139521 306630 416907 495413
gia0 573.410610 39872 1 80585 139936 306647 417678 497243
gia0 573.770610 39942 0 80978 140604 308286 418845 497978
gia0 574.140610 40222 1 81436 141067 309483 421221 500397
dsa128 574.950620 103059 0 209102 366808 838757 1181463 1457846rat 6778 4660 1282 695
dsa128 575.650620 103994 3 209947 367900 842177 1184606 1461409rat 6773 4659 1276 694
dsa128 576.340620 103455 0 209388 366451 838582 1180310 1455150rat 6769 4661 1279 691
dsa128 577.040620 102575 0 207981 363138 830747 1167505 1439933rat 6750 4652 1272 693
dsa128 577.730620 100776 0 203701 356080 814416 1144948 1411393rat 6754 4652 1273 690
summary09:36:20JUL 08/18 37.911 1.265 29ds 2 6765 4657 1276 693 4548 2841 4.4 314.9 12 4 4 2 9 3 .2 .9
zsa0 578.680620 49756 0 99184 170859 369388 497842 586937rat 7018 4675 1305 702
zsa0 579.370620 50046 2 100416 173252 373512 503578 593072rat 7014 4664 1307 698
zsa0 580.070620 50695 0 101859 175266 379015 511368 602623rat 7019 4681 1311 700
zsa0 580.760620 51619 0 103222 177209 383073 516085 609040rat 7002 4674 1304 707
zsa0 581.450620 54878 1 109367 188000 408194 551198 653268rat 7040 4705 1315 726
zsa0 582.140620 56273 2 112990 193496 420437 568266 673860rat 7032 4714 1320 729
zsa0 582.830620 57162 1 114012 196297 424822 574754 680416rat 7043 4701 1324 722
summary09:40:45JUL 08/18 37.528 1.258 29zs 0 7024 4688 1312 712 4746 2821 7.9 314.3 15 19 8 13 32 9 .3 1.6
co09:43:52uf: UV fast  scan started
co09:48:07uf: UV fast  scan finished, incident DUV =  137.1028 mW/m^2
dsa128 588.750620 29561 0 58951 101138 231603 324053 399650rat 6597 4583 1230 674
dsa128 589.440620 20325 2 40747 69763 159213 223277 275164rat 6575 4571 1237 669
dsa128 590.140620 8411 0 16561 28572 64872 90931 111805rat 6573 4538 1231 656
dsa128 590.830620 31013 0 61501 106059 241573 338127 416563rat 6600 4563 1232 670
dsa128 591.530620 4304 1 8508 14482 33081 45808 56221rat 6486 4509 1177 647
summary09:50:08JUL 08/18 36.76 1.246 29ds 2 6566 4553 1221 663 4444 2814 4.2 313.5 46 30 25 11 22 7 .7 1.6
zsa0 592.470620 65681 1 131206 225162 490886 667188 795577rat 7088 4760 1347 756
zsa0 593.170620 62160 0 124214 213007 463716 627893 746497rat 7059 4734 1329 742
zsa0 593.860620 53556 2 106750 181777 392401 528149 623814rat 6957 4664 1300 711
zsa0 594.550620 65269 1 129876 221038 480341 649652 771874rat 7015 4723 1325 739
zsa0 595.250620 63783 0 126810 216071 470325 637118 756228rat 7033 4736 1332 735
zsa0 595.940620 52226 0 103375 175534 377999 506572 598306rat 6914 4633 1281 710
zsa0 596.630620 53198 1 105291 178855 384679 516381 608243rat 6918 4636 1288 698
summary09:54:33JUL 08/18 36.422 1.24 29zs 0 6998 4698 1315 727 4671 2805 7.9 314.2 69 52 25 21 18 10 .4 2.4
dsa128 597.530620 66638 1 132364 226110 514728 717280 885085rat 6575 4572 1226 688
dsa128 598.230620 43156 4 86048 146323 333227 465564 573501rat 6547 4567 1230 675
dsa128 598.920620 93521 0 185932 316933 721107 1006564 1239974rat 6596 4598 1242 689
dsa128 599.620620 68905 2 136689 232914 528992 738595 910424rat 6566 4573 1236 685
dsa128 600.310620 54788 1 108900 185464 421227 587798 723310rat 6548 4559 1229 673
summary09:58:55JUL 08/18 36.101 1.235 29ds 2 6566 4574 1233 682 4385 2799 4.1 312.5 20 15 6 8 10 8 .3 2
co10:00:52gi: 08 07 18  3.348003
gia0 601.130610 37262 0 74174 125557 272643 366754 434798
gia0 601.490610 43914 0 86433 146719 319422 431767 512807
gia0 601.860610 45940 1 90476 152959 333134 450051 535193
gia0 602.220610 45904 0 90587 153233 334470 451604 536371
gia0 602.590610 46735 0 92160 155729 339533 458230 545634
dsa128 603.40620 105158 0 208588 355263 805296 1121625 1381977rat 6580 4583 1237 693
dsa128 604.10620 64116 2 126954 216068 490607 683831 841949rat 6550 4562 1227 679
dsa128 604.80620 18913 1 37147 63054 142821 198872 244283rat 6484 4513 1209 657
dsa128 605.490620 11519 1 22775 38301 86863 120550 148176rat 6428 4499 1192 658
dsa128 606.180620 9615 1 19017 32184 72962 101190 124751rat 6450 4493 1189 671
summary10:04:47JUL 08/18 35.693 1.229 29ds 2 6498 4530 1211 672 4349 2783 4.4 310.3 65 40 21 15 35 15 .4 3.2
zsa0 607.130620 61285 1 121055 204203 440557 591908 699594rat 6911 4658 1294 715
zsa0 607.830620 59355 2 117036 197097 423332 567659 670329rat 6874 4629 1285 710
zsa0 608.520620 60967 1 119926 201555 433848 581345 686209rat 6873 4636 1282 709
zsa0 609.210620 62455 0 123323 206985 446324 598955 708695rat 6883 4651 1289 720
zsa0 609.90620 62507 1 123433 207131 446059 598154 707035rat 6873 4642 1286 715
zsa0 610.590620 61415 1 120576 202450 436584 583740 689454rat 6867 4635 1273 712
zsa0 611.290620 61020 2 119814 201227 433032 579582 684541rat 6863 4630 1277 712
summary10:09:12JUL 08/18 35.406 1.224 29zs 0 6878 4640 1284 713 4595 2786 7.9 313.2 16 11 7 4 15 6 .2 1.4
co10:11:49gi: 08 07 18  3.348003
gia0 612.050610 46353 1 91197 152942 332688 447228 531141
gia0 612.420610 46065 0 90520 151830 329570 443099 526647
gia0 612.780610 45773 0 89607 150620 326917 440007 522573
gia0 613.150610 41113 0 80608 135913 294066 394858 467110
gia0 613.520610 41893 0 82312 137795 299858 403102 477739
dsa128 614.330620 106307 2 209974 354678 801349 1112071 1367779rat 6519 4556 1223 687
dsa128 615.030620 114851 1 226054 382660 864100 1199472 1473953rat 6536 4561 1227 685
dsa128 615.720620 111660 1 220309 371577 839286 1166088 1434590rat 6523 4564 1230 690
dsa128 616.420620 108534 1 213370 360147 813864 1128916 1388555rat 6518 4557 1222 688
dsa128 617.110620 60511 1 119121 200594 454321 630693 777238rat 6479 4534 1210 684
summary10:15:43JUL 08/18 35.011 1.218 29ds 2 6515 4554 1222 687 4318 2776 4.3 311.4 21 12 8 2 19 6 .1 1.3
co10:18:11ux: UV extended  scan started
co10:25:36ux: UV extended  scan finished, incident DUV =  128.1859 mW/m^2
hpscan10:26:24 0 22512 10 36703 20 51302 30 65761 40 79577 50 91989 60 92988 70 93135 80 93146 90 92985 100 93099 110 92975 120 83322 130 70014 140 55735 150 40795 160 26599
hp10:27:13 .9871657 97221.88 81.7 29
hg10:34:20 .993 1028.711 1029 365207 30
co10:34:42gi: 08 07 18  3.373494
gia0 634.940610 32056 0 63565 107684 232261 310758 367029
gia0 635.310610 32254 0 63491 107205 231106 309477 365185
gia0 635.680610 31847 0 62869 106047 228844 307735 362321
gia0 636.040610 31632 0 62496 105525 227822 304652 359155
gia0 636.410610 31844 2 62634 105942 228862 306291 360647
dsa128 637.410620 22639 1 44012 74118 167668 232568 284523rat 6445 4503 1198 644
dsa128 638.10620 47059 1 92090 154428 349069 482422 593011rat 6428 4501 1189 671
dsa128 638.80620 116456 0 227253 381637 858993 1188452 1458445rat 6481 4538 1215 681
dsa128 639.50620 125853 2 245724 411700 928675 1283813 1575451rat 6485 4551 1214 684
dsa128 640.190620 49738 1 97467 163382 368287 510965 627178rat 6434 4508 1207 665
summary10:38:47JUL 08/18 33.92 1.203 30ds 2 6455 4520 1205 669 4315 2781 4 316.5 27 23 11 16 40 17 .4 4.1
zsa0 641.140620 59652 0 115974 193760 414721 552117 650131rat 6791 4581 1253 697
zsa0 641.840620 56821 2 110624 184459 394168 525045 616542rat 6775 4574 1255 684
zsa0 642.530620 55626 1 108162 180399 384874 511722 600792rat 6760 4558 1246 683
zsa0 643.220620 54436 3 106541 176850 377953 502124 588685rat 6743 4562 1243 677
zsa0 643.910620 55031 0 107407 178654 380856 506272 593778rat 6744 4554 1245 679
zsa0 644.60620 56511 0 109642 182595 390782 518993 608844rat 6763 4568 1242 680
zsa0 645.30620 58287 0 113241 188100 402943 535031 629539rat 6756 4572 1241 693
summary10:43:13JUL 08/18 33.769 1.201 30zs 0 6762 4567 1246 685 4571 2780 8.2 317.1 17 10 6 8 17 8 .3 2.1
co10:45:49gi: 08 07 18  3.378592
gia0 646.050610 47980 0 93379 155204 336378 451765 536556
gia0 646.420610 45947 0 89665 148865 322415 432485 512514
gia0 646.790610 44725 1 87147 144804 313774 420082 497905
gia0 647.150610 40438 2 79009 131090 283460 379110 448032
gia0 647.520610 42713 0 83068 138244 298584 399616 473536
dsa128 648.330620 106387 0 207929 347392 783012 1084224 1333568rat 6462 4542 1216 689
dsa128 649.030620 87182 0 170526 284388 643009 889180 1092678rat 6445 4536 1204 680
dsa128 649.730620 118928 1 233323 389442 877714 1213899 1492201rat 6464 4546 1215 690
dsa128 650.420620 124025 1 242545 404996 913547 1261593 1551219rat 6467 4547 1210 693
dsa128 651.120620 119669 1 234256 391018 881714 1218293 1498012rat 6463 4545 1211 692
summary10:49:43JUL 08/18 33.581 1.198 30ds 2 6460 4543 1211 689 4256 2767 3.9 314.3 9 4 5 5 7 6 .2 1.4
zsa0 652.060620 62696 0 121513 201276 432429 574872 678044rat 6765 4593 1247 705
zsa0 652.760620 61953 1 120857 200100 428283 569620 672005rat 6748 4578 1249 706
zsa0 653.450620 61942 2 120739 199505 428493 569719 671190rat 6753 4592 1248 699
zsa0 654.140620 62228 3 120855 200456 428876 571703 673886rat 6765 4586 1259 702
zsa0 654.840620 61716 1 120296 199850 428356 571648 673767rat 6784 4599 1264 701
zsa0 655.530620 60008 1 116968 194528 416401 555644 654941rat 6782 4592 1263 701
zsa0 656.220620 59170 0 115639 192506 413519 549926 649693rat 6786 4592 1248 711
summary10:54:08JUL 08/18 33.478 1.197 30zs 0 6769 4590 1254 704 4517 2767 8.100001 314.8 15 7 8 4 17 9 .4 2.2
dsa128 657.120620 79336 0 155328 259058 585356 811332 1000347rat 6448 4538 1213 694
dsa128 657.820620 23139 1 45210 75414 170838 236666 291368rat 6409 4507 1194 673
dsa128 658.510620 95242 2 186055 309481 698563 964983 1186807rat 6431 4531 1203 686
dsa128 659.210620 129456 1 252660 420938 948351 1309651 1607735rat 6458 4546 1212 687
dsa128 659.90620 138590 2 271219 451626 1015923 1401208 1721494rat 6451 4541 1209 693
summary10:58:30JUL 08/18 33.394 1.196 30ds 2 6439 4533 1206 687 4242 2762 3.9 313.9 20 15 8 8 14 7 .2 1.8
co11:00:28gi: 08 07 18  3.388789
gia0 660.720610 47527 0 92894 153139 332883 445333 528282
gia0 661.080610 47203 1 92055 152340 329479 441988 523724
gia0 661.450610 45493 0 88759 146540 317392 425756 504283
gia0 661.810610 45025 1 88179 145837 316116 423349 501373
gia0 662.180610 43647 0 85751 141505 306663 410504 486215
dsa128 662.990620 109123 2 213226 355853 802549 1110660 1365106rat 6462 4546 1215 688
dsa128 663.690620 101260 1 198296 332010 747918 1035468 1274554rat 6467 4537 1215 692
dsa128 664.390620 98018 0 191983 320894 723323 1000597 1231421rat 6455 4534 1210 690
dsa128 665.080620 118313 2 231397 385642 869921 1202752 1477334rat 6461 4549 1214 687
dsa128 665.780620 128713 0 251663 419605 944659 1303064 1600560rat 6453 4538 1207 690
summary11:04:23JUL 08/18 33.314 1.195 30ds 2 6460 4541 1212 689 4254 2763 4.1 314.3 6 6 4 2 8 9 .4 2.2
zsa0 666.720620 64808 2 126244 208857 448346 596202 702921rat 6759 4592 1249 703
zsa0 667.420620 65022 1 126503 209172 449176 597207 705326rat 6758 4592 1248 711
zsa0 668.110620 63033 0 122991 203491 436050 579758 683936rat 6750 4582 1248 706
zsa0 668.810620 60633 1 117826 194996 416729 554027 651605rat 6737 4568 1247 692
zsa0 669.50620 58102 1 113052 187719 399794 530647 624323rat 6727 4545 1239 693
zsa0 670.190620 57939 0 112951 186811 399122 530173 622850rat 6727 4562 1243 686
zsa0 670.880620 59525 2 115872 192206 410540 546228 641547rat 6747 4569 1250 686
summary11:08:48JUL 08/18 33.277 1.194 30zs 0 6744 4573 1246 697 4515 2765 8.2 315.2 13 17 4 10 24 11 .4 2.6
co11:11:54ux: UV extended  scan started
co11:19:18ux: UV extended  scan finished, incident DUV =  142.1657 mW/m^2
hpscan11:20:07 0 25463 10 39178 20 53553 30 67687 40 81614 50 92326 60 93023 70 92818 80 93063 90 93013 100 93168 110 92112 120 81829 130 67832 140 53742 150 39284 160 25035
hp11:20:55 .9872227 97111.37 80.1 30
hg11:28:02 .9937 1029.8 1030 366802 30
co11:28:24gi: 08 07 18  3.404084
gia0 688.640610 48839 1 94986 158962 345352 464093 551098
gia0 689.010610 48754 0 94877 159065 345572 464178 551214
gia0 689.380610 48760 0 95235 159634 345653 464872 551046
gia0 689.740610 48893 0 95077 159690 345190 463959 549507
gia0 690.110610 48707 0 94905 159316 344209 462752 548439
dsa128 690.920620 136418 3 266272 449964 1011716 1402318 1715552rat 6535 4561 1231 674
dsa128 691.620620 138334 2 270249 455819 1025934 1418347 1738371rat 6522 4555 1220 683
dsa128 692.310620 136173 1 265915 449567 1011429 1399493 1715738rat 6531 4555 1223 683
dsa128 693.010620 130370 0 254658 429937 967732 1339010 1643446rat 6522 4552 1221 687
dsa128 693.710620 131609 3 257494 435151 978332 1355222 1662972rat 6528 4554 1227 686
summary11:32:18JUL 08/18 33.417 1.196 30ds 2 6528 4555 1224 683 4343 2783 4.4 318.8 6 3 5 5 21 10 .2 2.5
zsa0 694.650620 61606 0 120323 201155 429166 571279 671638rat 6780 4568 1253 690
zsa0 695.340620 61696 0 120139 200865 429036 571516 671285rat 6789 4576 1256 686
zsa0 696.040620 61358 1 119741 200093 428546 569481 670128rat 6788 4577 1245 694
zsa0 696.730620 61802 0 120052 200869 429810 573220 673140rat 6805 4589 1261 685
zsa0 697.420620 62409 2 121827 203106 434720 579518 681991rat 6789 4589 1260 695
zsa0 698.110620 62422 1 121798 204172 437162 582764 686062rat 6815 4590 1260 697
zsa0 698.810620 62128 1 121466 202393 433722 577894 680736rat 6790 4591 1257 699
summary11:36:43JUL 08/18 33.507 1.197 30zs 0 6794 4583 1256 692 4578 2778 8.5 317.4 12 9 6 5 20 8 .3 2
co11:39:20gi: 08 07 18  3.429576
gia0 699.570610 47150 0 92226 154092 333951 448566 531590
gia0 699.930610 46893 0 91758 153230 332575 446348 529242
gia0 700.30610 46505 0 91200 152424 330911 444298 527199
gia0 700.670610 46513 0 90886 151882 329213 442499 525028
gia0 701.030610 46265 1 90957 151847 329052 441500 523876
dsa128 701.840620 122336 1 239959 404802 913665 1266230 1556259rat 6528 4565 1225 690
dsa128 702.540620 116997 1 230261 388911 878417 1217383 1496959rat 6532 4564 1224 691
dsa128 703.230620 118656 1 233279 393973 890021 1233123 1517373rat 6533 4565 1223 694
dsa128 703.930620 115830 3 228335 385536 869964 1208418 1484690rat 6536 4570 1234 687
dsa128 704.620620 71470 0 140558 237774 537945 746107 919944rat 6509 4540 1213 691
summary11:43:13JUL 08/18 33.674 1.199 31ds 2 6528 4561 1224 691 4318 2775 4.4 316.1 11 12 8 3 15 10 .3 2.4
zsa0 705.570620 59967 1 117413 196866 421996 561958 661662rat 6814 4589 1254 696
zsa0 706.260620 59131 0 115315 193605 414717 553352 650809rat 6824 4594 1263 691
zsa0 706.960620 59248 0 116028 194482 416717 555571 654019rat 6815 4592 1259 695
zsa0 707.650620 58031 2 113276 190585 408741 545593 641991rat 6840 4601 1264 693
zsa0 708.350620 58902 2 115648 193484 415605 555244 655819rat 6827 4612 1268 710
zsa0 709.040620 59590 1 116608 195719 420721 561861 663587rat 6843 4614 1267 710
zsa0 709.730620 63358 1 124583 208991 450006 601934 712212rat 6858 4631 1275 718
summary11:47:39JUL 08/18 33.813 1.201 31zs 0 6832 4605 1264 702 4586 2779 8.5 316.9 16 15 7 11 26 8 .1 1.9
dsa128 710.630620 78174 0 154597 261757 592300 822478 1014625rat 6523 4551 1220 694
dsa128 711.320620 1639 3 3305 5543 12529 17203 20990rat 6364 4442 1148 627
dsa128 712.010620 166 0 311 508 1194 1623 1937rat 6371 4565 1103 530
dsa128 712.710620 327 0 659 1112 2529 3447 4221rat 6380 4434 1115 642
dsa128 713.40620 459 1 880 1485 3390 4665 5691rat 6443 4494 1157 626
summary11:52:00JUL 08/18 33.967 1.204 31ds 2 6416 4497 1149 624 4420 2863 1.3 336 68 60 46 59 151 143 5.3 34.4
co11:53:57gi: 08 07 18  3.439772
gia0 714.210610 42050 0 83423 140218 306473 412259 491417
gia0 714.580610 44344 3 87024 147114 320197 432508 515261
gia0 714.940610 44211 0 87007 146814 319826 431533 513429
gia0 715.310610 42805 0 84351 142339 310832 418974 497717
gia0 715.680610 32855 2 65137 110369 238825 321676 380550
dsa128 716.490620 33813 3 66937 113085 256943 358108 440854rat 6506 4550 1221 673
dsa128 717.180620 297 0 545 926 2091 2875 3434rat 6416 4440 1152 533
dsa128 717.880620 96 0 204 327 753 1028 1239rat 6216 4494 1121 572
dsa128 718.570620 90 0 169 298 654 906 1056rat 6485 4348 1185 427
dsa128 719.270620 75 1 169 308 662 906 1077rat 6506 4214 1134 513
summary11:57:52JUL 08/18 34.205 1.207 31ds 2 6426 4409 1163 544 4686 2904 3.4 344.9 123 132 41 90 325 112 6.4 26.8
zsa0 720.210620 56483 0 110945 187751 403496 539642 637537rat 6882 4618 1273 710
zsa0 720.90620 58154 2 115178 194195 417791 559756 660296rat 6880 4631 1281 704
zsa0 721.60620 61081 0 120467 203855 439624 590847 698669rat 6923 4658 1295 715
zsa0 722.290620 59589 3 117357 198169 426456 571268 676631rat 6888 4633 1281 722
zsa0 722.980620 59678 1 117674 198563 427569 573115 676399rat 6891 4638 1283 707
zsa0 723.680620 57632 2 113266 191440 411600 550914 651251rat 6883 4624 1276 713
zsa0 724.370620 51373 1 101526 171981 369049 493605 581602rat 6876 4608 1272 698
summary12:02:17JUL 08/18 34.405 1.21 31zs 0 6889 4630 1280 710 4617 2783 8.600001 315.7 16 16 8 8 23 13 .4 3
co12:05:23ux: UV extended  scan started
co12:12:48ux: UV extended  scan finished, incident DUV =  105.1805 mW/m^2
hpscan12:13:36 0 25208 10 39214 20 53774 30 67323 40 81417 50 92078 60 92296 70 92540 80 92453 90 92421 100 92678 110 91896 120 81674 130 68287 140 54298 150 39921 160 25516
hp12:14:25 .9872135 96492.81 80.3 30
co12:15:44uf: UV fast  scan started
co12:20:00uf: UV fast  scan finished, incident DUV =  105.9405 mW/m^2
dsa128 740.640620 32488 0 64627 111875 254022 356046 439728rat 6622 4564 1243 684
dsa128 741.330620 96233 2 191762 333275 757636 1060359 1305621rat 6698 4614 1257 688
dsa128 742.030620 46343 0 92331 160647 365805 511601 630021rat 6659 4578 1237 675
dsa128 742.720620 159 0 310 533 1204 1677 2006rat 6512 4489 1205 536
dsa128 743.420620 153 2 298 532 1174 1617 1963rat 6549 4350 1158 601
summary12:22:01JUL 08/18 35.514 1.226 31ds 2 6608 4519 1220 637 4570 2827 5.6 321.3 77 105 40 67 144 88 3.3 20.7
zsa0 744.360620 56606 0 115284 201462 441456 603293 720194rat 7206 4801 1369 758
zsa0 745.060620 49534 1 100628 175703 383260 520444 619807rat 7148 4748 1339 745
zsa0 745.750620 51919 2 105296 183432 400711 545353 649430rat 7156 4765 1349 746
zsa0 746.440620 51896 0 105426 184655 406098 555692 665364rat 7233 4819 1373 770
zsa0 747.130620 38983 0 80152 141426 311145 424782 506954rat 7246 4802 1360 753
zsa0 747.830620 37864 1 77912 137817 302449 413186 493968rat 7248 4793 1362 760
zsa0 748.520620 44589 1 91209 160026 351221 479848 574649rat 7219 4798 1364 769
summary12:26:26JUL 08/18 35.809 1.23 31zs 0 7208 4789 1359 757 4785 2822 8.899999 320.5 41 24 12 10 30 11 .4 2.6
dsa0 749.480620 13114 1 26168 44604 99939 138035 167012rat 6410 4424 1171 588
dsa0 750.180620 19455 0 38691 66149 148530 205065 249848rat 6435 4436 1171 620
dsa0 750.870620 2700 0 5472 9344 20814 28451 34045rat 6338 4346 1122 537
dsa0 751.570620 5074 1 10130 17465 39296 53733 65543rat 6426 4392 1124 621
dsa0 752.260620 1794 3 3556 6211 13823 19120 22789rat 6484 4393 1173 520
summary12:30:52JUL 08/18 36.119 1.235 30ds 0 6419 4398 1152 577 4571 2841 4.8 322.3 53 35 27 47 157 59 .9 13.7
co12:32:48gi: 08 07 18  3.414281
gia0 753.060610 18338 1 37578 66087 144662 196405 232362
gia0 753.420610 18258 0 37549 66246 144502 197006 232583
gia0 753.790610 18436 0 37780 66521 145371 197771 233926
gia0 754.160610 18487 0 38278 67252 146861 199467 236910
gia0 754.520610 18644 0 38713 67926 148254 201527 238674
dsa0 755.40620 1050 1 2090 3766 8193 11259 13372rat 6488 4263 1144 503
dsa0 756.10620 982 0 2002 3539 7813 10659 12707rat 6435 4294 1112 520
dsa0 756.790620 991 0 2088 3526 7658 10448 12594rat 6165 4224 1112 568
dsa0 757.490620 1833 1 3720 6386 14187 19446 23309rat 6356 4343 1133 543
dsa0 758.180620 7421 1 14840 25391 57200 78814 95903rat 6428 4429 1157 610
summary12:36:47JUL 08/18 36.559 1.242 30ds 0 6374 4311 1132 549 4619 2812 7 313.8 126 79 20 42 214 63 2.2 14.8
zsa0 759.150620 52742 1 106978 185696 403294 547191 649266rat 7103 4727 1336 730
zsa0 759.850620 55803 1 113046 196747 430633 584719 696121rat 7155 4767 1340 746
zsa0 760.540620 68171 0 139701 244404 540226 739936 888370rat 7271 4858 1383 787
zsa0 761.230620 69057 0 140912 245766 544036 745652 897409rat 7267 4868 1386 797
zsa0 761.920620 62148 1 127652 223891 496689 682441 821718rat 7307 4884 1395 798
zsa0 762.610620 58818 0 120140 211046 469135 644083 775833rat 7316 4887 1391 799
zsa0 763.30620 51256 1 105576 185085 411037 565326 679027rat 7304 4885 1396 785
summary12:41:13JUL 08/18 36.905 1.248 30zs 0 7246 4839 1375 777 4758 2830 7.8 318.4 84 65 26 28 23 12 .5 2.4
co12:43:50gi: 08 07 18  3.388789
gia0 764.070610 21383 0 44399 77921 171649 234177 279315
gia0 764.430610 22114 0 45271 79581 175540 239389 284890
gia0 764.80610 22553 1 46519 81851 179935 245662 292453
gia0 765.170610 25128 0 51862 90313 199682 272072 324640
gia0 765.530610 23822 0 49022 85790 189336 258134 308047
dsa0 766.410620 97198 3 195328 335483 755167 1043980 1272325rat 6530 4504 1197 637
dsa0 767.110620 97486 1 196101 335705 754346 1041138 1264866rat 6500 4488 1190 623
dsa0 767.80620 3046 0 6085 10508 23818 32960 39665rat 6502 4466 1172 558
dsa0 768.50620 1066 1 2203 3838 8682 11634 13884rat 6391 4317 1031 521
dsa0 769.190620 1139 0 2332 4061 9000 12436 14798rat 6431 4360 1164 509
summary12:47:48JUL 08/18 37.445 1.257 30ds 0 6471 4427 1151 570 4648 2883 3.8 326.6 58 83 68 58 140 51 1 11.3
co12:50:15ux: UV extended  scan started
co12:57:39ux: UV extended  scan finished, incident DUV =  83.23095 mW/m^2
hpscan12:58:27 0 25857 10 39946 20 54368 30 68128 40 82144 50 92343 60 93012 70 92838 80 92699 90 92994 100 92792 110 92569 120 81516 130 67827 140 54064 150 39645 160 25262
hp12:59:15 .9869001 96921.02 79.9 30
hg13:06:22 .9928 1029.882 1030 351009 30
co13:06:44gi: 08 07 18  3.368395
gia0 786.980610 34120 0 70670 125629 280054 384532 460448
gia0 787.340610 34102 0 70585 126000 281034 386414 462591
gia0 787.710610 33935 0 70264 125215 279272 383838 459728
gia0 788.080610 33833 1 69964 125036 278816 383673 459290
gia0 788.440610 34019 0 70779 125764 279820 386443 461856
dsa128 789.260620 75970 4 158925 286319 666721 951269 1181389rat 6992 4769 1327 712
dsa128 789.950620 72604 0 152203 273960 639286 912443 1133782rat 6995 4776 1327 714
dsa128 790.650620 70984 80 148824 268510 625913 893533 1110581rat 7001 4772 1327 714
dsa128 791.340620 63243 3 132516 238959 556962 796229 989517rat 6993 4769 1330 711
dsa128 792.030620 68502 2 143987 259253 604927 864114 1074768rat 6992 4774 1328 716
summary13:10:38JUL 08/18 39.546 1.293 30ds 2 6995 4772 1328 713 4712 2896 4 320 4 3 1 2 6 3 .1 .9
zsa0 792.980620 45580 1 96306 174204 390416 540590 650726rat 7507 4952 1425 794
zsa0 793.680620 47132 0 99160 179132 402028 557334 672133rat 7514 4965 1431 802
zsa0 794.370620 46881 1 99332 179716 403584 560273 674818rat 7530 4974 1437 797
zsa0 795.060620 43832 3 92679 166996 374199 518630 623084rat 7492 4954 1428 785
zsa0 795.760620 42096 0 89220 161361 360656 500381 600385rat 7500 4946 1432 779
zsa0 796.450620 39974 0 84795 153490 344197 477149 574023rat 7512 4955 1428 790
zsa0 797.140620 40734 1 86646 157485 352420 488768 588553rat 7524 4949 1430 794
summary13:15:03JUL 08/18 39.988 1.302 30zs 0 7511 4956 1430 792 4978 2896 7.1 321.6 13 10 4 8 19 9 .3 2.1
co13:18:10uf: UV fast  scan started
co13:22:26uf: UV fast  scan finished, incident DUV =  118.7258 mW/m^2
co13:22:31gi: 08 07 18  3.398986
gia0 802.760610 31218 0 66254 119943 269123 374299 447920
gia0 803.130610 30331 2 64810 116748 262958 364931 436876
gia0 803.490610 30965 2 65824 119035 267913 371019 445027
gia0 803.860610 30869 1 65469 118419 266562 369343 442773
gia0 804.220610 30687 1 65113 118116 265291 368028 439755
dsa128 805.040620 64105 0 136543 251233 591183 849904 1061139rat 7134 4828 1351 728
dsa128 805.730620 65804 0 140689 258780 608778 876699 1094693rat 7140 4836 1359 729
dsa128 806.430620 60890 2 130442 239326 565740 815739 1016752rat 7149 4857 1362 719
dsa128 807.120620 18603 0 39897 72682 171861 248257 310018rat 7077 4824 1352 712
dsa128 807.820620 38949 0 83717 154014 363408 524382 656238rat 7129 4830 1355 728
summary13:26:25JUL 08/18 41.175 1.325 30ds 2 7126 4835 1356 723 4812 2928 3.8 319.5 28 13 5 8 21 18 .7 3.8
zsa0 808.770620 38038 1 81321 147462 327188 450082 535083rat 7438 4874 1394 737
zsa0 809.460620 38134 1 81319 147371 327448 450356 536056rat 7441 4879 1393 742
zsa0 810.150620 38361 1 81453 148574 330050 455871 542367rat 7487 4897 1412 741
zsa0 810.850620 38694 0 82545 150709 335555 462427 552922rat 7492 4897 1402 763
zsa0 811.540620 42197 0 89845 164904 369247 512709 614492rat 7576 4958 1436 774
zsa0 812.230620 42816 0 91957 168189 377070 523753 627750rat 7569 4966 1438 774
zsa0 812.920620 43671 1 94558 172997 389248 541146 649554rat 7591 4987 1443 781
summary13:30:50JUL 08/18 41.654 1.334 30zs 0 7513 4923 1417 759 5085 2924 6.9 321 65 46 22 19 22 12 .4 2.5
dsa128 813.830620 54706 1 118553 220317 523600 759016 950424rat 7236 4893 1381 735
dsa128 814.530620 53886 0 117169 217813 517870 750219 940765rat 7234 4891 1377 741
dsa128 815.220620 53721 0 116780 217454 517252 750256 940975rat 7248 4897 1382 741
dsa128 815.920620 52408 0 114552 213117 507130 735311 924714rat 7242 4896 1380 753
dsa128 816.610620 49264 1 108097 201643 478938 696034 873970rat 7251 4894 1389 744
summary13:35:13JUL 08/18 42.137 1.344 30ds 2 7242 4894 1382 743 4865 2941 3.9 317.6 8 3 4 7 19 10 .2 2.6
co13:37:11gi: 08 07 18  3.424477
gia0 817.430610 27265 1 59355 109490 249050 347326 417903
gia0 817.80610 27289 0 59273 109304 247457 345998 415595
gia0 818.170610 27220 0 59271 108823 247365 346059 415869
gia0 818.530610 27242 1 59191 109367 247803 346898 416903
gia0 818.90610 27407 0 59327 109781 249186 347905 418813
co13:39:40ux: UV extended  scan started
co13:47:04ux: UV extended  scan finished, incident DUV =  104.9665 mW/m^2
hpscan13:47:53 0 25070 10 38674 20 53494 30 67365 40 81343 50 92206 60 92558 70 92600 80 92749 90 92820 100 92706 110 92178 120 82212 130 68431 140 54672 150 39842 160 25584
hp13:48:41 .9870574 96763.22 80.5 31
hg13:55:47 .9926 1029.143 1029 371042 31
zsa0 836.580620 28755 0 63969 121686 274180 384457 457663rat 7790 5019 1475 741
zsa0 837.280620 28519 0 63233 120489 272051 380155 453461rat 7791 5013 1460 750
zsa0 837.970620 28031 0 62508 119545 269359 376989 449277rat 7804 5011 1467 746
zsa0 838.660620 27830 1 62354 118771 268273 374832 447830rat 7790 5014 1459 757
zsa0 839.350620 27853 2 62227 119289 269095 376204 449916rat 7815 5011 1462 761
zsa0 840.050620 27887 1 61950 119212 269249 376918 449597rat 7842 5022 1468 750
zsa0 840.740620 27564 3 61952 118343 267559 375908 448751rat 7831 5042 1484 753
summary13:58:39JUL 08/18 44.866 1.406 31zs 0 7809 5019 1468 751 5406 3008 6.6 324.4 21 11 9 7 27 13 .4 2.8
co14:01:46uf: UV fast  scan started
co14:06:01uf: UV fast  scan finished, incident DUV =  93.08186 mW/m^2
co14:06:06gi: 08 07 18  3.455067
gia0 846.340610 21246 1 48825 94724 218799 311927 376002
gia0 846.710610 21309 1 48324 94093 217532 309681 373573
gia0 847.080610 21013 2 47980 93571 216586 308162 371495
gia0 847.440610 20936 0 47955 93518 215091 307387 370179
gia0 847.810610 20752 2 47794 92903 214797 306593 369492
dsa128 848.630620 46887 2 108730 216205 528572 786479 994169rat 7707 5094 1478 760
dsa128 849.330620 44816 0 104185 207774 505891 755035 955927rat 7711 5087 1490 766
dsa128 850.020620 42910 1 99665 198085 485236 724292 916797rat 7719 5110 1489 763
dsa128 850.710620 41011 0 96061 191828 469800 700932 888350rat 7733 5105 1486 768
dsa128 851.410620 43995 0 102887 205158 502953 750875 951176rat 7736 5115 1490 767
summary14:10:01JUL 08/18 46.26 1.441 31ds 2 7721 5102 1487 765 5274 3059 3.8 320.2 13 12 5 3 8 12 .4 2.2
zsa0 852.370620 24418 0 56198 109254 249274 353042 422174rat 7980 5115 1518 760
zsa0 853.060620 24376 1 56016 109413 250454 355021 425672rat 8018 5133 1522 772
zsa0 853.750620 24040 0 55518 109017 249388 353165 424599rat 8034 5126 1518 784
zsa0 854.450620 23858 0 55085 107881 246859 349523 419546rat 8023 5126 1517 777
zsa0 855.140620 23430 0 54095 106501 243085 344515 413153rat 8038 5119 1521 772
zsa0 855.830620 23189 0 53328 105125 239992 340722 408236rat 8052 5127 1528 768
zsa0 856.520620 22842 1 53111 104174 238639 338350 405697rat 8039 5136 1522 772
summary14:14:26JUL 08/18 46.815 1.455 31zs 0 8026 5126 1521 772 5556 3053 5.9 324 23 7 4 7 23 11 .4 2.2
co14:17:03gi: 08 07 18  3.465263
gia0 857.290610 17165 0 40113 79378 185067 265251 321128
gia0 857.660610 17310 1 40171 79460 185674 266239 322335
gia0 858.020610 17382 0 40865 81176 188085 270408 327811
gia0 858.390610 15529 1 36264 72073 166927 239348 288685
gia0 858.750610 14739 0 34098 67752 157309 225222 270784
dsa128 859.650620 24088 2 57661 116549 288519 433567 551142rat 7820 5151 1502 768
dsa128 860.350620 7206 0 17184 34447 85200 127584 161845rat 7736 5107 1476 750
dsa128 861.050620 36446 2 86918 176751 437806 658940 838514rat 7873 5175 1516 778
dsa128 861.740620 34090 1 81161 165443 409502 617030 786800rat 7879 5172 1519 786
dsa128 862.430620 31345 4 74935 151941 377251 568450 723978rat 7864 5182 1517 778
summary14:21:02JUL 08/18 47.653 1.478 31ds 2 7834 5157 1506 772 5364 3092 3.5 318.6 60 31 18 14 17 8 .4 2
zsa0 863.390620 20694 2 48762 96768 222054 316241 380385rat 8115 5162 1541 785
zsa0 864.080620 20390 1 47856 95707 220085 313512 376960rat 8159 5172 1542 783
zsa0 864.780620 20311 0 48048 95609 221654 315050 378760rat 8163 5198 1533 783
zsa0 865.470620 20376 0 48101 95892 221514 316144 380128rat 8173 5200 1550 783
zsa0 866.160620 20250 0 47805 95880 221304 315318 379677rat 8188 5189 1543 790
zsa0 866.850620 20391 1 48121 96415 223355 318983 384092rat 8210 5215 1553 790
zsa0 867.540620 20107 0 47663 95664 221285 315694 379747rat 8206 5204 1549 785
summary14:25:28JUL 08/18 48.22 1.494 31zs 0 8173 5191 1544 786 5660 3084 5.5 322.8 33 19 7 3 29 17 .5 2.6
dsa0 868.520620 4274 0 10109 20324 49326 73248 91296rat 7606 4973 1432 666
dsa0 869.220620 196198 0 469947 944852 2239119 3243021 3982579rat 7691 5011 1436 689
summary14:28:52JUL 08/18 48.66 1.507 31ds 0 7649 4992 1434 678 5480 3123 3.6 318.2 60 27 3 16 9 2 .2 .8
co14:30:58uf: UV fast  scan started
co14:35:13uf: UV fast  scan finished, incident DUV =  56.45125 mW/m^2
co14:35:18gi: 08 07 18  3.465263
gia0 875.550610 11599 0 28478 58721 137997 200119 241185
gia0 875.910610 11300 1 27451 56606 133118 193699 232812
gia0 876.280610 11076 1 26968 55580 130771 189542 228599
gia0 876.650610 10879 0 26479 54820 128660 186757 224335
gia0 877.010610 10686 1 26214 54293 127079 184475 222853
dsa0 877.90620 11057 2 26861 55863 137772 207596 261035rat 7874 5101 1493 701
dsa0 878.60620 29252 2 71428 148537 366443 550639 691851rat 7891 5115 1492 707
dsa0 879.290620 127868 1 313113 651723 1593128 2371606 2959983rat 7985 5178 1518 730
summary14:38:35JUL 08/18 49.934 1.546 31ds 0 7917 5131 1501 713 5636 3169 3.5 319.1 60 41 15 15 11 8 .2 .9
co14:41:03ux: UV extended  scan started
co14:48:28ux: UV extended  scan finished, incident DUV =  58.05329 mW/m^2
hpscan14:49:16 0 24814 10 38610 20 53046 30 67240 40 81557 50 91838 60 92271 70 92226 80 92274 90 92437 100 92401 110 92146 120 80852 130 66969 140 52920 150 38460 160 24150
hp14:50:04 .9862748 96511.44 80 31
hg14:57:11 .9937 1030.052 1030 370479 31
co14:58:03uf: UV fast  scan started
co15:02:19uf: UV fast  scan finished, incident DUV =  62.10501 mW/m^2
co15:02:23gi: 08 07 18  3.414281
gia0 902.630610 10794 0 28166 62562 151496 227125 278625
gia0 9030610 10791 0 27793 61969 151475 226740 277976
gia0 903.370610 10755 1 27964 61921 151091 226359 277774
gia0 903.730610 10637 0 27664 61750 150576 226014 276800
gia0 904.10610 10675 0 27660 61641 150410 226299 276760
dsa128 904.930620 21393 0 58028 134009 350101 556307 720160rat 8760 5559 1714 817
dsa128 905.620620 20228 1 54977 126670 332212 528344 683679rat 8766 5576 1716 814
dsa128 906.320620 19739 1 53264 123124 323379 514679 667176rat 8786 5583 1718 820
dsa128 907.010620 18749 0 50911 118584 310778 494530 640426rat 8805 5570 1716 815
dsa128 907.710620 20061 2 54842 127363 335319 534786 693089rat 8823 5601 1726 819
summary15:06:19JUL 08/18 53.664 1.677 30ds 2 8788 5578 1718 817 6174 3330 3.2 321.8 27 16 5 3 25 12 .4 1.4
zsa0 908.670620 11917 2 31307 69919 168130 250723 304856rat 9027 5561 1740 832
zsa0 909.360620 11707 1 31047 69409 167350 249033 302873rat 9034 5563 1731 833
zsa0 910.050620 11613 0 30721 69064 165714 246846 300533rat 9041 5546 1735 837
zsa0 910.740620 11433 0 30299 68253 164465 245002 298884rat 9069 5565 1735 846
zsa0 911.430620 11379 1 30080 67586 163627 244006 297168rat 9082 5590 1740 839
zsa0 912.130620 11356 1 29803 67397 163576 243439 296872rat 9112 5592 1731 844
zsa0 912.820620 11213 1 29612 67401 162405 243471 296581rat 9141 5592 1763 839
summary15:10:44JUL 08/18 54.269 1.701 30zs 0 9072 5573 1739 839 6389 3278 4.3 323.2 43 19 11 5 35 15 .5 2.3
co15:13:21gi: 08 07 18  3.414281
gia0 913.580610 9429 0 25369 57860 143059 217439 268130
gia0 913.950610 9228 1 25179 57571 141871 215824 266340
gia0 914.320610 9231 0 24937 56936 141482 215049 264472
gia0 914.680610 9141 0 24851 56833 140894 214129 264131
gia0 915.050610 9133 0 24821 56740 140984 214139 264345
dsa128 915.880620 19527 0 54923 130605 348406 562217 732579rat 9006 5693 1770 835
dsa128 916.570620 19564 0 55210 132181 353210 569570 742049rat 9038 5696 1766 834
dsa128 917.260620 19184 2 54742 131206 351324 567026 740474rat 9053 5707 1769 844
dsa128 917.960620 19243 2 54321 131253 350547 566357 739757rat 9079 5699 1773 844
dsa128 918.650620 18220 3 51691 124968 334745 541933 708846rat 9098 5717 1780 848
summary15:17:15JUL 08/18 55.167 1.738 30ds 2 9055 5702 1772 841 6364 3387 3.1 320 36 10 5 6 20 6 .4 2
co15:19:45ux: UV extended  scan started
co15:27:09ux: UV extended  scan finished, incident DUV =  44.24237 mW/m^2
hpscan15:27:58 0 25752 10 39771 20 54205 30 68527 40 82225 50 92177 60 92415 70 92688 80 92252 90 92650 100 92614 110 91730 120 80077 130 66272 140 52522 150 37639 160 23382
hp15:28:46 .9871568 96619.12 79.2 30
hg15:35:53 .9937 1030.439 1030 364671 30
co15:36:45uf: UV fast  scan started
co15:41:00uf: UV fast  scan finished, incident DUV =  29.41717 mW/m^2
co15:41:05gi: 08 07 18  3.398986
gia0 941.320610 3747 0 11139 28065 71690 112257 139011
gia0 941.690610 3726 0 11012 27815 71138 111377 137642
gia0 942.050610 3679 0 10862 27570 70194 110587 136473
gia0 942.420610 3640 0 10714 27399 70032 110622 136634
gia0 942.780610 3622 0 10668 27451 70244 110173 136187
dsa0 943.680620 76464 2 239477 632167 1722339 2823011 3639386rat 9726 5973 1904 834
zsa0 945.360620 4590 0 14635 39220 102301 164849 207526rat 10502 6245 2074 981
zsa0 946.050620 4810 1 15277 41443 108322 175455 220739rat 10587 6277 2097 979
zsa0 946.740620 4417 1 14143 38104 100040 161738 204180rat 10567 6288 2089 993
zsa0 947.430620 3385 1 10868 29369 77540 126068 159286rat 10626 6334 2112 996
zsa0 948.130620 3916 0 12422 33730 88903 144077 182443rat 10627 6313 2098 1006
zsa0 948.820620 5213 2 16539 44122 115763 188698 237938rat 10560 6322 2125 989
zsa0 949.510620 4437 1 14012 37632 99925 161290 203965rat 10596 6330 2082 1001
summary15:47:25JUL 08/18 59.371 1.943 30zs 0 10581 6301 2097 992 7405 3566 2.5 333.9 43 33 18 10 32 18 .6 1.8
co15:50:02gi: 08 07 18  3.383691
gia0 950.270610 2786 0 8653 22656 59201 95066 118559
gia0 950.640610 2696 0 8427 22314 58887 93676 117189
gia0 9510610 2630 0 8383 22039 57986 92150 115257
gia0 951.370610 2564 0 8172 21585 57114 91080 113888
gia0 951.740610 2533 0 8023 21360 56174 90031 112703
co15:52:30ux: UV extended  scan started
co15:59:54ux: UV extended  scan finished, incident DUV =  21.31691 mW/m^2
hpscan16:00:42 0 24979 10 39172 20 53651 30 67568 40 81594 50 92549 60 92794 70 92842 80 92845 90 92944 100 93011 110 91988 120 81025 130 67500 140 53115 150 38391 160 24080
hp16:01:30 .9873152 96997.68 79.9 30
hg16:08:37 .9923 1031.007 1031 359227 30
co16:08:59gi: 08 07 18  3.378592
gia0 969.230610 1655 0 5697 16710 46283 77854 99157
gia0 969.60610 1688 1 5641 16708 46089 77483 99282
gia0 969.960610 1527 0 5334 15566 42860 72129 91463
gia0 970.330610 1417 0 4836 14134 38983 65033 82746
gia0 970.690610 1373 0 4747 13990 38662 64637 82090
co16:11:27uf: UV fast  scan started
co16:15:42uf: UV fast  scan finished, incident DUV =  15.65036 mW/m^2
co16:15:47gi: 08 07 18  3.373494
gia0 976.030610 1416 0 5033 15168 41925 70909 90273
gia0 976.390610 1443 1 5152 15276 42416 71771 91452
gia0 976.760610 1474 0 5195 15583 43281 73197 92926
gia0 977.130610 1516 0 5334 15800 43687 74413 94133
gia0 977.490610 1466 0 5300 15892 44068 75015 95152
dsa0 978.30620 164 1 621 1945 5607 9877 12923rat 10548 6167 2034 745
dsa0 9790620 3639 0 14016 45031 137165 248900 337349rat 11038 6551 2172 905
dsa0 979.690620 28363 2 108661 351390 1060460 1910414 2562838rat 11156 6620 2219 924
dsa0 980.380620 18246 1 70093 228030 690971 1251038 1686244rat 11149 6598 2207 916
dsa0 981.080620 30888 2 119133 388337 1176183 2121629 2847849rat 11224 6655 2233 933
summary16:19:41JUL 08/18 63.905 2.241 30ds 0 11023 6518 2173 885 8192 3928 2.6 318 274 200 81 79 40 27 .6 2.1
zsa0 981.980620 2950 0 10403 31130 85235 142923 181535rat 11363 6627 2247 1020
zsa0 982.670620 2823 1 10070 30271 82844 139549 176898rat 11401 6645 2267 1012
zsa0 983.370620 2808 0 9777 29565 81331 137060 174509rat 11450 6669 2268 1031
zsa0 984.060620 2615 0 9704 30028 84835 145723 187473rat 11750 6868 2352 1076
zsa0 984.750620 2048 2 7419 23466 66388 114862 147740rat 11881 6904 2382 1074
zsa0 985.440620 1622 0 6112 19126 54406 94317 122713rat 11863 6934 2390 1124
zsa0 986.130620 1261 1 4764 14988 43085 75047 96990rat 11952 6999 2410 1094
summary16:24:03JUL 08/18 64.519 2.29 29zs 0 11666 6807 2331 1062 8269 3836-.8 329.3 253 155 68 42 141 61 .8 6.7
co16:26:39gi: 08 07 18  3.358199
gia0 986.890610 1271 1 4691 15091 43571 76723 98827
gia0 987.260610 1206 0 4607 14801 42669 75042 97263
gia0 987.630610 1158 0 4393 14266 41257 72028 93242
gia0 987.990610 1160 0 4395 14013 40554 71250 92269
gia0 988.360610 1135 0 4271 13840 40135 70524 90928
co16:29:07ux: UV extended  scan started
co16:36:31ux: UV extended  scan finished, incident DUV =  13.04679 mW/m^2
hpscan16:37:20 0 25774 10 39889 20 54456 30 68470 40 82479 50 92750 60 92986 70 93271 80 93253 90 93142 100 93141 110 92356 120 80488 130 66379 140 52229 150 37823 160 23370
hp16:38:08 .9872822 97341.71 79.2 29
hg16:45:15 .9926 1030.155 1030 349746 29
co16:45:37gi: 08 07 18  3.342904
gia0 1005.860610 610 1 2510 8922 26780 48185 62655
gia0 1006.220610 596 0 2496 8800 26243 47884 62341
gia0 1006.590610 596 0 2463 8949 26884 48718 63763
gia0 1006.960610 612 1 2579 9255 28183 51791 68193
gia0 1007.320610 604 0 2562 9275 28097 51864 68319
co16:48:05uf: UV fast  scan started
co16:52:20uf: UV fast  scan finished, incident DUV =  10.22553 mW/m^2
co16:52:25gi: 08 07 18  3.322511
gia0 1012.660610 517 0 2223 8238 25224 46911 62009
gia0 1013.020610 505 0 2213 8335 25584 47627 62627
gia0 1013.390610 501 0 2209 8315 25989 48244 63625
gia0 1013.750610 518 0 2241 8446 26233 49157 64667
gia0 1014.120610 543 0 2306 8771 27315 51535 67934
dsa0 1014.930620 472 0 2361 10222 35513 72876 103105rat 13105 7446 2605 998
dsa0 1015.630620 72 0 339 1423 4738 9478 13234rat 12661 7140 2489 936
dsa0 1016.320620 96 1 499 2045 7091 14282 20059rat 12764 7343 2517 960
dsa0 1017.020620 70 0 355 1440 4824 9888 13656rat 12629 7263 2590 884
dsa0 1017.710620 35 0 150 579 1818 3614 4831rat 11991 6843 2455 740
summary16:56:19JUL 08/18 69.027 2.731 29ds 0 12630 7207 2531 904 9738 4405 1.8 311.6 404 232 65 100 116 71 1.3 7.9
zsa0 1018.620620 921 0 3981 14843 45409 84989 111691rat 13273 7582 2723 1168
zsa0 1019.310620 962 0 4042 15008 45840 84414 110367rat 13178 7505 2652 1146
zsa0 10200620 905 0 3927 15133 46572 87551 115898rat 13462 7627 2742 1200
zsa0 1020.690620 860 2 3843 15080 47770 91306 121993rat 13741 7826 2814 1240
zsa0 1021.390620 1023 1 4481 17507 54538 103431 137055rat 13615 7720 2781 1204
zsa0 1022.080620 882 1 3835 14284 43461 80033 104570rat 13175 7488 2652 1143
zsa0 1022.770620 881 0 3722 14054 42822 79613 104093rat 13281 7535 2693 1145
summary17:00:41JUL 08/18 69.63201 2.804 28zs 0 13389 7612 2722 1178 9620 4248-4.8 329.2 222 123 62 38 110 35 .5 4.9
co17:03:48ux: UV extended  scan started
co17:11:12ux: UV extended  scan finished, incident DUV =  10.5416 mW/m^2
hpscan17:12:00 0 26087 10 39931 20 54368 30 68624 40 82460 50 93004 60 93356 70 93346 80 93449 90 93304 100 93308 110 92485 120 80613 130 66780 140 52131 150 37279 160 22982
hp17:12:49 .9870739 97567.77 79.4 28
hg17:19:55 .9935 1030.948 1031 337134 28
co17:20:18gi: 08 07 18  3.271528
gia0 1040.540610 294 0 1363 6095 20809 42443 57452
gia0 1040.90610 286 0 1369 6153 20854 42533 57866
gia0 1041.270610 307 0 1369 6194 20812 42559 57685
gia0 1041.630610 281 0 1353 6119 20606 42262 57774
gia0 10420610 272 0 1345 6049 20351 41948 56233
co17:22:46uf: UV fast  scan started
co17:27:01uf: UV fast  scan finished, incident DUV =  8.12244 mW/m^2
co17:27:05gi: 08 07 18  3.26643
gia0 1047.330610 244 0 1152 5290 18010 37657 50976
gia0 1047.70610 241 0 1150 5311 18251 37965 51531
gia0 1048.060610 245 0 1152 5376 18466 38504 52312
gia0 1048.430610 253 0 1170 5388 18640 38522 52658
gia0 1048.790610 245 0 1186 5455 18868 39379 53564
dsa0 1049.610620 114 1 980 6519 28037 70173 107786rat 16282 8939 3327 1223
dsa0 1050.310620 611 1 4908 33692 145562 365224 560757rat 16462 8988 3352 1234
dsa0 10510620 660 3 5270 36312 157546 396368 609854rat 16501 9014 3363 1242
dsa0 1051.690620 541 0 4466 31089 135121 341706 526400rat 16555 9031 3378 1241
dsa0 1052.380620 284 0 2336 16481 71791 182951 281738rat 16628 9052 3398 1227
summary17:30:59JUL 08/18 73.773 3.442 28ds 0 16486 9005 3364 1233 12539 5226 1.8 316.3 130 44 27 8 121 26 .2 .7
zsa0 1053.290620 350 1 1493 7212 24394 50275 68103rat 15252 8435 3140 1299
zsa0 1053.980620 320 0 1502 7187 24316 50295 68347rat 15225 8451 3155 1312
zsa0 1054.670620 305 0 1498 7037 23864 49351 67231rat 15154 8460 3154 1323
zsa0 1055.370620 311 0 1454 7031 24130 50772 68993rat 15407 8587 3230 1312
zsa0 1056.060620 312 1 1398 6687 22641 47332 64354rat 15276 8501 3202 1315
zsa0 1056.750620 299 0 1386 6574 22369 46802 63686rat 15261 8525 3205 1318
zsa0 1057.440620 282 0 1326 6373 21904 45943 62980rat 15373 8580 3216 1350
summary17:35:21JUL 08/18 74.36 3.557 28zs 0 15278 8506 3186 1318 11059 4671-8 313.3 86 61 36 16 86 36 .7 5.3
co17:37:57gi: 08 07 18  3.261331
gia0 1058.20610 245 0 1157 5453 19224 41121 56253
gia0 1058.560610 257 1 1154 5319 18817 40771 55944
gia0 1058.930610 248 0 1109 5287 18700 40591 55540
gia0 1059.290610 230 0 1078 5229 18646 40084 55389
gia0 1059.660610 241 0 1044 5144 18400 40055 55049
co17:40:25ux: UV extended  scan started
co17:47:49ux: UV extended  scan finished, incident DUV =  8.392954 mW/m^2
hpscan17:48:38 0 25580 10 39400 20 53834 30 68022 40 82031 50 92870 60 93460 70 93472 80 93457 90 93472 100 93630 110 92663 120 81487 130 67215 140 52950 150 38013 160 23678
hp17:49:26 .9871059 97694.84 79.9 28
hg17:56:33 .9936 1030.22 1030 340843 28
co17:56:55gi: 08 07 18  3.26643
gia0 1077.160610 158 0 649 3381 12908 30471 43041
gia0 1077.520610 155 0 638 3376 12841 30270 42717
gia0 1077.890610 158 0 650 3345 12801 29815 42346
gia0 1078.250610 142 0 651 3256 12626 29889 42176
gia0 1078.620610 147 0 620 3231 12458 29767 41809
co17:59:23uf: UV fast  scan started
co18:03:38uf: UV fast  scan finished, incident DUV =  5.984504 mW/m^2
hpscan18:04:26 0 26739 10 40691 20 54955 30 68814 40 82597 50 92863 60 93730 70 93551 80 93541 90 93669 100 93569 110 92992 120 82355 130 68048 140 53295 150 38251 160 23683
hp18:05:15 .9871921 97725.68 80 28
hg18:12:21 .9928 1030.513 1031 346258 28
co18:12:43gi: 08 07 18  3.261331
gia0 1092.960610 112 1 395 2105 8574 21653 31426
gia0 1093.330610 107 1 410 2076 8529 21531 31149
gia0 1093.70610 113 0 403 2046 8278 21420 30939
gia0 1094.060610 105 1 386 2040 8268 21144 30632
gia0 1094.430610 101 0 388 1998 8109 21028 30382
dsa0 1095.250620 3 0 90 1487 10472 40814 75133rat 23074 12252 4894 1672
dsa0 1095.940620 7 2 82 1400 9908 39092 71832rat 23371 12316 4940 1657
dsa0 1096.640620 5 2 64 1327 9286 37549 68713rat 24274 12356 5038 1631
dsa0 1097.330620 8 3 62 1208 8655 34983 64890rat 24153 12443 5028 1682
dsa0 1098.020620 3 0 49 1111 7961 32491 60400rat 24610 12457 5060 1683
summary18:16:38JUL 08/18 79.75 5.109 28ds 0 23896 12365 4992 1665 18569 7039 1.1 315.7 646 86 71 22 647 45 1.9 1.8
co18:19:07uf: UV fast  scan started
co18:23:21uf: UV fast  scan finished, incident DUV =  3.963451 mW/m^2
co18:23:26gi: 08 07 18  3.256233
gia0 1103.680610 88 0 303 1446 6008 16501 24340
gia0 1104.050610 90 0 299 1474 5988 16342 24247
gia0 1104.410610 85 0 306 1436 5932 16226 23821
gia0 1104.780610 92 1 294 1435 5863 15938 23736
gia0 1105.140610 89 0 295 1406 5830 15782 23427
fza0 1106.061620 9 17543 487959 3833679 1.195889E+07 1.227894E+07
co18:26:35gi: 08 07 18  3.251135
gia0 1106.840610 78 0 302 1342 5490 15036 22279
gia0 1107.210610 83 0 278 1287 5451 14908 22305
gia0 1107.570610 90 1 276 1297 5353 14824 21941
gia0 1107.940610 83 0 270 1271 5282 14619 21779
gia0 1108.30610 79 0 262 1256 5269 14480 21718
fza0 1109.231620 12 8550 255760 2152357 8454499 1.23325E+07
fza0 1110.141620 8 9459 304683 2669611 1.016733E+07 1.274351E+07
fza0 1111.051620 6 7742 257001 2309296 9296566 1.268065E+07
fza0 1111.961620 8 6699 226437 2077867 8689101 1.25397E+07
fza0 1112.871620 6 5480 191563 1795786 7858899 1.207528E+07
fza0 1113.781620 10 4529 161205 1544403 7040285 1.139126E+07
fza0 1114.691620 9 3893 141048 1377011 6475791 1.083255E+07
fza0 1115.611620 13 3133 116131 1158347 5666138 9870765
fza0 1116.521620 11 2762 100408 1019149 5130051 9186858
co18:38:43uf: UV fast  scan started
co18:42:58uf: UV fast  scan finished, incident DUV =  2.42072 mW/m^2
hpscan18:43:46 0 28517 10 42323 20 56397 30 69841 40 84136 50 93287 60 93360 70 93736 80 93920 90 93683 100 93722 110 93116 120 81541 130 67477 140 52865 150 37687 160 22914
hp18:44:35 .9869462 97812.86 79.4 27
hg18:51:41 .9923 1029.979 1030 330661 27
fza0 1132.461620 3 425 4841 60224 457929 1098913
fza0 1133.371620 4 409 3971 46753 361397 875143
fza0 1134.281620 4 417 4097 52778 430828 1059158
fza0 1135.191620 3 378 3478 41841 345930 859818
fza0 1136.11620 5 389 2856 33494 276243 692908
fza0 1137.011620 3 370 2420 26513 219643 555398
fza0 1137.921620 4 356 2055 20772 171011 434582
fza0 1138.841620 6 328 1818 16972 137641 352908
fza0 1139.751620 2 325 1597 13422 106247 271755
co19:43:34uf: UV fast  scan started
co19:47:48uf: UV fast  scan finished, incident DUV =  .2263531 mW/m^2
hpscan19:48:37 0 29997 10 44155 20 58729 30 73091 40 86669 50 94688 60 94470 70 94700 80 95056 90 94660 100 94746 110 93592 120 81165 130 67249 140 52546 150 37426 160 22739
hp19:49:25 .9871118 98851.4 77.8 25
hg19:56:32 .9918 1031.09 1031 302366 24
sla 0 1201.990620 243498 0 291428 340751 406284 444188 491534rat 1822 1159 388 426
sla 0 1202.680620 243463 0 291900 340159 406862 444226 491955rat 1815 1167 382 430
sla 0 1203.370620 243634 1 291606 340311 406524 444155 491722rat 1819 1164 385 428
sla 0 1204.060620 243646 1 291022 339959 406064 444066 491359rat 1826 1168 389 426
sla 0 1204.750620 242931 0 290411 339415 405456 442590 491171rat 1821 1161 381 439
sla 0 1205.450620 243155 0 290604 339223 404909 443057 490486rat 1823 1168 392 428
sla 0 1206.140620 242894 0 290092 338657 404525 442396 490150rat 1824 1168 389 432
summary20:04:03JUL 08/18 92.03 99.999 24sl 0 1821 1165 387 430 445 241 291009 491196.7 4 4 4 5 15 8 661 632
ap20:06:30 23.91 23.81 22.58 1108.14 12.01 5.04-11.98 24.25 0 21.34 23.81 22.77 5.01-4.94 0 0 0 .01 1.34 2.33 4.58 .98 2 2.26 23.91 23.81 22.58 1108.14 12.01 5.04-11.98 23.84 2.14 21.34 23.81 22.77 5.01-4.94 1.3 9.399999 .32 11.32 3.02 2.55 4.58 .98 1.99 2.28ed