version=2dh251218Copenhagen 55.716 -12.5615  2.603649pr1000
inst 0 -.90381 -.88811 -1.01801 -1.78069  0  .3455  4.4707  1.153  1465 -328  2.65E-08 1030142463 0  4814  10734  18672  22050  26048 2972mkiii2 0  0  0  0  0  0  0 -66  1  242 -3  770  740  8028  178  2515  .99476  12.88  1725  250  .4  0  256  0 0 0 
disp 2860.48  .075384 -6.58315E-07  2899.71  .0747497 -6.81221E-07  2935.87  .0741645 -7.060291E-07  2970.77  .0735149 -7.24738E-07  3004.99  .0725966 -7.06297E-07  2826.03  .0767217 -7.19396E-07  4290.73  .113076 -9.874721E-07  4349.57  .112124 -1.02183E-06  4403.81  .111247 -1.05904E-06  4456.15  .110272 -1.08711E-06  4507.49  .108895 -1.05945E-06  4239.05  .115082 -1.07909E-06 
zeni .265337 -.346674  .098068 -1.265443  2.065254 -.509788  1.440203 -1.98075  .574513 
co07:10:36az: Azimuth discrepancy = -308
co07:11:27az: Azimuth discrepancy =  2
hpscan07:12:26 0 30045 10 44701 20 60123 30 75733 40 89981 50 100253 60 100999 70 100686 80 100955 90 100566 100 100908 110 99541 120 85835 130 71061 140 54850 150 38726 160 22737
hp07:13:15 .9874623 105292.8 78.7 15
hg07:20:21 .9944 1029.614 1030 325971 15
sla 0 445.820620 256435 0 307322 359251 430412 470287 521905rat 1849 1179 387 446
sla 0 446.510620 256197 0 307845 359296 430625 470098 521449rat 1840 1177 383 444
sla 0 447.20620 256361 0 307337 359240 429881 470546 521056rat 1851 1182 395 437
sla 0 447.890620 256081 0 307015 358618 429551 470412 520689rat 1855 1188 397 435
sla 0 448.580620 255633 0 307299 358799 430130 469010 520627rat 1837 1173 378 447
sla 0 449.270620 255539 0 306524 358164 428502 468513 519286rat 1844 1176 390 441
sla 0 449.960620 255955 0 306436 357764 428322 468886 518590rat 1849 1184 395 431
summary07:27:53DEC 26/18 92.028 99.999 15sl 0 1846 1180 389 440 438 237 307111.1 520514.6 6 5 7 6 24 12 499.7 1182.4
co07:48:19uf: UV fast  scan started
co07:52:34uf: UV fast  scan finished, incident DUV =  .3970968 mW/m^2
co08:13:10uf: UV fast  scan started
co08:17:24uf: UV fast  scan finished, incident DUV =  1.049522 mW/m^2
co08:38:00uf: UV fast  scan started
co08:42:15uf: UV fast  scan finished, incident DUV =  2.005243 mW/m^2
co08:42:50uf: UV fast  scan started
co08:47:05uf: UV fast  scan finished, incident DUV =  2.229892 mW/m^2
fza0 527.831620 0 767 2582 9534 26782 41081
fza0 528.741620 1 776 2632 9703 27725 42436
fza0 529.651620 0 822 2689 9914 28588 43990
fza0 530.561620 0 807 2725 10128 29223 45014
fza0 531.471620 0 823 2838 10499 30213 46260
co08:52:31uf: UV fast  scan started
co08:56:45uf: UV fast  scan finished, incident DUV =  2.636286 mW/m^2
fza0 537.51620 1 910 3278 12409 36318 55931
fza0 538.411620 0 913 3314 12723 37448 58181
fza0 539.321620 0 933 3413 13041 38524 60033
co09:00:21uf: UV fast  scan started
co09:04:36uf: UV fast  scan finished, incident DUV =  3.011028 mW/m^2
fza0 545.351620 0 995 3925 15640 46777 73571
fza0 546.261620 0 1064 3979 15989 47891 75306
fza0 547.171620 0 1031 4086 16586 49262 77944
fza0 548.081620 0 1094 4237 16998 51180 81113
fza0 5491620 0 1092 4320 17597 53245 83947
co09:10:02uf: UV fast  scan started
co09:14:16uf: UV fast  scan finished, incident DUV =  3.443744 mW/m^2
fza0 555.021620 0 1192 4997 20714 63302 100727
fza0 555.931620 0 1215 5068 21202 64720 102974
fza0 556.841620 0 1234 5257 21988 67609 107752
co09:17:54uf: UV fast  scan started
co09:22:09uf: UV fast  scan finished, incident DUV =  3.803479 mW/m^2
co09:22:14gi: 26 12 18  2.618944
gia0 562.470610 155 1 470 1769 6543 16670 23569
gia0 562.840610 170 0 466 1732 6524 16737 23901
gia0 563.20610 160 0 476 1793 6602 16780 24086
gia0 563.570610 162 0 464 1805 6541 16989 24144
gia0 563.930610 175 0 468 1818 6660 17116 24181
fza0 564.861620 0 1413 6561 29070 92102 149436
fza0 565.771620 0 1442 6824 30885 99106 161051
fza0 566.681620 1 1437 7073 32342 104496 170909
fza0 567.591620 0 1503 7734 35801 118675 196901
fza0 568.51620 0 1510 7911 37544 125269 208419
co09:29:02gi: 26 12 18  2.618944
gia0 569.280610 179 0 494 1945 7164 18264 25848
gia0 569.650610 182 0 523 1990 7253 18364 25944
gia0 570.010610 188 0 488 1963 7205 18333 25925
gia0 570.380610 173 0 518 1987 7335 18526 25998
gia0 570.740610 182 0 544 1991 7294 18612 26227
co09:30:59gi: 26 12 18  2.624042
gia0 571.230610 175 0 523 2014 7400 18610 26295
gia0 571.590610 180 0 519 2075 7416 18746 26476
gia0 571.960610 182 0 528 2063 7426 18913 26597
gia0 572.330610 188 0 535 2056 7569 18864 26767
gia0 572.690610 193 0 527 2076 7515 19033 26765
co09:36:17uf: UV fast  scan started
co09:40:31uf: UV fast  scan finished, incident DUV =  4.658547 mW/m^2
hpscan09:41:20 0 28421 10 42465 20 57633 30 72349 40 87353 50 99163 60 100111 70 100289 80 100443 90 100427 100 100376 110 100042 120 88155 130 73191 140 57868 150 42063 160 26029
hp09:42:08 .9873232 104803.9 80.8 16
hg09:49:14 .9937 1029.483 1029 311800 16
dsa0 589.880620 7 0 40 478 2782 10128 17232rat 20114 10857 4469 1215
dsa0 590.570620 7 0 41 456 2533 9218 15626rat 19610 10660 4471 1203
dsa0 591.270620 7 1 50 571 3267 11851 20222rat 19939 10789 4461 1235
dsa0 591.960620 10 0 47 549 3218 11651 19917rat 20058 10886 4456 1246
dsa0 592.650620 8 1 49 687 4022 14443 24528rat 20911 10859 4424 1221
summary09:51:15DEC 26/18 80.755 5.547 16ds 0 20126 10810 4456 1224 16211 6502-.9 262.8 480 91 19 17 475 80 1.1 4.7
zsa0 593.570620 183 0 577 2498 8725 20457 28421rat 15482 9132 3700 1417
zsa0 594.260620 187 2 582 2524 8793 20584 28482rat 15486 9117 3694 1399
zsa0 594.950620 191 0 587 2498 8774 20648 28519rat 15448 9173 3716 1391
zsa0 595.640620 179 1 601 2511 8935 20835 28888rat 15392 9191 3676 1408
zsa0 596.330620 200 0 601 2560 9029 20854 28960rat 15389 9110 3635 1415
zsa0 597.020620 188 0 601 2559 9125 21074 29228rat 15434 9157 3634 1409
zsa0 597.710620 182 0 611 2587 9151 21065 29204rat 15361 9108 3620 1407
summary09:55:38DEC 26/18 80.569 5.461 16zs 0 15427 9141 3668 1407 10926 4916-34.9 334.6 48 33 38 9 62 34 .3 1.2
dsa0 598.620620 8 0 85 1003 5814 20613 34995rat 20069 10812 4396 1246
dsa0 599.320620 12 1 89 1048 6315 22082 37238rat 20228 10931 4339 1219
dsa0 600.010620 10 1 83 1076 6220 21859 36984rat 20500 10779 4364 1237
dsa0 600.70620 9 1 92 1029 6115 21227 35995rat 19930 10851 4313 1249
dsa0 601.390620 13 1 99 1149 6800 24033 40685rat 20158 10917 4394 1244
summary10:00:00DEC 26/18 80.392 5.381 16ds 0 20177 10858 4361 1239 16212 6571-1.8 274.6 212 66 36 12 233 81 1.3 4.6
co10:01:58gi: 26 12 18  2.634239
gia0 602.220610 232 0 722 3022 10708 25406 34954
gia0 602.590610 221 0 710 2985 10696 25285 35071
gia0 602.950610 221 0 741 3016 10733 25490 35180
gia0 603.320610 236 0 711 3035 10747 25507 35112
gia0 603.680610 226 0 730 3057 10798 25769 35195
co10:04:26uf: UV fast  scan started
co10:08:41uf: UV fast  scan finished, incident DUV =  5.846484 mW/m^2
hpscan10:09:29 0 31070 10 44860 20 60415 30 75517 40 89295 50 99072 60 99755 70 99960 80 99580 90 100336 100 99888 110 99277 120 86415 130 71378 140 55767 150 39786 160 23594
hp10:10:18 .9872392 104251.1 79.2 16
hg10:17:24 .994 1030.444 1030 308812 16
co10:18:17uf: UV fast  scan started
co10:22:31uf: UV fast  scan finished, incident DUV =  6.431688 mW/m^2
co10:22:36gi: 26 12 18  2.639337
gia0 622.850610 266 0 872 3605 12919 29552 40499
gia0 623.210610 271 0 861 3691 13038 29596 40590
gia0 623.580610 256 0 887 3712 13021 29754 40389
gia0 623.940610 274 0 894 3698 13018 29767 40551
gia0 624.310610 266 0 924 3728 12886 29814 40701
dsa0 625.130620 24 0 244 2887 15532 50525 83442rat 19682 10300 4111 1210
dsa0 625.830620 33 0 302 3368 18195 59716 98124rat 19488 10360 4151 1190
dsa0 626.520620 35 0 323 3397 18171 60160 98627rat 19234 10359 4191 1181
dsa0 627.210620 26 1 279 3350 18005 58528 96778rat 19771 10304 4113 1220
dsa0 627.910620 30 0 333 3724 20224 65751 108573rat 19499 10353 4115 1216
summary10:26:31DEC 26/18 79.543 5.026 16ds 0 19535 10335 4136 1203 15684 6221 .6 273.9 207 31 35 17 165 39 1.1 2.3
zsa0 628.820620 247 0 840 3601 12310 27193 36932rat 15088 8781 3441 1318
zsa0 629.510620 241 0 807 3566 12207 27102 36877rat 15248 8809 3463 1326
zsa0 630.20620 230 0 830 3677 12128 26755 36557rat 15070 8620 3436 1344
zsa0 630.890620 240 0 824 3594 12028 26536 36224rat 15065 8683 3436 1340
zsa0 631.590620 236 0 833 3539 12024 26494 36275rat 15011 8743 3430 1353
zsa0 632.280620 242 1 848 3540 12075 26668 36173rat 14967 8771 3441 1313
zsa0 632.970620 237 0 825 3612 12293 26710 36225rat 15089 8690 3370 1312
summary10:30:53DEC 26/18 79.44 4.986 16zs 0 15077 8728 3431 1329 10822 4752-26.3 311.5 88 67 29 16 107 79 .4 .8
dsa0 633.880620 46 0 529 6115 33207 107116 176899rat 19653 10347 4096 1231
dsa0 634.570620 50 0 640 6871 37155 120223 199833rat 19332 10346 4112 1261
dsa0 635.260620 56 2 647 7247 38807 126668 208939rat 19530 10346 4152 1229
dsa0 635.960620 58 0 657 7284 39138 126033 208395rat 19432 10303 4094 1241
dsa0 636.650620 62 1 755 8284 44351 143255 237697rat 19397 10306 4110 1258
summary10:35:15DEC 26/18 79.348 4.951 16ds 0 19469 10330 4113 1244 15489 6159 .6 274.4 125 23 23 15 169 36 .4 1.8
co10:37:44uf: UV fast  scan started
co10:41:59uf: UV fast  scan finished, incident DUV =  6.909331 mW/m^2
co10:42:03gi: 26 12 18  2.649534
gia0 642.30610 300 0 968 4030 14122 31613 43118
gia0 642.670610 289 1 945 4099 14229 31905 43300
gia0 643.030610 296 0 997 4112 14158 31882 43393
gia0 643.40610 300 0 1005 4123 14242 32080 43487
gia0 643.760610 296 0 986 4131 14328 31947 43602
dsa0 644.590620 84 2 984 10721 57386 182719 303099rat 19350 10271 4062 1271
dsa0 645.280620 88 0 974 10850 57398 183917 304567rat 19417 10248 4090 1264
dsa0 645.970620 78 0 997 10888 57607 183632 304577rat 19311 10228 4068 1272
dsa0 646.670620 81 0 1020 11162 58492 185226 308136rat 19253 10160 4040 1286
dsa0 647.360620 90 0 1038 11121 58756 186016 308009rat 19198 10196 4040 1266
summary10:45:58DEC 26/18 79.167 4.882 16ds 0 19306 10221 4060 1272 15237 6029 1.3 270.5 85 44 21 9 98 47 .4 2.6
zsa0 648.270620 272 0 912 3860 13081 28645 38974rat 14957 8705 3404 1326
zsa0 648.970620 251 0 911 3879 13168 28709 38875rat 14971 8694 3384 1305
zsa0 649.660620 273 2 900 3905 13387 28762 38848rat 15042 8675 3321 1294
zsa0 650.350620 265 1 914 3910 13280 28991 39104rat 15004 8703 3390 1288
zsa0 651.040620 256 0 916 4001 13382 29014 39310rat 14994 8605 3360 1308
zsa0 651.730620 270 1 931 3964 13545 29106 39559rat 14941 8660 3322 1322
zsa0 652.430620 273 0 930 4027 13564 29218 39790rat 14958 8607 3332 1330
summary10:50:20DEC 26/18 79.112 4.862 16zs 0 14981 8664 3359 1310 10788 4757-23.6 303.8 35 43 35 16 82 53 .3 .4
dsa0 653.340620 92 0 1048 11002 57643 179941 298123rat 19031 10110 3984 1274
dsa0 654.030620 100 0 1084 10862 57057 178827 295246rat 18860 10140 4002 1259
dsa0 654.730620 61 1 720 7621 39249 122575 202235rat 18998 10034 3983 1252
dsa0 655.420620 78 0 888 9314 48593 151652 250242rat 19010 10091 3983 1255
dsa0 656.110620 62 0 730 7453 39254 121455 199872rat 18896 10093 3944 1242
summary10:54:43DEC 26/18 79.068 4.846 16ds 0 18959 10094 3979 1256 14938 5968 .9 268.9 76 39 21 12 67 38 .7 2.3
co10:57:12uf: UV fast  scan started
co11:01:27uf: UV fast  scan finished, incident DUV =  7.046968 mW/m^2
co11:01:31gi: 26 12 18  2.654632
gia0 661.760610 279 0 964 4095 14070 31326 42668
gia0 662.130610 297 0 946 4050 14226 31446 42329
gia0 662.50610 289 0 979 4052 14035 31211 42494
gia0 662.860610 277 0 956 4072 14008 31217 42165
gia0 663.230610 277 0 945 4054 14053 30986 41860
zsa0 664.960620 299 0 1052 4416 15148 33217 44717rat 14980 8764 3410 1280
zsa0 665.650620 292 0 1056 4502 15475 33620 45620rat 15016 8733 3369 1315
zsa0 666.350620 308 0 1091 4792 16631 36686 50090rat 15254 8841 3436 1342
zsa0 667.040620 317 0 1081 4743 16147 35413 48023rat 15141 8732 3411 1312
zsa0 667.730620 299 1 1071 4761 16102 35414 48416rat 15185 8717 3423 1347
zsa0 668.420620 289 0 1048 4659 15691 34333 46732rat 15141 8675 3400 1328
zsa0 669.110620 292 0 1032 4620 15725 34613 47178rat 15243 8747 3426 1334
summary11:07:02DEC 26/18 79.002 4.821 16zs 0 15137 8744 3411 1323 10905 4791-22.2 301.1 105 51 22 23 58 63 .3 .1
dsa0 670.020620 8 0 42 278 1194 3277 5101rat 15611 8685 3420 997
dsa0 670.710620 8 1 29 173 646 1682 2544rat 14473 7871 3195 873
dsa0 671.40620 9 0 37 141 571 1384 2026rat 12418 7890 2880 730
dsa0 672.10620 8 0 34 249 973 2659 4078rat 15621 8256 3401 933
dsa0 672.790620 11 1 30 137 540 1318 1988rat 13260 7831 2915 861
summary11:11:24DEC 26/18 78.998 4.821 16ds 0 14277 8107 3162 879 11464 5031-.4 214.1 1424 366 258 99 1137 207 5.4 12.4
co11:13:52uf: UV fast  scan started
co11:18:07uf: UV fast  scan finished, incident DUV =  6.652351 mW/m^2
co11:18:11gi: 26 12 18  2.654632
gia0 678.430610 265 0 946 3906 13449 30067 40428
gia0 678.80610 276 0 936 3982 13391 29839 40356
gia0 679.170610 287 0 894 3854 13393 29507 39829
gia0 679.530610 268 0 919 3821 13210 29284 39884
gia0 679.90610 262 0 925 3819 13108 29100 39252
dsa0 680.720620 8 0 29 128 426 989 1386rat 12009 6845 2690 539
dsa0 681.420620 10 0 27 120 402 915 1232rat 11980 6787 2604 365
summary11:21:04DEC 26/18 79.031 4.832 16ds 0 11995 6816 2647 452 10549 4725 0 195.2 20 41 61 123 373 199 1.1 11.9
zsa0 683.020620 308 0 1127 4993 17019 37762 51433rat 15239 8788 3461 1331
zsa0 683.710620 300 0 1121 4916 17036 37735 51373rat 15259 8853 3454 1329
zsa0 684.40620 316 0 1160 5142 17850 39586 54294rat 15318 8866 3459 1361
zsa0 685.090620 317 0 1145 5066 17493 38673 52837rat 15274 8829 3445 1345
zsa0 685.780620 323 1 1126 5040 17516 39218 53158rat 15411 8913 3501 1310
zsa0 686.470620 321 0 1120 5012 17503 39132 53264rat 15421 8927 3494 1328
zsa0 687.170620 306 0 1146 5134 17843 39777 54458rat 15392 8893 3482 1354
summary11:25:05DEC 26/18 79.06 4.843 16zs 0 15331 8867 3471 1337 11053 4859-22.1 302.6 77 49 22 18 103 53 .3 .3
co11:29:09uf: UV fast  scan started
co11:33:24uf: UV fast  scan finished, incident DUV =  5.722205 mW/m^2
co11:33:29gi: 26 12 18  2.654632
gia0 693.730610 233 0 772 3260 11240 25104 33925
gia0 694.090610 235 0 740 3217 11111 25001 33626
gia0 694.460610 229 0 729 3154 10876 24514 33177
gia0 694.820610 233 0 757 3142 10958 24391 33056
gia0 695.190610 219 0 763 3152 10915 24481 33065
zsa0 696.920620 322 1 1179 5278 18502 41944 57545rat 15503 9005 3555 1363
zsa0 697.610620 308 0 1148 5171 18095 40794 56200rat 15494 8972 3531 1381
zsa0 698.310620 318 1 1147 5184 18111 40686 55803rat 15490 8950 3515 1361
zsa0 6990620 300 1 1168 5098 18051 40794 56216rat 15423 9034 3541 1382
zsa0 699.690620 310 0 1137 5043 17827 40478 55300rat 15502 9047 3562 1344
zsa0 700.380620 331 0 1149 5278 18452 41981 57756rat 15615 9008 3570 1375
zsa0 701.070620 316 0 1120 4947 17478 39672 54526rat 15480 9043 3560 1370
summary11:38:59DEC 26/18 79.232 4.907 16zs 0 15501 9008 3548 1368 11123 4909-23.3 306.6 57 37 20 13 74 41 .3 .6
co11:43:04uf: UV fast  scan started
co11:47:18uf: UV fast  scan finished, incident DUV =  4.510727 mW/m^2
co11:47:23gi: 26 12 18  2.654632
gia0 707.630610 180 0 650 2739 9325 21236 28767
gia0 7080610 195 0 655 2724 9398 21385 28932
gia0 708.360610 204 0 655 2665 9452 21156 28722
gia0 708.730610 185 0 641 2676 9355 21217 28584
gia0 709.090610 176 0 637 2658 9136 20803 28295
zsa0 710.830620 300 0 1096 4906 17327 39424 54667rat 15547 9052 3571 1409
zsa0 711.520620 318 0 1065 4814 17026 39080 53746rat 15634 9096 3609 1373
zsa0 712.210620 321 0 1041 4814 16855 38457 52878rat 15663 9026 3583 1372
zsa0 712.910620 304 0 1068 4570 16361 37868 52221rat 15484 9185 3645 1385
zsa0 713.60620 293 1 996 4509 16051 36736 50787rat 15660 9112 3596 1396
zsa0 714.290620 300 0 1080 4843 16937 38937 53440rat 15557 9054 3615 1364
zsa0 714.980620 290 0 1014 4370 15654 36033 49630rat 15494 9164 3621 1380
summary11:52:54DEC 26/18 79.513 5.014 16zs 0 15577 9098 3606 1383 11152 4945-25.6 313.1 76 60 25 16 94 51 .5 .8
co11:56:58uf: UV fast  scan started
co12:01:13uf: UV fast  scan finished, incident DUV =  3.721626 mW/m^2
co12:01:17gi: 26 12 18  2.654632
gia0 721.540610 164 0 526 2210 7808 17861 24271
gia0 721.90610 162 0 517 2134 7540 17360 23777
gia0 722.270610 153 0 498 2165 7547 17228 23476
gia0 722.630610 162 0 516 2176 7589 17512 24012
gia0 7230610 168 1 549 2216 7746 17884 24285
zsa0 724.730620 283 0 1008 4512 16059 37487 52220rat 15692 9197 3682 1429
zsa0 725.430620 286 0 965 4329 15390 36060 49862rat 15712 9208 3698 1397
zsa0 726.120620 292 0 966 4314 15589 36342 50612rat 15742 9257 3676 1428
zsa0 726.810620 292 0 994 4367 15796 37034 51485rat 15699 9286 3701 1420
zsa0 727.50620 270 0 925 4163 14881 34627 47878rat 15720 9201 3668 1396
zsa0 728.190620 283 0 964 4297 15406 36211 50252rat 15735 9258 3712 1412
zsa0 728.880620 279 0 1009 4358 15660 36745 51221rat 15600 9261 3704 1432
summary12:06:48DEC 26/18 79.901 5.171 16zs 0 15700 9238 3692 1416 11168 4985-28.8 321.5 48 35 16 15 81 29 .6 1
co12:10:52uf: UV fast  scan started
co12:15:07uf: UV fast  scan finished, incident DUV =  4.156875 mW/m^2
co12:15:11gi: 26 12 18  2.65973
gia0 735.430610 174 0 562 2175 7816 18248 24946
gia0 735.80610 161 0 529 2166 7797 18200 24973
gia0 736.160610 171 0 535 2186 7851 18274 25144
gia0 736.530610 171 0 553 2241 7917 18484 25423
gia0 736.890610 173 0 550 2276 8001 18520 25373
zsa0 738.630620 260 0 912 3941 14223 33980 47391rat 15699 9357 3782 1434
zsa0 739.330620 266 0 876 3879 14128 33378 46708rat 15797 9349 3734 1448
zsa0 740.020620 239 0 869 4007 14366 34309 47600rat 15951 9327 3781 1411
zsa0 740.710620 247 0 870 3847 14107 33434 46920rat 15834 9392 3747 1461
zsa0 741.40620 263 0 847 3838 13863 33323 46735rat 15936 9388 3809 1458
zsa0 742.090620 246 0 773 3572 13000 30645 42352rat 15969 9335 3724 1394
zsa0 742.790620 253 0 848 3734 13781 32787 46032rat 15860 9436 3764 1463
summary12:20:42DEC 26/18 80.395 5.383 16zs 0 15864 9369 3763 1438 11260 5042-32.4 331.3 97 38 30 27 153 33 .6 1.1
co12:23:19gi: 26 12 18  2.65973
gia0 743.550610 187 0 569 2382 8560 20137 27734
gia0 743.910610 193 0 574 2406 8458 20035 27726
gia0 744.280610 191 0 584 2387 8535 20030 27863
gia0 744.640610 192 1 568 2355 8424 19842 27648
gia0 745.010610 196 0 577 2305 8265 19670 27138
zsa0 746.750620 228 0 783 3422 12397 29755 41640rat 15785 9394 3802 1448
zsa0 747.440620 254 1 784 3575 13025 31573 44133rat 16042 9462 3845 1444
zsa0 748.140620 242 0 794 3531 12893 31475 44348rat 15968 9502 3876 1478
zsa0 748.830620 228 1 795 3535 13018 31262 44193rat 15939 9468 3805 1493
zsa0 749.520620 238 0 777 3311 12001 29164 40568rat 15731 9450 3856 1422
zsa0 750.210620 243 0 760 3362 12462 30521 42910rat 16025 9581 3890 1469
zsa0 750.90620 230 0 760 3316 12352 30031 42043rat 15954 9570 3858 1450
summary12:28:49DEC 26/18 80.731 5.536 16zs 0 15921 9490 3847 1458 11256 5088-34.9 337.5 118 67 33 24 102 56 .5 1.2
sla 0 756.640620 253557 1 303615 354630 424414 464457 514647rat 1846 1181 394 439
sla 0 757.330620 253664 0 303734 355027 424670 463645 514485rat 1837 1169 383 445
sla 0 758.030620 253360 0 303888 354442 424921 464691 514636rat 1845 1186 391 436
sla 0 758.720620 253565 0 303920 354614 425576 463880 514634rat 1837 1176 376 444
sla 0 759.410620 253313 0 303652 354541 424385 463661 514797rat 1838 1175 386 447
sla 0 760.10620 253260 0 303269 354193 423421 463385 513733rat 1841 1176 394 441
sla 0 760.790620 253712 0 303069 354027 424038 463322 513530rat 1843 1178 387 440
summary12:38:42DEC 26/18 81.187 5.757 16sl 0 1841 1177 387 442 428 233 303592.4 514351.7 4 5 7 4 16 10 295.6 499.7
co12:41:27gi: 26 12 18  2.65973
gia0 761.690610 138 0 410 1674 6154 15065 21026
gia0 762.050610 138 0 397 1691 6085 14906 20928
gia0 762.420610 135 0 422 1675 5989 14898 20729
gia0 762.780610 142 0 412 1647 6043 14793 20741
gia0 763.140610 140 0 419 1673 5949 14684 20494
fza0 764.071620 1 1022 4018 14354 35419 49419
fza0 764.681620 1 1082 4289 15364 37860 53096rat 11959 6980 2608 607
fza0 765.281620 1 1054 4173 15262 37182 51836rat 13326 7996 1653 194
fza0 765.881620 0 1080 4176 15348 38084 53010rat 12388 9673 3048 115
summary12:45:16DEC 26/18 81.518 5.926 16fz 0 12558 8216 2436 305 11580 6478-15.8 244.7 699 1360 713 264 1398 1684 14.8 81.7
co12:46:54uf: UV fast  scan started
co12:51:09uf: UV fast  scan finished, incident DUV =  3.183145 mW/m^2
hpscan12:51:57 0 28268 10 42572 20 58257 30 73067 40 87630 50 98672 60 99407 70 99629 80 99762 90 99451 100 99332 110 99485 120 89124 130 73998 140 59035 150 42805 160 26779
hp12:52:46 .9870693 103836.3 80.9 16
hg12:59:52 .9934 1030.173 1030 308608 16
co13:00:15gi: 26 12 18  2.664829
gia0 780.490610 112 0 330 1256 4516 12013 16827
gia0 780.850610 110 0 323 1226 4511 11802 16703
gia0 781.220610 112 0 308 1188 4546 11761 16626
gia0 781.580610 120 0 313 1192 4537 11836 16796
gia0 781.950610 116 0 342 1239 4676 12055 17256
co13:02:43uf: UV fast  scan started
co13:06:57uf: UV fast  scan finished, incident DUV =  2.497152 mW/m^2
co13:07:02gi: 26 12 18  2.664829
gia0 787.280610 83 0 249 995 3784 9927 14334
gia0 787.650610 95 0 264 1027 3889 10269 14589
gia0 788.010610 102 0 269 1082 3928 10411 15060
gia0 788.380610 103 0 265 1051 3970 10490 15082
gia0 788.740610 109 0 285 1104 3991 10505 15088
fza0 789.661620 0 657 2406 8734 22697 32532
fza0 790.571620 0 616 2233 8173 21283 30526
fza0 791.481620 0 623 2161 7809 20629 29659
fza0 792.11620 0 567 2010 7354 19243 27188rat-5085-3121-1484-1416
fza0 792.71620 0 547 1945 7041 18150 26083rat-5111-3137-1491-1423
fza0 793.291620 0 569 2009 7226 18918 26844rat-5137-3153-1499-1430
summary13:12:41DEC 26/18 83.127 6.887 16fz 0-5111-3137-1491-1423-557 28 12.9-60.4 26 16 8 7 3 0 .1 .2
fza0 794.191620 0 482 1689 5931 15729 22353
fza0 794.811620 0 537 1975 7050 18524 26597rat 11856 6706 2457 365
fza0 795.41620 1 525 1795 6570 17386 24905rat 10726 8767 2616 420
fza0 7961620 0 528 1783 6433 17026 24289rat 9242 8170 2588 275
summary13:15:24DEC 26/18 83.305 7.008 16fz 0 10608 7881 2554 353 9477 6003-14.7 187.3 1311 1061 85 73 1166 1007 12.1 41.1
fza0 796.891620 1 505 1651 5940 15857 22323
fza0 797.511620 1 513 1814 6546 17250 24814rat 17654 6068 2063 1042
fza0 798.11620 0 511 1712 6226 16268 23016rat 12996 4994 10 777
fza0 798.71620 0 457 1555 5514 14650 21089rat-5390-3309-1573-1500
summary13:18:06DEC 26/18 83.486 7.135 16fz 0 8420 2584 167 106 8081 2321 15.1 34.9 12185 5132 1823 1397 7746 1996 7.5 80.9
fza0 799.591620 0 418 1435 5009 13489 19412
fza0 800.51620 2 417 1382 5017 13379 19316
co13:21:32uf: UV fast  scan started
co13:25:47uf: UV fast  scan finished, incident DUV =  1.565148 mW/m^2
co13:25:52gi: 26 12 18  2.669927
gia0 806.10610 69 0 184 607 2241 5945 8672
gia0 806.470610 68 1 191 627 2207 6065 8811
gia0 806.830610 76 0 196 615 2254 6139 8914
gia0 807.20610 79 0 190 631 2262 6182 8888
gia0 807.560610 63 0 187 641 2256 5979 8702
fza0 808.491620 0 80 262 918 2421 3531
fza0 809.11620 0 213 720 2509 6521 9419rat 8906 5845 2365-93
fza0 809.71620 1 224 747 2577 6709 9809rat 8746 5775 2368-19
fza0 810.291620 0 156 532 1816 4796 6812rat 8887 5721 2455-283
summary13:29:41DEC 26/18 84.3 7.748 16fz 0 8846 5780 2396-132 9268 4806-3.9 124.8 87 62 51 136 495 176 .4 6.3
fza0 811.181620 1 201 662 2350 6212 9031
fza0 812.091620 0 136 447 1484 3851 5575
fza0 8131620 0 120 333 1092 2897 4049
fza0 813.911620 0 83 261 826 2131 3098
fza0 814.821620 0 74 239 760 2049 2929
fza0 815.731620 0 65 210 726 2013 2867
co13:38:28uf: UV fast  scan started
co13:42:43uf: UV fast  scan finished, incident DUV =  1.215411 mW/m^2
co14:03:19uf: UV fast  scan started
co14:07:34uf: UV fast  scan finished, incident DUV =  .6858218 mW/m^2
co14:28:10uf: UV fast  scan started
co14:32:24uf: UV fast  scan finished, incident DUV =  .2288339 mW/m^2
co14:32:59uf: UV fast  scan started
co14:37:14uf: UV fast  scan finished, incident DUV =  .1786569 mW/m^2
hpscan14:38:02 0 29792 10 44107 20 59232 30 74503 40 89394 50 99708 60 100258 70 100211 80 100243 90 100405 100 100173 110 99549 120 87436 130 73196 140 57831 150 42089 160 26129
hp14:38:50 .9871439 104607 79.7 16
hg14:45:57 .9927 1030.369 1030 299226 16
sla 0 891.410620 255093 2 305372 357505 427731 467920 517950rat 1854 1178 392 434
sla 0 892.10620 255087 0 305587 356978 427325 467584 518320rat 1848 1182 393 440
sla 0 892.790620 254785 1 305427 357345 427040 466942 517734rat 1844 1171 390 441
sla 0 893.490620 254881 0 304897 356872 426877 466851 517399rat 1851 1176 391 439
sla 0 894.180620 254072 0 304866 356735 426338 465756 516309rat 1841 1167 386 441
sla 0 894.870620 253930 0 304092 355826 425747 465350 515922rat 1848 1175 388 441
sla 0 895.560620 253553 1 304904 355484 425352 464649 515038rat 1830 1172 386 440
summary14:53:29DEC 26/18 92.10501 99.999 16sl 0 1845 1174 389 439 438 233 305020.7 516953.2 8 5 3 3 14 6 512 1213.7
ap14:55:56 16.4 17.26 12.03 1108.14 12.03 5.05-11.96 24.31 0 10.99 20.39 14.31 5.01-4.92 0 0 0 .01 1.3 2.15 12.01 1.74 2.02 2.37 16.4 17.07 12.03 1108.14 12.03 5.04-11.96 23.9 2.28 10.89 19.82 13.93 5.01-4.92 1.3 9.43 .32 11.37 3.05 2.63 12.01 1.73 2.04 2.24ed