 5.8783      0.186513
 6.2923      0.933607
 6.7065      1.653370
 6.8072      2.354040
 7.1560      2.696043
 7.5568      4.503795
 7.9075      6.512050
 8.2313      6.787422
 8.8100      8.437691
 9.2722      4.983933
 9.5958     16.131120
10.4968     10.368000
11.0233     16.258280
11.4877     17.736130
11.9498     16.353920
12.2735     11.079520
13.0968     14.848790
13.5087     13.616640
14.0142      9.259234
14.3395      9.410223
14.6648      5.526732
14.7783      5.501099
15.1282      3.764182
16.0637      0.428772
