 4.1190      0.288787
 4.5330      0.966404
 4.9472      2.113693
 5.0278      2.456515
 5.3082      3.901275
 5.9478      7.874310
 6.2690     11.700900
 6.5578     17.065010
 6.8793     21.842930
 7.1678     26.270960
 7.6617     36.663770
 7.7750     41.095780
 8.4727     57.419830
 9.2603     75.526350
10.5605     92.132090
11.3357     94.683290
11.8703     89.673110
13.2258     71.133130
14.0422     51.989400
14.8275     31.550430
15.4682     18.437490
15.7897     17.637510
15.9953     14.524930
16.3167     10.512290
16.6060      7.847253
17.0993      4.292000
17.2190      3.613689
17.5110      2.154953
18.3898      0.199801
