 5.3352      0.247141
 5.7492      0.663593
 6.1633      1.930692
 6.2438      2.433706
 6.5055      3.798804
 6.8348      5.698496
 7.1830      7.309062
 7.5070     10.895470
 7.8905     16.102010
 8.4170     25.977820
 8.7397     33.192230
 9.6218     41.174060
10.0023     39.075130
10.5327     24.552780
11.0630     29.248410
11.5947     52.820360
12.1322     17.852950
13.0517     31.844090
13.3898     28.658130
13.9147     20.049890
14.2047     17.768890
14.9270      9.225607
15.2510      6.171897
15.5505      4.534484
15.9002      2.029707
16.7560      0.213860
