 7.7943      0.124505
 8.2083      0.278977
 8.6225      0.637637
 8.7030      0.606354
 8.8642      0.574760
 8.9950      0.624986
 9.1562      0.598251
 9.2868      0.712843
 9.5993      1.106851
 9.9763      1.725409
10.2070      1.872673
10.4388      0.919556
10.6705      1.068822
10.9022      1.101651
11.1340      1.383996
11.3657      1.378185
11.5975      1.762082
11.8292      1.163578
12.0612      1.524070
12.1417      1.282551
12.7427      0.472419
13.0062      0.415809
13.2302      0.358580
13.6183      0.303830
14.0323      0.289076
14.4465      0.109069
14.5268      0.067295
