ufIntegration time is 0.2294 seconds per sampledt  2.65E-08 cy 4dh300117Copenhagen 55.716-12.5615 2.567961pr1000dark .2 
 432.19  2900  527 0 
 432.22  2905  594 0 
 432.26  2910  661 0 
 432.3  2915  728 0 
 432.33  2920  795 0 
 432.37  2925  862 0 
 432.4  2930  930 0 
 432.44  2935  997 0 
 432.47  2940  1065 0 
 432.51  2945  1132 0 
 432.55  2950  1200 0 
 432.58  2955  1268 0 
 432.62  2960  1336 1 
 432.65  2965  1404 1 
 432.69  2970  1472 0 
 432.73  2975  1540 1 
 432.76  2980  1608 0 
 432.8  2985  1676 0 
 432.83  2990  1745 2 
 432.87  2995  1813 0 
 432.91  3000  1882 1 
 432.94  3005  1950 2 
 432.98  3010  2019 4 
 433.01  3015  2088 2 
 433.05  3020  2157 4 
 433.09  3025  2226 7 
 433.12  3030  2295 8 
 433.16  3035  2364 14 
 433.2  3040  2433 13 
 433.23  3045  2502 14 
 433.27  3050  2572 22 
 433.3  3055  2641 22 
 433.34  3060  2711 25 
 433.38  3065  2781 21 
 433.41  3070  2850 37 
 433.45  3075  2920 42 
 433.49  3080  2990 47 
 433.52  3085  3060 57 
 433.56  3090  3130 48 
 433.6  3095  3200 54 
 433.63  3100  3271 63 
 433.67  3105  3341 107 
 433.71  3110  3412 122 
 433.74  3115  3482 124 
 433.78  3120  3553 131 
 433.81  3125  3624 161 
 433.85  3130  3694 161 
 433.89  3135  3765 181 
 433.92  3140  3836 233 
 433.96  3145  3908 219 
 434  3150  3979 290 
 434.03  3155  4050 237 
 434.07  3160  4122 241 
 434.11  3165  4193 351 
 434.14  3170  4265 432 
 434.18  3175  4336 414 
 434.21  3180  4408 366 
 434.25  3185  4480 555 
 434.29  3190  4552 625 
 434.32  3195  4624 498 
 434.36  3200  4696 625 
 434.4  3205  4769 893 
 434.43  3210  4841 860 
 434.47  3215  4914 909 
 434.51  3220  4986 804 
 434.54  3225  5059 647 
 434.58  3230  5132 876 
 434.62  3235  5205 1269 
 434.65  3240  5278 1509 
 434.69  3245  5351 1274 
 434.73  3250  5424 1064 
end
ufIntegration time is 0.2294 seconds per sampledt  2.65E-08 cy 4dh300117Copenhagen 55.716-12.5615 2.578157pr1000dark 0 
 451  2900  527 0 
 451.04  2905  594 0 
 451.07  2910  661 0 
 451.11  2915  728 0 
 451.15  2920  795 0 
 451.18  2925  862 0 
 451.22  2930  930 0 
 451.26  2935  997 0 
 451.29  2940  1065 0 
 451.33  2945  1132 0 
 451.36  2950  1200 0 
 451.4  2955  1268 1 
 451.44  2960  1336 1 
 451.47  2965  1404 1 
 451.51  2970  1472 1 
 451.55  2975  1540 1 
 451.58  2980  1608 1 
 451.62  2985  1676 2 
 451.65  2990  1745 1 
 451.69  2995  1813 1 
 451.73  3000  1882 3 
 451.76  3005  1950 3 
 451.8  3010  2019 7 
 451.83  3015  2088 4 
 451.87  3020  2157 6 
 451.91  3025  2226 11 
 451.94  3030  2295 16 
 451.98  3035  2364 20 
 452.02  3040  2433 21 
 452.05  3045  2502 32 
 452.09  3050  2572 38 
 452.13  3055  2641 40 
 452.16  3060  2711 41 
 452.2  3065  2781 49 
 452.23  3070  2850 76 
 452.27  3075  2920 84 
 452.31  3080  2990 98 
 452.34  3085  3060 103 
 452.38  3090  3130 99 
 452.42  3095  3200 129 
 452.45  3100  3271 120 
 452.49  3105  3341 209 
 452.53  3110  3412 277 
 452.56  3115  3482 261 
 452.6  3120  3553 287 
 452.64  3125  3624 364 
 452.67  3130  3694 398 
 452.71  3135  3765 404 
 452.75  3140  3836 520 
 452.78  3145  3908 555 
 452.82  3150  3979 707 
 452.86  3155  4050 558 
 452.89  3160  4122 600 
 452.93  3165  4193 927 
 452.97  3170  4265 1107 
 453  3175  4336 1057 
 453.04  3180  4408 973 
 453.08  3185  4480 1554 
 453.11  3190  4552 1672 
 453.15  3195  4624 1332 
 453.19  3200  4696 1690 
 453.22  3205  4769 2429 
 453.26  3210  4841 2325 
 453.3  3215  4914 2460 
 453.33  3220  4986 2065 
 453.37  3225  5059 1794 
 453.4  3230  5132 2359 
 453.44  3235  5205 3392 
 453.48  3240  5278 3852 
 453.51  3245  5351 3369 
 453.55  3250  5424 2927 
end
ufIntegration time is 0.2294 seconds per sampledt  2.65E-08 cy 4dh300117Copenhagen 55.716-12.5615 2.578157pr1000dark 0 
 454.81  2900  527 0 
 454.84  2905  594 0 
 454.88  2910  661 0 
 454.92  2915  728 0 
 454.95  2920  795 0 
 454.99  2925  862 0 
 455.02  2930  930 0 
 455.06  2935  997 0 
 455.1  2940  1065 0 
 455.13  2945  1132 0 
 455.17  2950  1200 1 
 455.2  2955  1268 0 
 455.24  2960  1336 1 
 455.28  2965  1404 0 
 455.31  2970  1472 0 
 455.35  2975  1540 0 
 455.39  2980  1608 0 
 455.42  2985  1676 1 
 455.46  2990  1745 2 
 455.49  2995  1813 3 
 455.53  3000  1882 1 
 455.57  3005  1950 3 
 455.6  3010  2019 3 
 455.64  3015  2088 6 
 455.68  3020  2157 7 
 455.71  3025  2226 14 
 455.75  3030  2295 21 
 455.78  3035  2364 23 
 455.82  3040  2433 18 
 455.86  3045  2502 28 
 455.89  3050  2572 37 
 455.93  3055  2641 48 
 455.97  3060  2711 44 
 456  3065  2781 48 
 456.04  3070  2850 81 
 456.08  3075  2920 97 
 456.11  3080  2990 106 
 456.15  3085  3060 114 
 456.18  3090  3130 107 
 456.22  3095  3200 135 
 456.26  3100  3271 135 
 456.29  3105  3341 241 
 456.33  3110  3412 302 
 456.37  3115  3482 282 
 456.4  3120  3553 335 
 456.44  3125  3624 413 
 456.48  3130  3694 435 
 456.51  3135  3765 447 
 456.55  3140  3836 595 
 456.58  3145  3908 605 
 456.62  3150  3979 801 
 456.66  3155  4050 647 
 456.69  3160  4122 714 
 456.73  3165  4193 1069 
 456.77  3170  4265 1317 
 456.8  3175  4336 1265 
 456.84  3180  4408 1093 
 456.88  3185  4480 1800 
 456.91  3190  4552 1999 
 456.95  3195  4624 1567 
 456.99  3200  4696 1906 
 457.02  3205  4769 2764 
 457.06  3210  4841 2647 
 457.1  3215  4914 2737 
 457.13  3220  4986 2368 
 457.17  3225  5059 2084 
 457.21  3230  5132 2693 
 457.24  3235  5205 3765 
 457.28  3240  5278 4324 
 457.32  3245  5351 3797 
 457.35  3250  5424 3293 
end
ufIntegration time is 0.2294 seconds per sampledt  2.65E-08 cy 4dh300117Copenhagen 55.716-12.5615 2.593452pr1000dark 0 
 473.62  2900  527 0 
 473.66  2905  594 0 
 473.7  2910  661 0 
 473.73  2915  728 0 
 473.77  2920  795 0 
 473.8  2925  862 1 
 473.84  2930  930 0 
 473.88  2935  997 0 
 473.91  2940  1065 0 
 473.95  2945  1132 0 
 473.99  2950  1200 0 
 474.02  2955  1268 0 
 474.06  2960  1336 0 
 474.09  2965  1404 1 
 474.13  2970  1472 1 
 474.16  2975  1540 1 
 474.2  2980  1608 2 
 474.24  2985  1676 0 
 474.27  2990  1745 4 
 474.31  2995  1813 1 
 474.35  3000  1882 5 
 474.38  3005  1950 5 
 474.42  3010  2019 7 
 474.46  3015  2088 9 
 474.49  3020  2157 8 
 474.53  3025  2226 19 
 474.56  3030  2295 30 
 474.6  3035  2364 35 
 474.64  3040  2433 32 
 474.67  3045  2502 40 
 474.71  3050  2572 70 
 474.75  3055  2641 79 
 474.78  3060  2711 70 
 474.82  3065  2781 86 
 474.86  3070  2850 118 
 474.89  3075  2920 163 
 474.93  3080  2990 181 
 474.97  3085  3060 209 
 475  3090  3130 183 
 475.04  3095  3200 237 
 475.07  3100  3271 255 
 475.11  3105  3341 457 
 475.15  3110  3412 554 
 475.18  3115  3482 564 
 475.22  3120  3553 644 
 475.26  3125  3624 819 
 475.29  3130  3694 887 
 475.33  3135  3765 931 
 475.37  3140  3836 1202 
 475.4  3145  3908 1306 
 475.44  3150  3979 1706 
 475.47  3155  4050 1316 
 475.51  3160  4122 1468 
 475.55  3165  4193 2314 
 475.58  3170  4265 2740 
 475.62  3175  4336 2572 
 475.66  3180  4408 2329 
 475.69  3185  4480 3625 
 475.73  3190  4552 4006 
 475.77  3195  4624 3222 
 475.8  3200  4696 3925 
 475.84  3205  4769 5479 
 475.88  3210  4841 5140 
 475.91  3215  4914 5316 
 475.95  3220  4986 4754 
 475.99  3225  5059 4060 
 476.02  3230  5132 5177 
 476.06  3235  5205 6892 
 476.1  3240  5278 7911 
 476.13  3245  5351 7087 
 476.17  3250  5424 6333 
end
ufIntegration time is 0.2294 seconds per sampledt  2.65E-08 cy 4dh300117Copenhagen 55.716-12.5615 2.59855pr1000dark 0 
 477.43  2900  527 0 
 477.46  2905  594 0 
 477.5  2910  661 1 
 477.53  2915  728 0 
 477.57  2920  795 0 
 477.61  2925  862 0 
 477.64  2930  930 0 
 477.68  2935  997 0 
 477.71  2940  1065 0 
 477.75  2945  1132 0 
 477.79  2950  1200 0 
 477.82  2955  1268 0 
 477.86  2960  1336 0 
 477.89  2965  1404 1 
 477.93  2970  1472 0 
 477.97  2975  1540 3 
 478  2980  1608 2 
 478.04  2985  1676 2 
 478.07  2990  1745 4 
 478.11  2995  1813 3 
 478.15  3000  1882 3 
 478.18  3005  1950 6 
 478.22  3010  2019 8 
 478.26  3015  2088 8 
 478.29  3020  2157 8 
 478.33  3025  2226 17 
 478.36  3030  2295 26 
 478.4  3035  2364 41 
 478.44  3040  2433 38 
 478.47  3045  2502 49 
 478.51  3050  2572 69 
 478.55  3055  2641 77 
 478.58  3060  2711 74 
 478.62  3065  2781 91 
 478.66  3070  2850 135 
 478.69  3075  2920 181 
 478.73  3080  2990 194 
 478.76  3085  3060 240 
 478.8  3090  3130 213 
 478.84  3095  3200 280 
 478.87  3100  3271 292 
 478.91  3105  3341 487 
 478.95  3110  3412 612 
 478.98  3115  3482 642 
 479.02  3120  3553 705 
 479.06  3125  3624 922 
 479.09  3130  3694 1073 
 479.13  3135  3765 1082 
 479.17  3140  3836 1389 
 479.2  3145  3908 1486 
 479.24  3150  3979 1961 
 479.27  3155  4050 1523 
 479.31  3160  4122 1715 
 479.35  3165  4193 2611 
 479.38  3170  4265 3172 
 479.42  3175  4336 2950 
 479.46  3180  4408 2638 
 479.5  3185  4480 4214 
 479.53  3190  4552 4483 
 479.57  3195  4624 3686 
 479.61  3200  4696 4396 
 479.64  3205  4769 6169 
 479.68  3210  4841 5804 
 479.72  3215  4914 5915 
 479.75  3220  4986 5379 
 479.79  3225  5059 4553 
 479.83  3230  5132 5819 
 479.86  3235  5205 7663 
 479.9  3240  5278 8726 
 479.94  3245  5351 7921 
 479.97  3250  5424 7093 
end
ufIntegration time is 0.2294 seconds per sampledt  2.65E-08 cy 4dh300117Copenhagen 55.716-12.5615 2.608747pr1000dark 0 
 504.26  2900  527 0 
 504.29  2905  594 0 
 504.33  2910  661 0 
 504.36  2915  728 0 
 504.4  2920  795 0 
 504.44  2925  862 0 
 504.47  2930  930 0 
 504.51  2935  997 0 
 504.54  2940  1065 0 
 504.58  2945  1132 0 
 504.61  2950  1200 0 
 504.65  2955  1268 0 
 504.69  2960  1336 0 
 504.72  2965  1404 2 
 504.76  2970  1472 0 
 504.8  2975  1540 1 
 504.83  2980  1608 2 
 504.87  2985  1676 3 
 504.9  2990  1745 6 
 504.94  2995  1813 11 
 504.98  3000  1882 6 
 505.01  3005  1950 9 
 505.05  3010  2019 14 
 505.09  3015  2088 16 
 505.12  3020  2157 19 
 505.16  3025  2226 34 
 505.2  3030  2295 53 
 505.23  3035  2364 60 
 505.27  3040  2433 62 
 505.3  3045  2502 84 
 505.34  3050  2572 131 
 505.38  3055  2641 136 
 505.41  3060  2711 142 
 505.45  3065  2781 187 
 505.49  3070  2850 284 
 505.52  3075  2920 356 
 505.56  3080  2990 405 
 505.6  3085  3060 489 
 505.63  3090  3130 452 
 505.67  3095  3200 651 
 505.71  3100  3271 683 
 505.74  3105  3341 1142 
 505.78  3110  3412 1416 
 505.81  3115  3482 1474 
 505.85  3120  3553 1710 
 505.89  3125  3624 2218 
 505.92  3130  3694 2417 
 505.96  3135  3765 2449 
 506  3140  3836 3184 
 506.03  3145  3908 3301 
 506.07  3150  3979 4350 
 506.11  3155  4050 3388 
 506.14  3160  4122 3640 
 506.18  3165  4193 5526 
 506.22  3170  4265 6620 
 506.25  3175  4336 6394 
 506.29  3180  4408 5533 
 506.33  3185  4480 8107 
 506.36  3190  4552 8705 
 506.4  3195  4624 7255 
 506.44  3200  4696 8769 
 506.47  3205  4769 11792 
 506.51  3210  4841 10575 
 506.55  3215  4914 10868 
 506.58  3220  4986 10251 
 506.62  3225  5059 8639 
 506.66  3230  5132 10425 
 506.69  3235  5205 13166 
 506.73  3240  5278 15148 
 506.77  3245  5351 13971 
 506.8  3250  5424 12481 
end
ufIntegration time is 0.2294 seconds per sampledt  2.65E-08 cy 4dh300117Copenhagen 55.716-12.5615 2.613845pr1000dark .2 
 514.23  2900  527 0 
 514.2701  2905  594 0 
 514.31  2910  661 0 
 514.3401  2915  728 0 
 514.38  2920  795 0 
 514.41  2925  862 0 
 514.45  2930  930 0 
 514.48  2935  997 0 
 514.5201  2940  1065 0 
 514.56  2945  1132 0 
 514.5901  2950  1200 1 
 514.63  2955  1268 1 
 514.67  2960  1336 1 
 514.7  2965  1404 1 
 514.74  2970  1472 1 
 514.7701  2975  1540 1 
 514.81  2980  1608 2 
 514.85  2985  1676 1 
 514.88  2990  1745 3 
 514.92  2995  1813 4 
 514.9601  3000  1882 5 
 514.99  3005  1950 7 
 515.0301  3010  2019 12 
 515.06  3015  2088 18 
 515.1  3020  2157 16 
 515.14  3025  2226 28 
 515.17  3030  2295 56 
 515.2101  3035  2364 63 
 515.24  3040  2433 64 
 515.2801  3045  2502 88 
 515.32  3050  2572 134 
 515.35  3055  2641 156 
 515.39  3060  2711 155 
 515.43  3065  2781 189 
 515.4601  3070  2850 314 
 515.5  3075  2920 425 
 515.54  3080  2990 455 
 515.57  3085  3060 537 
 515.61  3090  3130 513 
 515.64  3095  3200 745 
 515.68  3100  3271 767 
 515.72  3105  3341 1303 
 515.75  3110  3412 1621 
 515.79  3115  3482 1691 
 515.8301  3120  3553 1903 
 515.86  3125  3624 2469 
 515.9001  3130  3694 2684 
 515.94  3135  3765 2708 
 515.97  3140  3836 3524 
 516.01  3145  3908 3598 
 516.05  3150  3979 4636 
 516.0801  3155  4050 3702 
 516.12  3160  4122 3866 
 516.16  3165  4193 5785 
 516.19  3170  4265 6942 
 516.23  3175  4336 6739 
 516.2701  3180  4408 5687 
 516.3  3185  4480 8404 
 516.3401  3190  4552 8996 
 516.38  3195  4624 7606 
 516.41  3200  4696 9206 
 516.45  3205  4769 12175 
 516.49  3210  4841 10700 
 516.5201  3215  4914 11131 
 516.56  3220  4986 10605 
 516.6  3225  5059 8954 
 516.63  3230  5132 10457 
 516.67  3235  5205 13097 
 516.7101  3240  5278 15095 
 516.74  3245  5351 14091 
 516.7801  3250  5424 12590 
end
ufIntegration time is 0.2294 seconds per sampledt  2.65E-08 cy 4dh300117Copenhagen 55.716-12.5615 2.618944pr1000dark 0 
 532.07  2900  527 0 
 532.11  2905  594 0 
 532.14  2910  661 0 
 532.18  2915  728 0 
 532.21  2920  795 0 
 532.25  2925  862 0 
 532.29  2930  930 0 
 532.32  2935  997 0 
 532.36  2940  1065 0 
 532.4  2945  1132 0 
 532.43  2950  1200 0 
 532.47  2955  1268 0 
 532.5  2960  1336 0 
 532.54  2965  1404 0 
 532.58  2970  1472 0 
 532.61  2975  1540 2 
 532.65  2980  1608 2 
 532.69  2985  1676 1 
 532.72  2990  1745 2 
 532.76  2995  1813 5 
 532.79  3000  1882 5 
 532.83  3005  1950 4 
 532.87  3010  2019 12 
 532.9  3015  2088 15 
 532.94  3020  2157 12 
 532.98  3025  2226 23 
 533.01  3030  2295 52 
 533.05  3035  2364 65 
 533.09  3040  2433 60 
 533.12  3045  2502 87 
 533.16  3050  2572 140 
 533.2  3055  2641 143 
 533.23  3060  2711 149 
 533.27  3065  2781 197 
 533.3  3070  2850 316 
 533.34  3075  2920 403 
 533.38  3080  2990 457 
 533.41  3085  3060 569 
 533.45  3090  3130 519 
 533.49  3095  3200 700 
 533.52  3100  3271 780 
 533.56  3105  3341 1336 
 533.6  3110  3412 1687 
 533.63  3115  3482 1672 
 533.67  3120  3553 1892 
 533.71  3125  3624 2475 
 533.74  3130  3694 2637 
 533.78  3135  3765 2642 
 533.82  3140  3836 3392 
 533.85  3145  3908 3509 
 533.89  3150  3979 4480 
 533.93  3155  4050 3584 
 533.96  3160  4122 3690 
 534  3165  4193 5547 
 534.04  3170  4265 6572 
 534.07  3175  4336 6465 
 534.11  3180  4408 5382 
 534.15  3185  4480 7856 
 534.18  3190  4552 8202 
 534.22  3195  4624 7117 
 534.26  3200  4696 8545 
 534.29  3205  4769 10952 
 534.33  3210  4841 9634 
 534.37  3215  4914 9881 
 534.4  3220  4986 9584 
 534.44  3225  5059 8091 
 534.47  3230  5132 9446 
 534.51  3235  5205 11600 
 534.55  3240  5278 13407 
 534.58  3245  5351 12697 
 534.62  3250  5424 11395 
end
ufIntegration time is 0.2294 seconds per sampledt  2.65E-08 cy 4dh300117Copenhagen 55.716-12.5615 2.618944pr1000dark 0 
 547.72  2900  527 0 
 547.75  2905  594 0 
 547.79  2910  661 0 
 547.82  2915  728 0 
 547.86  2920  795 0 
 547.9  2925  862 0 
 547.93  2930  930 1 
 547.97  2935  997 0 
 548  2940  1065 0 
 548.04  2945  1132 0 
 548.08  2950  1200 0 
 548.11  2955  1268 1 
 548.15  2960  1336 1 
 548.19  2965  1404 1 
 548.22  2970  1472 1 
 548.26  2975  1540 1 
 548.3  2980  1608 3 
 548.33  2985  1676 2 
 548.37  2990  1745 3 
 548.4  2995  1813 6 
 548.44  3000  1882 10 
 548.48  3005  1950 11 
 548.51  3010  2019 19 
 548.55  3015  2088 20 
 548.58  3020  2157 20 
 548.62  3025  2226 44 
 548.66  3030  2295 73 
 548.69  3035  2364 93 
 548.73  3040  2433 104 
 548.77  3045  2502 146 
 548.8  3050  2572 231 
 548.84  3055  2641 273 
 548.87  3060  2711 269 
 548.91  3065  2781 355 
 548.95  3070  2850 596 
 548.98  3075  2920 811 
 549.02  3080  2990 870 
 549.06  3085  3060 1058 
 549.09  3090  3130 972 
 549.13  3095  3200 1366 
 549.17  3100  3271 1451 
 549.2  3105  3341 2467 
 549.24  3110  3412 3078 
 549.28  3115  3482 3154 
 549.31  3120  3553 3492 
 549.35  3125  3624 4486 
 549.39  3130  3694 4858 
 549.42  3135  3765 4899 
 549.46  3140  3836 6222 
 549.5  3145  3908 6234 
 549.53  3150  3979 7948 
 549.57  3155  4050 6447 
 549.61  3160  4122 6535 
 549.64  3165  4193 9781 
 549.68  3170  4265 11770 
 549.72  3175  4336 11510 
 549.75  3180  4408 9643 
 549.79  3185  4480 13603 
 549.83  3190  4552 14639 
 549.86  3195  4624 12564 
 549.9  3200  4696 15046 
 549.94  3205  4769 19468 
 549.97  3210  4841 16947 
 550.01  3215  4914 17511 
 550.05  3220  4986 17139 
 550.08  3225  5059 14405 
 550.12  3230  5132 16666 
 550.16  3235  5205 20313 
 550.19  3240  5278 23283 
 550.23  3245  5351 22102 
 550.26  3250  5424 20291 
end
ufIntegration time is 0.2294 seconds per sampledt  2.65E-08 cy 4dh300117Copenhagen 55.716-12.5615 2.624042pr1000dark 0 
 562.68  2900  527 0 
 562.72  2905  594 0 
 562.75  2910  661 0 
 562.79  2915  728 0 
 562.82  2920  795 0 
 562.86  2925  862 0 
 562.9  2930  930 1 
 562.93  2935  997 0 
 562.97  2940  1065 1 
 563  2945  1132 0 
 563.04  2950  1200 1 
 563.07  2955  1268 0 
 563.11  2960  1336 0 
 563.15  2965  1404 2 
 563.18  2970  1472 1 
 563.22  2975  1540 1 
 563.26  2980  1608 2 
 563.29  2985  1676 2 
 563.33  2990  1745 4 
 563.36  2995  1813 7 
 563.4  3000  1882 8 
 563.44  3005  1950 12 
 563.47  3010  2019 17 
 563.51  3015  2088 23 
 563.55  3020  2157 19 
 563.58  3025  2226 44 
 563.62  3030  2295 75 
 563.65  3035  2364 115 
 563.69  3040  2433 111 
 563.73  3045  2502 158 
 563.76  3050  2572 257 
 563.8  3055  2641 293 
 563.84  3060  2711 303 
 563.87  3065  2781 387 
 563.91  3070  2850 597 
 563.95  3075  2920 868 
 563.98  3080  2990 943 
 564.02  3085  3060 1109 
 564.05  3090  3130 1040 
 564.09  3095  3200 1417 
 564.13  3100  3271 1500 
 564.16  3105  3341 2507 
 564.2  3110  3412 3120 
 564.24  3115  3482 3174 
 564.27  3120  3553 3452 
 564.31  3125  3624 4378 
 564.35  3130  3694 4725 
 564.38  3135  3765 4806 
 564.42  3140  3836 5951 
 564.45  3145  3908 5956 
 564.49  3150  3979 7668 
 564.53  3155  4050 6224 
 564.57  3160  4122 6162 
 564.6  3165  4193 9059 
 564.64  3170  4265 10901 
 564.68  3175  4336 10544 
 564.71  3180  4408 8662 
 564.75  3185  4480 12178 
 564.79  3190  4552 13085 
 564.82  3195  4624 11155 
 564.86  3200  4696 13656 
 564.9  3205  4769 17026 
 564.93  3210  4841 14829 
 564.97  3215  4914 15130 
 565.01  3220  4986 14913 
 565.04  3225  5059 12665 
 565.08  3230  5132 14226 
 565.12  3235  5205 17183 
 565.15  3240  5278 19815 
 565.19  3245  5351 18844 
 565.23  3250  5424 17161 
end
ufIntegration time is 0.2294 seconds per sampledt  2.65E-08 cy 4dh300117Copenhagen 55.716-12.5615 2.629141pr1000dark 0 
 576.24  2900  527 0 
 576.27  2905  594 0 
 576.31  2910  661 0 
 576.35  2915  728 1 
 576.38  2920  795 0 
 576.42  2925  862 1 
 576.45  2930  930 0 
 576.49  2935  997 1 
 576.53  2940  1065 0 
 576.56  2945  1132 0 
 576.6  2950  1200 1 
 576.64  2955  1268 0 
 576.67  2960  1336 0 
 576.71  2965  1404 0 
 576.74  2970  1472 1 
 576.78  2975  1540 1 
 576.82  2980  1608 2 
 576.85  2985  1676 1 
 576.89  2990  1745 4 
 576.92  2995  1813 4 
 576.96  3000  1882 6 
 577  3005  1950 8 
 577.03  3010  2019 13 
 577.07  3015  2088 20 
 577.11  3020  2157 21 
 577.14  3025  2226 48 
 577.18  3030  2295 67 
 577.22  3035  2364 101 
 577.25  3040  2433 95 
 577.29  3045  2502 148 
 577.32  3050  2572 245 
 577.36  3055  2641 270 
 577.4  3060  2711 289 
 577.43  3065  2781 366 
 577.47  3070  2850 602 
 577.51  3075  2920 784 
 577.54  3080  2990 864 
 577.58  3085  3060 1056 
 577.62  3090  3130 963 
 577.65  3095  3200 1310 
 577.69  3100  3271 1391 
 577.73  3105  3341 2359 
 577.76  3110  3412 2960 
 577.8  3115  3482 2976 
 577.84  3120  3553 3270 
 577.87  3125  3624 4193 
 577.91  3130  3694 4418 
 577.95  3135  3765 4510 
 577.98  3140  3836 5754 
 578.02  3145  3908 5643 
 578.06  3150  3979 7066 
 578.09  3155  4050 5806 
 578.13  3160  4122 5809 
 578.17  3165  4193 8479 
 578.2  3170  4265 10176 
 578.24  3175  4336 9920 
 578.28  3180  4408 8167 
 578.31  3185  4480 11407 
 578.35  3190  4552 12258 
 578.38  3195  4624 10725 
 578.42  3200  4696 12828 
 578.46  3205  4769 15983 
 578.5  3210  4841 14035 
 578.53  3215  4914 14268 
 578.57  3220  4986 14201 
 578.6  3225  5059 12113 
 578.64  3230  5132 13661 
 578.68  3235  5205 16431 
 578.71  3240  5278 18953 
 578.75  3245  5351 17854 
 578.79  3250  5424 16510 
end
ufIntegration time is 0.2294 seconds per sampledt  2.65E-08 cy 4dh300117Copenhagen 55.716-12.5615 2.624042pr1000dark 0 
 590.91  2900  527 0 
 590.94  2905  594 0 
 590.98  2910  661 0 
 591.02  2915  728 1 
 591.05  2920  795 0 
 591.09  2925  862 0 
 591.12  2930  930 0 
 591.16  2935  997 1 
 591.19  2940  1065 0 
 591.23  2945  1132 0 
 591.27  2950  1200 1 
 591.3  2955  1268 0 
 591.34  2960  1336 0 
 591.38  2965  1404 0 
 591.41  2970  1472 1 
 591.45  2975  1540 2 
 591.48  2980  1608 3 
 591.52  2985  1676 3 
 591.56  2990  1745 5 
 591.59  2995  1813 10 
 591.63  3000  1882 7 
 591.67  3005  1950 11 
 591.7  3010  2019 19 
 591.74  3015  2088 36 
 591.78  3020  2157 32 
 591.81  3025  2226 64 
 591.85  3030  2295 125 
 591.88  3035  2364 149 
 591.92  3040  2433 167 
 591.96  3045  2502 238 
 591.99  3050  2572 382 
 592.03  3055  2641 424 
 592.07  3060  2711 462 
 592.1  3065  2781 578 
 592.14  3070  2850 918 
 592.18  3075  2920 1225 
 592.21  3080  2990 1328 
 592.25  3085  3060 1596 
 592.29  3090  3130 1488 
 592.32  3095  3200 1991 
 592.36  3100  3271 2113 
 592.4  3105  3341 3608 
 592.43  3110  3412 4354 
 592.47  3115  3482 4481 
 592.51  3120  3553 4817 
 592.54  3125  3624 6038 
 592.58  3130  3694 6520 
 592.62  3135  3765 6572 
 592.65  3140  3836 8221 
 592.69  3145  3908 8043 
 592.73  3150  3979 10201 
 592.76  3155  4050 8395 
 592.8  3160  4122 8327 
 592.83  3165  4193 12066 
 592.87  3170  4265 14535 
 592.91  3175  4336 14328 
 592.94  3180  4408 11713 
 592.98  3185  4480 16025 
 593.02  3190  4552 17359 
 593.05  3195  4624 15165 
 593.09  3200  4696 18082 
 593.13  3205  4769 22570 
 593.16  3210  4841 19485 
 593.2  3215  4914 20005 
 593.24  3220  4986 20029 
 593.27  3225  5059 16886 
 593.31  3230  5132 19122 
 593.35  3235  5205 22667 
 593.38  3240  5278 26256 
 593.42  3245  5351 25075 
 593.46  3250  5424 22952 
end
uxIntegration time is 0.2294 seconds per sampledt  2.65E-08 cy 1dh300117Copenhagen 55.716-12.5615 2.634239pr1000dark 0 
 609.32  2900  527 0 
 609.36  2905  594 0 
 609.39  2910  661 0 
 609.43  2915  728 0 
 609.46  2920  795 0 
 609.5  2925  862 0 
 609.54  2930  930 0 
 609.57  2935  997 0 
 609.61  2940  1065 .25 
 609.65  2945  1132 0 
 609.68  2950  1200 0 
 609.72  2955  1268 .25 
 609.75  2960  1336 .25 
 609.79  2965  1404 0 
 609.83  2970  1472 .5 
 609.86  2975  1540 .25 
 609.9  2980  1608 .25 
 609.94  2985  1676 .5 
 609.97  2990  1745 1.25 
 610.01  2995  1813 2 
 610.04  3000  1882 3 
 610.06  3005  1950 3.5 
 610.09  3010  2019 4.5 
 610.12  3015  2088 6.5 
 610.15  3020  2157 8 
 610.18  3025  2226 17 
 610.21  3030  2295 27.5 
 610.23  3035  2364 35.5 
 610.26  3040  2433 36 
 610.29  3045  2502 61.5 
 610.32  3050  2572 87 
 610.35  3055  2641 112.5 
 610.38  3060  2711 110 
 610.4  3065  2781 142.5 
 610.43  3070  2850 223.5 
 610.46  3075  2920 292 
 610.49  3080  2990 325.5 
 610.52  3085  3060 391 
 610.55  3090  3130 373 
 610.57  3095  3200 495.5 
 610.6  3100  3271 515 
 610.63  3105  3341 865.5 
 610.66  3110  3412 1044.5 
 610.69  3115  3482 1062.5 
 610.72  3120  3553 1177 
 610.75  3125  3624 1428.5 
 610.78  3130  3694 1546.5 
 610.8  3135  3765 1557 
 610.83  3140  3836 1945.5 
 610.86  3145  3908 1887.5 
 610.89  3150  3979 2424.5 
 610.92  3155  4050 1955 
 610.95  3160  4122 1931 
 610.98  3165  4193 2837 
 611  3170  4265 3376.5 
 611.03  3175  4336 3370 
 611.06  3180  4408 2720 
 611.09  3185  4480 3755 
 611.12  3190  4552 4009.5 
 611.15  3195  4624 3494.5 
 611.18  3200  4696 4218.5 
 611.21  3205  4769 5141.5 
 611.24  3210  4841 4462 
 611.27  3215  4914 4668 
 611.29  3220  4986 4631.5 
 611.32  3225  5059 3921.5 
 611.35  3230  5132 4414.5 
 611.38  3235  5205 5178.5 
 611.41  3240  5278 6011 
 611.44  3245  5351 5747.5 
 611.47  3250  5424 5307.5 
 611.5  3255  5497 7014.5 
 611.52  3260  5571 8182 
 611.55  3265  5644 8351 
 611.58  3270  5718 8005.5 
 611.61  3275  5792 7577 
 611.64  3280  5866 6933 
 611.67  3285  5940 7283 
 611.7  3290  6014 9124 
 611.73  3295  6088 9788.5 
 611.75  3300  6162 9561 
 611.78  3305  6236 7616 
 611.81  3310  6311 7990 
 611.84  3315  6385 8220.5 
 611.87  3320  6460 8476 
 611.9  3325  6535 8595.5 
 611.93  3330  6610 8444 
 611.96  3335  6685 7307 
 611.99  3340  6760 8066 
 612.02  3345  6835 8700 
 612.04  3350  6911 8625 
 612.07  3355  6986 9138.5 
 612.1  3360  7062 6303 
 612.13  3365  7138 7799 
 612.16  3370  7213 6192 
 612.19  3375  7289 8355.5 
 612.22  3380  7365 7341.5 
 612.25  3385  7442 8791.5 
 612.27  3390  7518 8106 
 612.3  3395  7594 8704 
 612.33  3400  7671 9489.5 
 612.36  3405  7747 8322.5 
 612.39  3410  7824 8199.5 
 612.42  3415  7901 7895 
 612.45  3420  7978 8877 
 612.48  3425  8055 8518 
 612.51  3430  8132 8952.5 
 612.54  3435  8210 8227 
 612.57  3440  8287 5580.5 
 612.6  3445  8365 7028.5 
 612.63  3450  8443 8726 
 612.65  3455  8521 8256.5 
 612.68  3460  8599 7339 
 612.71  3465  8677 8425.5 
 612.74  3470  8755 8473 
 612.77  3475  8833 6867.5 
 612.8  3480  8912 8094.5 
 612.83  3485  8990 8110.5 
 612.86  3490  9069 7046 
 612.89  3495  9148 7368 
 612.92  3500  9227 9425.5 
 613.05  3505  7424 9623 
 613.08  3510  7504 8608.5 
 613.11  3515  7585 8688 
 613.14  3520  7666 8640 
 613.17  3525  7747 6977.5 
 613.2  3530  7828 8990 
 613.23  3535  7909 9455.5 
 613.26  3540  7991 9556 
 613.28  3545  8073 9765.5 
 613.31  3550  8154 9617.5 
 613.34  3555  8236 8627.5 
 613.37  3560  8318 9071 
 613.4  3565  8401 7111 
 613.43  3570  8483 6506 
 613.46  3575  8566 7742 
 613.49  3580  8648 5351 
 613.52  3585  8731 5227 
 613.55  3590  8814 7863 
 613.58  3595  8897 9029.5 
 613.61  3600  8981 8896.5 
 613.64  3605  9064 6985 
 613.67  3610  9148 6963 
 613.7  3615  9232 7348 
 613.72  3620  9316 7094 
 613.75  3625  9400 9469.5 
 613.78  3630  9485 6791.5 
end
uxIntegration time is 0.2294 seconds per sampledt  2.65E-08 cy 1dh300117Copenhagen 55.716-12.5615 2.639337pr1000dark 0 
 638.24  2900  527 0 
 638.27  2905  594 0 
 638.31  2910  661 0 
 638.34  2915  728 0 
 638.38  2920  795 0 
 638.42  2925  862 0 
 638.45  2930  930 0 
 638.49  2935  997 0 
 638.52  2940  1065 0 
 638.56  2945  1132 0 
 638.6  2950  1200 .25 
 638.63  2955  1268 0 
 638.67  2960  1336 .25 
 638.7  2965  1404 .25 
 638.74  2970  1472 0 
 638.78  2975  1540 .5 
 638.81  2980  1608 .5 
 638.85  2985  1676 .75 
 638.88  2990  1745 1.25 
 638.92  2995  1813 2 
 638.95  3000  1882 2.5 
 638.98  3005  1950 2.5 
 639  3010  2019 5 
 639.03  3015  2088 9.5 
 639.06  3020  2157 6.5 
 639.09  3025  2226 15.5 
 639.12  3030  2295 30 
 639.15  3035  2364 39 
 639.17  3040  2433 40 
 639.2  3045  2502 62 
 639.23  3050  2572 102.5 
 639.26  3055  2641 115 
 639.29  3060  2711 113.5 
 639.32  3065  2781 133 
 639.35  3070  2850 242.5 
 639.37  3075  2920 301 
 639.4  3080  2990 322 
 639.43  3085  3060 385 
 639.46  3090  3130 351 
 639.49  3095  3200 476 
 639.52  3100  3271 489 
 639.54  3105  3341 833 
 639.57  3110  3412 1030.5 
 639.6  3115  3482 1028 
 639.63  3120  3553 1080 
 639.66  3125  3624 1379.5 
 639.69  3130  3694 1450.5 
 639.71  3135  3765 1442 
 639.74  3140  3836 1816 
 639.77  3145  3908 1773.5 
 639.8  3150  3979 2229.5 
 639.83  3155  4050 1800 
 639.86  3160  4122 1777.5 
 639.89  3165  4193 2536 
 639.91  3170  4265 3064 
 639.94  3175  4336 3012.5 
 639.97  3180  4408 2419.5 
 640  3185  4480 3320 
 640.03  3190  4552 3553.5 
 640.06  3195  4624 3113.5 
 640.09  3200  4696 3707.5 
 640.12  3205  4769 4537 
 640.14  3210  4841 3882.5 
 640.17  3215  4914 4007.5 
 640.2  3220  4986 4012.5 
 640.23  3225  5059 3396.5 
 640.26  3230  5132 3713.5 
 640.29  3235  5205 4465 
 640.32  3240  5278 5119.5 
 640.35  3245  5351 4926.5 
 640.37  3250  5424 4557 
 640.4  3255  5497 5935.5 
 640.43  3260  5571 6856.5 
 640.46  3265  5644 7003 
 640.49  3270  5718 6691 
 640.52  3275  5792 6346 
 640.55  3280  5866 5785 
 640.58  3285  5940 6070.5 
 640.6  3290  6014 7469 
 640.63  3295  6088 8139.5 
 640.66  3300  6162 7951 
 640.69  3305  6236 6309.5 
 640.72  3310  6311 6563 
 640.75  3315  6385 6726.5 
 640.78  3320  6460 6993.5 
 640.81  3325  6535 7013.5 
 640.84  3330  6610 6962.5 
 640.87  3335  6685 6032 
 640.9  3340  6760 6604.5 
 640.92  3345  6835 7106 
 640.95  3350  6911 7017 
 640.98  3355  6986 7397.5 
 641.01  3360  7062 5046 
 641.04  3365  7138 6354 
 641.07  3370  7213 4953.5 
 641.1  3375  7289 6687.5 
 641.13  3380  7365 5874 
 641.16  3385  7442 6969 
 641.19  3390  7518 6477.5 
 641.22  3395  7594 6925 
 641.24  3400  7671 7596 
 641.27  3405  7747 6518.5 
 641.3  3410  7824 6548.5 
 641.33  3415  7901 6229.5 
 641.36  3420  7978 7024 
 641.39  3425  8055 6737.5 
 641.42  3430  8132 7048.5 
 641.45  3435  8210 6560 
 641.48  3440  8287 4369.5 
 641.51  3445  8365 5536.5 
 641.54  3450  8443 6827.5 
 641.57  3455  8521 6527.5 
 641.6  3460  8599 5821 
 641.62  3465  8677 6640 
 641.65  3470  8755 6642.5 
 641.68  3475  8833 5413 
 641.71  3480  8912 6405 
 641.74  3485  8990 6357.5 
 641.77  3490  9069 5538.5 
 641.8  3495  9148 5767.5 
 641.83  3500  9227 7472.5 
 641.96  3505  7424 7611.5 
 641.99  3510  7504 6772.5 
 642.02  3515  7585 6888.5 
 642.05  3520  7666 6821 
 642.08  3525  7747 5570 
 642.11  3530  7828 7130.5 
 642.14  3535  7909 7484 
 642.17  3540  7991 7544 
 642.2  3545  8073 7728 
 642.22  3550  8154 7581.5 
 642.25  3555  8236 6838 
 642.28  3560  8318 7183.5 
 642.31  3565  8401 5624.5 
 642.34  3570  8483 5134 
 642.37  3575  8566 6071 
 642.4  3580  8648 4251.5 
 642.43  3585  8731 4154 
 642.46  3590  8814 6200.5 
 642.49  3595  8897 7044.5 
 642.52  3600  8981 7031 
 642.55  3605  9064 5482.5 
 642.58  3610  9148 5381 
 642.61  3615  9232 5791.5 
 642.64  3620  9316 5487 
 642.67  3625  9400 7479.5 
 642.69  3630  9485 5361.5 
end
uxIntegration time is 0.2294 seconds per sampledt  2.65E-08 cy 1dh300117Copenhagen 55.716-12.5615 2.634239pr1000dark .05 
 667.14  2900  527 0 
 667.18  2905  594 0 
 667.21  2910  661 0 
 667.25  2915  728 0 
 667.28  2920  795 0 
 667.32  2925  862 0 
 667.36  2930  930 0 
 667.39  2935  997 0 
 667.43  2940  1065 0 
 667.47  2945  1132 0 
 667.5  2950  1200 0 
 667.54  2955  1268 0 
 667.57  2960  1336 .5 
 667.61  2965  1404 0 
 667.65  2970  1472 .25 
 667.68  2975  1540 .5 
 667.72  2980  1608 .75 
 667.76  2985  1676 .5 
 667.79  2990  1745 1.25 
 667.83  2995  1813 2.25 
 667.86  3000  1882 2 
 667.88  3005  1950 4.5 
 667.91  3010  2019 5 
 667.94  3015  2088 10.5 
 667.97  3020  2157 9 
 668  3025  2226 19.5 
 668.03  3030  2295 38 
 668.05  3035  2364 50 
 668.08  3040  2433 52 
 668.11  3045  2502 71 
 668.14  3050  2572 117 
 668.17  3055  2641 146 
 668.2  3060  2711 150.5 
 668.22  3065  2781 179 
 668.25  3070  2850 290 
 668.28  3075  2920 377 
 668.31  3080  2990 412.5 
 668.34  3085  3060 507.5 
 668.37  3090  3130 463 
 668.4  3095  3200 608.5 
 668.42  3100  3271 613 
 668.45  3105  3341 1043.5 
 668.48  3110  3412 1312 
 668.51  3115  3482 1318 
 668.54  3120  3553 1406 
 668.57  3125  3624 1734.5 
 668.59  3130  3694 1881.5 
 668.62  3135  3765 1899.5 
 668.65  3140  3836 2359.5 
 668.68  3145  3908 2260 
 668.71  3150  3979 2894.5 
 668.74  3155  4050 2378 
 668.77  3160  4122 2294 
 668.79  3165  4193 3371.5 
 668.82  3170  4265 4085 
 668.85  3175  4336 4028.5 
 668.88  3180  4408 3257 
 668.91  3185  4480 4392.5 
 668.94  3190  4552 4768.5 
 668.97  3195  4624 4133 
 669  3200  4696 4986 
 669.02  3205  4769 6125.5 
 669.05  3210  4841 5297 
 669.08  3215  4914 5372.5 
 669.11  3220  4986 5517 
 669.14  3225  5059 4629.5 
 669.17  3230  5132 5059 
 669.2  3235  5205 6023 
 669.23  3240  5278 7008.5 
 669.25  3245  5351 6700 
 669.28  3250  5424 6173 
 669.31  3255  5497 8094.5 
 669.34  3260  5571 9439 
 669.37  3265  5644 9542 
 669.4  3270  5718 9154.5 
 669.43  3275  5792 8744 
 669.46  3280  5866 7930 
 669.48  3285  5940 8318.5 
 669.51  3290  6014 10284.5 
 669.54  3295  6088 11051 
 669.57  3300  6162 10758.5 
 669.6  3305  6236 8542 
 669.63  3310  6311 8905 
 669.66  3315  6385 9067 
 669.69  3320  6460 9371 
 669.72  3325  6535 9256.5 
 669.74  3330  6610 9223.5 
 669.77  3335  6685 7986 
 669.8  3340  6760 8689 
 669.83  3345  6835 9385.5 
 669.86  3350  6911 9284.5 
 669.89  3355  6986 9682.5 
 669.92  3360  7062 6561 
 669.95  3365  7138 8347.5 
 669.97  3370  7213 6481 
 670  3375  7289 8677 
 670.03  3380  7365 7704 
 670.06  3385  7442 9072 
 670.09  3390  7518 8256.5 
 670.12  3395  7594 8777 
 670.15  3400  7671 9571.5 
 670.18  3405  7747 8260.5 
 670.2  3410  7824 8273 
 670.23  3415  7901 7823.5 
 670.26  3420  7978 8624.5 
 670.29  3425  8055 8311.5 
 670.32  3430  8132 8667.5 
 670.35  3435  8210 8032.5 
 670.38  3440  8287 5392.5 
 670.41  3445  8365 6592.5 
 670.44  3450  8443 8187 
 670.47  3455  8521 7840.5 
 670.5  3460  8599 6829 
 670.53  3465  8677 7798 
 670.56  3470  8755 7888 
 670.58  3475  8833 6299.5 
 670.61  3480  8912 7447.5 
 670.64  3485  8990 7428.5 
 670.67  3490  9069 6429 
 670.7  3495  9148 6585 
 670.73  3500  9227 8573.5 
 670.86  3505  7424 8561.5 
 670.89  3510  7504 7608 
 670.92  3515  7585 7688.5 
 670.95  3520  7666 7710.5 
 670.98  3525  7747 6070 
 671.01  3530  7828 7856.5 
 671.04  3535  7909 8199.5 
 671.07  3540  7991 8214 
 671.09  3545  8073 8466 
 671.12  3550  8154 8276.5 
 671.15  3555  8236 7329 
 671.18  3560  8318 7701.5 
 671.21  3565  8401 6079 
 671.24  3570  8483 5533.5 
 671.27  3575  8566 6518.5 
 671.3  3580  8648 4559.5 
 671.33  3585  8731 4428.5 
 671.36  3590  8814 6592 
 671.39  3595  8897 7533 
 671.42  3600  8981 7512 
 671.45  3605  9064 5906 
 671.48  3610  9148 5782 
 671.51  3615  9232 6228 
 671.54  3620  9316 5922 
 671.57  3625  9400 8015 
 671.59  3630  9485 5691 
end
uxIntegration time is 0.2294 seconds per sampledt  2.65E-08 cy 1dh300117Copenhagen 55.716-12.5615 2.629141pr1000dark 0 
 691.87  2900  527 .25 
 691.91  2905  594 0 
 691.95  2910  661 0 
 691.98  2915  728 .25 
 692.02  2920  795 0 
 692.05  2925  862 0 
 692.09  2930  930 0 
 692.13  2935  997 0 
 692.16  2940  1065 0 
 692.2  2945  1132 0 
 692.23  2950  1200 0 
 692.27  2955  1268 0 
 692.31  2960  1336 0 
 692.34  2965  1404 0 
 692.38  2970  1472 0 
 692.42  2975  1540 .5 
 692.45  2980  1608 .25 
 692.49  2985  1676 .25 
 692.52  2990  1745 .75 
 692.56  2995  1813 .75 
 692.59  3000  1882 1 
 692.62  3005  1950 1.5 
 692.65  3010  2019 3.5 
 692.67  3015  2088 4.5 
 692.7  3020  2157 3.5 
 692.73  3025  2226 7 
 692.76  3030  2295 16.5 
 692.79  3035  2364 23 
 692.82  3040  2433 25 
 692.84  3045  2502 33.5 
 692.87  3050  2572 54 
 692.9  3055  2641 65.5 
 692.93  3060  2711 69 
 692.96  3065  2781 84 
 692.99  3070  2850 132.5 
 693.02  3075  2920 178 
 693.04  3080  2990 198.5 
 693.07  3085  3060 226.5 
 693.1  3090  3130 218 
 693.13  3095  3200 281.5 
 693.16  3100  3271 309.5 
 693.19  3105  3341 508.5 
 693.22  3110  3412 620 
 693.24  3115  3482 593.5 
 693.27  3120  3553 664 
 693.3  3125  3624 833 
 693.33  3130  3694 878.5 
 693.36  3135  3765 887 
 693.39  3140  3836 1086.5 
 693.41  3145  3908 1061 
 693.44  3150  3979 1329.5 
 693.47  3155  4050 1105 
 693.5  3160  4122 1108.5 
 693.53  3165  4193 1516 
 693.56  3170  4265 1859.5 
 693.58  3175  4336 1811 
 693.61  3180  4408 1483 
 693.64  3185  4480 1977 
 693.67  3190  4552 2136.5 
 693.7  3195  4624 1883.5 
 693.73  3200  4696 2240.5 
 693.76  3205  4769 2767 
 693.79  3210  4841 2394 
 693.81  3215  4914 2439 
 693.84  3220  4986 2453.5 
 693.87  3225  5059 2074 
 693.9  3230  5132 2277 
 693.93  3235  5205 2736.5 
 693.96  3240  5278 3122.5 
 693.99  3245  5351 3011 
 694.02  3250  5424 2761 
 694.04  3255  5497 3612.5 
 694.07  3260  5571 4215 
 694.1  3265  5644 4231.5 
 694.13  3270  5718 4073 
 694.16  3275  5792 3888.5 
 694.19  3280  5866 3551 
 694.22  3285  5940 3684.5 
 694.25  3290  6014 4556 
 694.27  3295  6088 4885 
 694.3  3300  6162 4753 
 694.33  3305  6236 3764.5 
 694.36  3310  6311 3976.5 
 694.39  3315  6385 4046.5 
 694.42  3320  6460 4186.5 
 694.45  3325  6535 4180 
 694.48  3330  6610 4075.5 
 694.51  3335  6685 3577.5 
 694.54  3340  6760 3944 
 694.57  3345  6835 4180 
 694.59  3350  6911 4136 
 694.62  3355  6986 4316 
 694.65  3360  7062 2941.5 
 694.68  3365  7138 3718 
 694.71  3370  7213 2901 
 694.74  3375  7289 3887.5 
 694.77  3380  7365 3373 
 694.8  3385  7442 4060 
 694.83  3390  7518 3750.5 
 694.85  3395  7594 3951 
 694.88  3400  7671 4277 
 694.91  3405  7747 3744.5 
 694.94  3410  7824 3718.5 
 694.97  3415  7901 3564.5 
 695  3420  7978 3943 
 695.03  3425  8055 3766.5 
 695.06  3430  8132 3988.5 
 695.09  3435  8210 3664.5 
 695.11  3440  8287 2495.5 
 695.14  3445  8365 3055.5 
 695.17  3450  8443 3804.5 
 695.2  3455  8521 3621 
 695.23  3460  8599 3198.5 
 695.26  3465  8677 3663 
 695.29  3470  8755 3689 
 695.32  3475  8833 2968 
 695.34  3480  8912 3481.5 
 695.37  3485  8990 3477 
 695.4  3490  9069 3076.5 
 695.43  3495  9148 3161 
 695.46  3500  9227 4082.5 
 695.59  3505  7424 4253.5 
 695.62  3510  7504 3765 
 695.65  3515  7585 3739.5 
 695.68  3520  7666 3804.5 
 695.71  3525  7747 3090 
 695.74  3530  7828 3916.5 
 695.77  3535  7909 4127 
 695.8  3540  7991 4112.5 
 695.83  3545  8073 4250.5 
 695.86  3550  8154 4221.5 
 695.88  3555  8236 3725 
 695.91  3560  8318 3907.5 
 695.94  3565  8401 3127.5 
 695.97  3570  8483 2793.5 
 696  3575  8566 3335 
 696.03  3580  8648 2284.5 
 696.06  3585  8731 2271 
 696.09  3590  8814 3360 
 696.12  3595  8897 3865 
 696.15  3600  8981 3841 
 696.18  3605  9064 3043 
 696.21  3610  9148 2945 
 696.24  3615  9232 3241.5 
 696.27  3620  9316 3040.5 
 696.3  3625  9400 4054.5 
 696.33  3630  9485 2939 
end
uxIntegration time is 0.2294 seconds per sampledt  2.65E-08 cy 1dh300117Copenhagen 55.716-12.5615 2.608747pr1000dark 0 
 717.99  2900  527 0 
 718.03  2905  594 0 
 718.06  2910  661 0 
 718.1  2915  728 0 
 718.13  2920  795 0 
 718.17  2925  862 0 
 718.21  2930  930 0 
 718.24  2935  997 0 
 718.28  2940  1065 0 
 718.31  2945  1132 0 
 718.35  2950  1200 .25 
 718.39  2955  1268 0 
 718.42  2960  1336 0 
 718.46  2965  1404 0 
 718.49  2970  1472 .25 
 718.53  2975  1540 .25 
 718.57  2980  1608 .75 
 718.6  2985  1676 .5 
 718.64  2990  1745 1 
 718.67  2995  1813 1.5 
 718.7  3000  1882 1.5 
 718.73  3005  1950 1.5 
 718.76  3010  2019 5 
 718.79  3015  2088 8 
 718.82  3020  2157 8 
 718.85  3025  2226 16 
 718.87  3030  2295 29 
 718.9  3035  2364 36 
 718.93  3040  2433 33 
 718.96  3045  2502 56 
 718.99  3050  2572 89.5 
 719.02  3055  2641 100 
 719.05  3060  2711 108 
 719.08  3065  2781 128 
 719.1  3070  2850 189.5 
 719.13  3075  2920 274.5 
 719.16  3080  2990 295 
 719.19  3085  3060 342.5 
 719.22  3090  3130 313 
 719.25  3095  3200 414 
 719.28  3100  3271 460 
 719.3  3105  3341 746.5 
 719.33  3110  3412 905.5 
 719.36  3115  3482 902.5 
 719.39  3120  3553 988 
 719.42  3125  3624 1218 
 719.45  3130  3694 1291 
 719.47  3135  3765 1342 
 719.5  3140  3836 1627.5 
 719.53  3145  3908 1600 
 719.56  3150  3979 2017 
 719.59  3155  4050 1678 
 719.62  3160  4122 1625.5 
 719.65  3165  4193 2336.5 
 719.68  3170  4265 2822 
 719.7  3175  4336 2808.5 
 719.73  3180  4408 2266.5 
 719.76  3185  4480 3057 
 719.79  3190  4552 3327.5 
 719.82  3195  4624 2923 
 719.85  3200  4696 3478.5 
 719.88  3205  4769 4284 
 719.91  3210  4841 3696.5 
 719.93  3215  4914 3749.5 
 719.96  3220  4986 3806 
 719.99  3225  5059 3229.5 
 720.02  3230  5132 3526.5 
 720.05  3235  5205 4147 
 720.08  3240  5278 4849 
 720.11  3245  5351 4655 
 720.14  3250  5424 4280 
 720.16  3255  5497 5476.5 
 720.19  3260  5571 6510 
 720.22  3265  5644 6509 
 720.25  3270  5718 6275.5 
 720.28  3275  5792 5931.5 
 720.31  3280  5866 5382.5 
 720.34  3285  5940 5598.5 
 720.37  3290  6014 6934.5 
 720.4  3295  6088 7528.5 
 720.43  3300  6162 7244.5 
 720.46  3305  6236 5739 
 720.48  3310  6311 5995 
 720.51  3315  6385 6038.5 
 720.54  3320  6460 6341.5 
 720.57  3325  6535 6341 
 720.6  3330  6610 6157.5 
 720.63  3335  6685 5354.5 
 720.66  3340  6760 5907 
 720.69  3345  6835 6332.5 
 720.72  3350  6911 6182.5 
 720.75  3355  6986 6610.5 
 720.77  3360  7062 4413 
 720.8  3365  7138 5587 
 720.83  3370  7213 4397 
 720.86  3375  7289 5896 
 720.89  3380  7365 5111.5 
 720.92  3385  7442 6140.5 
 720.95  3390  7518 5659.5 
 720.98  3395  7594 5948 
 721.01  3400  7671 6498 
 721.04  3405  7747 5711 
 721.07  3410  7824 5570 
 721.09  3415  7901 5391.5 
 721.12  3420  7978 6062.5 
 721.15  3425  8055 5718.5 
 721.18  3430  8132 6080 
 721.21  3435  8210 5614.5 
 721.24  3440  8287 3767 
 721.27  3445  8365 4631.5 
 721.3  3450  8443 5835 
 721.33  3455  8521 5573 
 721.36  3460  8599 4939.5 
 721.39  3465  8677 5537.5 
 721.41  3470  8755 5624 
 721.44  3475  8833 4531 
 721.47  3480  8912 5320.5 
 721.5  3485  8990 5348.5 
 721.53  3490  9069 4698 
 721.56  3495  9148 4843 
 721.59  3500  9227 6258.5 
 721.72  3505  7424 6468.5 
 721.75  3510  7504 5809.5 
 721.78  3515  7585 5794 
 721.81  3520  7666 5849 
 721.84  3525  7747 4793.5 
 721.87  3530  7828 6052.5 
 721.89  3535  7909 6363.5 
 721.92  3540  7991 6427 
 721.95  3545  8073 6587.5 
 721.98  3550  8154 6521.5 
 722.01  3555  8236 5829 
 722.04  3560  8318 6075.5 
 722.07  3565  8401 4792.5 
 722.1  3570  8483 4329 
 722.13  3575  8566 5189.5 
 722.16  3580  8648 3641.5 
 722.19  3585  8731 3555.5 
 722.22  3590  8814 5205 
 722.25  3595  8897 5994.5 
 722.27  3600  8981 6002.5 
 722.3  3605  9064 4700 
 722.33  3610  9148 4599 
 722.36  3615  9232 4902.5 
 722.39  3620  9316 4640.5 
 722.42  3625  9400 6239 
 722.45  3630  9485 4465 
end
uxIntegration time is 0.2294 seconds per sampledt  2.65E-08 cy 1dh300117Copenhagen 55.716-12.5615 2.603649pr1000dark .05 
 746.21  2900  527 0 
 746.25  2905  594 0 
 746.29  2910  661 0 
 746.32  2915  728 0 
 746.36  2920  795 0 
 746.39  2925  862 .25 
 746.43  2930  930 0 
 746.46  2935  997 0 
 746.5  2940  1065 0 
 746.54  2945  1132 0 
 746.57  2950  1200 0 
 746.61  2955  1268 0 
 746.65  2960  1336 .25 
 746.68  2965  1404 .25 
 746.72  2970  1472 0 
 746.75  2975  1540 .25 
 746.79  2980  1608 .5 
 746.83  2985  1676 .25 
 746.86  2990  1745 .5 
 746.9  2995  1813 1.25 
 746.93  3000  1882 1 
 746.96  3005  1950 1.5 
 746.99  3010  2019 2.5 
 747.01  3015  2088 3.5 
 747.04  3020  2157 4.5 
 747.07  3025  2226 9.5 
 747.1  3030  2295 17.5 
 747.13  3035  2364 23.5 
 747.16  3040  2433 19.5 
 747.18  3045  2502 40 
 747.21  3050  2572 57.5 
 747.24  3055  2641 68 
 747.27  3060  2711 68.5 
 747.3  3065  2781 93 
 747.33  3070  2850 132.5 
 747.36  3075  2920 184.5 
 747.38  3080  2990 201.5 
 747.41  3085  3060 242 
 747.44  3090  3130 218 
 747.47  3095  3200 292.5 
 747.5  3100  3271 314 
 747.53  3105  3341 541 
 747.55  3110  3412 667 
 747.58  3115  3482 688.5 
 747.61  3120  3553 725 
 747.64  3125  3624 914.5 
 747.67  3130  3694 1005.5 
 747.7  3135  3765 1010 
 747.72  3140  3836 1248.5 
 747.75  3145  3908 1209 
 747.78  3150  3979 1540.5 
 747.81  3155  4050 1286.5 
 747.84  3160  4122 1255.5 
 747.87  3165  4193 1799 
 747.9  3170  4265 2181 
 747.93  3175  4336 2165 
 747.95  3180  4408 1742.5 
 747.98  3185  4480 2384.5 
 748.01  3190  4552 2565 
 748.04  3195  4624 2253 
 748.07  3200  4696 2668 
 748.1  3205  4769 3278 
 748.13  3210  4841 2840.5 
 748.16  3215  4914 2893 
 748.18  3220  4986 2919.5 
 748.21  3225  5059 2415 
 748.24  3230  5132 2691.5 
 748.27  3235  5205 3251 
 748.3  3240  5278 3737.5 
 748.33  3245  5351 3603.5 
 748.36  3250  5424 3292.5 
 748.39  3255  5497 4283.5 
 748.41  3260  5571 5095 
 748.44  3265  5644 5125 
 748.47  3270  5718 4882.5 
 748.5  3275  5792 4754.5 
 748.53  3280  5866 4329 
 748.56  3285  5940 4581.5 
 748.59  3290  6014 5701.5 
 748.62  3295  6088 6265 
 748.65  3300  6162 6020.5 
 748.68  3305  6236 4853.5 
 748.7  3310  6311 5176 
 748.73  3315  6385 5226.5 
 748.76  3320  6460 5493 
 748.79  3325  6535 5518.5 
 748.82  3330  6610 5523 
 748.85  3335  6685 4724 
 748.88  3340  6760 5299.5 
 748.9  3345  6835 5778 
 748.93  3350  6911 5639.5 
 748.96  3355  6986 6103 
 748.99  3360  7062 4082 
 749.02  3365  7138 5221 
 749.05  3370  7213 4039.5 
 749.08  3375  7289 5509 
 749.11  3380  7365 4837 
 749.14  3385  7442 5787.5 
 749.17  3390  7518 5418 
 749.2  3395  7594 5641 
 749.22  3400  7671 6265 
 749.25  3405  7747 5421 
 749.28  3410  7824 5374 
 749.31  3415  7901 5153.5 
 749.34  3420  7978 5834 
 749.37  3425  8055 5527.5 
 749.4  3430  8132 5828.5 
 749.43  3435  8210 5387 
 749.46  3440  8287 3585 
 749.49  3445  8365 4426 
 749.52  3450  8443 5553.5 
 749.55  3455  8521 5265 
 749.57  3460  8599 4615.5 
 749.6  3465  8677 5319.5 
 749.63  3470  8755 5305.5 
 749.66  3475  8833 4220.5 
 749.69  3480  8912 5081.5 
 749.72  3485  8990 5002 
 749.75  3490  9069 4311.5 
 749.78  3495  9148 4499 
 749.81  3500  9227 5773 
 749.94  3505  7424 5881 
 749.97  3510  7504 5294 
 750  3515  7585 5264.5 
 750.03  3520  7666 5269 
 750.06  3525  7747 4257.5 
 750.08  3530  7828 5461 
 750.11  3535  7909 5709.5 
 750.14  3540  7991 5795 
 750.17  3545  8073 5946 
 750.2  3550  8154 5862 
 750.23  3555  8236 5272 
 750.26  3560  8318 5497.5 
 750.29  3565  8401 4371.5 
 750.32  3570  8483 3991.5 
 750.35  3575  8566 4735 
 750.38  3580  8648 3387 
 750.41  3585  8731 3238.5 
 750.44  3590  8814 4762.5 
 750.46  3595  8897 5604 
 750.49  3600  8981 5610 
 750.52  3605  9064 4414 
 750.55  3610  9148 4364.5 
 750.58  3615  9232 4686 
 750.61  3620  9316 4396.5 
 750.64  3625  9400 6076.5 
 750.67  3630  9485 4383.5 
end
ufIntegration time is 0.2294 seconds per sampledt  2.65E-08 cy 4dh300117Copenhagen 55.716-12.5615 2.608747pr1000dark 0 
 762.47  2900  527 0 
 762.51  2905  594 0 
 762.54  2910  661 0 
 762.58  2915  728 0 
 762.61  2920  795 0 
 762.65  2925  862 0 
 762.69  2930  930 0 
 762.72  2935  997 1 
 762.76  2940  1065 0 
 762.79  2945  1132 0 
 762.83  2950  1200 0 
 762.87  2955  1268 0 
 762.9  2960  1336 0 
 762.94  2965  1404 0 
 762.97  2970  1472 2 
 763.01  2975  1540 1 
 763.05  2980  1608 4 
 763.08  2985  1676 2 
 763.12  2990  1745 4 
 763.16  2995  1813 8 
 763.19  3000  1882 9 
 763.23  3005  1950 13 
 763.27  3010  2019 17 
 763.3  3015  2088 27 
 763.34  3020  2157 33 
 763.37  3025  2226 59 
 763.41  3030  2295 110 
 763.45  3035  2364 145 
 763.48  3040  2433 148 
 763.52  3045  2502 232 
 763.56  3050  2572 368 
 763.59  3055  2641 442 
 763.63  3060  2711 428 
 763.67  3065  2781 558 
 763.7  3070  2850 907 
 763.74  3075  2920 1197 
 763.78  3080  2990 1324 
 763.81  3085  3060 1579 
 763.85  3090  3130 1471 
 763.89  3095  3200 1905 
 763.92  3100  3271 2117 
 763.96  3105  3341 3560 
 764  3110  3412 4334 
 764.03  3115  3482 4407 
 764.07  3120  3553 4828 
 764.11  3125  3624 6104 
 764.14  3130  3694 6482 
 764.18  3135  3765 6594 
 764.22  3140  3836 8360 
 764.25  3145  3908 8118 
 764.29  3150  3979 10462 
 764.33  3155  4050 8422 
 764.36  3160  4122 8415 
 764.4  3165  4193 12095 
 764.44  3170  4265 14707 
 764.47  3175  4336 14402 
 764.51  3180  4408 11750 
 764.55  3185  4480 16192 
 764.58  3190  4552 17357 
 764.62  3195  4624 15093 
 764.65  3200  4696 18301 
 764.69  3205  4769 22554 
 764.73  3210  4841 19554 
 764.76  3215  4914 19881 
 764.8  3220  4986 19670 
 764.84  3225  5059 16678 
 764.87  3230  5132 18650 
 764.91  3235  5205 22158 
 764.95  3240  5278 25523 
 764.98  3245  5351 24082 
 765.02  3250  5424 22267 
end
ufIntegration time is 0.2294 seconds per sampledt  2.65E-08 cy 4dh300117Copenhagen 55.716-12.5615 2.608747pr1000dark 0 
 778.1  2900  527 0 
 778.14  2905  594 0 
 778.17  2910  661 0 
 778.21  2915  728 0 
 778.25  2920  795 0 
 778.28  2925  862 0 
 778.32  2930  930 0 
 778.35  2935  997 0 
 778.39  2940  1065 0 
 778.43  2945  1132 0 
 778.46  2950  1200 0 
 778.5  2955  1268 0 
 778.53  2960  1336 1 
 778.57  2965  1404 0 
 778.61  2970  1472 0 
 778.64  2975  1540 1 
 778.68  2980  1608 2 
 778.71  2985  1676 1 
 778.75  2990  1745 4 
 778.79  2995  1813 3 
 778.82  3000  1882 5 
 778.86  3005  1950 5 
 778.9  3010  2019 15 
 778.93  3015  2088 17 
 778.97  3020  2157 16 
 779.01  3025  2226 27 
 779.04  3030  2295 60 
 779.08  3035  2364 81 
 779.11  3040  2433 80 
 779.15  3045  2502 122 
 779.19  3050  2572 198 
 779.22  3055  2641 228 
 779.26  3060  2711 225 
 779.3  3065  2781 279 
 779.33  3070  2850 484 
 779.37  3075  2920 644 
 779.4  3080  2990 703 
 779.44  3085  3060 837 
 779.48  3090  3130 785 
 779.51  3095  3200 1028 
 779.55  3100  3271 1163 
 779.59  3105  3341 1934 
 779.62  3110  3412 2363 
 779.66  3115  3482 2495 
 779.7  3120  3553 2625 
 779.73  3125  3624 3343 
 779.77  3130  3694 3626 
 779.81  3135  3765 3648 
 779.84  3140  3836 4627 
 779.88  3145  3908 4500 
 779.92  3150  3979 5833 
 779.95  3155  4050 4715 
 779.99  3160  4122 4637 
 780.03  3165  4193 6876 
 780.06  3170  4265 8330 
 780.1  3175  4336 8299 
 780.14  3180  4408 6806 
 780.17  3185  4480 9330 
 780.21  3190  4552 10171 
 780.25  3195  4624 8692 
 780.28  3200  4696 10549 
 780.32  3205  4769 13291 
 780.36  3210  4841 11794 
 780.39  3215  4914 11812 
 780.43  3220  4986 11738 
 780.47  3225  5059 10035 
 780.5  3230  5132 11192 
 780.54  3235  5205 13609 
 780.58  3240  5278 15744 
 780.61  3245  5351 15077 
 780.65  3250  5424 13681 
end
ufIntegration time is 0.2294 seconds per sampledt  2.65E-08 cy 4dh300117Copenhagen 55.716-12.5615 2.608747pr1000dark 0 
 798.65  2900  527 0 
 798.68  2905  594 0 
 798.72  2910  661 0 
 798.75  2915  728 0 
 798.79  2920  795 0 
 798.82  2925  862 0 
 798.86  2930  930 0 
 798.9  2935  997 1 
 798.93  2940  1065 0 
 798.97  2945  1132 0 
 799  2950  1200 0 
 799.04  2955  1268 1 
 799.08  2960  1336 1 
 799.11  2965  1404 1 
 799.15  2970  1472 1 
 799.19  2975  1540 1 
 799.22  2980  1608 2 
 799.26  2985  1676 2 
 799.29  2990  1745 2 
 799.33  2995  1813 7 
 799.37  3000  1882 6 
 799.4  3005  1950 8 
 799.44  3010  2019 13 
 799.48  3015  2088 24 
 799.51  3020  2157 17 
 799.55  3025  2226 36 
 799.58  3030  2295 68 
 799.62  3035  2364 86 
 799.66  3040  2433 96 
 799.69  3045  2502 147 
 799.73  3050  2572 227 
 799.77  3055  2641 256 
 799.8  3060  2711 274 
 799.84  3065  2781 328 
 799.88  3070  2850 572 
 799.91  3075  2920 725 
 799.95  3080  2990 800 
 799.99  3085  3060 995 
 800.02  3090  3130 922 
 800.06  3095  3200 1272 
 800.09  3100  3271 1367 
 800.13  3105  3341 2318 
 800.17  3110  3412 2894 
 800.2  3115  3482 2909 
 800.24  3120  3553 3285 
 800.28  3125  3624 4220 
 800.31  3130  3694 4577 
 800.35  3135  3765 4565 
 800.39  3140  3836 5827 
 800.42  3145  3908 5891 
 800.46  3150  3979 7556 
 800.5  3155  4050 6017 
 800.53  3160  4122 6158 
 800.57  3165  4193 9273 
 800.61  3170  4265 11029 
 800.64  3175  4336 10722 
 800.68  3180  4408 8956 
 800.72  3185  4480 12778 
 800.75  3190  4552 13615 
 800.79  3195  4624 11718 
 800.83  3200  4696 14162 
 800.86  3205  4769 18034 
 800.9  3210  4841 15702 
 800.94  3215  4914 16123 
 800.97  3220  4986 15868 
 801.01  3225  5059 13582 
 801.04  3230  5132 15423 
 801.08  3235  5205 18888 
 801.12  3240  5278 21808 
 801.15  3245  5351 20823 
 801.19  3250  5424 18891 
end
ufIntegration time is 0.2294 seconds per sampledt  2.65E-08 cy 4dh300117Copenhagen 55.716-12.5615 2.608747pr1000dark 0 
 804.41  2900  527 1 
 804.45  2905  594 0 
 804.48  2910  661 0 
 804.52  2915  728 0 
 804.55  2920  795 0 
 804.59  2925  862 0 
 804.62  2930  930 0 
 804.66  2935  997 0 
 804.7  2940  1065 0 
 804.73  2945  1132 0 
 804.77  2950  1200 0 
 804.8  2955  1268 0 
 804.84  2960  1336 0 
 804.88  2965  1404 0 
 804.91  2970  1472 0 
 804.95  2975  1540 1 
 804.99  2980  1608 1 
 805.02  2985  1676 3 
 805.06  2990  1745 3 
 805.09  2995  1813 5 
 805.13  3000  1882 8 
 805.17  3005  1950 10 
 805.2  3010  2019 11 
 805.24  3015  2088 22 
 805.27  3020  2157 19 
 805.31  3025  2226 44 
 805.35  3030  2295 73 
 805.38  3035  2364 99 
 805.42  3040  2433 98 
 805.46  3045  2502 159 
 805.49  3050  2572 242 
 805.53  3055  2641 265 
 805.57  3060  2711 279 
 805.6  3065  2781 351 
 805.64  3070  2850 588 
 805.68  3075  2920 788 
 805.71  3080  2990 860 
 805.75  3085  3060 1051 
 805.78  3090  3130 977 
 805.82  3095  3200 1334 
 805.86  3100  3271 1419 
 805.89  3105  3341 2467 
 805.93  3110  3412 3034 
 805.97  3115  3482 3112 
 806  3120  3553 3399 
 806.04  3125  3624 4378 
 806.08  3130  3694 4765 
 806.11  3135  3765 4747 
 806.15  3140  3836 6048 
 806.19  3145  3908 6065 
 806.22  3150  3979 7692 
 806.26  3155  4050 6240 
 806.3  3160  4122 6499 
 806.33  3165  4193 9418 
 806.37  3170  4265 11301 
 806.41  3175  4336 11053 
 806.44  3180  4408 9126 
 806.48  3185  4480 12941 
 806.51  3190  4552 13923 
 806.55  3195  4624 11944 
 806.59  3200  4696 14370 
 806.63  3205  4769 18360 
 806.66  3210  4841 16177 
 806.7  3215  4914 16523 
 806.74  3220  4986 16115 
 806.77  3225  5059 13620 
 806.81  3230  5132 15664 
 806.85  3235  5205 19086 
 806.88  3240  5278 22203 
 806.92  3245  5351 20903 
 806.95  3250  5424 19011 
end
ufIntegration time is 0.2294 seconds per sampledt  2.65E-08 cy 4dh300117Copenhagen 55.716-12.5615 2.613845pr1000dark 0 
 817.27  2900  527 0 
 817.31  2905  594 0 
 817.35  2910  661 0 
 817.38  2915  728 0 
 817.42  2920  795 0 
 817.45  2925  862 0 
 817.49  2930  930 0 
 817.53  2935  997 0 
 817.56  2940  1065 1 
 817.6  2945  1132 0 
 817.64  2950  1200 0 
 817.67  2955  1268 0 
 817.71  2960  1336 1 
 817.74  2965  1404 1 
 817.78  2970  1472 0 
 817.82  2975  1540 1 
 817.85  2980  1608 3 
 817.89  2985  1676 0 
 817.93  2990  1745 5 
 817.96  2995  1813 4 
 818  3000  1882 8 
 818.04  3005  1950 7 
 818.07  3010  2019 13 
 818.11  3015  2088 18 
 818.15  3020  2157 14 
 818.18  3025  2226 33 
 818.22  3030  2295 43 
 818.25  3035  2364 65 
 818.29  3040  2433 68 
 818.33  3045  2502 94 
 818.36  3050  2572 151 
 818.4  3055  2641 181 
 818.44  3060  2711 195 
 818.47  3065  2781 243 
 818.51  3070  2850 383 
 818.55  3075  2920 533 
 818.58  3080  2990 559 
 818.62  3085  3060 718 
 818.65  3090  3130 660 
 818.69  3095  3200 917 
 818.73  3100  3271 989 
 818.76  3105  3341 1641 
 818.8  3110  3412 2089 
 818.84  3115  3482 2153 
 818.87  3120  3553 2383 
 818.91  3125  3624 3095 
 818.95  3130  3694 3338 
 818.98  3135  3765 3319 
 819.02  3140  3836 4257 
 819.06  3145  3908 4387 
 819.09  3150  3979 5644 
 819.13  3155  4050 4401 
 819.17  3160  4122 4567 
 819.2  3165  4193 6808 
 819.24  3170  4265 8016 
 819.28  3175  4336 7954 
 819.31  3180  4408 6640 
 819.35  3185  4480 9306 
 819.39  3190  4552 10164 
 819.42  3195  4624 8620 
 819.46  3200  4696 10345 
 819.5  3205  4769 13326 
 819.53  3210  4841 11806 
 819.57  3215  4914 12124 
 819.6  3220  4986 11721 
 819.64  3225  5059 9967 
 819.68  3230  5132 11458 
 819.71  3235  5205 13968 
 819.75  3240  5278 16342 
 819.79  3245  5351 15170 
 819.82  3250  5424 13695 
end
ufIntegration time is 0.2294 seconds per sampledt  2.65E-08 cy 4dh300117Copenhagen 55.716-12.5615 2.613845pr1000dark .2 
 830.15  2900  527 0 
 830.19  2905  594 0 
 830.22  2910  661 0 
 830.26  2915  728 1 
 830.29  2920  795 0 
 830.33  2925  862 0 
 830.37  2930  930 0 
 830.4  2935  997 1 
 830.44  2940  1065 1 
 830.47  2945  1132 0 
 830.51  2950  1200 0 
 830.55  2955  1268 0 
 830.58  2960  1336 0 
 830.62  2965  1404 1 
 830.66  2970  1472 1 
 830.69  2975  1540 2 
 830.73  2980  1608 0 
 830.76  2985  1676 1 
 830.8  2990  1745 3 
 830.84  2995  1813 4 
 830.87  3000  1882 4 
 830.91  3005  1950 7 
 830.95  3010  2019 7 
 830.98  3015  2088 16 
 831.02  3020  2157 13 
 831.06  3025  2226 24 
 831.09  3030  2295 31 
 831.13  3035  2364 42 
 831.16  3040  2433 52 
 831.2  3045  2502 74 
 831.24  3050  2572 102 
 831.27  3055  2641 126 
 831.31  3060  2711 125 
 831.35  3065  2781 165 
 831.38  3070  2850 263 
 831.42  3075  2920 351 
 831.46  3080  2990 377 
 831.49  3085  3060 448 
 831.53  3090  3130 463 
 831.56  3095  3200 601 
 831.6  3100  3271 659 
 831.64  3105  3341 1117 
 831.67  3110  3412 1417 
 831.71  3115  3482 1422 
 831.75  3120  3553 1640 
 831.78  3125  3624 2138 
 831.82  3130  3694 2352 
 831.86  3135  3765 2300 
 831.89  3140  3836 3043 
 831.93  3145  3908 3079 
 831.97  3150  3979 4014 
 832  3155  4050 3206 
 832.04  3160  4122 3301 
 832.07  3165  4193 4932 
 832.11  3170  4265 5882 
 832.15  3175  4336 5757 
 832.18  3180  4408 4861 
 832.22  3185  4480 6963 
 832.26  3190  4552 7638 
 832.29  3195  4624 6394 
 832.33  3200  4696 7595 
 832.37  3205  4769 9984 
 832.4  3210  4841 8911 
 832.44  3215  4914 9114 
 832.48  3220  4986 8760 
 832.51  3225  5059 7412 
 832.55  3230  5132 8557 
 832.59  3235  5205 10564 
 832.62  3240  5278 12199 
 832.66  3245  5351 11450 
 832.7  3250  5424 10314 
end
ufIntegration time is 0.2294 seconds per sampledt  2.65E-08 cy 4dh300117Copenhagen 55.716-12.5615 2.613845pr1000dark 0 
 842.06  2900  527 0 
 842.09  2905  594 0 
 842.13  2910  661 0 
 842.16  2915  728 0 
 842.2  2920  795 0 
 842.24  2925  862 0 
 842.27  2930  930 0 
 842.31  2935  997 0 
 842.35  2940  1065 0 
 842.38  2945  1132 0 
 842.42  2950  1200 0 
 842.45  2955  1268 1 
 842.49  2960  1336 0 
 842.53  2965  1404 1 
 842.56  2970  1472 1 
 842.6  2975  1540 1 
 842.63  2980  1608 2 
 842.67  2985  1676 1 
 842.7  2990  1745 2 
 842.74  2995  1813 4 
 842.78  3000  1882 2 
 842.81  3005  1950 6 
 842.85  3010  2019 4 
 842.89  3015  2088 8 
 842.92  3020  2157 7 
 842.96  3025  2226 20 
 843  3030  2295 26 
 843.03  3035  2364 40 
 843.07  3040  2433 34 
 843.1  3045  2502 51 
 843.14  3050  2572 78 
 843.18  3055  2641 87 
 843.21  3060  2711 91 
 843.25  3065  2781 124 
 843.29  3070  2850 187 
 843.32  3075  2920 257 
 843.36  3080  2990 258 
 843.4  3085  3060 335 
 843.43  3090  3130 308 
 843.47  3095  3200 431 
 843.51  3100  3271 479 
 843.54  3105  3341 817 
 843.58  3110  3412 1015 
 843.61  3115  3482 1023 
 843.65  3120  3553 1176 
 843.69  3125  3624 1542 
 843.72  3130  3694 1721 
 843.76  3135  3765 1719 
 843.8  3140  3836 2229 
 843.83  3145  3908 2274 
 843.87  3150  3979 2982 
 843.91  3155  4050 2383 
 843.94  3160  4122 2474 
 843.98  3165  4193 3767 
 844.02  3170  4265 4538 
 844.05  3175  4336 4394 
 844.09  3180  4408 3752 
 844.13  3185  4480 5419 
 844.16  3190  4552 5943 
 844.2  3195  4624 4942 
 844.24  3200  4696 5960 
 844.27  3205  4769 7806 
 844.31  3210  4841 7213 
 844.35  3215  4914 7240 
 844.38  3220  4986 6929 
 844.42  3225  5059 5905 
 844.45  3230  5132 6883 
 844.49  3235  5205 8699 
 844.53  3240  5278 10077 
 844.56  3245  5351 9249 
 844.6  3250  5424 8290 
end
ufIntegration time is 0.2294 seconds per sampledt  2.65E-08 cy 4dh300117Copenhagen 55.716-12.5615 2.613845pr1000dark 0 
 859.81  2900  527 0 
 859.84  2905  594 0 
 859.88  2910  661 1 
 859.91  2915  728 0 
 859.95  2920  795 0 
 859.99  2925  862 0 
 860.02  2930  930 0 
 860.06  2935  997 0 
 860.09  2940  1065 0 
 860.13  2945  1132 0 
 860.17  2950  1200 0 
 860.2  2955  1268 0 
 860.24  2960  1336 1 
 860.28  2965  1404 0 
 860.31  2970  1472 0 
 860.35  2975  1540 1 
 860.39  2980  1608 1 
 860.42  2985  1676 1 
 860.46  2990  1745 2 
 860.49  2995  1813 2 
 860.53  3000  1882 1 
 860.56  3005  1950 3 
 860.6  3010  2019 5 
 860.64  3015  2088 8 
 860.67  3020  2157 8 
 860.71  3025  2226 14 
 860.75  3030  2295 25 
 860.78  3035  2364 25 
 860.82  3040  2433 27 
 860.86  3045  2502 42 
 860.89  3050  2572 56 
 860.93  3055  2641 64 
 860.96  3060  2711 65 
 861  3065  2781 79 
 861.04  3070  2850 132 
 861.07  3075  2920 185 
 861.11  3080  2990 186 
 861.15  3085  3060 220 
 861.18  3090  3130 219 
 861.22  3095  3200 298 
 861.25  3100  3271 321 
 861.29  3105  3341 531 
 861.33  3110  3412 645 
 861.36  3115  3482 699 
 861.4  3120  3553 815 
 861.44  3125  3624 1062 
 861.47  3130  3694 1162 
 861.51  3135  3765 1153 
 861.55  3140  3836 1552 
 861.58  3145  3908 1628 
 861.62  3150  3979 2066 
 861.66  3155  4050 1631 
 861.69  3160  4122 1781 
 861.73  3165  4193 2716 
 861.77  3170  4265 3200 
 861.8  3175  4336 3088 
 861.84  3180  4408 2668 
 861.88  3185  4480 4009 
 861.91  3190  4552 4390 
 861.95  3195  4624 3649 
 861.99  3200  4696 4296 
 862.02  3205  4769 5900 
 862.06  3210  4841 5413 
 862.1  3215  4914 5504 
 862.13  3220  4986 5068 
 862.17  3225  5059 4404 
 862.21  3230  5132 5216 
 862.24  3235  5205 6719 
 862.28  3240  5278 7774 
 862.32  3245  5351 7032 
 862.35  3250  5424 6265 
end
ufIntegration time is 0.2294 seconds per sampledt  2.65E-08 cy 4dh300117Copenhagen 55.716-12.5615 2.613845pr1000dark 0 
 865.57  2900  527 0 
 865.6  2905  594 0 
 865.64  2910  661 0 
 865.67  2915  728 0 
 865.71  2920  795 0 
 865.75  2925  862 0 
 865.78  2930  930 0 
 865.82  2935  997 1 
 865.85  2940  1065 0 
 865.89  2945  1132 0 
 865.93  2950  1200 0 
 865.96  2955  1268 0 
 866  2960  1336 1 
 866.04  2965  1404 0 
 866.07  2970  1472 0 
 866.11  2975  1540 1 
 866.14  2980  1608 1 
 866.18  2985  1676 0 
 866.22  2990  1745 1 
 866.25  2995  1813 3 
 866.29  3000  1882 3 
 866.33  3005  1950 5 
 866.36  3010  2019 5 
 866.4  3015  2088 6 
 866.43  3020  2157 6 
 866.47  3025  2226 12 
 866.51  3030  2295 20 
 866.54  3035  2364 25 
 866.58  3040  2433 28 
 866.62  3045  2502 34 
 866.65  3050  2572 56 
 866.69  3055  2641 61 
 866.73  3060  2711 61 
 866.76  3065  2781 77 
 866.8  3070  2850 111 
 866.83  3075  2920 136 
 866.87  3080  2990 163 
 866.91  3085  3060 191 
 866.94  3090  3130 172 
 866.98  3095  3200 239 
 867.02  3100  3271 253 
 867.05  3105  3341 464 
 867.09  3110  3412 552 
 867.13  3115  3482 563 
 867.16  3120  3553 673 
 867.2  3125  3624 855 
 867.24  3130  3694 938 
 867.27  3135  3765 926 
 867.31  3140  3836 1213 
 867.35  3145  3908 1321 
 867.38  3150  3979 1684 
 867.42  3155  4050 1325 
 867.46  3160  4122 1468 
 867.49  3165  4193 2182 
 867.53  3170  4265 2544 
 867.57  3175  4336 2470 
 867.6  3180  4408 2200 
 867.64  3185  4480 3245 
 867.68  3190  4552 3525 
 867.71  3195  4624 2927 
 867.75  3200  4696 3466 
 867.79  3205  4769 4726 
 867.82  3210  4841 4328 
 867.86  3215  4914 4424 
 867.9  3220  4986 4106 
 867.93  3225  5059 3463 
 867.97  3230  5132 4204 
 868  3235  5205 5444 
 868.04  3240  5278 6227 
 868.08  3245  5351 5653 
 868.11  3250  5424 5082 
end
ufIntegration time is 0.2294 seconds per sampledt  2.65E-08 cy 4dh300117Copenhagen 55.716-12.5615 2.613845pr1000dark 0 
 874.2  2900  527 0 
 874.24  2905  594 0 
 874.27  2910  661 0 
 874.31  2915  728 0 
 874.34  2920  795 1 
 874.38  2925  862 0 
 874.42  2930  930 0 
 874.45  2935  997 0 
 874.49  2940  1065 0 
 874.52  2945  1132 0 
 874.56  2950  1200 0 
 874.6  2955  1268 0 
 874.63  2960  1336 1 
 874.67  2965  1404 0 
 874.71  2970  1472 0 
 874.74  2975  1540 1 
 874.78  2980  1608 1 
 874.81  2985  1676 0 
 874.85  2990  1745 0 
 874.89  2995  1813 3 
 874.92  3000  1882 1 
 874.96  3005  1950 3 
 874.99  3010  2019 4 
 875.03  3015  2088 5 
 875.07  3020  2157 4 
 875.1  3025  2226 8 
 875.14  3030  2295 10 
 875.18  3035  2364 22 
 875.21  3040  2433 21 
 875.25  3045  2502 24 
 875.28  3050  2572 41 
 875.32  3055  2641 42 
 875.36  3060  2711 44 
 875.39  3065  2781 53 
 875.43  3070  2850 70 
 875.47  3075  2920 101 
 875.5  3080  2990 109 
 875.54  3085  3060 142 
 875.57  3090  3130 128 
 875.61  3095  3200 166 
 875.65  3100  3271 182 
 875.68  3105  3341 316 
 875.72  3110  3412 366 
 875.76  3115  3482 391 
 875.79  3120  3553 459 
 875.83  3125  3624 605 
 875.87  3130  3694 642 
 875.9  3135  3765 662 
 875.94  3140  3836 885 
 875.97  3145  3908 973 
 876.01  3150  3979 1241 
 876.05  3155  4050 988 
 876.08  3160  4122 1100 
 876.12  3165  4193 1676 
 876.16  3170  4265 2012 
 876.19  3175  4336 1917 
 876.23  3180  4408 1720 
 876.27  3185  4480 2607 
 876.3  3190  4552 2860 
 876.34  3195  4624 2292 
 876.38  3200  4696 2824 
 876.41  3205  4769 3879 
 876.45  3210  4841 3575 
 876.49  3215  4914 3671 
 876.52  3220  4986 3364 
 876.56  3225  5059 2822 
 876.6  3230  5132 3534 
 876.63  3235  5205 4595 
 876.67  3240  5278 5217 
 876.71  3245  5351 4802 
 876.74  3250  5424 4210 
end
ufIntegration time is 0.2294 seconds per sampledt  2.65E-08 cy 4dh300117Copenhagen 55.716-12.5615 2.608747pr1000dark 0 
 889.81  2900  527 0 
 889.84  2905  594 0 
 889.88  2910  661 0 
 889.92  2915  728 0 
 889.95  2920  795 0 
 889.99  2925  862 0 
 890.02  2930  930 0 
 890.06  2935  997 0 
 890.1  2940  1065 0 
 890.13  2945  1132 0 
 890.17  2950  1200 0 
 890.2  2955  1268 0 
 890.24  2960  1336 1 
 890.27  2965  1404 0 
 890.31  2970  1472 1 
 890.35  2975  1540 1 
 890.38  2980  1608 1 
 890.42  2985  1676 1 
 890.46  2990  1745 1 
 890.49  2995  1813 2 
 890.53  3000  1882 3 
 890.57  3005  1950 1 
 890.6  3010  2019 4 
 890.64  3015  2088 4 
 890.67  3020  2157 4 
 890.71  3025  2226 9 
 890.74  3030  2295 14 
 890.78  3035  2364 14 
 890.82  3040  2433 15 
 890.85  3045  2502 24 
 890.89  3050  2572 34 
 890.93  3055  2641 41 
 890.96  3060  2711 38 
 891  3065  2781 46 
 891.03  3070  2850 67 
 891.07  3075  2920 82 
 891.11  3080  2990 103 
 891.14  3085  3060 113 
 891.18  3090  3130 105 
 891.22  3095  3200 142 
 891.25  3100  3271 139 
 891.29  3105  3341 254 
 891.32  3110  3412 298 
 891.36  3115  3482 325 
 891.4  3120  3553 345 
 891.43  3125  3624 458 
 891.47  3130  3694 516 
 891.51  3135  3765 501 
 891.54  3140  3836 678 
 891.58  3145  3908 746 
 891.62  3150  3979 995 
 891.65  3155  4050 741 
 891.69  3160  4122 841 
 891.73  3165  4193 1349 
 891.76  3170  4265 1635 
 891.8  3175  4336 1522 
 891.84  3180  4408 1380 
 891.87  3185  4480 2202 
 891.91  3190  4552 2394 
 891.95  3195  4624 1910 
 891.98  3200  4696 2345 
 892.02  3205  4769 3393 
 892.06  3210  4841 3176 
 892.09  3215  4914 3270 
 892.13  3220  4986 2913 
 892.17  3225  5059 2487 
 892.2  3230  5132 3286 
 892.24  3235  5205 4400 
 892.28  3240  5278 4967 
 892.31  3245  5351 4387 
 892.35  3250  5424 3892 
end
ufIntegration time is 0.2294 seconds per sampledt  2.65E-08 cy 4dh300117Copenhagen 55.716-12.5615 2.59855pr1000dark 0 
 916.63  2900  527 0 
 916.67  2905  594 0 
 916.7  2910  661 0 
 916.74  2915  728 0 
 916.78  2920  795 0 
 916.81  2925  862 0 
 916.85  2930  930 0 
 916.88  2935  997 0 
 916.92  2940  1065 0 
 916.96  2945  1132 0 
 916.99  2950  1200 0 
 917.03  2955  1268 0 
 917.06  2960  1336 1 
 917.1  2965  1404 0 
 917.14  2970  1472 1 
 917.17  2975  1540 1 
 917.21  2980  1608 1 
 917.25  2985  1676 0 
 917.28  2990  1745 4 
 917.32  2995  1813 2 
 917.35  3000  1882 3 
 917.39  3005  1950 3 
 917.43  3010  2019 5 
 917.46  3015  2088 5 
 917.5  3020  2157 6 
 917.54  3025  2226 10 
 917.57  3030  2295 18 
 917.61  3035  2364 19 
 917.65  3040  2433 15 
 917.68  3045  2502 22 
 917.72  3050  2572 39 
 917.75  3055  2641 32 
 917.79  3060  2711 35 
 917.83  3065  2781 44 
 917.86  3070  2850 70 
 917.9  3075  2920 87 
 917.94  3080  2990 81 
 917.97  3085  3060 101 
 918.01  3090  3130 83 
 918.05  3095  3200 121 
 918.08  3100  3271 120 
 918.12  3105  3341 201 
 918.15  3110  3412 237 
 918.19  3115  3482 237 
 918.23  3120  3553 258 
 918.26  3125  3624 316 
 918.3  3130  3694 338 
 918.34  3135  3765 359 
 918.37  3140  3836 453 
 918.41  3145  3908 460 
 918.45  3150  3979 588 
 918.48  3155  4050 462 
 918.52  3160  4122 488 
 918.56  3165  4193 775 
 918.59  3170  4265 948 
 918.63  3175  4336 912 
 918.67  3180  4408 755 
 918.7  3185  4480 1284 
 918.74  3190  4552 1433 
 918.77  3195  4624 1085 
 918.81  3200  4696 1382 
 918.85  3205  4769 1978 
 918.88  3210  4841 1964 
 918.92  3215  4914 1968 
 918.96  3220  4986 1719 
 918.99  3225  5059 1437 
 919.03  3230  5132 1934 
 919.07  3235  5205 2831 
 919.1  3240  5278 3221 
 919.14  3245  5351 2766 
 919.18  3250  5424 2279 
end
ufIntegration time is 0.2294 seconds per sampledt  2.65E-08 cy 4dh300117Copenhagen 55.716-12.5615 2.588354pr1000dark 0 
 935.46  2900  527 0 
 935.5  2905  594 0 
 935.53  2910  661 0 
 935.57  2915  728 0 
 935.6  2920  795 0 
 935.64  2925  862 0 
 935.67  2930  930 0 
 935.71  2935  997 0 
 935.75  2940  1065 0 
 935.78  2945  1132 0 
 935.82  2950  1200 0 
 935.85  2955  1268 0 
 935.89  2960  1336 0 
 935.93  2965  1404 0 
 935.96  2970  1472 1 
 936  2975  1540 0 
 936.03  2980  1608 0 
 936.07  2985  1676 0 
 936.11  2990  1745 2 
 936.14  2995  1813 1 
 936.18  3000  1882 0 
 936.22  3005  1950 2 
 936.25  3010  2019 1 
 936.29  3015  2088 3 
 936.32  3020  2157 3 
 936.36  3025  2226 4 
 936.4  3030  2295 7 
 936.43  3035  2364 11 
 936.47  3040  2433 8 
 936.5  3045  2502 14 
 936.54  3050  2572 19 
 936.58  3055  2641 19 
 936.61  3060  2711 20 
 936.65  3065  2781 22 
 936.69  3070  2850 32 
 936.72  3075  2920 33 
 936.76  3080  2990 43 
 936.8  3085  3060 47 
 936.83  3090  3130 41 
 936.87  3095  3200 50 
 936.91  3100  3271 55 
 936.94  3105  3341 87 
 936.98  3110  3412 104 
 937.02  3115  3482 101 
 937.05  3120  3553 114 
 937.09  3125  3624 131 
 937.13  3130  3694 154 
 937.16  3135  3765 153 
 937.2  3140  3836 183 
 937.24  3145  3908 187 
 937.27  3150  3979 247 
 937.31  3155  4050 190 
 937.35  3160  4122 198 
 937.38  3165  4193 291 
 937.42  3170  4265 357 
 937.45  3175  4336 353 
 937.49  3180  4408 301 
 937.53  3185  4480 444 
 937.56  3190  4552 493 
 937.6  3195  4624 391 
 937.64  3200  4696 462 
 937.67  3205  4769 679 
 937.71  3210  4841 642 
 937.75  3215  4914 664 
 937.78  3220  4986 574 
 937.82  3225  5059 505 
 937.85  3230  5132 646 
 937.89  3235  5205 952 
 937.93  3240  5278 1030 
 937.96  3245  5351 918 
 938  3250  5424 766 
end
