0            
-.3377       
-.5716       
-.7071       
-.7655       
0            
.3432        
2.35         
1.1481       
3120         
3205         
.000000038   
284          
14           
1679         
0            
4440         
10320        
14120        
21230        
25800        
2972         
mkiv        
1            
0            
0            
0            
0            
0            
0            
0            
-1           
0            
242          
-3           
759          
720          
2511         
178          
2510         
0            
0            
2665         
250          
.2           
64           
256          
0            
64           
0            
2226         
Sept 17/03   
