19.40048     
19.10743     
19.04264     
18.42115     
17.04151     
0            
.3432        
2.35         
1.1481       
3175         
3320         
.000000033   
286          
14           
1701         
0            
4440         
10320        
14120        
21230        
25800        
2972         
mkiv        
1            
0            
0            
0            
0            
0            
0            
0            
0            
0            
242          
-3           
759          
720          
0            
178          
2510         
0            
0            
2665         
250          
.2           
64           
256          
0            
64           
0            
2226         
June 18/13   
EXTRAS       
1            
0            
0            
25000        
80000        
1            
1            
0            
0            
06-23-2019
