 3403.652 
7034           51
7044           49
7054           52
7064           49
7074           56
7084           63
7094          194
7104         1878
7114         7642
7124        17231
7134        27457
7144        37224
7154        47905
7164        58197
7174        67396
7184        72671
7194        70175
7204        61427
7214        51530
7224        41403
7234        31822
7244        21307
7254        11190
7264         3450
7274          483
7284          150
7294          105
7304           97
7314           83
7324           68
7334           64
7334           60
7324           75
7314           73
7304           84
7294          102
7284          171
7274          495
7264         3510
7254        11210
7244        21203
7234        31625
7224        41435
7214        51558
7204        61711
7194        70602
7184        72543
7174        68319
7164        58866
7154        48105
7144        37501
7134        27368
7124        17245
7114         7741
7104         1900
7094          202
7084           63
7074           53
7064           52
7054           51
7044           53
7034           49
eof
