0            
0.12475      
0.07659      
-0.35919     
-1.89282     
-0.2         
0.3394       
2.35000      
1.1384       
2670         
2485         
0.000000027  
284          
92           
1678         
0            
5000         
10000        
15000        
20000        
25000        
2816         
mkiv        
1            
0.0000       
0.0000       
0.0000       
0.0000       
0.0000       
0.0000       
0.0000       
5690         
0            
242          
-3.00000     
670          
615          
8231         
178          
2536         
0.00000      
0.00000      
2669         
250          
0.200        
0            
256          
0            
64           
45           
2120         
Sept 6/07    

