uxIntegration time is 0.2294 seconds per sampledt  3.3E-08 cy 1dh150518Zaragoza Canal 41.634 .881 3.018777pr987dark .5 
 777.52  2900  777 52.5 
 777.55  2905  842 53.75 
 777.58  2910  907 53 
 777.61  2915  972 54.25 
 777.64  2920  1037 53.5 
 777.67  2925  1102 58.75 
 777.7  2930  1168 64 
 777.73  2935  1233 66.5 
 777.76  2940  1299 67.25 
 777.79  2945  1365 75.5 
 777.82  2950  1431 91.75 
 777.85  2955  1497 119.75 
 777.88  2960  1563 162 
 777.91  2965  1629 177.75 
 777.94  2970  1695 209.25 
 777.97  2975  1761 397.75 
 778  2980  1828 480.25 
 778.03  2985  1894 478.75 
 778.06  2990  1961 851.5 
 778.09  2995  2028 1138.25 
 778.12  3000  2095 1141.5 
 778.14  3005  2162 1477 
 778.16  3010  2229 2259.5 
 778.18  3015  2296 3031.5 
 778.21  3020  2364 2664 
 778.23  3025  2431 4539.5 
 778.25  3030  2499 7134 
 778.28  3035  2566 8445 
 778.3  3040  2634 8050 
 778.32  3045  2702 10369 
 778.35  3050  2770 13578 
 778.37  3055  2838 14459 
 778.39  3060  2906 13397 
 778.41  3065  2975 15939 
 778.44  3070  3043 20651 
 778.46  3075  3112 24275 
 778.48  3080  3180 25357.5 
 778.51  3085  3249 28049.5 
 778.53  3090  3318 24899 
 778.55  3095  3387 26019 
 778.58  3100  3456 26068.5 
 778.6  3105  3525 39126.5 
 778.62  3110  3594 47967.5 
 778.65  3115  3664 46037 
 778.67  3120  3733 41972 
 778.69  3125  3803 47404.5 
 778.71  3130  3873 49312.5 
 778.74  3135  3943 48738.5 
 778.76  3140  4013 55664.5 
 778.78  3145  4083 45699 
 778.81  3150  4153 56887 
 778.83  3155  4223 50002 
 778.85  3160  4294 39337.5 
 778.87  3165  4364 51370.5 
 778.9  3170  4435 60774.5 
 778.92  3175  4506 62234.5 
 778.94  3180  4576 45646 
 778.97  3185  4647 49340.5 
 778.99  3190  4718 54474.5 
 779.01  3195  4790 45310 
 779.04  3200  4861 51606.5 
 779.06  3205  4932 56031 
 779.08  3210  5004 45583.5 
 779.11  3215  5076 39630.5 
 779.13  3220  5147 42860 
 779.15  3225  5219 34829.5 
 779.18  3230  5291 30072.5 
 779.2  3235  5363 32093.5 
 779.22  3240  5436 33740.5 
 779.25  3245  5508 32455 
 779.27  3250  5580 27229 
 779.46  3255  3743 26525 
 779.48  3260  3817 31213 
 779.5  3265  3890 30182.5 
 779.53  3270  3963 30553 
 779.55  3275  4037 29420 
 779.57  3280  4110 27381 
 779.6  3285  4184 27091.5 
 779.62  3290  4258 30729 
 779.64  3295  4332 35001 
 779.67  3300  4406 35557.5 
 779.69  3305  4481 29655 
 779.71  3310  4555 29750.5 
 779.74  3315  4630 29435 
 779.76  3320  4704 30944.5 
 779.78  3325  4779 29982 
 779.81  3330  4854 29978 
 779.83  3335  4929 27936.5 
 779.85  3340  5005 27947.5 
 779.88  3345  5080 31342.5 
 779.9  3350  5155 29073.5 
 779.92  3355  5231 32914.5 
 779.95  3360  5307 22839 
 779.97  3365  5383 27261 
 780  3370  5459 22596.5 
 780.02  3375  5535 27439.5 
 780.04  3380  5611 26507 
 780.07  3385  5688 28992.5 
 780.09  3390  5764 29053 
 780.11  3395  5841 27568.5 
 780.14  3400  5918 33132 
 780.16  3405  5995 29551 
 780.18  3410  6072 28152 
 780.21  3415  6149 25698.5 
 780.23  3420  6226 30467 
 780.25  3425  6304 27951 
 780.28  3430  6381 30631 
 780.3  3435  6459 28603 
 780.32  3440  6537 21284 
 780.35  3445  6615 20775 
 780.37  3450  6693 27473 
 780.4  3455  6771 27888.5 
 780.42  3460  6850 23596.5 
 780.44  3465  6928 26311.5 
 780.47  3470  7007 28009 
 780.49  3475  7086 22381 
 780.51  3480  7165 25342 
 780.54  3485  7244 25130.5 
 780.56  3490  7323 22965.5 
 780.59  3495  7402 22640 
 780.61  3500  7482 27403 
 780.63  3505  7561 28916.5 
 780.66  3510  7641 25619 
 780.68  3515  7721 24246 
 780.7  3520  7801 26198 
 780.73  3525  7881 19859.5 
 780.75  3530  7961 24991 
 780.77  3535  8042 26452.5 
 780.8  3540  8122 27200.5 
 780.82  3545  8203 27398.5 
 780.85  3550  8283 27010.5 
 780.87  3555  8364 23948.5 
 780.89  3560  8445 24824.5 
 780.92  3565  8527 20882.5 
 780.94  3570  8608 17261.5 
 780.96  3575  8689 21003 
 780.99  3580  8771 16144 
 781.01  3585  8853 13671 
 781.03  3590  8934 19215 
 781.06  3595  9016 23679 
 781.08  3600  9099 24610 
 781.1  3605  9181 19065 
 781.13  3610  9263 17425.5 
 781.15  3615  9346 19651 
 781.17  3620  9428 16513.5 
 781.2  3625  9511 22676 
 781.22  3630  9594 19153 
end
uxIntegration time is 0.2294 seconds per sampledt  3.3E-08 cy 1dh150518Zaragoza Canal 41.634 .881 3.126073pr987dark .7 
 814.79  2900  777 48 
 814.82  2905  842 50 
 814.85  2910  907 51 
 814.88  2915  972 47 
 814.91  2920  1037 50.75 
 814.94  2925  1102 51.75 
 814.97  2930  1168 57.75 
 815  2935  1233 57 
 815.03  2940  1299 59.75 
 815.06  2945  1365 64.5 
 815.09  2950  1431 77 
 815.12  2955  1497 92 
 815.16  2960  1563 117.5 
 815.19  2965  1629 134 
 815.22  2970  1695 166.5 
 815.25  2975  1761 299.5 
 815.28  2980  1828 367.25 
 815.31  2985  1894 376.25 
 815.34  2990  1961 662.75 
 815.37  2995  2028 891 
 815.39  3000  2095 891.5 
 815.42  3005  2162 1187 
 815.44  3010  2229 1839 
 815.46  3015  2296 2410.5 
 815.48  3020  2364 2164 
 815.51  3025  2431 3795 
 815.53  3030  2499 5989 
 815.55  3035  2566 7119 
 815.58  3040  2634 6735.5 
 815.6  3045  2702 8797 
 815.62  3050  2770 11721.5 
 815.64  3055  2838 12314 
 815.67  3060  2906 11671 
 815.69  3065  2975 13940 
 815.71  3070  3043 18184 
 815.74  3075  3112 21484 
 815.76  3080  3180 22465.5 
 815.78  3085  3249 24941 
 815.8  3090  3318 22075 
 815.83  3095  3387 23221 
 815.85  3100  3456 23333 
 815.87  3105  3525 35577.5 
 815.9  3110  3594 43120 
 815.92  3115  3664 41422.5 
 815.94  3120  3733 38408.5 
 815.96  3125  3803 43371.5 
 815.99  3130  3873 45202.5 
 816.01  3135  3943 44744.5 
 816.03  3140  4013 51025 
 816.06  3145  4083 42131 
 816.08  3150  4153 52568.5 
 816.1  3155  4223 45473 
 816.13  3160  4294 36103 
 816.15  3165  4364 47617 
 816.17  3170  4435 56410 
 816.2  3175  4506 57429 
 816.22  3180  4576 42140 
 816.24  3185  4647 46158 
 816.26  3190  4718 50611 
 816.29  3195  4790 42186.5 
 816.31  3200  4861 47801.5 
 816.33  3205  4932 52235 
 816.36  3210  5004 42047 
 816.38  3215  5076 37140 
 816.4  3220  5147 39885 
 816.43  3225  5219 32149.5 
 816.45  3230  5291 28224 
 816.47  3235  5363 30019 
 816.5  3240  5436 31746.5 
 816.52  3245  5508 30184.5 
 816.54  3250  5580 25575 
 816.73  3255  3743 24846.5 
 816.75  3260  3817 29217 
 816.78  3265  3890 28370 
 816.8  3270  3963 28648.5 
 816.82  3275  4037 27605 
 816.85  3280  4110 25776.5 
 816.87  3285  4184 25329.5 
 816.89  3290  4258 28977 
 816.92  3295  4332 32766 
 816.94  3300  4406 33296.5 
 816.96  3305  4481 27655.5 
 816.99  3310  4555 28064 
 817.01  3315  4630 27734 
 817.03  3320  4704 29045 
 817.06  3325  4779 28231.5 
 817.08  3330  4854 28051.5 
 817.1  3335  4929 26123.5 
 817.13  3340  5005 26502.5 
 817.15  3345  5080 29582 
 817.17  3350  5155 27437 
 817.2  3355  5231 31043 
 817.22  3360  5307 21389.5 
 817.24  3365  5383 25707 
 817.27  3370  5459 20963 
 817.29  3375  5535 26131.5 
 817.32  3380  5611 24838.5 
 817.34  3385  5688 27367.5 
 817.36  3390  5764 27182 
 817.39  3395  5841 26059 
 817.41  3400  5918 31318 
 817.43  3405  5995 27751.5 
 817.45  3410  6072 26411.5 
 817.48  3415  6149 24245 
 817.5  3420  6226 28765.5 
 817.53  3425  6304 26424 
 817.55  3430  6381 28844 
 817.57  3435  6459 26802 
 817.6  3440  6537 19823.5 
 817.62  3445  6615 19657.5 
 817.64  3450  6693 25878 
 817.67  3455  6771 26215.5 
 817.69  3460  6850 22173.5 
 817.71  3465  6928 24693.5 
 817.74  3470  7007 26328.5 
 817.76  3475  7086 20914 
 817.79  3480  7165 23864.5 
 817.81  3485  7244 23635.5 
 817.83  3490  7323 21605 
 817.86  3495  7402 21285.5 
 817.88  3500  7482 25918.5 
 817.9  3505  7561 27004 
 817.93  3510  7641 24187 
 817.95  3515  7721 22843 
 817.97  3520  7801 24468 
 818  3525  7881 18726.5 
 818.02  3530  7961 23617 
 818.05  3535  8042 24968.5 
 818.07  3540  8122 25460 
 818.09  3545  8203 25767.5 
 818.12  3550  8283 25444.5 
 818.14  3555  8364 22486.5 
 818.16  3560  8445 23379 
 818.19  3565  8527 19431.5 
 818.21  3570  8608 16193.5 
 818.23  3575  8689 19700.5 
 818.26  3580  8771 14976.5 
 818.28  3585  8853 12848.5 
 818.31  3590  8934 18206 
 818.33  3595  9016 22196.5 
 818.35  3600  9099 23009 
 818.38  3605  9181 17677.5 
 818.4  3610  9263 16360.5 
 818.42  3615  9346 18485.5 
 818.45  3620  9428 15545 
 818.47  3625  9511 21375 
 818.5  3630  9594 17711.5 
end
uxIntegration time is 0.2294 seconds per sampledt  3.3E-08 cy 1dh150518Zaragoza Canal 41.634 .881 3.233369pr987dark .6 
 848.36  2900  777 42 
 848.39  2905  842 41.5 
 848.42  2910  907 47 
 848.45  2915  972 44.75 
 848.48  2920  1037 45.25 
 848.51  2925  1102 45.25 
 848.54  2930  1168 45 
 848.57  2935  1233 52.75 
 848.6  2940  1299 52 
 848.63  2945  1365 55.5 
 848.66  2950  1431 61.5 
 848.69  2955  1497 73.75 
 848.72  2960  1563 95.75 
 848.75  2965  1629 100 
 848.79  2970  1695 123.75 
 848.82  2975  1761 209.5 
 848.85  2980  1828 262.5 
 848.88  2985  1894 264.25 
 848.91  2990  1961 477.25 
 848.94  2995  2028 649.75 
 848.96  3000  2095 678.5 
 848.98  3005  2162 886 
 849.01  3010  2229 1410 
 849.03  3015  2296 1857 
 849.05  3020  2364 1658 
 849.07  3025  2431 2994 
 849.1  3030  2499 4731 
 849.12  3035  2566 5594.5 
 849.14  3040  2634 5384 
 849.17  3045  2702 7031.5 
 849.19  3050  2770 9536 
 849.21  3055  2838 9966.5 
 849.23  3060  2906 9596 
 849.26  3065  2975 11459.5 
 849.28  3070  3043 15156.5 
 849.3  3075  3112 17952.5 
 849.33  3080  3180 18786 
 849.35  3085  3249 21036 
 849.37  3090  3318 18491 
 849.4  3095  3387 20037 
 849.42  3100  3456 20090 
 849.44  3105  3525 30822 
 849.46  3110  3594 37388 
 849.49  3115  3664 35864 
 849.51  3120  3733 33455 
 849.53  3125  3803 38057.5 
 849.55  3130  3873 39563 
 849.58  3135  3943 39237 
 849.6  3140  4013 44732 
 849.62  3145  4083 37419 
 849.65  3150  4153 46432 
 849.67  3155  4223 39933 
 849.69  3160  4294 32118.5 
 849.72  3165  4364 42551 
 849.74  3170  4435 50368.5 
 849.76  3175  4506 51002 
 849.79  3180  4576 37378 
 849.81  3185  4647 41687 
 849.83  3190  4718 45241 
 849.86  3195  4790 37896 
 849.88  3200  4861 43053 
 849.9  3205  4932 47002 
 849.93  3210  5004 37648 
 849.95  3215  5076 33706 
 849.97  3220  5147 35850.5 
 850  3225  5219 28647 
 850.02  3230  5291 25555 
 850.04  3235  5363 27164.5 
 850.06  3240  5436 28759.5 
 850.09  3245  5508 27405.5 
 850.11  3250  5580 22941 
 850.3  3255  3743 22560.5 
 850.32  3260  3817 26462.5 
 850.35  3265  3890 25766.5 
 850.37  3270  3963 25986 
 850.39  3275  4037 24938 
 850.42  3280  4110 23194.5 
 850.44  3285  4184 23153 
 850.46  3290  4258 26580 
 850.49  3295  4332 29868.5 
 850.51  3300  4406 30404 
 850.53  3305  4481 25019 
 850.56  3310  4555 25424 
 850.58  3315  4630 25079 
 850.6  3320  4704 26322.5 
 850.63  3325  4779 25781 
 850.65  3330  4854 25585.5 
 850.68  3335  4929 23698.5 
 850.7  3340  5005 24171.5 
 850.72  3345  5080 26918 
 850.75  3350  5155 25049.5 
 850.77  3355  5231 28205 
 850.79  3360  5307 19323.5 
 850.81  3365  5383 23477 
 850.84  3370  5459 19135 
 850.86  3375  5535 23803 
 850.89  3380  5611 22526 
 850.91  3385  5688 25109.5 
 850.93  3390  5764 24724 
 850.96  3395  5841 23793 
 850.98  3400  5918 28443 
 851  3405  5995 25154.5 
 851.03  3410  6072 23992 
 851.05  3415  6149 22163 
 851.07  3420  6226 26089 
 851.1  3425  6304 24112.5 
 851.12  3430  6381 26140.5 
 851.14  3435  6459 24421 
 851.17  3440  6537 17866.5 
 851.19  3445  6615 18101.5 
 851.21  3450  6693 23576.5 
 851.24  3455  6771 23867 
 851.26  3460  6850 20077 
 851.29  3465  6928 22577 
 851.31  3470  7007 23977 
 851.33  3475  7086 19138 
 851.36  3480  7165 21926.5 
 851.38  3485  7244 21532 
 851.4  3490  7323 19594.5 
 851.43  3495  7402 19482 
 851.45  3500  7482 23716.5 
 851.47  3505  7561 24755.5 
 851.5  3510  7641 21842 
 851.52  3515  7721 20935 
 851.55  3520  7801 22261 
 851.57  3525  7881 17139.5 
 851.59  3530  7961 21643.5 
 851.62  3535  8042 22769 
 851.64  3540  8122 23242 
 851.67  3545  8203 23412.5 
 851.69  3550  8283 23211.5 
 851.71  3555  8364 20608.5 
 851.74  3560  8445 21420 
 851.76  3565  8527 17638 
 851.79  3570  8608 14778.5 
 851.81  3575  8689 17980 
 851.83  3580  8771 13516 
 851.86  3585  8853 11753 
 851.88  3590  8934 16720.5 
 851.91  3595  9016 20373 
 851.93  3600  9099 20943 
 851.96  3605  9181 16175 
 851.98  3610  9263 14874 
 852  3615  9346 16706 
 852.03  3620  9428 14305 
 852.05  3625  9511 19636 
 852.07  3630  9594 15982.5 
end
uxIntegration time is 0.2294 seconds per sampledt  3.3E-08 cy 1dh150518Zaragoza Canal 41.634 .881 3.233369pr987dark .5 
 880.3  2900  777 36.5 
 880.33  2905  842 37.75 
 880.36  2910  907 37.75 
 880.39  2915  972 39 
 880.42  2920  1037 39 
 880.45  2925  1102 38 
 880.48  2930  1168 41.75 
 880.51  2935  1233 40.5 
 880.54  2940  1299 42.25 
 880.57  2945  1365 44 
 880.6  2950  1431 49.75 
 880.63  2955  1497 56.5 
 880.66  2960  1563 63.75 
 880.69  2965  1629 75.25 
 880.72  2970  1695 88 
 880.75  2975  1761 142.5 
 880.78  2980  1828 167 
 880.81  2985  1894 184.5 
 880.84  2990  1961 307.25 
 880.87  2995  2028 438.25 
 880.9  3000  2095 442 
 880.92  3005  2162 598.5 
 880.94  3010  2229 955.5 
 880.97  3015  2296 1287.5 
 880.99  3020  2364 1181.5 
 881.01  3025  2431 2101.5 
 881.03  3030  2499 3422 
 881.06  3035  2566 4173.5 
 881.08  3040  2634 4004.5 
 881.1  3045  2702 5361 
 881.12  3050  2770 7350.5 
 881.15  3055  2838 7768.5 
 881.17  3060  2906 7463 
 881.19  3065  2975 8999 
 881.22  3070  3043 12069 
 881.24  3075  3112 14438.5 
 881.26  3080  3180 15284.5 
 881.29  3085  3249 17079 
 881.31  3090  3318 15141 
 881.33  3095  3387 16583 
 881.35  3100  3456 16727 
 881.38  3105  3525 25532 
 881.4  3110  3594 31289 
 881.42  3115  3664 30259.5 
 881.45  3120  3733 28297.5 
 881.47  3125  3803 32431 
 881.49  3130  3873 33902 
 881.51  3135  3943 33541 
 881.55  3140  4013 38651 
 881.57  3145  4083 32234 
 881.6  3150  4153 40317.5 
 881.62  3155  4223 34661.5 
 881.64  3160  4294 28032.5 
 881.67  3165  4364 37112 
 881.69  3170  4435 44119 
 881.71  3175  4506 44604 
 881.73  3180  4576 32777 
 881.76  3185  4647 36418 
 881.78  3190  4718 40198 
 881.8  3195  4790 33237.5 
 881.83  3200  4861 37836 
 881.85  3205  4932 41499.5 
 881.87  3210  5004 33626.5 
 881.9  3215  5076 29905 
 881.92  3220  5147 31840 
 881.94  3225  5219 25514.5 
 881.97  3230  5291 22483.5 
 881.99  3235  5363 24179.5 
 882.01  3240  5436 25681.5 
 882.04  3245  5508 24577.5 
 882.06  3250  5580 20515.5 
 882.25  3255  3743 19997.5 
 882.27  3260  3817 23556.5 
 882.29  3265  3890 22986 
 882.32  3270  3963 23321.5 
 882.34  3275  4037 22421 
 882.36  3280  4110 20736 
 882.39  3285  4184 20677.5 
 882.41  3290  4258 23808.5 
 882.43  3295  4332 26874.5 
 882.46  3300  4406 27214.5 
 882.48  3305  4481 22466.5 
 882.5  3310  4555 22761 
 882.53  3315  4630 22623 
 882.56  3320  4704 23702 
 882.59  3325  4779 23101 
 882.61  3330  4854 22950.5 
 882.63  3335  4929 21358 
 882.66  3340  5005 21575 
 882.68  3345  5080 24200 
 882.7  3350  5155 22433.5 
 882.73  3355  5231 25473 
 882.75  3360  5307 17517.5 
 882.77  3365  5383 21081 
 882.8  3370  5459 17232 
 882.82  3375  5535 21398.5 
 882.84  3380  5611 20367 
 882.87  3385  5688 22665.5 
 882.89  3390  5764 22457.5 
 882.91  3395  5841 21434.5 
 882.94  3400  5918 25521 
 882.96  3405  5995 22744.5 
 882.98  3410  6072 21786 
 883.01  3415  6149 19925 
 883.03  3420  6226 23518.5 
 883.05  3425  6304 21746.5 
 883.08  3430  6381 23730 
 883.1  3435  6459 22146 
 883.12  3440  6537 16232.5 
 883.15  3445  6615 16178 
 883.17  3450  6693 21218 
 883.2  3455  6771 21539 
 883.22  3460  6850 18151.5 
 883.24  3465  6928 20437 
 883.27  3470  7007 21573.5 
 883.29  3475  7086 17247 
 883.31  3480  7165 19741 
 883.34  3485  7244 19415 
 883.36  3490  7323 17739 
 883.38  3495  7402 17550.5 
 883.41  3500  7482 21321.5 
 883.43  3505  7561 22315 
 883.45  3510  7641 19848.5 
 883.48  3515  7721 18914.5 
 883.5  3520  7801 20278.5 
 883.53  3525  7881 15450.5 
 883.55  3530  7961 19465.5 
 883.57  3535  8042 20418.5 
 883.6  3540  8122 21079.5 
 883.62  3545  8203 21178 
 883.64  3550  8283 20833.5 
 883.67  3555  8364 18599.5 
 883.69  3560  8445 19292.5 
 883.72  3565  8527 16042.5 
 883.74  3570  8608 13388.5 
 883.76  3575  8689 16231 
 883.78  3580  8771 12246 
 883.81  3585  8853 10614 
 883.83  3590  8934 14995.5 
 883.85  3595  9016 18375 
 883.88  3600  9099 19021.5 
 883.9  3605  9181 14683 
 883.93  3610  9263 13507.5 
 883.95  3615  9346 15315 
 883.97  3620  9428 12902 
 884  3625  9511 17726.5 
 884.02  3630  9594 14614 
end
uxIntegration time is 0.2294 seconds per sampledt  3.3E-08 cy 1dh150518Zaragoza Canal 41.634 .881 3.233369pr987dark .8 
 911.4  2900  777 27.25 
 911.43  2905  842 30 
 911.46  2910  907 29.75 
 911.49  2915  972 31.75 
 911.52  2920  1037 32 
 911.55  2925  1102 32.75 
 911.58  2930  1168 32.5 
 911.61  2935  1233 31.25 
 911.64  2940  1299 32.25 
 911.67  2945  1365 35 
 911.7  2950  1431 33.25 
 911.73  2955  1497 38.5 
 911.76  2960  1563 49.25 
 911.79  2965  1629 47.25 
 911.83  2970  1695 52.5 
 911.86  2975  1761 80.75 
 911.89  2980  1828 99.25 
 911.92  2985  1894 114.25 
 911.95  2990  1961 195.5 
 911.98  2995  2028 270 
 912  3000  2095 287 
 912.02  3005  2162 393 
 912.05  3010  2229 642 
 912.07  3015  2296 880 
 912.09  3020  2364 803.5 
 912.11  3025  2431 1448 
 912.14  3030  2499 2443 
 912.16  3035  2566 2985 
 912.18  3040  2634 2898.5 
 912.21  3045  2702 3919.5 
 912.23  3050  2770 5537.5 
 912.25  3055  2838 5938.5 
 912.27  3060  2906 5769 
 912.3  3065  2975 6977.5 
 912.32  3070  3043 9573 
 912.34  3075  3112 11648 
 912.37  3080  3180 12336.5 
 912.39  3085  3249 13905 
 912.41  3090  3318 12441.5 
 912.43  3095  3387 13672 
 912.46  3100  3456 13927.5 
 912.48  3105  3525 21495 
 912.5  3110  3594 26339 
 912.53  3115  3664 25574 
 912.55  3120  3733 24372 
 912.57  3125  3803 28093 
 912.6  3130  3873 29416.5 
 912.62  3135  3943 29101 
 912.64  3140  4013 33727.5 
 912.67  3145  4083 28481 
 912.69  3150  4153 35701.5 
 912.71  3155  4223 30733 
 912.73  3160  4294 24836.5 
 912.76  3165  4364 33326.5 
 912.78  3170  4435 39600.5 
 912.8  3175  4506 40148.5 
 912.83  3180  4576 29628 
 912.85  3185  4647 33181 
 912.87  3190  4718 36628.5 
 912.9  3195  4790 29986.5 
 912.92  3200  4861 33631 
 912.94  3205  4932 36561.5 
 912.97  3210  5004 29530 
 912.99  3215  5076 25873.5 
 913.01  3220  5147 27382.5 
 913.04  3225  5219 21974.5 
 913.06  3230  5291 19783.5 
 913.08  3235  5363 21646.5 
 913.1  3240  5436 23149 
 913.13  3245  5508 22324 
 913.15  3250  5580 18790 
 913.34  3255  3743 18622.5 
 913.36  3260  3817 21991.5 
 913.38  3265  3890 21648 
 913.41  3270  3963 21781 
 913.43  3275  4037 20981.5 
 913.45  3280  4110 19394.5 
 913.48  3285  4184 19412.5 
 913.5  3290  4258 22376 
 913.52  3295  4332 25324 
 913.55  3300  4406 25803 
 913.57  3305  4481 21266.5 
 913.6  3310  4555 21387 
 913.62  3315  4630 21182 
 913.64  3320  4704 22480 
 913.67  3325  4779 21922.5 
 913.69  3330  4854 21776 
 913.71  3335  4929 20286.5 
 913.74  3340  5005 20561 
 913.76  3345  5080 23002 
 913.78  3350  5155 21495 
 913.81  3355  5231 24301 
 913.83  3360  5307 16761 
 913.85  3365  5383 20194 
 913.88  3370  5459 16440.5 
 913.9  3375  5535 20536 
 913.92  3380  5611 19531 
 913.95  3385  5688 21614 
 913.97  3390  5764 21450 
 913.99  3395  5841 20578.5 
 914.02  3400  5918 24555 
 914.04  3405  5995 21801 
 914.07  3410  6072 20955.5 
 914.09  3415  6149 19208 
 914.11  3420  6226 22703 
 914.14  3425  6304 20921 
 914.16  3430  6381 22858 
 914.18  3435  6459 21308 
 914.21  3440  6537 15660 
 914.23  3445  6615 15617 
 914.25  3450  6693 20495 
 914.28  3455  6771 20899 
 914.3  3460  6850 17641.5 
 914.32  3465  6928 19739.5 
 914.35  3470  7007 20822 
 914.37  3475  7086 16552.5 
 914.39  3480  7165 18981 
 914.42  3485  7244 18718 
 914.44  3490  7323 17021 
 914.47  3495  7402 16822 
 914.49  3500  7482 20542.5 
 914.51  3505  7561 21412.5 
 914.54  3510  7641 19049 
 914.56  3515  7721 17898 
 914.58  3520  7801 18960 
 914.61  3525  7881 14493 
 914.63  3530  7961 18263.5 
 914.65  3535  8042 19173 
 914.68  3540  8122 19605 
 914.7  3545  8203 19565 
 914.73  3550  8283 19393.5 
 914.75  3555  8364 17022.5 
 914.77  3560  8445 17415 
 914.8  3565  8527 14395.5 
 914.82  3570  8608 11921 
 914.84  3575  8689 14404 
 914.87  3580  8771 10806.5 
 914.89  3585  8853 9231 
 914.91  3590  8934 13013 
 914.94  3595  9016 15917.5 
 914.96  3600  9099 16365.5 
 914.99  3605  9181 12785.5 
 915.01  3610  9263 11884.5 
 915.03  3615  9346 13740.5 
 915.06  3620  9428 11910 
 915.08  3625  9511 16611 
 915.1  3630  9594 14006 
end
uxIntegration time is 0.2294 seconds per sampledt  3.3E-08 cy 1dh150518Zaragoza Canal 41.634 .881 3.233369pr987dark .7 
 941.89  2900  777 24 
 941.92  2905  842 25.25 
 941.95  2910  907 26.25 
 941.98  2915  972 23.5 
 942.01  2920  1037 23.5 
 942.04  2925  1102 25.25 
 942.07  2930  1168 26.5 
 942.1  2935  1233 25.75 
 942.13  2940  1299 29.5 
 942.16  2945  1365 27.5 
 942.2  2950  1431 28.5 
 942.23  2955  1497 30.25 
 942.26  2960  1563 30 
 942.29  2965  1629 32.75 
 942.32  2970  1695 38.25 
 942.35  2975  1761 45.25 
 942.38  2980  1828 57.5 
 942.41  2985  1894 60.75 
 942.44  2990  1961 91.5 
 942.47  2995  2028 132.25 
 942.49  3000  2095 148.5 
 942.51  3005  2162 188.5 
 942.54  3010  2229 324 
 942.56  3015  2296 436 
 942.58  3020  2364 425 
 942.6  3025  2431 789.5 
 942.63  3030  2499 1329 
 942.65  3035  2566 1613.5 
 942.67  3040  2634 1629.5 
 942.7  3045  2702 2219 
 942.72  3050  2770 3247 
 942.74  3055  2838 3550 
 942.76  3060  2906 3403.5 
 942.79  3065  2975 4238 
 942.81  3070  3043 5919 
 942.83  3075  3112 7316 
 942.86  3080  3180 7740.5 
 942.88  3085  3249 8812 
 942.9  3090  3318 8024 
 942.92  3095  3387 9028 
 942.95  3100  3456 9355.5 
 942.97  3105  3525 14372 
 942.99  3110  3594 17957.5 
 943.02  3115  3664 17535 
 943.04  3120  3733 16898 
 943.06  3125  3803 19806.5 
 943.08  3130  3873 20926 
 943.11  3135  3943 20783 
 943.13  3140  4013 24314.5 
 943.15  3145  4083 20911 
 943.18  3150  4153 26210 
 943.2  3155  4223 22498.5 
 943.22  3160  4294 18382 
 943.25  3165  4364 24738.5 
 943.27  3170  4435 29396 
 943.29  3175  4506 29760.5 
 943.32  3180  4576 22013 
 943.34  3185  4647 25106 
 943.36  3190  4718 27952 
 943.39  3195  4790 22832.5 
 943.41  3200  4861 25929.5 
 943.43  3205  4932 28877 
 943.45  3210  5004 23769 
 943.48  3215  5076 21124.5 
 943.5  3220  5147 22209.5 
 943.52  3225  5219 17791 
 943.55  3230  5291 15867.5 
 943.57  3235  5363 17400 
 943.59  3240  5436 18346.5 
 943.62  3245  5508 17263.5 
 943.64  3250  5580 14345.5 
 943.83  3255  3743 13338 
 943.85  3260  3817 15758.5 
 943.87  3265  3890 15441 
 943.9  3270  3963 15485 
 943.92  3275  4037 14805.5 
 943.94  3280  4110 13576.5 
 943.97  3285  4184 13625.5 
 943.99  3290  4258 15819 
 944.01  3295  4332 17971.5 
 944.04  3300  4406 18207 
 944.06  3305  4481 14870.5 
 944.08  3310  4555 14946.5 
 944.11  3315  4630 14869 
 944.13  3320  4704 15601.5 
 944.15  3325  4779 15225.5 
 944.18  3330  4854 14930 
 944.2  3335  4929 13806 
 944.23  3340  5005 13815.5 
 944.25  3345  5080 15507 
 944.27  3350  5155 14413.5 
 944.3  3355  5231 16118 
 944.32  3360  5307 11059.5 
 944.34  3365  5383 13081 
 944.37  3370  5459 10583 
 944.39  3375  5535 12927.5 
 944.41  3380  5611 12309.5 
 944.44  3385  5688 13538.5 
 944.46  3390  5764 13440.5 
 944.48  3395  5841 12769.5 
 944.51  3400  5918 15075 
 944.53  3405  5995 13336.5 
 944.55  3410  6072 12761.5 
 944.58  3415  6149 11652.5 
 944.6  3420  6226 13676 
 944.62  3425  6304 12576.5 
 944.65  3430  6381 13586.5 
 944.68  3435  6459 12499.5 
 944.7  3440  6537 9128.5 
 944.73  3445  6615 9055 
 944.75  3450  6693 11601.5 
 944.77  3455  6771 11602 
 944.8  3460  6850 9679.5 
 944.82  3465  6928 10798 
 944.84  3470  7007 11393.5 
 944.87  3475  7086 9081 
 944.89  3480  7165 10457.5 
 944.91  3485  7244 10361 
 944.94  3490  7323 9451.5 
 944.96  3495  7402 9430.5 
 944.98  3500  7482 11413.5 
 945.01  3505  7561 11867.5 
 945.03  3510  7641 10603 
 945.06  3515  7721 10047 
 945.08  3520  7801 10676.5 
 945.1  3525  7881 8190.5 
 945.13  3530  7961 10193.5 
 945.15  3535  8042 10710 
 945.17  3540  8122 11039 
 945.2  3545  8203 11066 
 945.22  3550  8283 10834 
 945.24  3555  8364 9711 
 945.27  3560  8445 9936.5 
 945.29  3565  8527 8272 
 945.31  3570  8608 6953 
 945.34  3575  8689 8327.5 
 945.36  3580  8771 6310 
 945.39  3585  8853 5476.5 
 945.41  3590  8934 7682 
 945.43  3595  9016 9283 
 945.46  3600  9099 9486 
 945.48  3605  9181 7329.5 
 945.5  3610  9263 6753 
 945.53  3615  9346 7536.5 
 945.55  3620  9428 6378 
 945.57  3625  9511 8626 
 945.6  3630  9594 7099.5 
end
uxIntegration time is 0.2294 seconds per sampledt  3.3E-08 cy 1dh150518Zaragoza Canal 41.634 .881 3.126073pr987dark .6 
 972.23  2900  777 16.75 
 972.26  2905  842 20.25 
 972.29  2910  907 15.5 
 972.32  2915  972 17.75 
 972.35  2920  1037 19.75 
 972.38  2925  1102 19.25 
 972.41  2930  1168 17.5 
 972.44  2935  1233 18.25 
 972.47  2940  1299 21.25 
 972.51  2945  1365 18.5 
 972.54  2950  1431 19.5 
 972.57  2955  1497 22.75 
 972.6  2960  1563 21.75 
 972.63  2965  1629 21.25 
 972.66  2970  1695 25.25 
 972.69  2975  1761 29 
 972.72  2980  1828 30.25 
 972.75  2985  1894 34 
 972.78  2990  1961 48.25 
 972.81  2995  2028 64.5 
 972.83  3000  2095 70.5 
 972.86  3005  2162 89 
 972.88  3010  2229 146 
 972.9  3015  2296 203.5 
 972.92  3020  2364 218 
 972.95  3025  2431 388.5 
 972.97  3030  2499 659 
 972.99  3035  2566 834.5 
 973.01  3040  2634 867 
 973.04  3045  2702 1188.5 
 973.06  3050  2770 1794.5 
 973.08  3055  2838 2033.5 
 973.11  3060  2906 2029 
 973.13  3065  2975 2500 
 973.15  3070  3043 3585 
 973.17  3075  3112 4597 
 973.2  3080  3180 4909 
 973.22  3085  3249 5677.5 
 973.24  3090  3318 5193 
 973.27  3095  3387 6021.5 
 973.29  3100  3456 6315.5 
 973.31  3105  3525 9770.5 
 973.34  3110  3594 12290.5 
 973.36  3115  3664 12030 
 973.38  3120  3733 11761.5 
 973.4  3125  3803 14012 
 973.43  3130  3873 14790 
 973.45  3135  3943 14627 
 973.47  3140  4013 17254.5 
 973.5  3145  4083 15125 
 973.52  3150  4153 19129 
 973.54  3155  4223 16247 
 973.57  3160  4294 13572.5 
 973.59  3165  4364 18436.5 
 973.61  3170  4435 21792.5 
 973.63  3175  4506 21892 
 973.66  3180  4576 16507 
 973.68  3185  4647 18897.5 
 973.7  3190  4718 20982 
 973.73  3195  4790 17264 
 973.75  3200  4861 19505 
 973.77  3205  4932 21934.5 
 973.8  3210  5004 18295.5 
 973.82  3215  5076 16400.5 
 973.84  3220  5147 16944 
 973.87  3225  5219 13537.5 
 973.89  3230  5291 12207 
 973.91  3235  5363 13559 
 973.94  3240  5436 14360.5 
 973.96  3245  5508 13615.5 
 973.98  3250  5580 11239.5 
 974.17  3255  3743 11092.5 
 974.2  3260  3817 13226 
 974.22  3265  3890 13160 
 974.24  3270  3963 13306 
 974.27  3275  4037 12519 
 974.29  3280  4110 11602.5 
 974.31  3285  4184 11783.5 
 974.33  3290  4258 13694.5 
 974.36  3295  4332 15471.5 
 974.38  3300  4406 15668 
 974.4  3305  4481 12820 
 974.43  3310  4555 12955.5 
 974.45  3315  4630 12918.5 
 974.47  3320  4704 13672 
 974.52  3325  4779 13472 
 974.54  3330  4854 13401 
 974.57  3335  4929 12369 
 974.59  3340  5005 12475 
 974.61  3345  5080 14020 
 974.64  3350  5155 13137 
 974.66  3355  5231 14907.5 
 974.69  3360  5307 10351.5 
 974.71  3365  5383 12374.5 
 974.73  3370  5459 10074.5 
 974.75  3375  5535 12363 
 974.78  3380  5611 11850.5 
 974.8  3385  5688 13280 
 974.83  3390  5764 13188 
 974.85  3395  5841 12534.5 
 974.87  3400  5918 14978 
 974.9  3405  5995 13343 
 974.92  3410  6072 12741.5 
 974.94  3415  6149 11775.5 
 974.97  3420  6226 13945 
 974.99  3425  6304 12858 
 975.01  3430  6381 13970 
 975.04  3435  6459 12959 
 975.06  3440  6537 9472 
 975.08  3445  6615 9582.5 
 975.11  3450  6693 12533 
 975.13  3455  6771 12670.5 
 975.15  3460  6850 10770 
 975.18  3465  6928 11990 
 975.2  3470  7007 12762 
 975.23  3475  7086 10239.5 
 975.25  3480  7165 11650 
 975.27  3485  7244 11525.5 
 975.3  3490  7323 10450.5 
 975.32  3495  7402 10367 
 975.34  3500  7482 12650 
 975.37  3505  7561 13185 
 975.39  3510  7641 11675.5 
 975.41  3515  7721 11150.5 
 975.44  3520  7801 11937.5 
 975.46  3525  7881 9176 
 975.48  3530  7961 11510 
 975.51  3535  8042 12096 
 975.53  3540  8122 12432.5 
 975.56  3545  8203 12607 
 975.58  3550  8283 12313 
 975.6  3555  8364 10948 
 975.63  3560  8445 11418 
 975.65  3565  8527 9445.5 
 975.67  3570  8608 7883 
 975.7  3575  8689 9535.5 
 975.72  3580  8771 7218 
 975.74  3585  8853 6353 
 975.77  3590  8934 8829.5 
 975.79  3595  9016 10778.5 
 975.81  3600  9099 11101 
 975.84  3605  9181 8661.5 
 975.86  3610  9263 7983 
 975.88  3615  9346 8920.5 
 975.91  3620  9428 7635 
 975.93  3625  9511 10446.5 
 975.95  3630  9594 8646 
end
uxIntegration time is 0.2294 seconds per sampledt  3.3E-08 cy 1dh150518Zaragoza Canal 41.634 .881 3.072425pr987dark .8 
 1005.35  2900  777 13 
 1005.38  2905  842 13.75 
 1005.41  2910  907 12 
 1005.44  2915  972 13 
 1005.48  2920  1037 13.5 
 1005.5  2925  1102 13.75 
 1005.54  2930  1168 14 
 1005.57  2935  1233 12.25 
 1005.6  2940  1299 14.25 
 1005.63  2945  1365 15.25 
 1005.66  2950  1431 14 
 1005.69  2955  1497 12 
 1005.72  2960  1563 14.25 
 1005.75  2965  1629 14.5 
 1005.78  2970  1695 13.75 
 1005.81  2975  1761 14.75 
 1005.84  2980  1828 15.75 
 1005.87  2985  1894 18.25 
 1005.9  2990  1961 23.25 
 1005.93  2995  2028 26.75 
 1005.95  3000  2095 30 
 1005.98  3005  2162 33.5 
 1006  3010  2229 57.5 
 1006.02  3015  2296 80 
 1006.04  3020  2364 81 
 1006.07  3025  2431 141.5 
 1006.09  3030  2499 241.5 
 1006.11  3035  2566 322 
 1006.13  3040  2634 333.5 
 1006.16  3045  2702 490.5 
 1006.18  3050  2770 764 
 1006.2  3055  2838 896 
 1006.23  3060  2906 885.5 
 1006.25  3065  2975 1152.5 
 1006.27  3070  3043 1712 
 1006.3  3075  3112 2258 
 1006.32  3080  3180 2483.5 
 1006.34  3085  3249 2914.5 
 1006.36  3090  3318 2739.5 
 1006.39  3095  3387 3295 
 1006.41  3100  3456 3544.5 
 1006.43  3105  3525 5485.5 
 1006.46  3110  3594 7011 
 1006.48  3115  3664 7021.5 
 1006.5  3120  3733 7121.5 
 1006.52  3125  3803 8527 
 1006.55  3130  3873 9097 
 1006.57  3135  3943 9009.5 
 1006.59  3140  4013 10842 
 1006.62  3145  4083 9697.5 
 1006.64  3150  4153 12376.5 
 1006.66  3155  4223 10579 
 1006.69  3160  4294 8838 
 1006.71  3165  4364 12257.5 
 1006.73  3170  4435 14635.5 
 1006.76  3175  4506 14828 
 1006.78  3180  4576 11174.5 
 1006.8  3185  4647 13113.5 
 1006.83  3190  4718 14843.5 
 1006.85  3195  4790 11875.5 
 1006.87  3200  4861 13344 
 1006.9  3205  4932 15384 
 1006.92  3210  5004 13161.5 
 1006.94  3215  5076 11643 
 1006.97  3220  5147 12043.5 
 1006.99  3225  5219 9696.5 
 1007.01  3230  5291 8732.5 
 1007.03  3235  5363 9776 
 1007.06  3240  5436 10437 
 1007.08  3245  5508 9901.5 
 1007.1  3250  5580 8084 
 1007.29  3255  3743 7944.5 
 1007.32  3260  3817 9736.5 
 1007.34  3265  3890 9661 
 1007.36  3270  3963 9787 
 1007.39  3275  4037 9263.5 
 1007.41  3280  4110 8388.5 
 1007.43  3285  4184 8537 
 1007.46  3290  4258 10131.5 
 1007.48  3295  4332 11555 
 1007.5  3300  4406 11647.5 
 1007.53  3305  4481 9599.5 
 1007.55  3310  4555 9559 
 1007.57  3315  4630 9583.5 
 1007.6  3320  4704 10249 
 1007.62  3325  4779 10055 
 1007.64  3330  4854 10061.5 
 1007.67  3335  4929 9221.5 
 1007.69  3340  5005 9211 
 1007.71  3345  5080 10508.5 
 1007.74  3350  5155 9915.5 
 1007.76  3355  5231 11167 
 1007.78  3360  5307 7783 
 1007.81  3365  5383 9225.5 
 1007.83  3370  5459 7542.5 
 1007.85  3375  5535 9263.5 
 1007.88  3380  5611 8968 
 1007.9  3385  5688 9898.5 
 1007.92  3390  5764 9926 
 1007.95  3395  5841 9411.5 
 1007.97  3400  5918 11229.5 
 1007.99  3405  5995 10042.5 
 1008.04  3410  6072 9595 
 1008.06  3415  6149 8807.5 
 1008.08  3420  6226 10415 
 1008.11  3425  6304 9646 
 1008.13  3430  6381 10472.5 
 1008.16  3435  6459 9790.5 
 1008.18  3440  6537 7218.5 
 1008.2  3445  6615 7087 
 1008.23  3450  6693 9436.5 
 1008.25  3455  6771 9581.5 
 1008.27  3460  6850 8043 
 1008.3  3465  6928 9011.5 
 1008.32  3470  7007 9639 
 1008.34  3475  7086 7720 
 1008.37  3480  7165 8774 
 1008.39  3485  7244 8691 
 1008.41  3490  7323 7943 
 1008.44  3495  7402 7876 
 1008.46  3500  7482 9484 
 1008.48  3505  7561 9942.5 
 1008.51  3510  7641 8868.5 
 1008.53  3515  7721 8376.5 
 1008.56  3520  7801 9044 
 1008.58  3525  7881 6941 
 1008.6  3530  7961 8671.5 
 1008.63  3535  8042 9192 
 1008.65  3540  8122 9374.5 
 1008.67  3545  8203 9457.5 
 1008.7  3550  8283 9319 
 1008.72  3555  8364 8263 
 1008.74  3560  8445 8558.5 
 1008.77  3565  8527 7262 
 1008.79  3570  8608 6022.5 
 1008.82  3575  8689 7181.5 
 1008.84  3580  8771 5504.5 
 1008.86  3585  8853 4757 
 1008.89  3590  8934 6692 
 1008.91  3595  9016 8111 
 1008.93  3600  9099 8472.5 
 1008.96  3605  9181 6593.5 
 1008.98  3610  9263 5966.5 
 1009  3615  9346 6861 
 1009.03  3620  9428 5750 
 1009.05  3625  9511 7868.5 
 1009.08  3630  9594 6618.5 
end
uxIntegration time is 0.2294 seconds per sampledt  3.3E-08 cy 1dh150518Zaragoza Canal 41.634 .881 3.072425pr987dark .65 
 1041.43  2900  777 7.5 
 1041.46  2905  842 7 
 1041.49  2910  907 7.25 
 1041.52  2915  972 8.25 
 1041.56  2920  1037 7 
 1041.59  2925  1102 7.25 
 1041.62  2930  1168 7.25 
 1041.65  2935  1233 8.25 
 1041.68  2940  1299 5.5 
 1041.71  2945  1365 7.5 
 1041.74  2950  1431 7.25 
 1041.77  2955  1497 8 
 1041.8  2960  1563 7.75 
 1041.83  2965  1629 7.25 
 1041.86  2970  1695 9 
 1041.89  2975  1761 8.25 
 1041.92  2980  1828 10 
 1041.95  2985  1894 9.5 
 1041.98  2990  1961 10 
 1042.01  2995  2028 13 
 1042.04  3000  2095 12 
 1042.06  3005  2162 14 
 1042.08  3010  2229 18 
 1042.1  3015  2296 23.5 
 1042.13  3020  2364 25.5 
 1042.15  3025  2431 46.5 
 1042.17  3030  2499 70.5 
 1042.19  3035  2566 94 
 1042.22  3040  2634 87 
 1042.24  3045  2702 135 
 1042.26  3050  2770 233.5 
 1042.28  3055  2838 276 
 1042.31  3060  2906 283.5 
 1042.33  3065  2975 364 
 1042.35  3070  3043 590.5 
 1042.38  3075  3112 788 
 1042.4  3080  3180 883.5 
 1042.42  3085  3249 1076 
 1042.45  3090  3318 1041 
 1042.47  3095  3387 1349.5 
 1042.49  3100  3456 1474 
 1042.51  3105  3525 2343.5 
 1042.54  3110  3594 3066.5 
 1042.56  3115  3664 3075 
 1042.58  3120  3733 3248.5 
 1042.61  3125  3803 4000.5 
 1042.63  3130  3873 4419.5 
 1042.65  3135  3943 4403 
 1042.67  3140  4013 5389.5 
 1042.7  3145  4083 5083.5 
 1042.72  3150  4153 6468 
 1042.74  3155  4223 5494 
 1042.77  3160  4294 4741.5 
 1042.79  3165  4364 6786.5 
 1042.81  3170  4435 8186 
 1042.84  3175  4506 8120 
 1042.86  3180  4576 6221.5 
 1042.88  3185  4647 7621 
 1042.91  3190  4718 8717 
 1042.93  3195  4790 6850.5 
 1042.95  3200  4861 7779.5 
 1042.98  3205  4932 9124.5 
 1043  3210  5004 7979.5 
 1043.02  3215  5076 7214 
 1043.04  3220  5147 7180.5 
 1043.07  3225  5219 5745 
 1043.09  3230  5291 5374.5 
 1043.11  3235  5363 6197 
 1043.14  3240  5436 6634 
 1043.16  3245  5508 6224 
 1043.18  3250  5580 4960 
 1043.37  3255  3743 4968.5 
 1043.39  3260  3817 6143.5 
 1043.42  3265  3890 6258.5 
 1043.44  3270  3963 6302.5 
 1043.46  3275  4037 5943 
 1043.49  3280  4110 5353.5 
 1043.51  3285  4184 5515 
 1043.53  3290  4258 6628 
 1043.56  3295  4332 7557 
 1043.58  3300  4406 7553.5 
 1043.6  3305  4481 6186 
 1043.63  3310  4555 6120 
 1043.65  3315  4630 6186.5 
 1043.68  3320  4704 6707.5 
 1043.7  3325  4779 6578.5 
 1043.72  3330  4854 6559 
 1043.75  3335  4929 6010.5 
 1043.77  3340  5005 6005.5 
 1043.79  3345  5080 6856.5 
 1043.82  3350  5155 6483 
 1043.84  3355  5231 7318 
 1043.86  3360  5307 5116.5 
 1043.89  3365  5383 6056.5 
 1043.91  3370  5459 4964 
 1043.93  3375  5535 6060.5 
 1043.96  3380  5611 5844 
 1043.98  3385  5688 6521 
 1044  3390  5764 6518.5 
 1044.03  3395  5841 6227 
 1044.05  3400  5918 7345.5 
 1044.07  3405  5995 6553.5 
 1044.1  3410  6072 6399.5 
 1044.12  3415  6149 5839.5 
 1044.14  3420  6226 6845.5 
 1044.17  3425  6304 6372 
 1044.19  3430  6381 6915 
 1044.21  3435  6459 6422 
 1044.24  3440  6537 4739 
 1044.26  3445  6615 4769.5 
 1044.28  3450  6693 6187 
 1044.31  3455  6771 6352.5 
 1044.33  3460  6850 5387 
 1044.36  3465  6928 5972.5 
 1044.38  3470  7007 6333 
 1044.4  3475  7086 5048.5 
 1044.43  3480  7165 5745 
 1044.45  3485  7244 5751.5 
 1044.47  3490  7323 5223 
 1044.5  3495  7402 5234 
 1044.52  3500  7482 6279.5 
 1044.54  3505  7561 6497 
 1044.57  3510  7641 5885.5 
 1044.59  3515  7721 5571.5 
 1044.61  3520  7801 5915 
 1044.64  3525  7881 4537 
 1044.66  3530  7961 5703.5 
 1044.69  3535  8042 6019 
 1044.71  3540  8122 6188 
 1044.73  3545  8203 6188 
 1044.76  3550  8283 6152.5 
 1044.78  3555  8364 5481 
 1044.8  3560  8445 5670.5 
 1044.83  3565  8527 4751.5 
 1044.85  3570  8608 3932 
 1044.87  3575  8689 4750.5 
 1044.9  3580  8771 3625 
 1044.92  3585  8853 3128.5 
 1044.94  3590  8934 4382.5 
 1044.97  3595  9016 5321.5 
 1044.99  3600  9099 5558.5 
 1045.01  3605  9181 4280 
 1045.04  3610  9263 3918.5 
 1045.06  3615  9346 4433.5 
 1045.09  3620  9428 3768.5 
 1045.11  3625  9511 5190.5 
 1045.13  3630  9594 4319 
end
uxIntegration time is 0.2294 seconds per sampledt  3.3E-08 cy 1dh150518Zaragoza Canal 41.634 .881 3.018777pr987dark .4 
 1068.51  2900  777 3.75 
 1068.54  2905  842 4.5 
 1068.57  2910  907 4.75 
 1068.6  2915  972 3.75 
 1068.63  2920  1037 4.25 
 1068.66  2925  1102 5 
 1068.69  2930  1168 4.5 
 1068.72  2935  1233 5.25 
 1068.75  2940  1299 4.75 
 1068.78  2945  1365 3.75 
 1068.81  2950  1431 4 
 1068.84  2955  1497 5.5 
 1068.87  2960  1563 4.75 
 1068.91  2965  1629 5.75 
 1068.94  2970  1695 4.75 
 1068.97  2975  1761 5.5 
 1069  2980  1828 5 
 1069.03  2985  1894 4.75 
 1069.06  2990  1961 6.25 
 1069.09  2995  2028 6.25 
 1069.11  3000  2095 6.5 
 1069.13  3005  2162 6 
 1069.16  3010  2229 8 
 1069.18  3015  2296 12 
 1069.2  3020  2364 12 
 1069.22  3025  2431 17 
 1069.25  3030  2499 26 
 1069.27  3035  2566 30 
 1069.29  3040  2634 29.5 
 1069.31  3045  2702 47.5 
 1069.34  3050  2770 75 
 1069.36  3055  2838 93.5 
 1069.38  3060  2906 94.5 
 1069.4  3065  2975 124 
 1069.43  3070  3043 201 
 1069.45  3075  3112 288 
 1069.47  3080  3180 327.5 
 1069.5  3085  3249 399.5 
 1069.52  3090  3318 378.5 
 1069.54  3095  3387 521.5 
 1069.56  3100  3456 609 
 1069.59  3105  3525 969.5 
 1069.61  3110  3594 1265 
 1069.63  3115  3664 1297 
 1069.66  3120  3733 1429.5 
 1069.68  3125  3803 1849.5 
 1069.7  3130  3873 2090.5 
 1069.72  3135  3943 2019 
 1069.75  3140  4013 2588 
 1069.77  3145  4083 2581 
 1069.79  3150  4153 3304.5 
 1069.82  3155  4223 2768.5 
 1069.84  3160  4294 2497.5 
 1069.86  3165  4364 3651 
 1069.89  3170  4435 4340.5 
 1069.91  3175  4506 4347 
 1069.93  3180  4576 3439 
 1069.95  3185  4647 4331 
 1069.98  3190  4718 5101 
 1070  3195  4790 3941.5 
 1070.02  3200  4861 4435.5 
 1070.05  3205  4932 5368 
 1070.07  3210  5004 4906 
 1070.09  3215  5076 4444 
 1070.11  3220  5147 4286 
 1070.14  3225  5219 3436.5 
 1070.16  3230  5291 3268.5 
 1070.19  3235  5363 3917 
 1070.21  3240  5436 4224 
 1070.23  3245  5508 3867 
 1070.25  3250  5580 3072.5 
 1070.44  3255  3743 3071 
 1070.47  3260  3817 3922 
 1070.49  3265  3890 4072 
 1070.51  3270  3963 4090.5 
 1070.54  3275  4037 3818.5 
 1070.56  3280  4110 3331 
 1070.58  3285  4184 3538.5 
 1070.61  3290  4258 4335.5 
 1070.63  3295  4332 4985.5 
 1070.65  3300  4406 5032 
 1070.68  3305  4481 4047.5 
 1070.7  3310  4555 3997.5 
 1070.72  3315  4630 4045 
 1070.75  3320  4704 4438 
 1070.77  3325  4779 4438.5 
 1070.79  3330  4854 4393.5 
 1070.82  3335  4929 3989.5 
 1070.84  3340  5005 3973.5 
 1070.86  3345  5080 4589.5 
 1070.89  3350  5155 4332.5 
 1070.91  3355  5231 4944.5 
 1070.93  3360  5307 3466.5 
 1070.96  3365  5383 3983 
 1070.98  3370  5459 3290.5 
 1071  3375  5535 4026.5 
 1071.03  3380  5611 3920.5 
 1071.05  3385  5688 4402.5 
 1071.07  3390  5764 4389.5 
 1071.1  3395  5841 4186.5 
 1071.12  3400  5918 4985 
 1071.14  3405  5995 4443 
 1071.17  3410  6072 4268.5 
 1071.19  3415  6149 3901.5 
 1071.21  3420  6226 4629 
 1071.24  3425  6304 4300 
 1071.26  3430  6381 4636.5 
 1071.28  3435  6459 4311.5 
 1071.31  3440  6537 3213 
 1071.33  3445  6615 3164.5 
 1071.35  3450  6693 4103 
 1071.38  3455  6771 4247.5 
 1071.4  3460  6850 3604 
 1071.42  3465  6928 4019.5 
 1071.45  3470  7007 4276 
 1071.47  3475  7086 3386 
 1071.5  3480  7165 3906.5 
 1071.52  3485  7244 3841.5 
 1071.54  3490  7323 3504 
 1071.57  3495  7402 3491.5 
 1071.59  3500  7482 4187 
 1071.61  3505  7561 4422 
 1071.64  3510  7641 3921 
 1071.68  3515  7721 3715.5 
 1071.7  3520  7801 3984.5 
 1071.72  3525  7881 3052 
 1071.75  3530  7961 3856 
 1071.77  3535  8042 4056 
 1071.79  3540  8122 4189 
 1071.82  3545  8203 4191.5 
 1071.84  3550  8283 4146.5 
 1071.86  3555  8364 3681.5 
 1071.89  3560  8445 3781.5 
 1071.91  3565  8527 3206 
 1071.93  3570  8608 2655 
 1071.96  3575  8689 3158 
 1071.98  3580  8771 2435 
 1072  3585  8853 2092.5 
 1072.03  3590  8934 2929 
 1072.05  3595  9016 3545 
 1072.07  3600  9099 3669 
 1072.11  3605  9181 2903 
 1072.13  3610  9263 2665 
 1072.16  3615  9346 2979.5 
 1072.18  3620  9428 2532 
 1072.2  3625  9511 3448.5 
 1072.23  3630  9594 2882.5 
end
uxIntegration time is 0.2294 seconds per sampledt  3.3E-08 cy 1dh150518Zaragoza Canal 41.634 .881 2.965129pr987dark .45 
 1088.39  2900  777 2.5 
 1088.42  2905  842 2.25 
 1088.45  2910  907 2.25 
 1088.48  2915  972 3.25 
 1088.51  2920  1037 2.75 
 1088.54  2925  1102 3 
 1088.57  2930  1168 2 
 1088.6  2935  1233 2.5 
 1088.63  2940  1299 2.25 
 1088.66  2945  1365 2.75 
 1088.69  2950  1431 2.75 
 1088.72  2955  1497 2.5 
 1088.75  2960  1563 3.75 
 1088.78  2965  1629 2.75 
 1088.81  2970  1695 2.75 
 1088.84  2975  1761 2.75 
 1088.87  2980  1828 2.5 
 1088.9  2985  1894 3.5 
 1088.93  2990  1961 4.25 
 1088.96  2995  2028 3.75 
 1088.99  3000  2095 4 
 1089.01  3005  2162 4.5 
 1089.03  3010  2229 5 
 1089.05  3015  2296 7 
 1089.08  3020  2364 7 
 1089.1  3025  2431 7.5 
 1089.12  3030  2499 15.5 
 1089.15  3035  2566 17 
 1089.17  3040  2634 17 
 1089.19  3045  2702 25 
 1089.21  3050  2770 33.5 
 1089.24  3055  2838 40 
 1089.26  3060  2906 40.5 
 1089.28  3065  2975 58 
 1089.3  3070  3043 90.5 
 1089.33  3075  3112 120 
 1089.35  3080  3180 138.5 
 1089.37  3085  3249 168.5 
 1089.39  3090  3318 164.5 
 1089.42  3095  3387 224 
 1089.44  3100  3456 266.5 
 1089.46  3105  3525 413 
 1089.49  3110  3594 563 
 1089.51  3115  3664 569 
 1089.53  3120  3733 657 
 1089.55  3125  3803 883 
 1089.58  3130  3873 976 
 1089.6  3135  3943 950.5 
 1089.62  3140  4013 1264.5 
 1089.65  3145  4083 1312.5 
 1089.67  3150  4153 1726 
 1089.69  3155  4223 1404.5 
 1089.72  3160  4294 1304.5 
 1089.74  3165  4364 2009.5 
 1089.76  3170  4435 2368 
 1089.79  3175  4506 2338 
 1089.81  3180  4576 1898 
 1089.83  3185  4647 2542 
 1089.86  3190  4718 3041 
 1089.88  3195  4790 2232.5 
 1089.9  3200  4861 2523 
 1089.93  3205  4932 3182 
 1089.95  3210  5004 2975 
 1089.97  3215  5076 2696.5 
 1090  3220  5147 2534 
 1090.02  3225  5219 2030 
 1090.04  3230  5291 2000 
 1090.06  3235  5363 2498.5 
 1090.09  3240  5436 2686 
 1090.11  3245  5508 2452 
 1090.13  3250  5580 1904 
 1090.32  3255  3743 1970 
 1090.35  3260  3817 2526.5 
 1090.37  3265  3890 2722.5 
 1090.39  3270  3963 2661.5 
 1090.42  3275  4037 2424 
 1090.44  3280  4110 2104 
 1090.46  3285  4184 2294.5 
 1090.48  3290  4258 2899 
 1090.51  3295  4332 3375.5 
 1090.53  3300  4406 3369 
 1090.56  3305  4481 2634.5 
 1090.58  3310  4555 2537.5 
 1090.6  3315  4630 2655.5 
 1090.62  3320  4704 2961 
 1090.65  3325  4779 3004.5 
 1090.67  3330  4854 2920 
 1090.7  3335  4929 2623 
 1090.72  3340  5005 2619.5 
 1090.74  3345  5080 3046 
 1090.77  3350  5155 2903 
 1090.79  3355  5231 3321 
 1090.81  3360  5307 2316 
 1090.84  3365  5383 2689.5 
 1090.86  3370  5459 2161.5 
 1090.88  3375  5535 2645.5 
 1090.91  3380  5611 2621.5 
 1090.93  3385  5688 2907 
 1090.95  3390  5764 2971.5 
 1090.98  3395  5841 2820.5 
 1091  3400  5918 3280 
 1091.02  3405  5995 2919.5 
 1091.05  3410  6072 2850 
 1091.07  3415  6149 2653 
 1091.09  3420  6226 3106.5 
 1091.12  3425  6304 2900 
 1091.14  3430  6381 3119.5 
 1091.16  3435  6459 2857 
 1091.19  3440  6537 2118.5 
 1091.21  3445  6615 2082.5 
 1091.23  3450  6693 2751 
 1091.26  3455  6771 2833 
 1091.28  3460  6850 2379.5 
 1091.3  3465  6928 2705.5 
 1091.33  3470  7007 2830.5 
 1091.35  3475  7086 2267.5 
 1091.37  3480  7165 2601 
 1091.4  3485  7244 2535.5 
 1091.42  3490  7323 2314 
 1091.45  3495  7402 2305.5 
 1091.47  3500  7482 2794.5 
 1091.49  3505  7561 2935.5 
 1091.52  3510  7641 2577.5 
 1091.54  3515  7721 2485.5 
 1091.56  3520  7801 2593.5 
 1091.59  3525  7881 2038.5 
 1091.61  3530  7961 2512.5 
 1091.63  3535  8042 2674.5 
 1091.66  3540  8122 2730.5 
 1091.68  3545  8203 2748 
 1091.7  3550  8283 2707.5 
 1091.73  3555  8364 2422 
 1091.75  3560  8445 2455 
 1091.77  3565  8527 2071.5 
 1091.8  3570  8608 1727 
 1091.82  3575  8689 2049.5 
 1091.85  3580  8771 1583.5 
 1091.87  3585  8853 1370 
 1091.89  3590  8934 1939.5 
 1091.92  3595  9016 2313 
 1091.94  3600  9099 2395.5 
 1091.96  3605  9181 1869.5 
 1091.99  3610  9263 1747.5 
 1092.01  3615  9346 1916 
 1092.03  3620  9428 1634 
 1092.06  3625  9511 2244.5 
 1092.08  3630  9594 1860 
end
uxIntegration time is 0.2294 seconds per sampledt  3.3E-08 cy 1dh150518Zaragoza Canal 41.634 .881 2.911481pr987dark .35 
 1117.93  2900  777 1.25 
 1117.96  2905  842 .75 
 1117.99  2910  907 1.25 
 1118.02  2915  972 1.25 
 1118.05  2920  1037 .5 
 1118.08  2925  1102 1.5 
 1118.11  2930  1168 1.75 
 1118.14  2935  1233 1.25 
 1118.17  2940  1299 1 
 1118.2  2945  1365 1.25 
 1118.23  2950  1431 1.5 
 1118.26  2955  1497 1 
 1118.29  2960  1563 1 
 1118.32  2965  1629 1.5 
 1118.35  2970  1695 1.5 
 1118.38  2975  1761 1.5 
 1118.41  2980  1828 1.25 
 1118.44  2985  1894 1.75 
 1118.47  2990  1961 1.25 
 1118.5  2995  2028 1.75 
 1118.53  3000  2095 1.5 
 1118.55  3005  2162 1.5 
 1118.57  3010  2229 2.5 
 1118.59  3015  2296 3 
 1118.62  3020  2364 3.5 
 1118.64  3025  2431 4 
 1118.66  3030  2499 5.5 
 1118.68  3035  2566 7.5 
 1118.71  3040  2634 8 
 1118.73  3045  2702 9.5 
 1118.75  3050  2770 14 
 1118.78  3055  2838 17 
 1118.8  3060  2906 16 
 1118.82  3065  2975 18 
 1118.84  3070  3043 32.5 
 1118.87  3075  3112 35.5 
 1118.89  3080  3180 48.5 
 1118.91  3085  3249 48.5 
 1118.94  3090  3318 45.5 
 1118.96  3095  3387 63.5 
 1118.98  3100  3456 63 
 1119  3105  3525 105.5 
 1119.03  3110  3594 135 
 1119.05  3115  3664 137 
 1119.07  3120  3733 160 
 1119.09  3125  3803 199.5 
 1119.12  3130  3873 231 
 1119.14  3135  3943 223.5 
 1119.16  3140  4013 295.5 
 1119.19  3145  4083 314 
 1119.21  3150  4153 428.5 
 1119.23  3155  4223 348.5 
 1119.25  3160  4294 322 
 1119.28  3165  4364 534.5 
 1119.3  3170  4435 636 
 1119.32  3175  4506 628 
 1119.35  3180  4576 534.5 
 1119.37  3185  4647 756.5 
 1119.39  3190  4718 937 
 1119.42  3195  4790 694 
 1119.44  3200  4861 751 
 1119.46  3205  4932 1017.5 
 1119.49  3210  5004 1045 
 1119.51  3215  5076 957.5 
 1119.53  3220  5147 850 
 1119.55  3225  5219 656.5 
 1119.58  3230  5291 705 
 1119.6  3235  5363 953.5 
 1119.63  3240  5436 1083.5 
 1119.65  3245  5508 914.5 
 1119.67  3250  5580 692 
 1119.86  3255  3743 717.5 
 1119.88  3260  3817 1000.5 
 1119.9  3265  3890 1099.5 
 1119.93  3270  3963 1094 
 1119.95  3275  4037 974.5 
 1119.97  3280  4110 814 
 1120  3285  4184 948 
 1120.02  3290  4258 1249.5 
 1120.04  3295  4332 1469.5 
 1120.07  3300  4406 1456 
 1120.09  3305  4481 1118 
 1120.11  3310  4555 1052.5 
 1120.14  3315  4630 1102 
 1120.16  3320  4704 1303 
 1120.18  3325  4779 1326 
 1120.21  3330  4854 1311 
 1120.23  3335  4929 1146 
 1120.25  3340  5005 1120.5 
 1120.28  3345  5080 1334 
 1120.3  3350  5155 1332.5 
 1120.32  3355  5231 1526.5 
 1120.35  3360  5307 1080.5 
 1120.37  3365  5383 1230.5 
 1120.39  3370  5459 967.5 
 1120.42  3375  5535 1178 
 1120.44  3380  5611 1166.5 
 1120.46  3385  5688 1369 
 1120.49  3390  5764 1347 
 1120.51  3395  5841 1296 
 1120.53  3400  5918 1504 
 1120.56  3405  5995 1382 
 1120.58  3410  6072 1320.5 
 1120.6  3415  6149 1222.5 
 1120.63  3420  6226 1459 
 1120.65  3425  6304 1334 
 1120.67  3430  6381 1445 
 1120.7  3435  6459 1347.5 
 1120.72  3440  6537 979 
 1120.74  3445  6615 973.5 
 1120.77  3450  6693 1290.5 
 1120.79  3455  6771 1310.5 
 1120.81  3460  6850 1123.5 
 1120.84  3465  6928 1246 
 1120.86  3470  7007 1323.5 
 1120.88  3475  7086 1059.5 
 1120.91  3480  7165 1231.5 
 1120.93  3485  7244 1202 
 1120.95  3490  7323 1095 
 1120.98  3495  7402 1112 
 1121.02  3500  7482 1311 
 1121.04  3505  7561 1370.5 
 1121.06  3510  7641 1222 
 1121.09  3515  7721 1167.5 
 1121.11  3520  7801 1237 
 1121.14  3525  7881 973 
 1121.16  3530  7961 1207 
 1121.18  3535  8042 1260.5 
 1121.21  3540  8122 1300.5 
 1121.23  3545  8203 1307 
 1121.25  3550  8283 1276 
 1121.28  3555  8364 1159.5 
 1121.3  3560  8445 1186.5 
 1121.32  3565  8527 979.5 
 1121.35  3570  8608 812.5 
 1121.37  3575  8689 957 
 1121.4  3580  8771 757.5 
 1121.42  3585  8853 670 
 1121.44  3590  8934 912 
 1121.47  3595  9016 1094 
 1121.49  3600  9099 1124 
 1121.51  3605  9181 897 
 1121.54  3610  9263 827.5 
 1121.56  3615  9346 927.5 
 1121.58  3620  9428 786.5 
 1121.61  3625  9511 1080.5 
 1121.63  3630  9594 876.5 
end
uxIntegration time is 0.2294 seconds per sampledt  3.3E-08 cy 1dh150518Zaragoza Canal 41.634 .881 2.857833pr987dark .3 
 1137.78  2900  777 .75 
 1137.81  2905  842 .75 
 1137.85  2910  907 .75 
 1137.88  2915  972 .5 
 1137.91  2920  1037 .75 
 1137.94  2925  1102 .5 
 1137.97  2930  1168 .75 
 1138  2935  1233 1 
 1138.03  2940  1299 .5 
 1138.06  2945  1365 .5 
 1138.09  2950  1431 .5 
 1138.12  2955  1497 .5 
 1138.15  2960  1563 .75 
 1138.18  2965  1629 1 
 1138.21  2970  1695 .5 
 1138.24  2975  1761 .75 
 1138.27  2980  1828 .75 
 1138.3  2985  1894 .25 
 1138.33  2990  1961 .75 
 1138.36  2995  2028 1 
 1138.38  3000  2095 1.5 
 1138.41  3005  2162 1 
 1138.43  3010  2229 1 
 1138.45  3015  2296 2 
 1138.47  3020  2364 2 
 1138.5  3025  2431 2.5 
 1138.52  3030  2499 3 
 1138.54  3035  2566 5 
 1138.56  3040  2634 3.5 
 1138.59  3045  2702 6 
 1138.61  3050  2770 7.5 
 1138.63  3055  2838 9.5 
 1138.65  3060  2906 12 
 1138.68  3065  2975 12 
 1138.7  3070  3043 16.5 
 1138.72  3075  3112 20 
 1138.75  3080  3180 22.5 
 1138.77  3085  3249 24.5 
 1138.79  3090  3318 23 
 1138.81  3095  3387 24.5 
 1138.84  3100  3456 30.5 
 1138.86  3105  3525 46 
 1138.88  3110  3594 58 
 1138.9  3115  3664 52 
 1138.93  3120  3733 59.5 
 1138.95  3125  3803 69 
 1138.97  3130  3873 78.5 
 1139  3135  3943 82 
 1139.02  3140  4013 99.5 
 1139.04  3145  4083 100 
 1139.07  3150  4153 123.5 
 1139.09  3155  4223 110 
 1139.11  3160  4294 104 
 1139.13  3165  4364 156 
 1139.16  3170  4435 189 
 1139.18  3175  4506 186 
 1139.2  3180  4576 149.5 
 1139.23  3185  4647 227 
 1139.25  3190  4718 279 
 1139.27  3195  4790 200.5 
 1139.3  3200  4861 211 
 1139.32  3205  4932 305.5 
 1139.34  3210  5004 328.5 
 1139.36  3215  5076 309.5 
 1139.39  3220  5147 259 
 1139.41  3225  5219 195.5 
 1139.43  3230  5291 229.5 
 1139.46  3235  5363 328.5 
 1139.48  3240  5436 361.5 
 1139.5  3245  5508 307.5 
 1139.53  3250  5580 229 
 1139.71  3255  3743 245 
 1139.75  3260  3817 366.5 
 1139.78  3265  3890 408.5 
 1139.8  3270  3963 417.5 
 1139.82  3275  4037 338 
 1139.85  3280  4110 278.5 
 1139.87  3285  4184 325 
 1139.89  3290  4258 493.5 
 1139.91  3295  4332 582.5 
 1139.94  3300  4406 570 
 1139.96  3305  4481 405 
 1139.99  3310  4555 393.5 
 1140.01  3315  4630 410.5 
 1140.03  3320  4704 524.5 
 1140.06  3325  4779 547.5 
 1140.08  3330  4854 522.5 
 1140.1  3335  4929 450.5 
 1140.13  3340  5005 442.5 
 1140.15  3345  5080 542 
 1140.17  3350  5155 549.5 
 1140.2  3355  5231 640.5 
 1140.22  3360  5307 436.5 
 1140.24  3365  5383 496 
 1140.27  3370  5459 388.5 
 1140.29  3375  5535 489 
 1140.31  3380  5611 476.5 
 1140.34  3385  5688 580.5 
 1140.36  3390  5764 584.5 
 1140.38  3395  5841 557 
 1140.4  3400  5918 625 
 1140.43  3405  5995 549 
 1140.45  3410  6072 551 
 1140.48  3415  6149 512.5 
 1140.5  3420  6226 612 
 1140.52  3425  6304 571.5 
 1140.55  3430  6381 603 
 1140.57  3435  6459 570 
 1140.59  3440  6537 390 
 1140.62  3445  6615 410 
 1140.64  3450  6693 541 
 1140.66  3455  6771 566 
 1140.69  3460  6850 482 
 1140.71  3465  6928 524 
 1140.73  3470  7007 558 
 1140.76  3475  7086 443.5 
 1140.78  3480  7165 510 
 1140.8  3485  7244 503.5 
 1140.83  3490  7323 458 
 1140.85  3495  7402 463 
 1140.87  3500  7482 564 
 1140.9  3505  7561 580 
 1140.92  3510  7641 525 
 1140.94  3515  7721 483 
 1140.97  3520  7801 522.5 
 1140.99  3525  7881 411 
 1141.01  3530  7961 520 
 1141.04  3535  8042 535.5 
 1141.06  3540  8122 534.5 
 1141.08  3545  8203 547.5 
 1141.11  3550  8283 536.5 
 1141.13  3555  8364 486 
 1141.16  3560  8445 498.5 
 1141.18  3565  8527 417 
 1141.2  3570  8608 350 
 1141.23  3575  8689 412 
 1141.25  3580  8771 314.5 
 1141.27  3585  8853 269.5 
 1141.3  3590  8934 375.5 
 1141.32  3595  9016 457.5 
 1141.34  3600  9099 479.5 
 1141.37  3605  9181 369 
 1141.39  3610  9263 339 
 1141.41  3615  9346 383.5 
 1141.44  3620  9428 327.5 
 1141.46  3625  9511 434 
 1141.48  3630  9594 360.5 
end
uxIntegration time is 0.2294 seconds per sampledt  3.3E-08 cy 1dh150518Zaragoza Canal 41.634 .881 2.804185pr987dark .25 
 1164.12  2900  777 .25 
 1164.15  2905  842 .25 
 1164.18  2910  907 .25 
 1164.21  2915  972 .75 
 1164.24  2920  1037 .5 
 1164.28  2925  1102 .25 
 1164.31  2930  1168 .5 
 1164.34  2935  1233 .25 
 1164.37  2940  1299 .25 
 1164.4  2945  1365 .25 
 1164.43  2950  1431 .5 
 1164.46  2955  1497 .25 
 1164.49  2960  1563 .25 
 1164.52  2965  1629 .25 
 1164.55  2970  1695 0 
 1164.58  2975  1761 .25 
 1164.61  2980  1828 .25 
 1164.64  2985  1894 .25 
 1164.67  2990  1961 .5 
 1164.7  2995  2028 .25 
 1164.72  3000  2095 1 
 1164.74  3005  2162 0 
 1164.77  3010  2229 .5 
 1164.79  3015  2296 1 
 1164.81  3020  2364 0 
 1164.83  3025  2431 1 
 1164.86  3030  2499 1 
 1164.88  3035  2566 1 
 1164.9  3040  2634 1.5 
 1164.94  3045  2702 .5 
 1164.96  3050  2770 1 
 1164.99  3055  2838 2.5 
 1165.01  3060  2906 2 
 1165.03  3065  2975 2.5 
 1165.05  3070  3043 2.5 
 1165.08  3075  3112 3 
 1165.1  3080  3180 4 
 1165.12  3085  3249 4.5 
 1165.15  3090  3318 5.5 
 1165.17  3095  3387 5.5 
 1165.19  3100  3456 6 
 1165.21  3105  3525 7 
 1165.24  3110  3594 12.5 
 1165.26  3115  3664 10.5 
 1165.28  3120  3733 9 
 1165.31  3125  3803 13.5 
 1165.33  3130  3873 13.5 
 1165.35  3135  3943 12 
 1165.37  3140  4013 14.5 
 1165.4  3145  4083 15 
 1165.42  3150  4153 17.5 
 1165.44  3155  4223 14 
 1165.46  3160  4294 14.5 
 1165.49  3165  4364 21.5 
 1165.51  3170  4435 26 
 1165.53  3175  4506 23.5 
 1165.56  3180  4576 19 
 1165.58  3185  4647 26 
 1165.6  3190  4718 30 
 1165.63  3195  4790 20 
 1165.65  3200  4861 23 
 1165.67  3205  4932 28.5 
 1165.7  3210  5004 31.5 
 1165.72  3215  5076 26 
 1165.74  3220  5147 21.5 
 1165.76  3225  5219 21 
 1165.79  3230  5291 16.5 
 1165.81  3235  5363 30.5 
 1165.83  3240  5436 30 
 1165.86  3245  5508 27.5 
 1165.88  3250  5580 18.5 
 1166.07  3255  3743 18.5 
 1166.09  3260  3817 29.5 
 1166.11  3265  3890 37.5 
 1166.14  3270  3963 30.5 
 1166.16  3275  4037 27.5 
 1166.18  3280  4110 19.5 
 1166.21  3285  4184 26 
 1166.23  3290  4258 41.5 
 1166.25  3295  4332 52.5 
 1166.28  3300  4406 49 
 1166.3  3305  4481 33 
 1166.35  3310  4555 30 
 1166.37  3315  4630 34 
 1166.39  3320  4704 41.5 
 1166.42  3325  4779 47.5 
 1166.44  3330  4854 46 
 1166.46  3335  4929 37 
 1166.49  3340  5005 36 
 1166.51  3345  5080 46.5 
 1166.53  3350  5155 43 
 1166.55  3355  5231 61.5 
 1166.58  3360  5307 38.5 
 1166.6  3365  5383 45 
 1166.62  3370  5459 34 
 1166.65  3375  5535 43 
 1166.67  3380  5611 45 
 1166.69  3385  5688 55 
 1166.72  3390  5764 55 
 1166.74  3395  5841 45.5 
 1166.76  3400  5918 55.5 
 1166.79  3405  5995 47 
 1166.81  3410  6072 45.5 
 1166.83  3415  6149 45.5 
 1166.86  3420  6226 55.5 
 1166.88  3425  6304 54 
 1166.9  3430  6381 52.5 
 1166.93  3435  6459 49.5 
 1166.95  3440  6537 36 
 1166.97  3445  6615 35 
 1167  3450  6693 51 
 1167.02  3455  6771 53.5 
 1167.05  3460  6850 46 
 1167.07  3465  6928 50 
 1167.09  3470  7007 53 
 1167.12  3475  7086 39.5 
 1167.14  3480  7165 51.5 
 1167.16  3485  7244 46.5 
 1167.19  3490  7323 42 
 1167.21  3495  7402 40.5 
 1167.23  3500  7482 46 
 1167.26  3505  7561 48.5 
 1167.28  3510  7641 44.5 
 1167.3  3515  7721 43.5 
 1167.33  3520  7801 44.5 
 1167.35  3525  7881 38.5 
 1167.37  3530  7961 47 
 1167.4  3535  8042 45 
 1167.42  3540  8122 42.5 
 1167.44  3545  8203 44.5 
 1167.47  3550  8283 50.5 
 1167.49  3555  8364 45.5 
 1167.51  3560  8445 41.5 
 1167.54  3565  8527 35.5 
 1167.56  3570  8608 31 
 1167.58  3575  8689 36 
 1167.61  3580  8771 22.5 
 1167.63  3585  8853 23.5 
 1167.65  3590  8934 32 
 1167.68  3595  9016 40 
 1167.7  3600  9099 42.5 
 1167.72  3605  9181 33 
 1167.75  3610  9263 30.5 
 1167.77  3615  9346 32.5 
 1167.79  3620  9428 29.5 
 1167.82  3625  9511 38.5 
 1167.84  3630  9594 28.5 
end
uxIntegration time is 0.2294 seconds per sampledt  3.3E-08 cy 1dh150518Zaragoza Canal 41.634 .881 2.750537pr987dark .15 
 1213.89  2900  777 0 
 1213.92  2905  842 .5 
 1213.95  2910  907 .25 
 1213.98  2915  972 0 
 1214.01  2920  1037 .5 
 1214.04  2925  1102 .25 
 1214.07  2930  1168 .25 
 1214.1  2935  1233 .25 
 1214.13  2940  1299 .25 
 1214.16  2945  1365 .25 
 1214.19  2950  1431 .25 
 1214.22  2955  1497 .25 
 1214.26  2960  1563 .25 
 1214.29  2965  1629 .25 
 1214.32  2970  1695 .25 
 1214.35  2975  1761 0 
 1214.38  2980  1828 .5 
 1214.41  2985  1894 0 
 1214.44  2990  1961 .25 
 1214.47  2995  2028 .25 
 1214.49  3000  2095 0 
 1214.51  3005  2162 0 
 1214.53  3010  2229 .5 
 1214.56  3015  2296 0 
 1214.58  3020  2364 0 
 1214.6  3025  2431 0 
 1214.62  3030  2499 .5 
 1214.65  3035  2566 .5 
 1214.67  3040  2634 .5 
 1214.69  3045  2702 .5 
 1214.72  3050  2770 0 
 1214.74  3055  2838 0 
 1214.76  3060  2906 0 
 1214.78  3065  2975 0 
 1214.8  3070  3043 0 
 1214.83  3075  3112 0 
 1214.85  3080  3180 0 
 1214.87  3085  3249 0 
 1214.9  3090  3318 0 
 1214.92  3095  3387 0 
 1214.94  3100  3456 .5 
 1214.96  3105  3525 0 
 1214.99  3110  3594 .5 
 1215.01  3115  3664 .5 
 1215.03  3120  3733 .5 
 1215.06  3125  3803 .5 
 1215.08  3130  3873 .5 
 1215.1  3135  3943 0 
 1215.12  3140  4013 .5 
 1215.15  3145  4083 0 
 1215.17  3150  4153 .5 
 1215.19  3155  4223 0 
 1215.21  3160  4294 0 
 1215.24  3165  4364 .5 
 1215.26  3170  4435 0 
 1215.28  3175  4506 0 
 1215.31  3180  4576 .5 
 1215.33  3185  4647 0 
 1215.35  3190  4718 .5 
 1215.38  3195  4790 0 
 1215.4  3200  4861 0 
 1215.42  3205  4932 0 
 1215.44  3210  5004 0 
 1215.47  3215  5076 0 
 1215.49  3220  5147 0 
 1215.52  3225  5219 0 
 1215.55  3230  5291 0 
 1215.57  3235  5363 .5 
 1215.59  3240  5436 0 
 1215.62  3245  5508 .5 
 1215.64  3250  5580 .5 
 1215.83  3255  3743 0 
 1215.85  3260  3817 0 
 1215.87  3265  3890 0 
 1215.9  3270  3963 .5 
 1215.92  3275  4037 .5 
 1215.94  3280  4110 0 
 1215.96  3285  4184 0 
 1215.99  3290  4258 0 
 1216.01  3295  4332 0 
 1216.03  3300  4406 0 
 1216.06  3305  4481 0 
 1216.08  3310  4555 0 
 1216.1  3315  4630 .5 
 1216.13  3320  4704 .5 
 1216.15  3325  4779 0 
 1216.17  3330  4854 .5 
 1216.2  3335  4929 .5 
 1216.22  3340  5005 .5 
 1216.24  3345  5080 0 
 1216.26  3350  5155 0 
 1216.29  3355  5231 0 
 1216.31  3360  5307 0 
 1216.33  3365  5383 .5 
 1216.36  3370  5459 .5 
 1216.38  3375  5535 .5 
 1216.4  3380  5611 .5 
 1216.43  3385  5688 0 
 1216.45  3390  5764 0 
 1216.47  3395  5841 .5 
 1216.5  3400  5918 .5 
 1216.52  3405  5995 0 
 1216.54  3410  6072 0 
 1216.57  3415  6149 0 
 1216.59  3420  6226 0 
 1216.61  3425  6304 0 
 1216.64  3430  6381 .5 
 1216.66  3435  6459 0 
 1216.68  3440  6537 0 
 1216.71  3445  6615 .5 
 1216.73  3450  6693 .5 
 1216.75  3455  6771 0 
 1216.78  3460  6850 0 
 1216.8  3465  6928 0 
 1216.82  3470  7007 0 
 1216.85  3475  7086 0 
 1216.87  3480  7165 0 
 1216.89  3485  7244 0 
 1216.92  3490  7323 .5 
 1216.94  3495  7402 0 
 1216.96  3500  7482 0 
 1216.99  3505  7561 0 
 1217.01  3510  7641 .5 
 1217.03  3515  7721 0 
 1217.06  3520  7801 0 
 1217.08  3525  7881 0 
 1217.1  3530  7961 .5 
 1217.13  3535  8042 .5 
 1217.15  3540  8122 0 
 1217.17  3545  8203 .5 
 1217.2  3550  8283 0 
 1217.22  3555  8364 0 
 1217.24  3560  8445 0 
 1217.27  3565  8527 0 
 1217.29  3570  8608 0 
 1217.31  3575  8689 .5 
 1217.34  3580  8771 .5 
 1217.36  3585  8853 .5 
 1217.38  3590  8934 .5 
 1217.41  3595  9016 .5 
 1217.43  3600  9099 0 
 1217.45  3605  9181 0 
 1217.48  3610  9263 0 
 1217.5  3615  9346 0 
 1217.52  3620  9428 .5 
 1217.55  3625  9511 0 
 1217.57  3630  9594 0 
end
