 3261.055 
5847         3826
5857         4478
5867         4975
5877         5069
5887         4935
5897         4535
5907         4444
5917         4748
5927        16672
5937        43467
5947        70115
5957        95319
5967       121032
5977       146215
5987       171467
5997       181704
6007       175739
6017       152431
6027       126187
6037       100818
6047        74372
6057        47768
6067        21317
6077         2135
6087          621
6097          161
6107          118
6117          110
6127           91
6137           86
6147           81
6147           78
6137           89
6127           91
6117          103
6107          113
6097          170
6087          618
6077         2143
6067        21728
6057        48098
6047        74920
6037       101352
6027       126939
6017       152660
6007       176052
5997       180770
5987       170318
5977       144687
5967       117780
5957        92160
5947        67053
5937        41525
5927        15706
5917         4595
5907         4446
5897         4678
5887         4879
5877         5078
5867         5018
5857         4483
5847         3770
eof
172 mkiii
slit  0 
ZERO  2469 
CalStep 286
TE  26 
ND  3 
