 3039.36 
2284           35
2294           36
2304           34
2314           47
2324           90
2334          191
2344          546
2354         5782
2364        24777
2374        57929
2384        99392
2394       139499
2404       180009
2414       218596
2424       249731
2434       265077
2444       259338
2454       232238
2464       195241
2474       156411
2484       116486
2494        73445
2504        33605
2514         9110
2524         1871
2534         2196
2544         3633
2554         5295
2564         6852
2574         8188
2584         9554
2584         9558
2574         8239
2564         6873
2554         5199
2544         3642
2534         2192
2524         1802
2514         9079
2504        33098
2494        73034
2484       115556
2474       155239
2464       193532
2454       230347
2444       257349
2434       265658
2424       251823
2414       222561
2404       186712
2394       145597
2384       104735
2374        64074
2364        30159
2354         7530
2344          716
2334          192
2324          107
2314           44
2304           32
2294           28
2284           27
eof
174 mkiii
slit  1 
ZERO  2469 
CalStep 289
TE  27 
ND  0
LAMP custom configuration
PORT U
MODE o3
