0.00000      
-0.03960     
-0.13720     
-0.25810     
-0.33610     
0.0          
0.34110      
2.35000      
1.13690      
1607         
50           
0.0000000240 
286          
14           
1682         
0            
3806         
8983         
14443        
18310        
24944        
2972         
mkiii       
1            
0            
0            
0            
0            
0            
0            
0            
28            
-351            
242          
-3.00000     
770          
740          
8028         
178          
2515         
0.99700      
8.00000      
2469         
250          
0.800        
0            
256          
0            
0            
0            
2211         
June 05/2012 
