dh140318Reading 51.44 .94 2.66pr1000
CI SCAN-INST #075 dt  3.4E-08  cy 4 DARK =     0.300 
 199.42  2865    955    88677.00   391742.40
 199.52  2870   1025    93427.00   413025.00
 199.56  2875   1094    98470.00   435654.40
 199.60  2880   1163   103858.00   459870.70
 199.64  2885   1233   108607.00   481248.50
 199.68  2890   1302   114305.00   506939.60
 199.72  2895   1372   119895.00   532187.80
 199.76  2900   1442   125333.00   556791.50
 199.80  2905   1512   131256.00   583637.00
 199.84  2910   1582   136761.00   608632.30
 199.88  2915   1652   142434.00   634435.50
 199.92  2920   1722   148357.00   661424.60
 199.95  2925   1792   154179.00   688002.50
 199.99  2930   1863   160327.00   716121.60
 200.03  2935   1933   166205.00   743056.60
 200.07  2940   2004   172716.00   772950.80
 200.11  2945   2075   178875.00   801285.50
 200.15  2950   2145   184552.00   827452.10
 200.19  2955   2216   190481.00   854830.50
 200.23  2960   2287   196844.00   884270.80
 200.27  2965   2358   202969.00   912666.50
 200.31  2970   2429   209902.00   944875.50
 200.35  2975   2501   216043.00   973465.10
 200.39  2980   2572   222621.00  1004152.00
 200.43  2985   2644   229397.00  1035831.00
 200.47  2990   2715   234402.00  1059275.00
 200.51  2995   2787   239750.00  1084367.00
 200.55  3000   2859   245180.00  1109890.00
 200.59  3005   2931   251087.00  1137705.00
 200.63  3010   3003   257077.00  1165966.00
 200.66  3015   3075   263258.00  1195187.00
 200.70  3020   3147   268341.00  1219261.00
 200.74  3025   3219   274311.00  1247588.00
 200.78  3030   3292   280542.00  1277213.00
 200.82  3035   3364   286852.00  1307276.00
 200.86  3040   3437   292172.00  1332671.00
 200.91  3045   3510   298590.00  1363368.00
 200.95  3050   3583   304692.00  1392613.00
 200.99  3055   3656   309961.00  1417915.00
 201.03  3060   3729   315635.00  1445211.00
 201.07  3065   3802   321015.00  1471141.00
 201.11  3070   3875   326666.00  1498428.00
 201.15  3075   3949   331920.00  1523845.00
 201.19  3080   4022   335637.00  1541853.00
 201.24  3085   4096   341107.00  1568396.00
 201.28  3090   4170   344564.00  1585197.00
 201.32  3095   4244   348734.00  1605488.00
 201.36  3100   4318   351760.00  1620231.00
 201.40  3105   4392   354045.00  1631374.00
 201.44  3110   4466   357213.00  1646837.00
 201.48  3115   4541   358853.00  1654849.00
 201.53  3120   4615   359743.00  1659198.00
 201.57  3125   4690   359611.00  1658553.00
 201.61  3130   4764   359821.00  1659580.00
 201.65  3135   4839   358745.00  1654321.00
 201.69  3140   4914   356869.00  1645157.00
 201.73  3145   4989   354291.00  1632574.00
 201.78  3150   5064   351220.00  1617599.00
 201.82  3155   5140   346789.00  1596020.00
 201.86  3160   5215   341414.00  1569887.00
 201.90  3165   5291   335841.00  1542842.00
 201.94  3170   5366   329063.00  1510018.00
 201.98  3175   5442   321542.00  1473684.00
 202.03  3180   5518   313291.00  1433929.00
 202.07  3185   5594   304201.00  1390258.00
 202.11  3190   5670   294858.00  1345510.00
 202.15  3195   5747   283843.00  1292932.00
 202.19  3200   5823   273661.00  1244501.00
 202.23  3205   5900   261861.00  1188577.00
 202.27  3210   5976   249635.00  1130863.00
 202.32  3215   6053   237768.00  1075063.00
 202.36  3220   6130   225179.00  1016103.00
 202.40  3225   6207   212055.00   954892.50
 202.44  3230   6284   199219.00   895274.80
 202.49  3235   6362   186417.00   836058.50
 202.53  3240   6439   173523.00   776660.30
 202.57  3245   6517   161050.00   719431.90
 202.61  3250   6594   148724.00   663098.60
end
dh140318Reading 51.44 .94 3.05pr1000
CI SCAN-INST #075 dt  3.4E-08  cy 4 DARK =     1.200 
1138.23  2865    955    86114.00   380267.60
1138.34  2870   1025    90605.00   400373.10
1138.38  2875   1094    95130.00   420658.90
1138.42  2880   1163   100324.00   443978.60
1138.45  2885   1233   105521.00   467349.20
1138.49  2890   1302   110457.00   489580.70
1138.53  2895   1372   115959.00   514401.50
1138.57  2900   1442   121237.00   538251.60
1138.61  2905   1512   126663.00   562811.30
1138.65  2910   1582   132440.00   589005.10
1138.69  2915   1652   138043.00   614455.30
1138.73  2920   1722   143617.00   639817.80
1138.77  2925   1792   149057.00   664613.50
1138.81  2930   1863   155474.00   693916.80
1138.85  2935   1933   161254.00   720361.90
1138.89  2940   2004   166414.00   744011.00
1138.93  2945   2075   172713.00   772932.80
1138.97  2950   2145   178606.00   800042.70
1139.01  2955   2216   184780.00   828499.70
1139.04  2960   2287   191019.00   857313.20
1139.08  2965   2358   197043.00   885188.20
1139.12  2970   2429   203315.00   914268.10
1139.16  2975   2501   209671.00   943797.00
1139.20  2980   2572   215845.00   972538.20
1139.24  2985   2644   222348.00  1002873.00
1139.28  2990   2715   226876.00  1024033.00
1139.32  2995   2787   232189.00  1048900.00
1139.36  3000   2859   237441.00  1073524.00
1139.40  3005   2931   243716.00  1103000.00
1139.44  3010   3003   249157.00  1128607.00
1139.48  3015   3075   255070.00  1156487.00
1139.52  3020   3147   260240.00  1180908.00
1139.56  3025   3219   266773.00  1211826.00
1139.60  3030   3292   272404.00  1238529.00
1139.64  3035   3364   278168.00  1265915.00
1139.68  3040   3437   283821.00  1292823.00
1139.72  3045   3510   289817.00  1321420.00
1139.76  3050   3583   295432.00  1348251.00
1139.80  3055   3656   301307.00  1376378.00
1139.84  3060   3729   306481.00  1401195.00
1139.89  3065   3802   311514.00  1425377.00
1139.93  3070   3875   316833.00  1450977.00
1139.97  3075   3949   321520.00  1473573.00
1140.01  3080   4022   325880.00  1494625.00
1140.05  3085   4096   330616.00  1517528.00
1140.09  3090   4170   334951.00  1538524.00
1140.13  3095   4244   338833.00  1557352.00
1140.18  3100   4318   341866.00  1572079.00
1140.22  3105   4392   344080.00  1582839.00
1140.26  3110   4466   347045.00  1597262.00
1140.30  3115   4541   349069.00  1607116.00
1140.34  3120   4615   349348.00  1608474.00
1140.38  3125   4690   350253.00  1612883.00
1140.42  3130   4764   349906.00  1611192.00
1140.47  3135   4839   348478.00  1604238.00
1140.51  3140   4914   346712.00  1595641.00
1140.55  3145   4989   345007.00  1587347.00
1140.59  3150   5064   341368.00  1569660.00
1140.63  3155   5140   337028.00  1548594.00
1140.67  3160   5215   332278.00  1525574.00
1140.71  3165   5291   326753.00  1498844.00
1140.76  3170   5366   320457.00  1468446.00
1140.80  3175   5442   312936.00  1432216.00
1140.84  3180   5518   305190.00  1394999.00
1140.88  3185   5594   296580.00  1353743.00
1140.92  3190   5670   287254.00  1309189.00
1140.96  3195   5747   277019.00  1260452.00
1141.01  3200   5823   266125.00  1208757.00
1141.05  3205   5900   255367.00  1157889.00
1141.09  3210   5976   243670.00  1102783.00
1141.13  3215   6053   231842.00  1047275.00
1141.17  3220   6130   220261.00   993130.70
1141.21  3225   6207   207348.00   932997.70
1141.25  3230   6284   195136.00   876358.10
1141.30  3235   6362   182117.00   816218.60
1141.34  3240   6439   169720.00   759183.30
1141.38  3245   6517   157605.00   703661.10
1141.42  3250   6594   145921.00   650314.50
end
