dh230718Reading 51.44 .94 3.78pr1000
CI SCAN-INST #075 dt  3.4E-08  cy 4 DARK =     5.400 
  73.10  2865    955    77816.00   343172.60
  73.20  2870   1025    81808.00   360997.50
  73.24  2875   1094    86272.00   380955.70
  73.28  2880   1163    90951.00   401904.50
  73.32  2885   1233    95613.00   422807.10
  73.36  2890   1302   100072.00   442827.50
  73.40  2895   1372   104951.00   464765.20
  73.44  2900   1442   109786.00   486537.70
  73.48  2905   1512   115199.00   510951.50
  73.52  2910   1582   120332.00   534140.30
  73.56  2915   1652   125204.00   556184.30
  73.60  2920   1722   130393.00   579699.30
  73.63  2925   1792   135373.00   602302.80
  73.67  2930   1863   140918.00   627512.30
  73.71  2935   1933   146185.00   651498.50
  73.75  2940   2004   151836.00   677277.40
  73.79  2945   2075   157131.00   701473.90
  73.83  2950   2145   162494.00   726022.30
  73.87  2955   2216   168203.00   752200.10
  73.91  2960   2287   173993.00   778797.60
  73.95  2965   2358   179450.00   803910.20
  73.99  2970   2429   184838.00   828748.00
  74.03  2975   2501   191563.00   859808.90
  74.07  2980   2572   197013.00   885029.90
  74.11  2985   2644   202358.00   909807.70
  74.15  2990   2715   207275.00   932638.90
  74.19  2995   2787   212132.00   955227.00
  74.23  3000   2859   217090.00   978321.30
  74.27  3005   2931   221784.00  1000220.00
  74.31  3010   3003   227491.00  1026889.00
  74.35  3015   3075   232483.00  1050258.00
  74.38  3020   3147   237966.00  1075968.00
  74.42  3025   3219   243396.00  1101475.00
  74.46  3030   3292   248763.00  1126731.00
  74.50  3035   3364   254484.00  1153702.00
  74.54  3040   3437   259096.00  1175481.00
  74.59  3045   3510   264876.00  1202822.00
  74.63  3050   3583   270268.00  1228374.00
  74.67  3055   3656   275616.00  1253763.00
  74.71  3060   3729   280738.00  1278122.00
  74.75  3065   3802   285335.00  1300018.00
  74.79  3070   3875   289659.00  1320645.00
  74.83  3075   3949   294583.00  1344171.00
  74.87  3080   4022   299561.00  1367993.00
  74.92  3085   4096   303287.00  1385850.00
  74.96  3090   4170   306849.00  1402941.00
  75.00  3095   4244   310729.00  1421582.00
  75.04  3100   4318   313734.00  1436036.00
  75.08  3105   4392   315837.00  1446160.00
  75.12  3110   4466   318665.00  1459785.00
  75.17  3115   4541   319845.00  1465474.00
  75.21  3120   4615   320880.00  1470465.00
  75.25  3125   4690   321546.00  1473679.00
  75.29  3130   4764   321009.00  1471088.00
  75.33  3135   4839   320560.00  1468922.00
  75.37  3140   4914   319287.00  1462783.00
  75.41  3145   4989   317018.00  1451848.00
  75.46  3150   5064   313451.00  1434674.00
  75.50  3155   5140   310424.00  1420116.00
  75.54  3160   5215   306363.00  1400608.00
  75.58  3165   5291   300734.00  1373612.00
  75.62  3170   5366   294624.00  1344366.00
  75.66  3175   5442   288380.00  1314541.00
  75.71  3180   5518   281307.00  1280830.00
  75.75  3185   5594   273038.00  1241519.00
  75.79  3190   5670   264573.00  1201387.00
  75.83  3195   5747   255474.00  1158374.00
  75.87  3200   5823   246223.00  1114773.00
  75.91  3205   5900   235377.00  1063822.00
  75.95  3210   5976   224842.00  1014504.00
  76.00  3215   6053   214818.00   967733.80
  76.04  3220   6130   202998.00   912777.40
  76.08  3225   6207   192245.00   862962.50
  76.12  3230   6284   180747.00   809885.20
  76.16  3235   6362   168693.00   754449.10
  76.20  3240   6439   158044.00   705650.10
  76.24  3245   6517   146916.00   654830.60
  76.29  3250   6594   135549.00   603102.30
end
dh230718Reading 51.44 .94 4.11pr1000
CI SCAN-INST #075 dt  3.4E-08  cy 4 DARK =    14.000 
1258.31  2865    955    66174.00   291274.90
1258.42  2870   1025    69976.00   308190.70
1258.46  2875   1094    73437.00   323606.40
1258.50  2880   1163    77559.00   341987.50
1258.54  2885   1233    81380.00   359047.00
1258.57  2890   1302    85479.00   377369.80
1258.61  2895   1372    89875.00   397045.80
1258.65  2900   1442    93945.00   415286.40
1258.69  2905   1512    98308.00   434865.40
1258.73  2910   1582   102234.00   452505.80
1258.77  2915   1652   106884.00   473427.10
1258.81  2920   1722   111291.00   493282.70
1258.85  2925   1792   115506.00   512298.60
1258.89  2930   1863   120328.00   534083.40
1258.93  2935   1933   124789.00   554266.30
1258.97  2940   2004   129528.00   575737.70
1259.01  2945   2075   134310.00   597436.10
1259.05  2950   2145   138808.00   617875.30
1259.09  2955   2216   143611.00   639732.30
1259.12  2960   2287   148487.00   661955.10
1259.16  2965   2358   153646.00   685504.80
1259.20  2970   2429   158442.00   707431.60
1259.24  2975   2501   163343.00   729872.80
1259.28  2980   2572   168263.00   752436.00
1259.32  2985   2644   172927.00   773857.50
1259.36  2990   2715   177491.00   794850.50
1259.40  2995   2787   181689.00   814186.80
1259.44  3000   2859   185950.00   833839.70
1259.48  3005   2931   191233.00   858243.40
1259.52  3010   3003   194594.00   873790.20
1259.56  3015   3075   199764.00   897737.60
1259.60  3020   3147   203927.00   917049.20
1259.64  3025   3219   208349.00   937590.80
1259.68  3030   3292   213899.00   963413.50
1259.72  3035   3364   218218.00   983540.50
1259.76  3040   3437   223168.00  1006643.00
1259.80  3045   3510   227203.00  1025502.00
1259.85  3050   3583   231993.00  1047922.00
1259.89  3055   3656   236654.00  1069772.00
1259.93  3060   3729   241143.00  1090846.00
1259.97  3065   3802   245238.00  1110098.00
1260.01  3070   3875   249601.00  1130638.00
1260.05  3075   3949   253383.00  1148467.00
1260.09  3080   4022   257264.00  1166785.00
1260.13  3085   4096   259999.00  1179708.00
1260.17  3090   4170   263912.00  1198217.00
1260.21  3095   4244   267282.00  1214177.00
1260.26  3100   4318   269531.00  1224838.00
1260.30  3105   4392   272125.00  1237144.00
1260.34  3110   4466   273765.00  1244930.00
1260.38  3115   4541   274697.00  1249357.00
1260.42  3120   4615   276091.00  1255980.00
1260.46  3125   4690   276348.00  1257201.00
1260.50  3130   4764   276866.00  1259663.00
1260.55  3135   4839   275662.00  1253941.00
1260.59  3140   4914   274567.00  1248739.00
1260.63  3145   4989   273067.00  1241616.00
1260.67  3150   5064   270543.00  1229638.00
1260.71  3155   5140   266998.00  1212832.00
1260.75  3160   5215   263499.00  1196263.00
1260.80  3165   5291   259071.00  1175322.00
1260.84  3170   5366   254075.00  1151731.00
1260.88  3175   5442   248934.00  1127496.00
1260.92  3180   5518   241884.00  1094328.00
1260.96  3185   5594   235818.00  1065850.00
1261.00  3190   5670   228272.00  1030502.00
1261.04  3195   5747   220220.00   992879.70
1261.09  3200   5823   212101.00   955042.80
1261.13  3205   5900   203328.00   914269.00
1261.17  3210   5976   194425.00   873008.10
1261.21  3215   6053   184863.00   828823.60
1261.25  3220   6130   174973.00   783264.80
1261.29  3225   6207   165519.00   739847.60
1261.33  3230   6284   155994.00   696235.50
1261.38  3235   6362   146228.00   651655.30
1261.42  3240   6439   136426.00   607047.80
1261.46  3245   6517   126314.00   561172.30
1261.50  3250   6594   117179.00   519853.20
end
