 7.0588      0.115343
 7.5590      0.837073
 8.0588      2.509947
 8.5592      5.170704
 9.0592      8.819628
 9.5588     12.154570
10.0592     13.420590
10.5590     20.188760
11.0587     26.751650
11.5588     28.422330
12.0592     21.145700
12.5587     20.087210
13.0587     18.868740
13.5588     15.161750
14.0590     10.924460
14.5592      9.895058
15.0590      7.549021
15.5588      3.128427
16.0587      1.661351
16.5592      1.513682
17.0590      0.510538
17.5588      0.082172
18.0592      0.001154
