uaIntegration time is 0.2294 seconds per sampledt  3.4E-08 cy 1dh130118Reading 51.44 .94 2.66pr1000dark .05 
 480.02  2900  1442 .25 
 480.1  2905  1512 .25 
 480.14  2910  1582 .25 
 480.2  2915  1652 .25 
 480.23  2920  1722 .25 
 480.3  2925  1792 .25 
 480.34  2930  1862 0 
 480.4  2935  1932 .5 
 480.44  2940  2003 0 
 480.47  2945  2073 0 
 480.55  2950  2144 .25 
 480.58  2955  2215 .25 
 480.65  2960  2285 .25 
 480.68  2965  2356 .5 
 480.75  2970  2427 .5 
 480.79  2975  2498 .25 
 480.82  2980  2569 .25 
 480.9  2985  2641 .25 
 480.94  2990  2712 .75 
 481  2995  2783 .25 
 481.04  3000  2855 .75 
 481.1  3005  2926 .5 
 481.13  3010  2998 .25 
 481.2  3015  3070 .5 
 481.23  3020  3142 .5 
 481.3  3025  3213 1 
 481.33  3030  3285 2 
 481.4  3035  3358 2.5 
 481.43  3040  3430 2 
 481.5  3045  3502 2.5 
 481.56  3050  3574 4 
 481.59  3055  3647 4.5 
 481.63  3060  3719 4.5 
 481.7  3065  3792 4 
 481.73  3070  3864 7.25 
 481.8  3075  3937 8.75 
 481.84  3080  4010 10.25 
 481.87  3085  4083 11.25 
 481.95  3090  4156 12.25 
 481.99  3095  4229 13.25 
 482.04  3100  4302 13.25 
 482.07  3105  4376 20.75 
 482.15  3110  4449 27.5 
 482.18  3115  4522 32.75 
 482.25  3120  4596 26.75 
 482.28  3125  4669 37.25 
 482.35  3130  4743 44.5 
 482.38  3135  4817 38.5 
 482.45  3140  4891 44.75 
 482.48  3145  4965 42.75 
 482.55  3150  5039 60.25 
 482.59  3155  5113 46.25 
 482.65  3160  5187 44.75 
 482.68  3165  5261 67.5 
 482.75  3170  5336 77 
 482.78  3175  5410 77.5 
 482.85  3180  5485 65 
 482.88  3185  5559 84.75 
 482.95  3190  5634 98.25 
 482.99  3195  5709 72.25 
 483.05  3200  5783 84.25 
 483.08  3205  5858 110.75 
 483.15  3210  5933 109.75 
 483.19  3215  6008 106.75 
 483.22  3220  6083 87.25 
 483.3  3225  6159 69.75 
 483.34  3230  6234 82.75 
 483.4  3235  6309 115.5 
 483.44  3240  6385 127 
 483.47  3245  6460 98.75 
 483.55  3250  6536 74.5 
end
uaIntegration time is 0.2294 seconds per sampledt  3.4E-08 cy 1dh130118Reading 51.44 .94 2.7pr1000dark .15 
 510.02  2900  1442 .75 
 510.1  2905  1512 .5 
 510.14  2910  1582 .5 
 510.17  2915  1652 .25 
 510.25  2920  1722 .5 
 510.29  2925  1792 .25 
 510.32  2930  1862 .25 
 510.4  2935  1932 .5 
 510.43  2940  2003 .5 
 510.5  2945  2073 .75 
 510.53  2950  2144 1 
 510.6  2955  2215 .5 
 510.64  2960  2285 .5 
 510.68  2965  2356 .5 
 510.75  2970  2427 .5 
 510.79  2975  2498 .75 
 510.82  2980  2569 .25 
 510.9  2985  2641 .75 
 510.94  2990  2712 .75 
 511  2995  2783 .75 
 511.04  3000  2855 .75 
 511.07  3005  2926 1 
 511.15  3010  2998 1.25 
 511.18  3015  3070 1.75 
 511.25  3020  3142 1.25 
 511.29  3025  3213 2.75 
 511.35  3030  3285 3 
 511.39  3035  3358 3.75 
 511.42  3040  3430 3.75 
 511.5  3045  3502 5.25 
 511.54  3050  3574 6.25 
 511.6  3055  3647 7.5 
 511.64  3060  3719 7.75 
 511.7  3065  3792 9 
 511.73  3070  3864 13.75 
 511.8  3075  3937 16 
 511.83  3080  4010 18.75 
 511.9  3085  4083 23 
 511.93  3090  4156 20 
 512  3095  4229 35.75 
 512.0301  3100  4302 34.25 
 512.1  3105  4376 46.5 
 512.14  3110  4449 66.5 
 512.17  3115  4522 59.5 
 512.25  3120  4596 62 
 512.2801  3125  4669 76.25 
 512.35  3130  4743 88.75 
 512.38  3135  4817 86.75 
 512.45  3140  4891 108.75 
 512.49  3145  4965 115.25 
 512.55  3150  5039 146.5 
 512.5901  3155  5113 116.75 
 512.6501  3160  5187 112.5 
 512.68  3165  5261 177 
 512.75  3170  5336 215.5 
 512.7801  3175  5410 208 
 512.85  3180  5485 175 
 512.89  3185  5559 270.25 
 512.95  3190  5634 316.5 
 512.99  3195  5709 235 
 513.05  3200  5783 257.5 
 513.0901  3205  5858 368 
 513.12  3210  5933 388 
 513.2  3215  6008 361.5 
 513.24  3220  6083 301 
 513.2701  3225  6159 242.5 
 513.35  3230  6234 283 
 513.38  3235  6309 402.75 
 513.45  3240  6385 459.75 
 513.49  3245  6460 373 
 513.5201  3250  6536 270 
end
uaIntegration time is 0.2294 seconds per sampledt  3.4E-08 cy 1dh130118Reading 51.44 .94 2.68pr1000dark .05 
 540.02  2900  1442 2.75 
 540.1  2905  1512 2.25 
 540.13  2910  1582 2 
 540.2  2915  1652 2.25 
 540.23  2920  1722 3 
 540.3  2925  1792 2 
 540.34  2930  1862 3 
 540.37  2935  1932 2 
 540.45  2940  2003 3 
 540.49  2945  2073 2.25 
 540.55  2950  2144 2.5 
 540.59  2955  2215 3.25 
 540.64  2960  2285 2.25 
 540.68  2965  2356 2.5 
 540.75  2970  2427 2.25 
 540.79  2975  2498 2.25 
 540.82  2980  2569 2 
 540.9  2985  2641 3.5 
 540.93  2990  2712 3.25 
 540.99  2995  2783 3.5 
 541.03  3000  2855 3 
 541.1  3005  2926 3 
 541.13  3010  2998 4 
 541.2  3015  3070 5 
 541.23  3020  3142 5 
 541.3  3025  3213 6 
 541.33  3030  3285 10.75 
 541.4  3035  3358 10.75 
 541.43  3040  3430 11.5 
 541.5  3045  3502 14.75 
 541.53  3050  3574 20.5 
 541.6  3055  3647 27.75 
 541.63  3060  3719 24 
 541.7  3065  3792 31.75 
 541.74  3070  3864 45.25 
 541.8  3075  3937 58.5 
 541.84  3080  4010 67.75 
 541.9  3085  4083 77.75 
 541.93  3090  4156 71.75 
 542  3095  4229 94 
 542.03  3100  4302 103 
 542.1  3105  4376 164.5 
 542.13  3110  4449 208.5 
 542.2  3115  4522 222.25 
 542.24  3120  4596 255.5 
 542.27  3125  4669 327 
 542.35  3130  4743 371.5 
 542.39  3135  4817 364.75 
 542.45  3140  4891 487.5 
 542.48  3145  4965 535.5 
 542.55  3150  5039 692 
 542.58  3155  5113 555 
 542.65  3160  5187 585.75 
 542.69  3165  5261 913.5 
 542.75  3170  5336 1087.25 
 542.78  3175  5410 1043.75 
 542.85  3180  5485 900 
 542.88  3185  5559 1341.75 
 542.95  3190  5634 1618 
 542.99  3195  5709 1150 
 543.02  3200  5783 1275.75 
 543.1  3205  5858 1805.25 
 543.13  3210  5933 1805.75 
 543.2  3215  6008 1682.25 
 543.23  3220  6083 1461 
 543.3  3225  6159 1144.75 
 543.34  3230  6234 1293.25 
 543.37  3235  6309 1721 
 543.45  3240  6385 1922.25 
 543.48  3245  6460 1640 
 543.55  3250  6536 1227.5 
end
uaIntegration time is 0.2294 seconds per sampledt  3.4E-08 cy 1dh130118Reading 51.44 .94 2.72pr1000dark .05 
 570.02  2900  1442 8.5 
 570.1  2905  1512 8.5 
 570.15  2910  1582 7.5 
 570.18  2915  1652 7.75 
 570.25  2920  1722 7 
 570.29  2925  1792 7.5 
 570.32  2930  1862 6.5 
 570.4  2935  1932 8.25 
 570.44  2940  2003 7.5 
 570.47  2945  2073 7.25 
 570.55  2950  2144 8.25 
 570.58  2955  2215 8.5 
 570.65  2960  2285 9.75 
 570.69  2965  2356 7 
 570.75  2970  2427 8.5 
 570.79  2975  2498 8.75 
 570.82  2980  2569 8.5 
 570.9  2985  2641 9.5 
 570.93  2990  2712 9 
 571  2995  2783 8.5 
 571.04  3000  2855 9.25 
 571.07  3005  2926 11.25 
 571.15  3010  2998 12.5 
 571.18  3015  3070 15.25 
 571.25  3020  3142 15 
 571.28  3025  3213 19 
 571.35  3030  3285 30.75 
 571.38  3035  3358 39 
 571.45  3040  3430 39 
 571.48  3045  3502 43.75 
 571.55  3050  3574 63 
 571.58  3055  3647 69.75 
 571.65  3060  3719 74.75 
 571.68  3065  3792 89.25 
 571.75  3070  3864 144.5 
 571.78  3075  3937 188.75 
 571.85  3080  4010 201.5 
 571.89  3085  4083 240.75 
 571.92  3090  4156 234 
 572  3095  4229 327.5 
 572.03  3100  4302 373.75 
 572.1  3105  4376 613 
 572.14  3110  4449 782.75 
 572.17  3115  4522 816.75 
 572.25  3120  4596 955.25 
 572.28  3125  4669 1294.5 
 572.35  3130  4743 1442 
 572.38  3135  4817 1399.25 
 572.45  3140  4891 1903 
 572.51  3145  4965 2078 
 572.54  3150  5039 2678 
 572.57  3155  5113 2119.75 
 572.65  3160  5187 2158.75 
 572.69  3165  5261 3349.25 
 572.75  3170  5336 4006.5 
 572.79  3175  5410 3770 
 572.85  3180  5485 3173.25 
 572.88  3185  5559 4550.25 
 572.95  3190  5634 5326.5 
 572.99  3195  5709 3917.25 
 573.05  3200  5783 4426.25 
 573.08  3205  5858 5838.5 
 573.15  3210  5933 5553.5 
 573.18  3215  6008 5153.25 
 573.25  3220  6083 4587 
 573.28  3225  6159 3593.5 
 573.35  3230  6234 3867.75 
 573.38  3235  6309 4910 
 573.45  3240  6385 5385.25 
 573.48  3245  6460 4689 
 573.55  3250  6536 3567.25 
end
uaIntegration time is 0.2294 seconds per sampledt  3.4E-08 cy 1dh130118Reading 51.44 .94 2.72pr1000dark .1 
 600.02  2900  1442 17.75 
 600.1  2905  1512 17.75 
 600.13  2910  1582 18.25 
 600.2  2915  1652 19 
 600.23  2920  1722 16.75 
 600.3  2925  1792 17.5 
 600.34  2930  1862 18 
 600.37  2935  1932 19.5 
 600.45  2940  2003 19.25 
 600.48  2945  2073 18.25 
 600.55  2950  2144 19.25 
 600.59  2955  2215 20.25 
 600.62  2960  2285 19.25 
 600.7  2965  2356 19 
 600.74  2970  2427 18 
 600.8  2975  2498 20.25 
 600.83  2980  2569 19.75 
 600.9  2985  2641 21.25 
 600.93  2990  2712 21.5 
 601  2995  2783 23 
 601.03  3000  2855 21 
 601.1  3005  2926 24.5 
 601.13  3010  2998 36.75 
 601.2  3015  3070 30.5 
 601.23  3020  3142 29.25 
 601.3  3025  3213 42 
 601.33  3030  3285 53.5 
 601.4  3035  3358 64 
 601.44  3040  3430 75.25 
 601.5  3045  3502 86 
 601.53  3050  3574 132 
 601.6  3055  3647 143 
 601.64  3060  3719 148.75 
 601.7  3065  3792 188.25 
 601.73  3070  3864 293.25 
 601.8  3075  3937 400 
 601.84  3080  4010 449.5 
 601.9  3085  4083 546.75 
 601.93  3090  4156 526.75 
 602  3095  4229 772 
 602.04  3100  4302 850.25 
 602.1  3105  4376 1409.25 
 602.14  3110  4449 1813.75 
 602.17  3115  4522 1870 
 602.25  3120  4596 2226.5 
 602.28  3125  4669 2918.25 
 602.35  3130  4743 3239.75 
 602.39  3135  4817 3161.25 
 602.42  3140  4891 4185.5 
 602.5  3145  4965 4467.5 
 602.53  3150  5039 5748.5 
 602.6  3155  5113 4612 
 602.63  3160  5187 4522.25 
 602.7  3165  5261 6886.5 
 602.73  3170  5336 8149 
 602.8  3175  5410 7784.5 
 602.83  3180  5485 6379.75 
 602.9  3185  5559 8869.5 
 602.93  3190  5634 10188 
 603  3195  5709 7664 
 603.03  3200  5783 8587.5 
 603.1  3205  5858 11143.25 
 603.14  3210  5933 10184.25 
 603.2  3215  6008 9478.25 
 603.23  3220  6083 8703.5 
 603.3  3225  6159 6827 
 603.33  3230  6234 7090.75 
 603.4  3235  6309 8816.5 
 603.43  3240  6385 9502.25 
 603.5  3245  6460 8417.5 
 603.54  3250  6536 6518.25 
end
uaIntegration time is 0.2294 seconds per sampledt  3.4E-08 cy 1dh130118Reading 51.44 .94 2.76pr1000dark .1 
 630.02  2900  1442 7 
 630.1  2905  1512 9.25 
 630.13  2910  1582 9.25 
 630.2  2915  1652 7.25 
 630.23  2920  1722 7.5 
 630.3  2925  1792 8 
 630.33  2930  1862 8 
 630.4  2935  1932 8.5 
 630.44  2940  2003 7.75 
 630.5  2945  2073 9.25 
 630.54  2950  2144 8.25 
 630.57  2955  2215 8.25 
 630.65  2960  2285 7.75 
 630.68  2965  2356 8 
 630.75  2970  2427 9 
 630.78  2975  2498 8 
 630.85  2980  2569 8 
 630.89  2985  2641 8.25 
 630.95  2990  2712 9.25 
 630.99  2995  2783 8.25 
 631.05  3000  2855 9.5 
 631.08  3005  2926 12 
 631.15  3010  2998 11.75 
 631.18  3015  3070 14.25 
 631.25  3020  3142 12.75 
 631.29  3025  3213 18.75 
 631.35  3030  3285 23.25 
 631.38  3035  3358 32.5 
 631.45  3040  3430 32.5 
 631.49  3045  3502 46.5 
 631.52  3050  3574 74.75 
 631.6  3055  3647 81 
 631.63  3060  3719 77.75 
 631.7  3065  3792 110.75 
 631.73  3070  3864 186.75 
 631.8  3075  3937 255.5 
 631.83  3080  4010 287.75 
 631.9  3085  4083 367.75 
 631.93  3090  4156 355 
 632  3095  4229 545.5 
 632.03  3100  4302 601 
 632.1  3105  4376 1040 
 632.13  3110  4449 1352.5 
 632.2  3115  4522 1474.75 
 632.23  3120  4596 1693.75 
 632.3  3125  4669 2266 
 632.33  3130  4743 2542 
 632.4  3135  4817 2574.25 
 632.43  3140  4891 3409 
 632.5  3145  4965 3588 
 632.53  3150  5039 4668.5 
 632.6  3155  5113 3805 
 632.63  3160  5187 3731.5 
 632.7  3165  5261 5679.75 
 632.73  3170  5336 6742.75 
 632.8  3175  5410 6631.5 
 632.83  3180  5485 5369.75 
 632.9  3185  5559 7316.75 
 632.93  3190  5634 8370.25 
 633  3195  5709 6460.75 
 633.03  3200  5783 7329.75 
 633.1  3205  5858 9237.25 
 633.14  3210  5933 8366.25 
 633.17  3215  6008 7728 
 633.25  3220  6083 7248.25 
 633.29  3225  6159 5696.25 
 633.32  3230  6234 5789.5 
 633.4  3235  6309 6963.25 
 633.43  3240  6385 7523.5 
 633.5  3245  6460 6663 
 633.53  3250  6536 5209.5 
end
uaIntegration time is 0.2294 seconds per sampledt  3.4E-08 cy 1dh130118Reading 51.44 .94 2.8pr1000dark .1 
 660.01  2900  1442 19.5 
 660.1  2905  1512 24.25 
 660.13  2910  1582 20.25 
 660.2  2915  1652 19.25 
 660.24  2920  1722 20 
 660.3  2925  1792 22.25 
 660.33  2930  1862 23 
 660.4  2935  1932 20.25 
 660.43  2940  2003 23.5 
 660.5  2945  2073 21 
 660.54  2950  2144 21.25 
 660.57  2955  2215 21.75 
 660.65  2960  2285 23.25 
 660.69  2965  2356 22.25 
 660.72  2970  2427 23.75 
 660.8  2975  2498 27.75 
 660.83  2980  2569 22.5 
 660.9  2985  2641 26.25 
 660.93  2990  2712 31 
 661  2995  2783 32 
 661.03  3000  2855 36.5 
 661.1  3005  2926 42.5 
 661.14  3010  2998 40.25 
 661.2  3015  3070 40 
 661.23  3020  3142 38.75 
 661.3  3025  3213 50.75 
 661.34  3030  3285 77.75 
 661.4  3035  3358 105.25 
 661.43  3040  3430 102.5 
 661.5  3045  3502 144.75 
 661.53  3050  3574 228 
 661.6  3055  3647 258.5 
 661.64  3060  3719 269.25 
 661.7  3065  3792 349.25 
 661.73  3070  3864 580.5 
 661.8  3075  3937 795 
 661.84  3080  4010 876 
 661.87  3085  4083 1063.25 
 661.95  3090  4156 1047.75 
 661.98  3095  4229 1455 
 662.05  3100  4302 1624.5 
 662.08  3105  4376 2672.5 
 662.15  3110  4449 3415.5 
 662.18  3115  4522 3521 
 662.25  3120  4596 3960.75 
 662.28  3125  4669 5119 
 662.35  3130  4743 5590.75 
 662.38  3135  4817 5432 
 662.45  3140  4891 6997.25 
 662.49  3145  4965 7118 
 662.52  3150  5039 9045.5 
 662.6  3155  5113 7255 
 662.64  3160  5187 6878.25 
 662.67  3165  5261 10088.5 
 662.75  3170  5336 11817 
 662.78  3175  5410 11498 
 662.85  3180  5485 9118.5 
 662.88  3185  5559 12010.5 
 662.95  3190  5634 13550 
 662.99  3195  5709 10460.75 
 663.05  3200  5783 11623.5 
 663.08  3205  5858 14407.5 
 663.15  3210  5933 12703 
 663.19  3215  6008 11632.75 
 663.22  3220  6083 10913.75 
 663.3  3225  6159 8573.5 
 663.34  3230  6234 8600 
 663.37  3235  6309 10249.25 
 663.45  3240  6385 10941.75 
 663.48  3245  6460 9741.75 
 663.55  3250  6536 7638.75 
end
uaIntegration time is 0.2294 seconds per sampledt  3.4E-08 cy 1dh130118Reading 51.44 .94 2.8pr1000dark .15 
 690.02  2900  1442 15 
 690.1  2905  1512 16.25 
 690.13  2910  1582 17.25 
 690.2  2915  1652 17.25 
 690.24  2920  1722 15.5 
 690.3  2925  1792 18 
 690.33  2930  1862 16.5 
 690.4  2935  1932 17.5 
 690.43  2940  2003 18.5 
 690.5  2945  2073 16 
 690.53  2950  2144 18 
 690.6  2955  2215 18.75 
 690.63  2960  2285 18.5 
 690.7  2965  2356 17.5 
 690.74  2970  2427 18 
 690.77  2975  2498 17.5 
 690.85  2980  2569 20.5 
 690.88  2985  2641 21.75 
 690.95  2990  2712 20.25 
 690.98  2995  2783 23 
 691.05  3000  2855 20.25 
 691.09  3005  2926 24.25 
 691.12  3010  2998 33.25 
 691.2  3015  3070 42 
 691.23  3020  3142 38.5 
 691.3  3025  3213 46.5 
 691.33  3030  3285 66.25 
 691.4  3035  3358 72.25 
 691.44  3040  3430 78.75 
 691.47  3045  3502 108 
 691.55  3050  3574 164.5 
 691.58  3055  3647 193.5 
 691.65  3060  3719 196.75 
 691.68  3065  3792 267.5 
 691.75  3070  3864 445 
 691.78  3075  3937 605.5 
 691.85  3080  4010 680 
 691.88  3085  4083 810.75 
 691.95  3090  4156 784.5 
 691.98  3095  4229 1103.5 
 692.05  3100  4302 1233.25 
 692.08  3105  4376 2023 
 692.15  3110  4449 2557 
 692.18  3115  4522 2660 
 692.25  3120  4596 2990.75 
 692.29  3125  4669 3864 
 692.35  3130  4743 4204.75 
 692.39  3135  4817 4116 
 692.42  3140  4891 5295.5 
 692.5  3145  4965 5341.5 
 692.53  3150  5039 6738.75 
 692.6  3155  5113 5477.25 
 692.63  3160  5187 5207.25 
 692.7  3165  5261 7604.75 
 692.73  3170  5336 8996.25 
 692.8  3175  5410 8631.5 
 692.84  3180  5485 6947.75 
 692.87  3185  5559 9070.25 
 692.95  3190  5634 10245.25 
 692.98  3195  5709 7984.25 
 693.05  3200  5783 8953.5 
 693.09  3205  5858 11043.25 
 693.15  3210  5933 9811.25 
 693.18  3215  6008 8958 
 693.25  3220  6083 8442.25 
 693.29  3225  6159 6704.25 
 693.32  3230  6234 6723.5 
 693.4  3235  6309 7944.5 
 693.43  3240  6385 8512 
 693.5  3245  6460 7648.5 
 693.53  3250  6536 6043.75 
end
uaIntegration time is 0.2294 seconds per sampledt  3.4E-08 cy 1dh130118Reading 51.44 .94 2.78pr1000dark .1 
 720.02  2900  1442 37.25 
 720.1  2905  1512 30.75 
 720.13  2910  1582 26.5 
 720.2  2915  1652 34 
 720.23  2920  1722 37 
 720.3  2925  1792 32.25 
 720.33  2930  1862 34.5 
 720.4  2935  1932 30.25 
 720.43  2940  2003 37.75 
 720.5  2945  2073 33 
 720.53  2950  2144 34.75 
 720.6  2955  2215 30.75 
 720.64  2960  2285 38 
 720.67  2965  2356 38.5 
 720.75  2970  2427 33.25 
 720.78  2975  2498 36 
 720.85  2980  2569 39.75 
 720.89  2985  2641 39 
 720.95  2990  2712 35.25 
 720.99  2995  2783 41.5 
 721.02  3000  2855 40 
 721.1  3005  2926 43.5 
 721.13  3010  2998 49 
 721.2  3015  3070 55 
 721.23  3020  3142 59 
 721.3  3025  3213 80 
 721.34  3030  3285 109.25 
 721.4  3035  3358 133.5 
 721.43  3040  3430 142 
 721.5  3045  3502 192.75 
 721.53  3050  3574 321.75 
 721.6  3055  3647 372 
 721.63  3060  3719 402.25 
 721.7  3065  3792 517 
 721.73  3070  3864 871 
 721.8  3075  3937 1189.25 
 721.83  3080  4010 1342.75 
 721.89  3085  4083 1627.75 
 721.93  3090  4156 1597.5 
 722  3095  4229 2238.5 
 722.03  3100  4302 2526.25 
 722.1  3105  4376 4120 
 722.14  3110  4449 5295.75 
 722.17  3115  4522 5398.5 
 722.25  3120  4596 6114 
 722.29  3125  4669 7830.5 
 722.32  3130  4743 8567.25 
 722.4  3135  4817 8441 
 722.43  3140  4891 10813.5 
 722.5  3145  4965 10782.75 
 722.54  3150  5039 13824.25 
 722.6  3155  5113 11223.75 
 722.64  3160  5187 10541 
 722.67  3165  5261 15507.25 
 722.75  3170  5336 18334.75 
 722.79  3175  5410 17741.5 
 722.82  3180  5485 14186.75 
 722.9  3185  5559 18586 
 722.93  3190  5634 20863.5 
 723  3195  5709 16349 
 723.03  3200  5783 18315.75 
 723.1  3205  5858 22606 
 723.14  3210  5933 20035 
 723.17  3215  6008 18365 
 723.25  3220  6083 17422.25 
 723.28  3225  6159 13885.25 
 723.35  3230  6234 13809.25 
 723.38  3235  6309 16399 
 723.45  3240  6385 17653.25 
 723.49  3245  6460 15921.25 
 723.52  3250  6536 12654.25 
end
uaIntegration time is 0.2294 seconds per sampledt  3.4E-08 cy 1dh130118Reading 51.44 .94 2.82pr1000dark .15 
 750.02  2900  1442 21.5 
 750.1  2905  1512 21 
 750.13  2910  1582 21.75 
 750.2  2915  1652 23 
 750.24  2920  1722 24 
 750.3  2925  1792 22 
 750.34  2930  1862 22.75 
 750.37  2935  1932 23.5 
 750.45  2940  2003 24.75 
 750.49  2945  2073 24 
 750.55  2950  2144 30.25 
 750.59  2955  2215 25.75 
 750.65  2960  2285 28.5 
 750.69  2965  2356 31.25 
 750.75  2970  2427 27 
 750.79  2975  2498 24.75 
 750.85  2980  2569 32.5 
 750.88  2985  2641 30 
 750.95  2990  2712 29.5 
 750.98  2995  2783 31.25 
 751.05  3000  2855 39.25 
 751.09  3005  2926 34.5 
 751.12  3010  2998 39 
 751.2  3015  3070 48 
 751.24  3020  3142 46 
 751.27  3025  3213 71.75 
 751.35  3030  3285 83.75 
 751.38  3035  3358 110 
 751.45  3040  3430 120 
 751.49  3045  3502 160.75 
 751.52  3050  3574 255.75 
 751.6  3055  3647 292.25 
 751.63  3060  3719 320 
 751.7  3065  3792 407.5 
 751.74  3070  3864 677 
 751.8  3075  3937 945.75 
 751.83  3080  4010 1040.25 
 751.9  3085  4083 1261 
 751.94  3090  4156 1230 
 751.97  3095  4229 1728.5 
 752.05  3100  4302 1916.25 
 752.08  3105  4376 3142 
 752.15  3110  4449 4006.25 
 752.18  3115  4522 4098 
 752.25  3120  4596 4588.5 
 752.28  3125  4669 5920.75 
 752.35  3130  4743 6466.25 
 752.39  3135  4817 6348.75 
 752.45  3140  4891 8042.25 
 752.49  3145  4965 8098.25 
 752.52  3150  5039 10327.25 
 752.6  3155  5113 8370.25 
 752.64  3160  5187 7875 
 752.67  3165  5261 11535 
 752.75  3170  5336 13641.5 
 752.79  3175  5410 13203.25 
 752.82  3180  5485 10501 
 752.9  3185  5559 13698 
 752.93  3190  5634 15411.75 
 753  3195  5709 12065.5 
 753.03  3200  5783 13464.5 
 753.1  3205  5858 16448.5 
 753.14  3210  5933 14590 
 753.17  3215  6008 13389 
 753.25  3220  6083 12652.25 
 753.29  3225  6159 10025.75 
 753.32  3230  6234 9924 
 753.4  3235  6309 11811.75 
 753.43  3240  6385 12684.5 
 753.5  3245  6460 11442 
 753.54  3250  6536 9013.5 
end
uaIntegration time is 0.2294 seconds per sampledt  3.4E-08 cy 1dh130118Reading 51.44 .94 2.84pr1000dark .15 
 780.02  2900  1442 14.75 
 780.1  2905  1512 12.75 
 780.13  2910  1582 14 
 780.2  2915  1652 13.75 
 780.23  2920  1722 15.5 
 780.3  2925  1792 15.5 
 780.34  2930  1862 16 
 780.4  2935  1932 15.75 
 780.44  2940  2003 14.75 
 780.5  2945  2073 16.5 
 780.53  2950  2144 15.25 
 780.6  2955  2215 14 
 780.64  2960  2285 16.5 
 780.67  2965  2356 17.5 
 780.75  2970  2427 17 
 780.78  2975  2498 16 
 780.85  2980  2569 18.5 
 780.89  2985  2641 18.5 
 780.92  2990  2712 20.5 
 781  2995  2783 18.75 
 781.03  3000  2855 20.75 
 781.1  3005  2926 22.75 
 781.14  3010  2998 25.75 
 781.17  3015  3070 27.5 
 781.25  3020  3142 27.75 
 781.28  3025  3213 38.75 
 781.35  3030  3285 54 
 781.38  3035  3358 68.25 
 781.45  3040  3430 78.25 
 781.49  3045  3502 102.75 
 781.52  3050  3574 161.5 
 781.6  3055  3647 181 
 781.64  3060  3719 193.75 
 781.7  3065  3792 254.5 
 781.74  3070  3864 428.5 
 781.8  3075  3937 583.75 
 781.83  3080  4010 675.5 
 781.9  3085  4083 808.75 
 781.93  3090  4156 797.5 
 782  3095  4229 1159.5 
 782.04  3100  4302 1286.25 
 782.07  3105  4376 2095.75 
 782.15  3110  4449 2699 
 782.18  3115  4522 2792.25 
 782.25  3120  4596 3192.5 
 782.28  3125  4669 4152.25 
 782.35  3130  4743 4508 
 782.39  3135  4817 4448 
 782.42  3140  4891 5724.25 
 782.5  3145  4965 5747 
 782.53  3150  5039 7404.75 
 782.6  3155  5113 6018 
 782.63  3160  5187 5717.25 
 782.7  3165  5261 8461.25 
 782.73  3170  5336 10015 
 782.8  3175  5410 9696.5 
 782.84  3180  5485 7767 
 782.9  3185  5559 10287.75 
 782.93  3190  5634 11621 
 783  3195  5709 9100.75 
 783.03  3200  5783 10260.5 
 783.1  3205  5858 12809.25 
 783.13  3210  5933 11401.75 
 783.2  3215  6008 10543.25 
 783.23  3220  6083 10016 
 783.3  3225  6159 7968 
 783.33  3230  6234 7999.25 
 783.4  3235  6309 9673.25 
 783.43  3240  6385 10417 
 783.5  3245  6460 9448.75 
 783.53  3250  6536 7465.5 
end
uaIntegration time is 0.2294 seconds per sampledt  3.4E-08 cy 1dh130118Reading 51.44 .94 2.86pr1000dark .15 
 810.02  2900  1442 11 
 810.1  2905  1512 11.5 
 810.14  2910  1582 13.5 
 810.17  2915  1652 14.25 
 810.24  2920  1722 12.5 
 810.28  2925  1792 12.5 
 810.35  2930  1862 14 
 810.38  2935  1932 13.5 
 810.45  2940  2003 13.25 
 810.48  2945  2073 14.25 
 810.55  2950  2144 14 
 810.58  2955  2215 14.5 
 810.65  2960  2285 15.25 
 810.68  2965  2356 15.75 
 810.75  2970  2427 15.75 
 810.78  2975  2498 15.25 
 810.85  2980  2569 15.25 
 810.89  2985  2641 16.5 
 810.92  2990  2712 17.25 
 811  2995  2783 18.5 
 811.03  3000  2855 17.75 
 811.1  3005  2926 19 
 811.13  3010  2998 21.5 
 811.2  3015  3070 28.25 
 811.23  3020  3142 24.75 
 811.3  3025  3213 37.5 
 811.34  3030  3285 47.5 
 811.37  3035  3358 54.5 
 811.45  3040  3430 65.75 
 811.48  3045  3502 78.5 
 811.55  3050  3574 126.75 
 811.59  3055  3647 135.25 
 811.62  3060  3719 145.25 
 811.7  3065  3792 194 
 811.73  3070  3864 309.25 
 811.8  3075  3937 431.5 
 811.83  3080  4010 484 
 811.89  3085  4083 586.5 
 811.93  3090  4156 576.25 
 812  3095  4229 831.75 
 812.03  3100  4302 909.5 
 812.1  3105  4376 1503.25 
 812.14  3110  4449 1936.5 
 812.2  3115  4522 1994.75 
 812.23  3120  4596 2271.5 
 812.3  3125  4669 2942.5 
 812.34  3130  4743 3220.75 
 812.4  3135  4817 3105 
 812.44  3140  4891 4011.25 
 812.5  3145  4965 4093.75 
 812.53  3150  5039 5211 
 812.6  3155  5113 4196.5 
 812.64  3160  5187 3995 
 812.67  3165  5261 5851.25 
 812.75  3170  5336 6873.25 
 812.78  3175  5410 6631.25 
 812.85  3180  5485 5300 
 812.88  3185  5559 7080.5 
 812.95  3190  5634 7896 
 812.99  3195  5709 6085.25 
 813.05  3200  5783 6726.25 
 813.09  3205  5858 8432 
 813.15  3210  5933 7470 
 813.19  3215  6008 6836.25 
 813.22  3220  6083 6345.25 
 813.3  3225  6159 5012.75 
 813.34  3230  6234 5042 
 813.37  3235  6309 6062.25 
 813.45  3240  6385 6502.5 
 813.48  3245  6460 5783.5 
 813.55  3250  6536 4522 
end
uaIntegration time is 0.2294 seconds per sampledt  3.4E-08 cy 1dh130118Reading 51.44 .94 2.84pr1000dark .1 
 840.02  2900  1442 11.25 
 840.1  2905  1512 10.5 
 840.13  2910  1582 10.5 
 840.2  2915  1652 12.5 
 840.23  2920  1722 11.5 
 840.3  2925  1792 12.25 
 840.34  2930  1862 11.5 
 840.4  2935  1932 13 
 840.44  2940  2003 11.25 
 840.47  2945  2073 11.5 
 840.55  2950  2144 12.75 
 840.58  2955  2215 11.5 
 840.65  2960  2285 13.5 
 840.68  2965  2356 13 
 840.75  2970  2427 13 
 840.79  2975  2498 15.25 
 840.82  2980  2569 12.5 
 840.9  2985  2641 13.25 
 840.94  2990  2712 13 
 840.97  2995  2783 15.25 
 841.05  3000  2855 16.75 
 841.08  3005  2926 18.25 
 841.15  3010  2998 18.5 
 841.19  3015  3070 21.25 
 841.22  3020  3142 19.75 
 841.3  3025  3213 30.5 
 841.33  3030  3285 37.5 
 841.4  3035  3358 44.5 
 841.43  3040  3430 49.75 
 841.5  3045  3502 68 
 841.54  3050  3574 101.25 
 841.6  3055  3647 114.25 
 841.63  3060  3719 114 
 841.7  3065  3792 160.25 
 841.73  3070  3864 253 
 841.8  3075  3937 349.75 
 841.84  3080  4010 385.5 
 841.9  3085  4083 478.75 
 841.93  3090  4156 472.75 
 842  3095  4229 683.25 
 842.04  3100  4302 791.25 
 842.1  3105  4376 1301 
 842.13  3110  4449 1652.5 
 842.2  3115  4522 1742.5 
 842.23  3120  4596 1991 
 842.3  3125  4669 2628.75 
 842.34  3130  4743 2884.75 
 842.37  3135  4817 2832.5 
 842.45  3140  4891 3737.75 
 842.48  3145  4965 3876.5 
 842.55  3150  5039 4978 
 842.59  3155  5113 3953.75 
 842.65  3160  5187 3873.75 
 842.68  3165  5261 5792.75 
 842.75  3170  5336 6803.75 
 842.78  3175  5410 6550.75 
 842.85  3180  5485 5293 
 842.89  3185  5559 7200.75 
 842.95  3190  5634 8126 
 842.99  3195  5709 6141 
 843.02  3200  5783 6913 
 843.09  3205  5858 8796 
 843.13  3210  5933 7986.5 
 843.2  3215  6008 7334 
 843.23  3220  6083 6734 
 843.3  3225  6159 5291.5 
 843.34  3230  6234 5442.5 
 843.37  3235  6309 6668.75 
 843.45  3240  6385 7215.5 
 843.49  3245  6460 6411 
 843.52  3250  6536 4964 
end
uaIntegration time is 0.2294 seconds per sampledt  3.4E-08 cy 1dh130118Reading 51.44 .94 2.88pr1000dark .15 
 870.02  2900  1442 13 
 870.1  2905  1512 11.75 
 870.13  2910  1582 12 
 870.2  2915  1652 12 
 870.23  2920  1722 12.75 
 870.3  2925  1792 14 
 870.35  2930  1862 13.25 
 870.38  2935  1932 12 
 870.45  2940  2003 13 
 870.48  2945  2073 13.5 
 870.55  2950  2144 14.5 
 870.59  2955  2215 12.5 
 870.62  2960  2285 13 
 870.7  2965  2356 13.25 
 870.73  2970  2427 13.5 
 870.8  2975  2498 14 
 870.83  2980  2569 13.75 
 870.9  2985  2641 13.75 
 870.93  2990  2712 13.75 
 871  2995  2783 14.75 
 871.03  3000  2855 15.5 
 871.1  3005  2926 16.5 
 871.13  3010  2998 19 
 871.2  3015  3070 21.25 
 871.23  3020  3142 21.75 
 871.3  3025  3213 25 
 871.33  3030  3285 34.25 
 871.4  3035  3358 42.5 
 871.44  3040  3430 40.5 
 871.47  3045  3502 55.5 
 871.55  3050  3574 80.5 
 871.58  3055  3647 87.5 
 871.65  3060  3719 97.5 
 871.69  3065  3792 117.25 
 871.75  3070  3864 180.5 
 871.78  3075  3937 258 
 871.85  3080  4010 278.75 
 871.89  3085  4083 342.5 
 871.95  3090  4156 332.5 
 871.99  3095  4229 475.25 
 872.05  3100  4302 532.25 
 872.08  3105  4376 874 
 872.15  3110  4449 1124.5 
 872.19  3115  4522 1191.5 
 872.22  3120  4596 1395.5 
 872.3  3125  4669 1896 
 872.33  3130  4743 2114 
 872.4  3135  4817 2036 
 872.43  3140  4891 2713.5 
 872.5  3145  4965 2921.5 
 872.53  3150  5039 3781.25 
 872.6  3155  5113 2944.5 
 872.63  3160  5187 2978.75 
 872.7  3165  5261 4599.75 
 872.73  3170  5336 5431 
 872.8  3175  5410 5159.5 
 872.83  3180  5485 4259.25 
 872.9  3185  5559 6050.75 
 872.94  3190  5634 6985.25 
 873  3195  5709 5206.75 
 873.03  3200  5783 5803.5 
 873.1  3205  5858 7599 
 873.13  3210  5933 7104.25 
 873.2  3215  6008 6583.75 
 873.24  3220  6083 5925 
 873.3  3225  6159 4631.75 
 873.34  3230  6234 4906.25 
 873.37  3235  6309 6217.75 
 873.45  3240  6385 6725 
 873.48  3245  6460 5904 
 873.55  3250  6536 4495.25 
end
uaIntegration time is 0.2294 seconds per sampledt  3.4E-08 cy 1dh130118Reading 51.44 .94 2.84pr1000dark .15 
 900.02  2900  1442 6.25 
 900.1  2905  1512 6.5 
 900.13  2910  1582 6.75 
 900.2  2915  1652 5.75 
 900.23  2920  1722 5.75 
 900.3  2925  1792 5.5 
 900.33  2930  1862 5.25 
 900.4  2935  1932 6.25 
 900.43  2940  2003 5.75 
 900.5  2945  2073 5.25 
 900.53  2950  2144 5.75 
 900.6  2955  2215 5.75 
 900.63  2960  2285 5 
 900.7  2965  2356 5.75 
 900.73  2970  2427 7 
 900.8  2975  2498 6 
 900.83  2980  2569 6.5 
 900.9  2985  2641 6.75 
 900.93  2990  2712 6.75 
 901  2995  2783 6.25 
 901.06  3000  2855 7.25 
 901.1  3005  2926 7.5 
 901.13  3010  2998 8.5 
 901.2  3015  3070 11.25 
 901.24  3020  3142 10.75 
 901.3  3025  3213 14.75 
 901.33  3030  3285 18.5 
 901.4  3035  3358 23 
 901.43  3040  3430 29.25 
 901.5  3045  3502 30 
 901.54  3050  3574 42.75 
 901.57  3055  3647 44.5 
 901.65  3060  3719 48.75 
 901.68  3065  3792 61.25 
 901.75  3070  3864 91.5 
 901.78  3075  3937 121 
 901.85  3080  4010 131.75 
 901.88  3085  4083 161.25 
 901.95  3090  4156 145 
 901.98  3095  4229 206.75 
 902.05  3100  4302 226 
 902.09  3105  4376 365.5 
 902.12  3110  4449 465.5 
 902.2  3115  4522 486.25 
 902.24  3120  4596 574.75 
 902.27  3125  4669 757 
 902.35  3130  4743 848.25 
 902.38  3135  4817 833.25 
 902.45  3140  4891 1121.5 
 902.48  3145  4965 1213.75 
 902.55  3150  5039 1586.5 
 902.58  3155  5113 1247.25 
 902.65  3160  5187 1299 
 902.68  3165  5261 2045 
 902.75  3170  5336 2409.5 
 902.79  3175  5410 2292.25 
 902.85  3180  5485 1944.75 
 902.88  3185  5559 2932 
 902.95  3190  5634 3397.5 
 902.98  3195  5709 2464 
 903.05  3200  5783 2788.5 
 903.09  3205  5858 3788.75 
 903.15  3210  5933 3741 
 903.19  3215  6008 3464 
 903.22  3220  6083 2974.75 
 903.3  3225  6159 2358.75 
 903.33  3230  6234 2605 
 903.4  3235  6309 3457.25 
 903.43  3240  6385 3786.25 
 903.5  3245  6460 3258.5 
 903.54  3250  6536 2423.25 
end
uaIntegration time is 0.2294 seconds per sampledt  3.4E-08 cy 1dh130118Reading 51.44 .94 2.86pr1000dark .2 
 930.02  2900  1442 3 
 930.1  2905  1512 2.5 
 930.15  2910  1582 3 
 930.19  2915  1652 2.5 
 930.25  2920  1722 3.5 
 930.29  2925  1792 3 
 930.35  2930  1862 3.5 
 930.39  2935  1932 2.5 
 930.45  2940  2003 3.5 
 930.48  2945  2073 2.25 
 930.55  2950  2144 4 
 930.59  2955  2215 3.25 
 930.65  2960  2285 4.25 
 930.69  2965  2356 3.25 
 930.76  2970  2427 3.5 
 930.79  2975  2498 4 
 930.83  2980  2569 3.25 
 930.9  2985  2641 3.75 
 930.94  2990  2712 4 
 931  2995  2783 3.5 
 931.04  3000  2855 3 
 931.1  3005  2926 4.75 
 931.13  3010  2998 4.75 
 931.21  3015  3070 6.5 
 931.24  3020  3142 6.25 
 931.28  3025  3213 8 
 931.36  3030  3285 12.75 
 931.39  3035  3358 17.25 
 931.46  3040  3430 14.5 
 931.49  3045  3502 22.5 
 931.53  3050  3574 30.25 
 931.6  3055  3647 36.75 
 931.64  3060  3719 38.25 
 931.71  3065  3792 39.75 
 931.74  3070  3864 63.5 
 931.81  3075  3937 80.5 
 931.84  3080  4010 85.75 
 931.88  3085  4083 103.25 
 931.95  3090  4156 96.75 
 931.99  3095  4229 126.5 
 932.05  3100  4302 133.5 
 932.09  3105  4376 220.75 
 932.16  3110  4449 268.25 
 932.19  3115  4522 270.75 
 932.23  3120  4596 303.5 
 932.3  3125  4669 402 
 932.34  3130  4743 438.25 
 932.4  3135  4817 413 
 932.43  3140  4891 558.25 
 932.5  3145  4965 590.25 
 932.54  3150  5039 771 
 932.6  3155  5113 604.75 
 932.64  3160  5187 622 
 932.68  3165  5261 971.5 
 932.75  3170  5336 1136.5 
 932.79  3175  5410 1053.5 
 932.85  3180  5485 902.5 
 932.89  3185  5559 1398.5 
 932.95  3190  5634 1636.75 
 932.99  3195  5709 1152.5 
 933.05  3200  5783 1278 
 933.08  3205  5858 1809 
 933.15  3210  5933 1800.75 
 933.19  3215  6008 1695.75 
 933.25  3220  6083 1383.25 
 933.29  3225  6159 1093 
 933.35  3230  6234 1259 
 933.39  3235  6309 1734.25 
 933.46  3240  6385 1890 
 933.49  3245  6460 1562 
 933.53  3250  6536 1128.5 
end
uaIntegration time is 0.2294 seconds per sampledt  3.4E-08 cy 1dh130118Reading 51.44 .94 2.82pr1000dark .1 
 960.02  2900  1442 1.5 
 960.09  2905  1512 1.75 
 960.13  2910  1582 .5 
 960.2  2915  1652 1.5 
 960.24  2920  1722 1.25 
 960.3  2925  1792 1.25 
 960.34  2930  1862 1.5 
 960.4  2935  1932 1 
 960.43  2940  2003 1.75 
 960.5  2945  2073 1.75 
 960.53  2950  2144 1.75 
 960.6  2955  2215 1.5 
 960.63  2960  2285 1.5 
 960.7  2965  2356 1 
 960.73  2970  2427 1.5 
 960.8  2975  2498 1.75 
 960.83  2980  2569 1.5 
 960.9  2985  2641 2.25 
 960.94  2990  2712 2 
 961  2995  2783 1.75 
 961.03  3000  2855 1.5 
 961.1  3005  2926 2.5 
 961.13  3010  2998 3.5 
 961.2  3015  3070 3.5 
 961.24  3020  3142 3 
 961.3  3025  3213 4 
 961.34  3030  3285 6.75 
 961.4  3035  3358 8.25 
 961.43  3040  3430 7 
 961.5  3045  3502 10.75 
 961.54  3050  3574 14 
 961.6  3055  3647 16.5 
 961.63  3060  3719 18 
 961.7  3065  3792 19.5 
 961.73  3070  3864 29.75 
 961.8  3075  3937 39.25 
 961.84  3080  4010 41.75 
 961.87  3085  4083 44 
 961.95  3090  4156 48.25 
 961.99  3095  4229 55 
 962.02  3100  4302 62.75 
 962.1  3105  4376 98.75 
 962.14  3110  4449 116.5 
 962.17  3115  4522 121 
 962.25  3120  4596 121.5 
 962.29  3125  4669 150.75 
 962.35  3130  4743 164.5 
 962.39  3135  4817 163.25 
 962.45  3140  4891 203 
 962.48  3145  4965 201.75 
 962.55  3150  5039 268.5 
 962.59  3155  5113 218.5 
 962.65  3160  5187 198.75 
 962.69  3165  5261 315.25 
 962.72  3170  5336 369.5 
 962.8  3175  5410 358.75 
 962.83  3180  5485 300.25 
 962.9  3185  5559 453.5 
 962.94  3190  5634 525 
 962.97  3195  5709 371 
 963.05  3200  5783 424.25 
 963.09  3205  5858 578.75 
 963.15  3210  5933 612.5 
 963.19  3215  6008 582.25 
 963.22  3220  6083 469 
 963.3  3225  6159 365.25 
 963.33  3230  6234 429.25 
 963.4  3235  6309 642.5 
 963.44  3240  6385 708.75 
 963.47  3245  6460 566.5 
 963.55  3250  6536 401 
end
uaIntegration time is 0.2294 seconds per sampledt  3.4E-08 cy 1dh130118Reading 51.44 .94 2.78pr1000dark .15 
 990.02  2900  1442 .25 
 990.1  2905  1512 .25 
 990.13  2910  1582 0 
 990.2  2915  1652 .25 
 990.23  2920  1722 .25 
 990.3  2925  1792 .25 
 990.33  2930  1862 .25 
 990.4  2935  1932 .25 
 990.43  2940  2003 .5 
 990.5  2945  2073 0 
 990.53  2950  2144 .5 
 990.6  2955  2215 .25 
 990.63  2960  2285 .25 
 990.7  2965  2356 .5 
 990.74  2970  2427 .25 
 990.8  2975  2498 .5 
 990.83  2980  2569 .25 
 990.9  2985  2641 .25 
 990.94  2990  2712 .25 
 990.97  2995  2783 .5 
 991.05  3000  2855 .5 
 991.09  3005  2926 .5 
 991.15  3010  2998 .5 
 991.19  3015  3070 .75 
 991.25  3020  3142 .75 
 991.28  3025  3213 .75 
 991.35  3030  3285 1 
 991.39  3035  3358 2 
 991.42  3040  3430 1.75 
 991.5  3045  3502 2.25 
 991.54  3050  3574 3 
 991.6  3055  3647 2.5 
 991.63  3060  3719 2.5 
 991.7  3065  3792 3.25 
 991.74  3070  3864 5.75 
 991.8  3075  3937 6.75 
 991.83  3080  4010 7.25 
 991.89  3085  4083 8 
 991.93  3090  4156 7 
 992  3095  4229 9.5 
 992.04  3100  4302 9.5 
 992.07  3105  4376 16.5 
 992.15  3110  4449 18.25 
 992.18  3115  4522 16.25 
 992.25  3120  4596 25.5 
 992.29  3125  4669 23.5 
 992.35  3130  4743 25 
 992.39  3135  4817 26.75 
 992.42  3140  4891 40.5 
 992.5  3145  4965 29.75 
 992.54  3150  5039 41.5 
 992.57  3155  5113 43 
 992.65  3160  5187 29 
 992.69  3165  5261 43.75 
 992.75  3170  5336 49.5 
 992.78  3175  5410 50.5 
 992.85  3180  5485 42 
 992.89  3185  5559 53 
 992.92  3190  5634 64 
 993  3195  5709 46.75 
 993.03  3200  5783 49 
 993.1  3205  5858 75 
 993.13  3210  5933 70.75 
 993.2  3215  6008 65.25 
 993.24  3220  6083 59.25 
 993.27  3225  6159 43.5 
 993.35  3230  6234 48 
 993.39  3235  6309 70.5 
 993.45  3240  6385 78.25 
 993.49  3245  6460 57.25 
 993.52  3250  6536 43 
end
