 3133.167 
4636         2223
4646         2186
4656         2226
4666         2254
4676         2320
4686         2321
4696         2338
4706         2568
4716         6090
4726        15074
4736        24067
4746        34347
4756        43824
4766        53444
4776        62326
4786        66664
4796        65706
4806        59142
4816        51207
4826        41624
4836        31832
4846        22889
4856        13790
4866         5756
4876         2830
4886         2652
4896         2640
4906         2519
4916         2504
4926         2458
4936         2341
4936         2346
4926         2464
4916         2519
4906         2516
4896         2603
4886         2639
4876         2867
4866         6567
4856        14782
4846        23947
4836        32770
4826        41931
4816        50701
4806        59147
4796        64850
4786        65492
4776        61081
4766        52951
4756        43636
4746        34494
4736        24814
4726        16157
4716         7423
4706         2703
4696         2334
4686         2309
4676         2262
4666         2244
4656         2218
4646         2187
4636         2149
eof
075 mkiv
slit  1 
ZERO  3469 
CalStep 291
TE  41 
ND  0
LAMP Cd
PORT U
MODE o3
