10.4312      
10.3785      
10.3761      
10.1856      
10.0785      
0            
.3388        
2.35         
1.1405       
1873         
821          
.000000028   
289          
14           
1682         
0            
4375         
10260        
14100        
21600        
25900        
2972         
mkiii       
1            
0            
0            
0            
0            
0            
0            
0            
-183         
46           
242          
-3           
770          
740          
8028         
178          
2518         
1.001        
-4           
2469         
260          
0.2          
64           
256          
0            
0            
0            
2228         
Jul 26/18    
