version=2dh201015IOS Toronto 43.7957  79.3588  3.43pr1000
co05:05:37dh: day header
co05:05:37main: version 4.1024/06/2014 01:00:00
co05:05:37skc: 
co05:05:37autohg:  1 
co05:05:37hifw2:  0 
co05:05:37attn:  32000  100000 
co05:05:37lowds:  1 
co05:05:37cubdsp:  0 

inst0.0-0.345-0.3331-0.6881-2.0030.00.344002.350001.15040337733230.0000000388607622280.00004390.00008780.000014295.000020000.000025000.00002816mkii20000000363002421.000000000780.000000.0000024692500.2000256064562112Aug 11/15EXTRAS10032000100000010010-19-2015@
disp2809.010.0780809-5.42564e-072849.150.0773642-5.66853e-072886.50.0765212-5.69229e-072922.20.0757354-5.80011e-072957.040.0749406-5.97375e-072764.590.0787727-5.06623e-074213.510.117121-8.13846e-074273.720.116046-8.50279e-074329.750.114782-8.53843e-074383.30.113603-8.70017e-074435.560.112411-8.96062e-074146.880.118159-7.59934e-07WedOct 23/1324698622228@
zeni0.662945-1.0237820.357448-3.6719896.169963-2.0721215.037078-8.1264662.913775May 152002 (o3bpoly)@
op_st017d:\br#017\data\icf27815zsf13502dcf29513uvr21315201015IOS Toronto43.795779.358810003.37420-414676101110110020001menuo3@
uvr2865  2433.2772870  2475.1102875  2514.8512880  2552.5502885  2588.2512890  2621.9962895  2653.8182900  2683.7482905  2711.8122910  2738.0322915  2762.4262920  2785.0112925  2805.7992930  2824.8012935  2842.0282940  2857.4872945  2871.1862950  2883.1342955  2893.3362960  2901.8012965  2908.5352970  2913.5462975  2916.8422980  2918.4302985  2918.3182990  2916.5132995  2913.0223000  2907.8513005  2901.0053010  2892.4863015  2882.2993020  2870.4403025  2856.9103030  2841.7013035  2824.8063040  2806.2153045  2785.9123050  2763.8803055  2740.0993060  2714.5443065  2687.1893070  2658.0053075  2626.9603080  2594.0223085  2559.1563090  2522.3303095  2483.5113100  2442.6703105  2399.7793110  2354.8163115  2307.7683120  2258.6273125  2207.3963130  2154.0893135  2098.7333140  2041.3733145  1982.0663150  1920.8903155  1857.9413160  1793.3383165  1727.2173170  1659.7393175  1591.0863180  1521.4593185  1451.0813190  1380.1943195  1309.0533200  1237.9313205  1167.1093210  1096.8753215  1027.5203220   959.3363225   892.6053230   827.6003235   764.5813240   703.7853245   645.4283250   589.697@
hk05:05:39 25 26 26 30.3 7.37-99-99
rso3OCT 20/1505:08:57 25 230938 329 1949520 1966110 2088843 1813634 1360058 3620387 231097 305 1947997 1966916 2087471 1813813 1360988 3621260 .9993 1.0787 1.0008 .9996 1.0006 .9999 .9993 .9998-.0314-.0351-.0614-.125 .3687 .2082-.0917-.031-.0352-.061-.1248 .3682 .2074-.0914
hk05:09:04 26 26 26 29.7 7.21-99-99
sla 0 309.380620 153840 209 1299392 1311032 1391949 1208537 907563rat-347.0235-378.625-651.8711-1324.871
sla 0 310.010620 153924 210 1300615 1311255 1392403 1209479 907637rat-347.7695-375.8633-649.8281-1328.035
sla 0 310.630620 154118 224 1299428 1310894 1391339 1208687 906924rat-346.5899-377.5899-649.3203-1328.609
sla 0 311.260620 153907 205 1299555 1311138 1391600 1209127 907263rat-345.375-376.7695-648.5078-1328.566
sla 0 311.890620 153966 221 1299457 1311038 1392650 1208609 906526rat-346.9805-378.3789-653.9141-1330.277
sla 0 312.510620 154553 204 1300646 1310550 1391584 1208600 907373rat-351.168-376.7149-650.4375-1326.035
sla 0 313.140620 154227 197 1300336 1310511 1392452 1209217 907408rat-347.7695-374.2578-650.9688-1328.172
summary05:11:15OCT 20/15 107.906 3.151 26sl 0-348-377-651-1328 3901 2206 1299919 907242 2 2 2 2 7 4 774.1 316
hk05:13:35 26 26 26 29.7 7.21-99-99
sla 0 313.890620 154026 232 1300494 1310849 1391042 1207816 907108rat-353.582-380.6914-651.6133-1324.434
sla 0 314.510620 153948 208 1299062 1311318 1391977 1208523 907180rat-345.9102-379.6641-652.0156-1326.711
sla 0 315.140620 154108 206 1300588 1310887 1391251 1208064 907961rat-352.9766-379.8828-651.3516-1321.129
sla 0 315.770620 154213 221 1300632 1310352 1392297 1208069 907206rat-353.1094-378.0235-654.7696-1324.899
sla 0 316.390620 153757 215 1299708 1310892 1392076 1208682 906899rat-347.582-377.5938-651.7461-1328.703
sla 0 317.020620 154020 215 1299484 1311787 1392919 1208753 906449rat-346.5313-380.4336-654.2461-1331.191
sla 0 317.650620 154130 212 1300460 1311258 1392781 1209833 907698rat-345.8985-374.543-649.7422-1329.066
summary05:15:46OCT 20/15 108.677 3.033 26sl 0-349-379-652-1327 3896 2203 1300061 907214.4 4 2 2 3 14 7 446.9 547.4
co05:17:59w2: Running w2 from menu line -200
hk05:28:01 26 26 26 31 7.52-99-99
co05:28:02hgfw2: HG FW#2 at step  0
hk05:30:06 26 26 26 31 7.52-99-99
hgscan 0narrow 296warm= 205:30:06OCT 20/15 424 436 459 509 561 3840 21256 40932 59309 68686 69293 67515 50168 31288 12496 1119 547 526 467 445 436 508 525 561 959 12302 32468 52998 71699 74421 74212 64768 44683 23512 4961 581 537 514 485 455
hg05:31:19 .9999 859.7651 860 143714 26 0
ap05:31:24 25 25.62 24.69 1380.82 15.17 5.03-15.14 23.99 0 32.13 0 0 4.88-8.03 9.000001E-02 .05 24.69 25.62 24.69 1369.88 14.87 4.95-15.14 24.1 9.75 30.83 0 0 4.88-8.03 1.66 10.72
hk05:36:38 25 26 25 30.3 7.37-99-99
sla 0 336.940620 153580 219 1296533 1307687 1388072 1204873 904640rat-350.0781-380.418-652.5547-1324.266
sla 0 337.570620 153858 212 1296442 1307690 1389771 1206309 904591rat-344.3516-375.0235-652.7344-1329.891
sla 0 338.190620 153607 222 1297825 1308364 1388964 1206459 906120rat-348.6406-376.8086-649.5235-1322.899
sla 0 338.820620 153768 221 1298391 1305579 1391096 1206662 906267rat-349.8633-366.3555-655.7618-1322.934
sla 0 339.450620 153848 217 1297277 1307994 1389935 1206827 905766rat-345.336-374.1367-651.3203-1326.035
sla 0 340.070620 153482 224 1299483 1309848 1390463 1207351 905964rat-351.1016-378.625-651.1016-1327.02
sla 0 340.70620 153802 214 1298515 1309252 1389864 1208178 905982rat-344.6094-373.4375-646.0235-1330.031
summary05:38:49OCT 20/15 112.636 2.548 25sl 0-348-375-651-1326 3896 2205 1297781 905618.6 3 5 3 3 12 6 1182.4 706.6
hk05:41:03 26 26 25 30.3 7.37-99-99
dto3OCT 20/1505:46:37 26 0 2104956 37.26 37.57 37.4 38.18 36.88 1 797693.1 28.51 30.19 36.97 34.42 34.09 38.82 33.27 31.44 35.2 34.15    37.457 .5    33.706 3.1
hk05:46:39 26 26 26 30.3 7.37-99-99
rso3OCT 20/1505:49:57 26 230661 319 1947922 1964398 2086077 1810549 1359143 3620443 230484 311 1949398 1965271 2086661 1812167 1359990 3618979 1.0008 1.0257 .9992 .9996 .9997 .9991 .9994 1.0004-.0318-.0354-.0615-.1246 .3669 .2071-.0912-.0317-.0352-.0613-.1247 .3673 .2074-.0914
hk05:50:04 26 26 26 30.3 7.37-99-99
sla 0 350.380620 153881 207 1298854 1309183 1391509 1208776 907017rat-344.2344-371.3047-649.5313-1328.461
sla 0 351.010620 154042 231 1298720 1310550 1391556 1207543 906407rat-348.4024-380.6797-654.3281-1326.883
sla 0 351.640620 153745 205 1298628 1310270 1391837 1208212 906840rat-345.5664-377.1953-652.7266-1327.227
sla 0 352.260620 153983 200 1299333 1309773 1390799 1208525 907209rat-346.8438-374.2774-648.1328-1326.57
sla 0 352.890620 153968 226 1299023 1309964 1391240 1208115 906827rat-347.3164-376.4961-651.1446-1326.945
sla 0 353.520620 153593 222 1299231 1310045 1390862 1207290 906744rat-351.1445-379.8789-653-1324.25
sla 0 354.150620 154062 216 1299605 1309788 1390209 1208904 905940rat-346.3828-372.918-644.7852-1334.281
summary05:52:15OCT 20/15 114.952 2.333 26sl 0-347-376-651-1328 3902 2206 1299056 906712 2 4 3 3 11 7 0 446.9
hk05:54:35 26 26 26 30.3 7.37-99-99
sla 0 354.890620 154130 209 1299418 1309837 1391310 1209544 907349rat-343.336-370.6914-645.9961-1329.707
sla 0 355.510620 153718 208 1298976 1309664 1390863 1208277 908127rat-346.5352-374.8438-649.2813-1321.113
sla 0 356.140620 153840 222 1299126 1310220 1391355 1207672 907422rat-349.336-379.0391-653.1758-1322.344
sla 0 356.770620 153645 226 1300696 1309794 1391668 1207711 906359rat-354.6797-377.4258-654.0547-1327.742
sla 0 357.40620 153886 216 1299282 1310713 1392926 1208318 906547rat-347.461-378.332-655.9024-1329.082
sla 0 358.020620 154105 216 1299609 1310629 1391833 1207374 908268rat-352.1367-381.582-655.8555-1317.031
sla 0 358.650620 154159 213 1299007 1310449 1390511 1208106 907109rat-347.2969-378.2149-648.7813-1325.5
summary05:56:46OCT 20/15 115.726 2.27 26sl 0-349-377-652-1325 3890 2201 1299445 907311.6 4 4 4 5 17 10 446.9 774.1
co05:58:59w2: Running w2 from menu line -200
hk06:09:01 26 26 26 30.3 7.37-99-99
co06:09:02hgfw2: HG FW#2 at step  0
hk06:11:06 26 26 26 31.6 7.68-99-99
hgscan 0narrow 296warm= 206:11:06OCT 20/15 414 445 492 485 520 3888 21345 41104 59590 68777 69672 67762 50175 31250 12375 1071 554 525 456 439 453 466 526 557 969 12304 32695 52950 71781 74828 74507 65284 44895 23527 5097 602 556 524 482 456
hg06:12:20 .9999 859.7347 860 144500 26 0
ap06:12:24 25 25.62 25 1380.82 15.17 5.05-15.14 23.87 1.95 32.79 0 0 4.88-8.03 .07 .05 25 25.62 25 1369.88 14.87 4.95-15.14 24.1 9.75 30.83 0 0 4.88-8.03 1.66 10.72
hk06:17:38 25 26 25 30.3 7.37-99-99
sla 0 377.950620 153238 198 1295031 1306196 1386798 1204202 903647rat-347.3242-377.7461-650.8828-1326.637
sla 0 378.580620 153201 208 1296170 1307940 1387885 1205175 905431rat-347.6641-380.1524-650.7969-1321.469
sla 0 379.20620 153640 215 1297229 1307642 1389503 1205552 905692rat-349.9649-377.7031-654.6953-1321.609
sla 0 379.830620 153751 221 1297781 1308558 1388909 1206032 905687rat-350.0977-379.0938-650.9493-1323.438
sla 0 380.460620 153840 224 1297378 1307379 1389662 1206837 904971rat-345.6524-371.9649-650.3946-1330.016
sla 0 381.090620 153891 208 1298064 1308661 1390830 1207012 906478rat-347.4102-375.7656-653.5781-1323.188
sla 0 381.710620 153849 221 1297237 1308477 1390001 1206435 905760rat-346.6719-377.293-653.0196-1324.594
summary06:19:49OCT 20/15 119.695 1.997 25sl 0-348-377-652-1324 3890 2200 1296984 905381 2 3 2 3 11 7 1094.7 893.8
hk06:22:04 26 26 26 29.7 7.21-99-99
dto3OCT 20/1506:27:38 26 0 2101883 36.76 36.37 37.04 37.01 36.73 1 796960.8 37.02 32.66 36.89 37.2 38.56 36.66 32.41 34.86 34.42 34.48    36.783 .3    35.516 2.1
hk06:27:40 26 26 26 30.3 7.37-99-99
rso3OCT 20/1506:30:57 26 230910 302 1948044 1964544 2086264 1812018 1358526 3613884 230550 301 1947379 1963321 2086443 1812040 1361408 3615902 1.0016 1.0033 1.0003 1.0006 .9999 1 .9979 .9994-.0314-.0351-.0612-.1251 .3689 .2082-9.179999E-02-.0313-.0348-.0612-.1242 .3662 .2069-.0912
hk06:31:05 26 26 26 30.3 7.37-99-99
sla 0 391.390620 154085 200 1299646 1305091 1390669 1208381 906097rat-348.4922-358.5391-648.2618-1331.516
sla 0 392.010620 153997 222 1297890 1310128 1391383 1207263 906243rat-346.543-380.2656-654.8086-1326.629
sla 0 392.640620 153827 234 1298592 1309861 1390447 1207547 907123rat-347.9414-378.2813-650.6758-1323.352
sla 0 393.270620 153787 218 1298993 1310179 1390504 1207957 906844rat-347.793-377.832-649.3165-1326.266
sla 0 393.90620 153539 219 1299226 1310305 1390275 1208211 906719rat-347.668-377.3281-647.6172-1327.82
sla 0 394.520620 153717 227 1299264 1309622 1391650 1208495 906679rat-346.7344-373.8906-651.0586-1329.098
sla 0 395.150620 153675 182 1299903 1309870 1390363 1207155 907406rat-353.9844-379.7617-651.8399-1320.426
summary06:33:16OCT 20/15 121.998 1.87 26sl 0-348-375-651-1326 3896 2205 1299073 906730.2 3 8 2 4 14 12 632 632
hk06:35:36 26 26 26 30.3 7.37-99-99
sla 0 395.90620 153794 218 1298522 1309367 1389228 1207788 906233rat-346.7735-375.6406-645.754-1328.656
sla 0 396.530620 153708 215 1297964 1308866 1390241 1207117 906875rat-347.3438-376.4297-651.6016-1322.949
sla 0 397.160620 153903 212 1298785 1310950 1390086 1207588 906227rat-348.4492-381.8945-649.3203-1327.926
sla 0 397.780620 153583 200 1299519 1309492 1391364 1208509 906475rat-347.5703-373.3672-650.0508-1330.133
sla 0 398.410620 153551 219 1299296 1309559 1387559 1208168 906961rat-348.0703-374.8906-638.8516-1326.473
sla 0 399.040620 153750 213 1298427 1309524 1391127 1207491 906725rat-347.5664-377.3203-653.1055-1325.086
sla 0 399.670620 153603 231 1298880 1309820 1391624 1207582 906822rat-348.8164-378.0039-654.4063-1324.977
summary06:37:47OCT 20/15 122.768 1.832 26sl 0-348-377-649-1327 3897 2203 1298770 906616.8 1 3 5 3 8 5 632 316
co06:39:59w2: Running w2 from menu line -200
hk06:50:02 26 26 26 31.6 7.68-99-99
co06:50:03hgfw2: HG FW#2 at step  0
hk06:52:07 26 26 26 31 7.52-99-99
hgscan 0narrow 296warm= 206:52:07OCT 20/15 401 446 469 492 554 3825 21396 41000 59595 68831 69776 67715 50130 31146 12357 1084 546 518 465 448 484 478 520 566 999 12384 32730 52812 72001 74586 74244 65000 44809 23480 5126 586 558 506 495 461
hg06:53:20 .9999 859.7471 860 144362 26 0
ap06:53:24 25 25.62 25 1380.82 15.17 5.05-15.14 23.99 1.95 32.79 0 0 4.86-8.03 .07 .05 25 25.62 25 1369.88 14.87 4.95-15.14 24.1 9.75 31.48 0 0 4.88-8.03 1.66 10.67
hk06:58:39 25 26 25 31 7.52-99-99
sla 0 418.960620 153208 206 1294673 1305724 1387510 1205333 903770rat-341.8086-371.8438-648.9649-1330.293
sla 0 419.590620 153512 223 1296146 1307250 1387929 1201303 904680rat-362.1719-392.3438-665.5352-1310.625
sla 0 420.210620 153595 216 1296010 1307021 1388357 1205013 905536rat-347.7149-377.5742-652.9571-1320.344
sla 0 420.840620 153423 207 1297771 1307233 1388649 1206136 904860rat-349.668-374.082-649.7031-1327.902
sla 0 421.470620 153726 207 1297382 1307755 1389495 1205234 904832rat-351.6914-379.293-655.8633-1324.66
sla 0 422.090620 153532 213 1297139 1308145 1389797 1207269 905981rat-343.2031-373.0039-649.2188-1326.621
sla 0 422.720620 153774 210 1297130 1307831 1389526 1206561 905910rat-345.8203-374.5703-650.9805-1324.313
summary07:00:50OCT 20/15 126.681 1.664 25sl 0-349-378-653-1324 3886 2199 1296607 905081.2 7 7 6 7 27 15 1094.7 774.1
hk07:03:05 26 26 26 30.3 7.37-99-99
dto3OCT 20/1507:08:39 26 0 2101432 37.81 36.65 36.74 37.28 37.59 1 796938.1 33.94 35.55 32.54 35.88 34.79 32.56 38.05 40.11 33.03 35.1    37.215 .5    35.155 2.4
hk07:08:41 26 26 26 30.3 7.37-99-99
rso3OCT 20/1507:11:57 26 230593 335 1947785 1964243 2085279 1810658 1357774 3615894 230687 311 1947586 1963196 2085136 1811593 1359455 3616585 .9996 1.0772 1.0001 1.0005 1.0001 .9995 .9987 .9998-.0317-.0354-.0613-.125 .3684 .2079-.0916-.0314-.0349-.0611-.1247 .3677 .2077-.0915
hk07:12:05 26 26 26 30.3 7.37-99-99
sla 0 432.390620 153617 206 1298820 1310505 1390788 1207261 906619rat-349.7969-381.5703-652.8477-1324.746
sla 0 433.020620 153515 224 1297634 1308576 1390776 1206380 906472rat-348.9688-378.1992-656.1406-1322.176
sla 0 433.640620 153727 208 1297834 1310343 1390387 1207282 906059rat-346.2695-380.9297-651.4571-1327.598
sla 0 434.270620 153731 224 1298093 1310022 1389506 1206746 905329rat-349.1992-381.8399-650.5821-1329.215
sla 0 434.90620 153754 207 1299277 1309433 1390638 1205250 906060rat-358.957-385.4063-659.9141-1319.953
sla 0 435.530620 153697 205 1299162 1309728 1390651 1208190 907027rat-347.5195-375.4024-648.9219-1326.199
sla 0 436.150620 153778 209 1299554 1309671 1390151 1207275 907389rat-352.3203-378.6211-650.711-1320.996
summary07:14:16OCT 20/15 128.933 1.583 26sl 0-350-380-653-1324 3888 2198 1298625 906422.2 4 3 4 4 14 6 774.1 706.6
hk07:16:35 26 26 26 30.3 7.37-99-99
sla 0 436.90620 154007 239 1299072 1308586 1390662 1208654 906709rat-345.4688-369.6875-647.2227-1329.566
sla 0 437.520620 153820 216 1295307 1310509 1392153 1207727 906855rat-335.7305-379.8516-655.5821-1325.336
sla 0 438.150620 154023 221 1299186 1308990 1388481 1207904 906771rat-348.6758-373.9063-642.8711-1326.422
sla 0 438.780620 154235 230 1298676 1310421 1389799 1203524 906794rat-363.3594-395.3477-663.668-1309.856
sla 0 439.40620 153757 210 1298641 1310496 1390507 1207422 905733rat-348.5742-380.9492-651.336-1329.734
sla 0 440.030620 154003 216 1299043 1309534 1390464 1208287 907560rat-346.7344-374.3594-647.9415-1323.965
sla 0 440.660620 153750 214 1298842 1308891 1391012 1208789 906198rat-344.1406-370.2422-647.8555-1332.57
summary07:18:46OCT 20/15 129.682 1.558 26sl 0-348-378-651-1325 3894 2201 1298395 906660 8 9 7 7 30 18 1340.7 632
co07:20:59w2: Running w2 from menu line -200
hk07:31:01 26 26 26 31 7.52-99-99
co07:31:03hgfw2: HG FW#2 at step  0
hk07:33:07 26 26 26 31 7.52-99-99
hgscan 0narrow 296warm= 207:33:07OCT 20/15 423 439 479 531 563 3818 21436 41141 59637 69088 69795 67860 50301 31238 12424 1088 548 537 487 445 452 487 539 556 996 12384 32501 52942 71844 74683 74644 64810 44813 23425 5144 592 558 505 509 442
hg07:34:20 .9999 859.7446 860 144478 26 0
ap07:34:24 25 25.62 25 1380.82 15.17 5.05-15.14 23.87 0 32.13 0 0 4.88-8.03 9.000001E-02 .05 25 25.62 25 1369.88 14.87 4.95-15.14 24.1 9.75 30.83 0 0 4.88-8.03 1.66 10.67
hk07:39:39 25 26 26 30.3 7.37-99-99
sla 0 459.950620 153326 221 1295143 1305153 1386732 1203527 903633rat-350.2578-376.6524-653.2031-1324.195
sla 0 460.580620 153471 224 1294993 1307275 1386394 1205325 904371rat-342.9766-377.2813-645.336-1327.301
sla 0 461.210620 153483 212 1296489 1306794 1386923 1206098 905192rat-345.3164-372.707-644.1719-1326.121
sla 0 461.840620 153759 218 1297001 1307333 1380732 1205024 904862rat-351.1485-378.6133-627.7891-1323.731
sla 0 462.460620 153734 213 1296247 1308383 1391048 1205724 905699rat-345.875-379.6406-659.129-1322.215
sla 0 463.090620 153726 210 1297500 1307641 1390147 1206899 905864rat-345.8477-372.6445-651.7578-1325.805
sla 0 463.720620 153868 224 1296576 1307924 1388963 1205010 905051rat-349.7149-380.7305-654.9649-1322.754
summary07:41:50OCT 20/15 133.462 1.448 25sl 0-347-377-648-1325 3891 2199 1296278 904953.2 3 3 10 2 8 7 893.8 706.6
hk07:44:04 26 26 26 31 7.52-99-99
dto3OCT 20/1507:49:38 26 0 2100434 36.52 39.51 39.72 37.1 36.83 1 796497 34.64 32.76 33.14 37.11 32.16 34.97 32.66 39.02 36.81 36.51    37.938 1.5    34.978 2.3
hk07:49:40 26 26 26 30.3 7.37-99-99
rso3OCT 20/1507:52:58 26 231018 341 1946977 1963876 2084859 1809819 1357664 3615770 230652 301 1946952 1964572 2086538 1810712 1359375 3616588 1.0016 1.1329 1 .9996 .9992 .9995 .9987 .9998-.0317-.0355-.0615-.1249 .3679 .2075-.0914-.0315-.0354-.0616-.1245 .367 .2071-.0911
hk07:53:05 26 26 26 30.3 7.37-99-99
sla 0 473.40620 153760 216 1298008 1334642 1390142 1206779 905567rat-348.7617-466.4688-652.5391-1328.156
sla 0 474.020620 153755 217 1298063 1308730 1390790 1207483 906715rat-346.3164-374.582-652.0313-1325.113
sla 0 474.650620 153501 222 1298231 1308942 1391636 1207245 905299rat-347.7969-376.2031-655.6953-1331.238
sla 0 475.280620 154087 214 1298114 1309343 1390909 1206358 906117rat-350.7149-380.9297-656.6406-1323.848
sla 0 475.910620 153714 215 1298549 1307588 1391004 1208126 906601rat-345.6094-368.1875-650.3165-1328.094
sla 0 476.530620 153482 233 1297990 1308305 1390919 1206703 905768rat-348.9961-376.0352-655.3906-1326.887
sla 0 477.160620 153441 210 1298782 1308755 1390529 1206893 906028rat-351.0469-376.8828-653.3828-1326.289
summary07:55:16OCT 20/15 135.612 1.394 26sl 0-348-388-654-1327 3898 2194 1298248 906013.6 2 35 2 2 9 34 0 547.4
hk07:57:36 26 26 26 30.3 7.37-99-99
sla 0 477.90620 153413 227 1298848 1309150 1391519 1206973 906071rat-350.9844-377.961-656.336-1326.399
sla 0 478.530620 153689 212 1298783 1308680 1390611 1207386 905144rat-349.1992-374.7617-651.8008-1332.52
sla 0 479.160620 154150 209 1297767 1309504 1390722 1206813 905992rat-347.793-379.7774-654.3125-1326.176
sla 0 479.790620 153748 224 1298370 1308433 1390552 1207531 906500rat-347.207-373.3633-651.0665-1326.375
sla 0 480.410620 153895 213 1297728 1308292 1390386 1203960 905500rat-358.3828-386.2969-663.9453-1317.879
sla 0 481.040620 153631 220 1297872 1308386 1389664 1207245 906209rat-346.543-374.2774-649.2266-1326.727
sla 0 481.670620 153747 214 1298206 1308969 1389116 1207008 906030rat-348.6016-377.1953-648.3165-1326.715
summary07:59:47OCT 20/15 136.322 1.378 26sl 0-350-378-654-1326 3894 2204 1298225 905921 4 4 5 4 17 9 446.9 446.9
co08:01:59w2: Running w2 from menu line -200
hk08:12:02 26 26 26 31 7.52-99-99
co08:12:04hgfw2: HG FW#2 at step  0
hk08:14:08 26 26 26 31 7.52-99-99
hgscan 0narrow 296warm= 2.00333308:14:08OCT 20/15 429 444 465 505 565 3854 21396 41045 59700 69045 69705 67966 50205 31391 12400 1091 549 515 489 462 451 499 514 543 957 12322 32775 53312 71872 74688 74700 65121 44804 23610 5028 616 557 528 474 500
hg08:15:22 .9999 859.7599 860 144393 26 0
ap08:15:27 25 25.62 25 1380.82 15.17 5.05-15.14 23.99 0 32.13 0 0 4.88-8.03 .07 .05 25 25.62 25 1369.88 14.87 4.95-15.14 24.1 9.75 31.48 0 0 4.88-8.03 1.66 10.67
hk08:20:41 25 26 26 30.3 7.37-99-99
sla 0 500.990620 153282 230 1294682 1305957 1385939 1203168 903932rat-350.0039-380.8203-651.961-1321.371
sla 0 501.620620 153168 217 1294748 1306962 1387592 1203920 903584rat-347.3906-381.4727-654.5586-1325.91
sla 0 502.250620 153544 203 1296520 1306450 1388766 1205517 904350rat-347.6055-373.6836-652.4063-1328.102
sla 0 502.870620 153977 233 1296455 1307495 1387595 1204587 904827rat-350.8789-380.832-652.0665-1322.281
sla 0 503.50620 153550 229 1296153 1307258 1387294 1205139 905027rat-347.7422-377.9219-648.9961-1323.363
sla 0 504.130620 153586 210 1296720 1307907 1389001 1205809 904116rat-347.211-377.6602-652.0821-1330.367
sla 0 504.750620 153184 215 1296785 1307583 1388784 1205928 905436rat-346.9844-376.0781-650.9219-1324.289
summary08:22:52OCT 20/15 139.858 1.304 25sl 0-348-378-652-1325 3892 2200 1296009 904467.4 2 3 2 3 12 8 893.8 632
hk08:25:07 26 26 26 30.3 7.37-99-99
dto3OCT 20/1508:30:40 26 0 2100502 36.67 37 37.2 36.52 37.36 1 796969.5 34.54 34.22 30.87 35.44 32.04 33.94 36.61 41.53 38.16 32.83     36.95 .4    35.017 3.1
hk08:30:42 26 26 26 29.7 7.21-99-99
rso3OCT 20/1508:33:59 26 230179 321 1945954 1971670 2084244 1809908 1357741 3615153 230294 309 1947173 1962895 2084528 1809261 1358796 3616810 .9995 1.0388 .9994 1.0045 .9999 1.0004 .9992 .9995-.0315-.0372-.0613-.1249 .3681 .2057-.0903-.0319-.0354-.0615-.1244 .3661 .2068-.0911
hk08:34:06 26 26 26 30.3 7.37-99-99
sla 0 514.420620 153681 216 1296658 1307965 1389576 1206985 905901rat-343.2617-373.7852-649.9102-1327.274
sla 0 515.040620 153605 210 1298132 1308538 1388995 1207242 906520rat-347.4649-374.8125-647.0352-1325.176
sla 0 515.670620 153819 224 1298249 1308772 1389304 1206646 905465rat-350.1133-377.8711-650.293-1328.16
sla 0 516.30620 153757 220 1297282 1309123 1389356 1207413 906575rat-343.8477-376.211-647.586-1325.555
sla 0 516.920620 153568 217 1298016 1309912 1390795 1206838 905366rat-348.5742-381.1094-654.4649-1329.367
sla 0 517.550620 154017 203 1297836 1309686 1390478 1206446 906812rat-349.4141-381.7813-654.8868-1320.734
sla 0 518.180620 153157 208 1297122 1308848 1389845 1205986 905586rat-348.6445-380.6055-654.543-1325.063
summary08:36:17OCT 20/15 141.818 1.269 26sl 0-347-378-651-1326 3896 2202 1297614 906032.2 3 3 3 3 10 6 632 547.4
hk08:38:37 26 26 26 30.3 7.37-99-99
sla 0 518.920620 153476 220 1298657 1309187 1391569 1208038 905979rat-346.3164-374.0781-652.4961-1330.848
sla 0 519.550620 153697 217 1298652 1309548 1390331 1207355 906672rat-348.8633-377.9102-651.0078-1324.848
sla 0 520.180620 153879 215 1298372 1309188 1389789 1208067 906000rat-345.211-373.9805-646.5469-1330.84
sla 0 520.80620 153554 215 1296978 1309137 1390236 1206076 906063rat-347.8008-381.2774-655.4922-1323.059
sla 0 521.430620 153656 218 1298132 1308110 1389377 1207345 906390rat-347.086-372.9453-647.9102-1326.199
sla 0 522.060620 153490 233 1296985 1310012 1390330 1206608 906534rat-345.836-382.3203-653.8086-1322.746
sla 0 522.680620 153844 223 1298493 1310686 1389849 1206207 907279rat-352.6133-386.1719-653.7305-1317.543
summary08:40:48OCT 20/15 142.457 1.258 26sl 0-348-378-652-1325 3893 2200 1298039 906416.8 3 5 3 5 17 12 632 446.9
co08:43:00w2: Running w2 from menu line -200
hk08:53:03 26 26 26 31 7.52-99-99
co08:53:04hgfw2: HG FW#2 at step  0
hk08:55:08 26 26 26 31 7.52-99-99
hgscan 0narrow 296warm= 208:55:08OCT 20/15 415 437 483 505 555 3842 21224 40905 59572 68873 69798 68009 50410 31194 12452 1084 587 529 473 451 471 496 501 535 954 12408 32482 52920 71500 74686 74655 65224 44887 23385 5028 589 520 524 493 478
hg08:56:21 .9999 859.7547 860 144484 26 0
ap08:56:25 25 25.62 25 1380.82 15.17 5.05-15.14 23.99 0 32.13 0 0 4.88-8.03 .07 .05 25 25.62 25 1369.88 14.87 4.95-15.14 24.1 9.75 30.83 0 0 4.88-8.03 1.66 10.72
hk09:01:39 26 26 26 30.3 7.37-99-99
sla 0 541.960620 153271 221 1293570 1305211 1385095 1202970 903140rat-347.5195-379.3008-650.2774-1325.856
sla 0 542.590620 153304 218 1296013 1301915 1387090 1204131 903859rat-351.7305-363.4297-652.4649-1326.664
sla 0 543.220620 153310 229 1294820 1305816 1387785 1204630 904164rat-345.6641-375.1641-652.879-1327.039
sla 0 543.850620 153724 231 1296127 1306540 1387116 1204525 904583rat-350.6485-378.0781-651.0821-1324.57
sla 0 544.470620 153736 218 1296280 1306467 1388404 1204744 904757rat-350.3633-377-654.4883-1324.516
sla 0 545.10620 153373 213 1296652 1307007 1387273 1205499 905505rat-348.8281-376.0391-647.9219-1323.649
sla 0 545.730620 153665 210 1296093 1306979 1388921 1204884 904523rat-349.1836-378.2539-655.6485-1326.191
summary09:03:50OCT 20/15 145.556 1.21 26sl 0-349-375-652-1325 3892 2204 1295651 904361.6 2 5 3 1 5 7 1094.7 774.1
hk09:06:05 26 26 26 29.7 7.21-99-99
dto3OCT 20/1509:11:38 26 0 2100642 37.3 37.61 36.29 37.23 36.86 1 796922.5 30.59 33.8 34.95 33.84 30.59 34.4 35.59 35.82 33.08 29.55    37.056 .5    33.221 2.2
hk09:11:40 26 26 26 29.7 7.21-99-99
rso3OCT 20/1509:14:57 26 230228 328 1944837 1962887 2083224 1807521 1357137 3614395 230417 310 1947511 1962707 2083885 1809665 1358480 3614747 .9992 1.0581 .9986 1.0001 .9997 .9988 .999 .9999-.0318-.0358-.0617-.1245 .3665 .2066-9.089999E-02-.0319-.0353-.0613-.1246 .3667 .2071-9.130001E-02
hk09:15:05 26 26 26 29.7 7.21-99-99
sla 0 555.390620 153661 237 1298785 1308706 1389872 1206682 904985rat-351.8594-377.5078-652.0313-1330.699
sla 0 556.010620 153465 222 1297712 1307970 1388855 1206052 905647rat-350.4688-377.3164-651.0508-1325.027
sla 0 556.640620 153882 222 1298461 1308303 1390255 1206232 905792rat-352.4141-377.7969-654.9766-1324.984
sla 0 557.270620 153546 214 1297203 1309184 1390220 1205429 906368rat-351.0195-383.875-657.8711-1319.117
sla 0 557.890620 153866 216 1297859 1308631 1390030 1207174 906573rat-346.7695-375.3906-650.6953-1324.656
sla 0 558.520620 153717 211 1298243 1308412 1389462 1206634 906023rat-350.1367-376.6563-650.8594-1325.344
sla 0 559.150620 153342 225 1297334 1308383 1388876 1206805 905900rat-346.3125-375.918-648.2891-1326.609
summary09:17:16OCT 20/15 147.203 1.188 26sl 0-350-378-652-1325 3891 2201 1297942 905898.4 2 3 3 3 11 7 446.9 446.9
hk09:19:35 26 26 26 30.3 7.37-99-99
sla 0 559.890620 153622 223 1297368 1307923 1389636 1207129 905576rat-345.2149-373.1016-649.5743-1329.426
sla 0 560.520620 153771 213 1298302 1309357 1389333 1206777 907015rat-349.8047-379.4063-649.8868-1320.981
sla 0 561.150620 153950 205 1298086 1308216 1389344 1207335 906407rat-346.9531-373.3438-647.8321-1326.066
sla 0 561.770620 153731 205 1298139 1308062 1390476 1206677 905878rat-349.6055-375.2735-654.0118-1326.223
sla 0 562.40620 153315 220 1297947 1309129 1390144 1207669 906482rat-345.2227-375.2695-649.2188-1326.969
sla 0 563.030620 153998 210 1298433 1309149 1390511 1206404 906683rat-351.668-380.086-655.1602-1321.211
sla 0 563.660620 153861 227 1298198 1308860 1390244 1207236 906381rat-347.7227-375.957-651.1719-1325.856
summary09:21:46OCT 20/15 147.724 1.181 26sl 0-348-376-651-1325 3893 2202 1298068 906346 2 3 3 3 12 7 446.9 446.9
co09:23:59w2: Running w2 from menu line -200
hk09:34:01 26 26 26 31.6 7.68-99-99
co09:34:03hgfw2: HG FW#2 at step  0
hk09:36:07 26 26 26 30.3 7.37-99-99
hgscan 0narrow 296warm= 2.00166709:36:07OCT 20/15 421 435 466 509 536 3801 21426 41113 59643 69069 69817 67934 50238 31254 12552 1049 565 526 470 455 430 480 553 555 978 12435 32457 52691 71945 74556 74518 64857 44704 23501 5030 640 554 501 502 455
hg09:37:19 .9999 859.7464 860 144373 26 0
ap09:37:24 25 25.62 25 1380.82 15.17 5.05-15.14 23.99 0 32.13 0 0 4.88-8.03 .07 .05 25 25.62 25 1369.88 14.87 4.95-15.14 24.1 9.75 30.83 0 0 4.88-8.03 1.66 10.67
hk09:42:38 26 26 26 30.3 7.37-99-99
sla 0 582.940620 153077 216 1293648 1305512 1386560 1203326 903291rat-346.461-379.0078-653.7578-1326.445
sla 0 583.570620 153216 208 1295013 1306806 1386827 1204544 904018rat-346.668-378.9258-650.0469-1327.418
sla 0 584.190620 153290 219 1295370 1306658 1386719 1204079 903931rat-349.6641-380.168-651.4453-1326.106
sla 0 584.820620 153317 192 1294881 1302875 1388511 1205365 904135rat-343.1094-362.1328-652.4961-1329.899
sla 0 585.450620 153494 229 1296004 1307402 1387848 1204895 904561rat-348.832-379.6914-652.0938-1326.066
sla 0 586.070620 153256 215 1296442 1307361 1388136 1205295 904976rat-348.8594-378.0352-651.5313-1325.496
sla 0 586.70620 153753 221 1296805 1306896 1387736 1204906 904554rat-351.5938-377.8828-651.6836-1326.137
summary09:44:49OCT 20/15 150.114 1.152 26sl 0-348-377-652-1327 3898 2205 1295452 904209.4 3 6 1 2 7 9 1094.7 547.4
hk09:47:03 26 26 26 30.3 7.37-99-99
dto3OCT 20/1509:52:37 26 0 2100155 37.68 37.11 37.65 37.52 37.41 1 795759.5 35.22 36.11 36.55 37.74 34.95 33.21 35.44 34.97 34.2 37.6    37.474 .2    35.598 1.4
hk09:52:39 26 26 26 29.7 7.21-99-99
rso3OCT 20/1509:55:56 26 230404 321 1946518 1962721 2084191 1810336 1357640 3611529 230601 305 1947163 1962113 2085211 1810118 1359341 3615255 .9991 1.0525 .9997 1.0003 .9995 1.0001 .9987 .999-.0315-.0351-.0612-.125 .3685 .208-.0917-.0317-.035-.0615-.1244 .3664 .2072-9.130001E-02
hk09:56:03 26 26 26 30.3 7.37-99-99
sla 0 596.360620 153576 234 1297406 1309252 1389876 1207493 906272rat-343.9883-376.3555-649-1327.363
sla 0 596.990620 153602 226 1296863 1309359 1388830 1206964 905813rat-344.0547-378.711-647.5391-1327.641
sla 0 597.610620 153522 215 1297237 1308831 1388501 1206268 905329rat-347.9844-379.4922-649.0743-1327.41
sla 0 598.240620 154065 219 1298737 1309279 1390115 1206327 905562rat-353.0235-380.832-654.1524-1326.481
sla 0 598.870620 153656 211 1297605 1309197 1390370 1206727 906206rat-347.5586-379.043-653.4922-1324.789
sla 0 599.50620 153735 210 1298495 1309665 1390085 1206792 904815rat-350.4219-380.4219-652.3008-1331.918
sla 0 600.120620 153665 219 1298620 1307347 1389462 1208285 907230rat-345.2578-366.75-644.6524-1325.586
summary09:58:14OCT 20/15 151.257 1.139 26sl 0-347-377-650-1327 3900 2204 1297852 905889.6 3 5 3 2 7 4 632 706.6
hk10:00:33 26 26 26 30.3 7.37-99-99
sla 0 600.870620 153836 213 1297043 1308355 1390389 1206724 906217rat-345.586-376.1172-653.5547-1324.731
sla 0 601.490620 153756 218 1298222 1309503 1389810 1207863 906586rat-345.457-375.8438-647.3868-1327.184
sla 0 602.120620 153981 226 1297191 1307791 1391337 1207109 905738rat-344.6719-372.7266-655.2344-1328.555
sla 0 602.750620 154180 228 1298745 1309305 1389295 1206822 906802rat-351.1992-379.0625-649.6055-1322.219
sla 0 603.380620 153693 229 1297746 1309010 1389697 1207402 905998rat-345.5078-375.8516-648.7461-1328.383
sla 0 6040620 153833 216 1298060 1308307 1389930 1206737 906135rat-349.1094-375.9141-652.004-1325.18
sla 0 604.630620 153582 205 1298044 1309190 1390396 1206532 905201rat-349.8242-379.7461-654.3008-1329.02
summary10:02:44OCT 20/15 151.594 1.135 26sl 0-347-376-652-1326 3897 2204 1297865 906096.8 3 2 3 3 10 6 632 547.4
co10:04:57w2: Running w2 from menu line -200
co12:30:34pdaphgslslsl: Running pdaphgslslsl from menu line -200
ap12:30:38 20.63 21.88 20.63 1380.82 15.17 5.05-15.14 23.87 0 35.4 0 0 4.88-8.03 9.000001E-02 .05 20.63 21.56 20.63 1369.88 14.87 4.95-15.14 24.1 0 34.09 0 0 4.88-8.03 1.66 10.67
hk12:30:53 21 23 21 34.2 7.01-99-99
co12:30:56hgfw2: HG FW#2 at step  0
hk12:32:58 21 23 21 34.2 7.01-99-99
hgscan 0narrow 296warm= 212:32:58OCT 20/15 278 296 306 320 346 2755 13123 24398 34932 39877 40245 38922 28370 17285 6442 572 380 347 331 308 288 335 350 376 558 6592 18812 31430 43464 45765 46004 41204 28829 15756 3981 415 382 361 360 336
hg12:34:11 .9994 859.0923 859 86010 21-1
hk12:39:16 21 22 22 32.9 6.37-99-99
sla 0 759.580620 155553 116 1307876 1318844 1400211 1215618 911501rat-346.6758-377.4297-650.5821-1325.258
sla 0 760.210620 155515 125 1308833 1319496 1401864 1216879 912986rat-345.2969-374.9727-651.2735-1322.68
sla 0 760.840620 155434 125 1310386 1320144 1402454 1217767 913177rat-347.3906-373.9102-649.8868-1325.047
sla 0 761.460620 155110 120 1311179 1321756 1403383 1219355 914766rat-344.2305-373.5469-647.004-1323.149
sla 0 762.090620 155302 129 1311822 1323078 1404117 1219258 914356rat-346.8281-378.4727-649.7461-1324.813
sla 0 762.720620 155069 128 1312705 1322714 1404356 1219256 914024rat-349.8945-377.2188-650.5352-1326.43
sla 0 763.340620 155211 117 1311726 1323003 1404297 1219360 914815rat-346.1133-377.8281-649.9531-1322.934
summary12:41:27OCT 20/15 145.758 1.207 21sl 0-347-376-650-1324 3891 2200 1310647 913660.8 2 2 1 1 3 3 1672.2 1182.4
hk12:43:47 22 22 22 32.9 6.37-99-99
sla 0 764.090620 155754 125 1312819 1322489 1404983 1220246 915052rat-347.3008-373.1133-649.254-1326.379
sla 0 764.720620 155508 123 1312521 1324265 1404811 1219846 915280rat-347.7578-380.7149-650.1836-1323.77
sla 0 765.340620 155915 122 1312586 1323225 1405729 1220651 915379rat-344.9883-374.1367-650.168-1326.281
sla 0 765.970620 155593 131 1312349 1324197 1405248 1219866 914556rat-347.086-380.4024-651.5352-1327.399
sla 0 766.60620 155163 127 1312890 1323959 1405593 1220900 914422rat-345.1172-375.7422-648.8047-1331.902
sla 0 767.220620 155770 134 1312130 1324147 1407124 1220388 915775rat-344.3789-378.2852-655.6758-1323.387
sla 0 767.850620 155540 114 1313466 1324189 1405788 1221341 915082rat-345.4688-374.8867-647.7891-1330.289
summary12:45:58OCT 20/15 145.18 1.216 22sl 0-346-377-650-1327 3901 2204 1312680 915078 1 3 3 3 10 6 446.9 547.4
hk12:48:17 22 22 22 33.5 6.5-99-99
sla 0 768.60620 155582 137 1313603 1324762 1405684 1221098 915358rat-346.8594-377.7695-648.3711-1328.059
sla 0 769.230620 155836 127 1313039 1324789 1406294 1220354 916343rat-347.6602-380.6172-653.1094-1320.465
sla 0 769.850620 155474 128 1313059 1323388 1406482 1220644 915846rat-346.6524-374.7305-652.6406-1323.973
sla 0 770.480620 155862 125 1314110 1324425 1406241 1219907 916167rat-353.0391-381.0352-654.6055-1319.66
sla 0 771.110620 155559 125 1314053 1324779 1406404 1221328 916135rat-347.5508-376.961-649.8399-1325.102
sla 0 771.730620 155703 124 1314813 1324541 1406698 1221172 916325rat-350.7735-376.7305-651.3906-1323.582
sla 0 772.360620 155752 125 1313970 1325507 1406655 1220728 915941rat-349.4883-381.6914-652.8828-1323.828
summary12:50:28OCT 20/15 144.589 1.224 22sl 0-349-379-652-1324 3886 2197 1313807 916016.4 2 3 2 3 11 6 632 316
co19:27:20te: Running te from menu line -200
hk19:27:21 21 22 21 34.2 6.62-99-99
co19:27:47pdaphgslsldtrsdths: Running pdaphgslsldtrsdths from menu line -200
ap19:27:50 20.31 21.25 20.63 1380.82 15.17 5.05-15.14 23.99 0 35.4 0 0 4.88-8.03 .07 .05 20.31 21.25 20.63 1369.88 14.87 4.98-15.14 24.1 0 34.75 0 0 4.88-8.03 1.66 10.67
hk19:28:04 21 22 21 34.2 6.62-99-99
co19:28:08hgfw2: HG FW#2 at step  0
hk19:30:10 21 22 21 33.5 6.5-99-99
hgscan 0narrow 296warm= 219:30:10OCT 20/15 282 309 298 325 379 2344 11586 23284 34089 39684 40263 39783 29922 18324 7443 739 383 343 328 313 299 329 360 388 695 7957 19837 32865 44334 45979 45789 40070 28119 14572 3228 420 375 359 334 323
hg19:31:24 .9999 859.887 860 86242 21 0
hk19:36:29 21 22 22 33.5 6.5-99-99
sla 0 1176.80620 156037 100 1314116 1323012 1406298 1220412 915406rat-350.4844-373.9453-652.5391-1323.91
sla 0 1177.430620 155683 105 1315629 1327028 1408939 1223204 917588rat-345.3516-377.375-650.7422-1323.617
sla 0 1178.050620 156121 119 1317213 1327533 1408774 1222761 917648rat-352.4844-380.7578-651.8633-1321.691
sla 0 1178.680620 156210 109 1317274 1327480 1409328 1223669 918843rat-349.3242-377.207-650.2891-1319.215
sla 0 1179.310620 156080 127 1317791 1328432 1410585 1224212 917773rat-349.1016-378.4649-652.3516-1326.473
sla 0 1179.930620 156200 110 1317849 1328847 1410721 1223543 918228rat-351.7774-382.3633-655.2656-1321.746
sla 0 1180.560620 156151 112 1316154 1327855 1410486 1224533 914938rat-342.2461-375.293-650.8399-1341.516
summary19:38:40OCT 20/15 78.241 4.584 21sl 0-349-378-652-1325 3893 2201 1316575 917203.4 4 3 2 7 27 14 1340.7 1448.2
hk19:41:00 22 22 22 33.5 6.5-99-99
sla 0 1181.310620 155936 113 1316916 1329021 1409898 1224543 918680rat-345.5352-379.6016-649.2578-1324.566
sla 0 1181.930620 156290 123 1317968 1328751 1410340 1225005 918898rat-347.4649-376.9727-648.9844-1325.223
sla 0 1182.560620 156092 120 1317877 1328456 1412094 1224989 918240rat-347.2031-376.0117-654.7188-1328.375
sla 0 1183.190620 156412 115 1317248 1329115 1407299 1225900 918607rat-341.6602-374.9024-635.8047-1329.949
sla 0 1183.820620 156345 112 1319372 1328988 1410237 1224633 918426rat-353.6836-379.1445-650.0196-1326.137
sla 0 1184.440620 156194 115 1317271 1328820 1411340 1225108 918027rat-344.6758-376.8203-651.8281-1329.848
sla 0 1185.070620 155909 124 1318174 1328615 1410469 1225447 919489rat-346.5352-374.8672-647.7578-1323.973
summary19:43:11OCT 20/15 77.621 4.386 22sl 0-347-377-648-1327 3899 2203 1317832 918623.8 4 2 6 3 10 5 774.1 316
hk19:45:26 22 22 22 32.9 6.37-99-99
dto3OCT 20/1519:51:00 22 0 2131392 37.45 37.81 37.66 38.04 37.32 1 808415.1 38.91 33.45 35.06 34.05 32.92 36.73 33.64 35.76 39.21 40.18    37.654 .3    35.991 2.6
hk19:51:02 22 23 23 33.5 6.88-99-99
rso3OCT 20/1519:54:20 22 234518 179 1976632 1993022 2116585 1838086 1377853 3667133 234831 153 1978218 1992582 2117248 1837356 1378762 3668738 .9987 1.1699 .9992 1.0002 .9997 1.0004 .9993 .9996-.0316-.0351-.0613-.1252 .369 .2083-9.179999E-02-.0321-.0352-.0616-.1247 .367 .2076-.0915
hk19:54:22 23 23 23 32.9 6.75-99-99
dto3OCT 20/1519:59:56 23 0 2130518 37.76 37.53 38.56 36.88 38.15 1 808880.6 37.83 35.47 36.71 38.41 33.59 30.14 34.91 36.87 38.55 36.64    37.777 .6    35.914 2.6
co19:59:56hs: Running hs from menu line -200
hk20:00:12 23 23 23 33.5 6.88-99-99