 3080.822 
2492           95
2502           95
2512           95
2522          117
2532          123
2542          100
2552          114
2562          175
2572          293
2582          496
2592          693
2602          847
2612         1051
2622         1233
2632         1388
2642         1396
2652         1345
2662         1295
2672         1120
2682          922
2692          714
2702          524
2712          356
2722          184
2732          161
2742           98
2752           99
2762           96
2772           92
2782           99
2792          100
2792           93
2782           97
2772          116
2762          120
2752          110
2742          113
2732          119
2722          198
2712          339
2702          533
2692          730
2682          888
2672         1133
2662         1255
2652         1373
2642         1400
2632         1392
2622         1217
2612         1053
2602          836
2592          682
2582          473
2572          305
2562          178
2552          129
2542          101
2532           99
2522          116
2512          117
2502           89
2492           97
eof
005 mkii
slit  5 
ZERO  4269 
CalStep 159
TE  30 
ND  0
LAMP Cd
PORT U
MODE o3
