 3499.952 
7642          275
7652          259
7662          260
7672          273
7682          256
7692          246
7702          258
7712          327
7722          670
7732         1131
7742         1532
7752         2394
7762         3036
7772         3705
7782         4211
7792         4623
7802         4894
7812         4487
7822         3880
7832         3379
7842         2852
7852         1958
7862         1263
7872          789
7882          497
7892          263
7902          239
7912          243
7922          248
7932          243
7942          229
7942          246
7932          235
7922          251
7912          253
7902          235
7892          245
7882          397
7872          872
7862         1276
7852         1931
7842         2629
7832         3286
7822         4067
7812         4421
7802         4853
7792         4752
7782         4152
7772         3743
7762         3049
7752         2361
7742         1756
7732         1030
7722          608
7712          332
7702          262
7692          249
7682          262
7672          259
7662          267
7652          282
7642          270
eof
202 mkiii
slit  4 
ZERO  2469 
CalStep 286
TE  35 
ND  0 
