0            
-.21       
-1.1       
-1.7       
-2.1       
0            
.3451        
2.35         
1.15       
3947         
4075         
.000000030    
295          
76           
1793         
0            
5000         
10000        
15000        
20000        
25000        
2816         
mkii        
2           
0            
0            
0            
0            
0            
0            
0            
2380         
0            
0            
0            
0            
0            
0            
0            
0            
0            
0            
3469         
75           
0.4            
0            
256          
0            
0            
40           
1999
01/07/2019
