version=2dh270319Izana 28.3081  16.4992 2.857833pr770
co10:49:06dh: day header
co10:49:06main: version 4.1024/06/2014 01:00:00
co10:49:06skc: 
co10:49:06autohg:  1 
co10:49:06hifw2:  0 
co10:49:06attn:  35000  120000 
co10:49:06lowds:  1 
co10:49:06cubdsp:  0 

inst0000000.3412.351.1495162080.000000027102014242304370102501415021800264002972mkiii1000000000242-3770740802817825260.99538.21733250.46425600-202194Feb 14/18EXTRAS10035000120000110003-26-2019@
disp2856.870.0771218-7.86901e-072896.970.0760831-7.65522e-072933.990.075073-7.41321e-0729690.0743984-7.59213e-073004.30.0730608-7.07857e-072823.940.0777556-7.77166e-074285.310.115683-1.18035e-064345.460.114125-1.14828e-064400.980.11261-1.11198e-064453.490.111598-1.13882e-064506.450.109591-1.06179e-064235.90.116633-1.16575e-06lunmay 20/13173310182422@
zeni-0.006400-0.0196800.0165400.1665220.280198-0.061343-0.4894390.455409-0.045242June 27/02@
op_st185c:\Brw#185\bdata185\icf04518zsf17802dcf14013uvr11718270319Izana28.308116.49927702.857833-6-714661111110110110111menuo3@
uvr2865          4806.8462870          4814.5362875          4822.0782880          4829.4662885          4836.6942890          4843.7572895          4850.6492900          4857.3652905          4864.0562910          4870.7862915          4877.4182920          4883.8162925          4889.8432930          4895.3632935          4900.2382940          4904.9322945          4909.7872950          4914.4792955          4918.6882960          4922.0922965          4924.3702970          4925.2012975          4925.1682980          4925.0802985          4924.9612990          4924.8312995          4924.7123000          4924.6253005          4924.5913010          4926.5463015          4931.7783020          4939.3433025          4948.2923030          4957.6813035          4966.5613040          4973.9883045          4980.1953050          4986.1143055          4991.8423060          4997.4763065          5003.1133070          5008.8523075          5014.7893080          5021.7013085          5029.7643090          5038.1703095          5046.1133100          5052.7853105          5057.3803110          5059.0913115          5058.9343120          5058.5303125          5057.9773130          5057.3743135          5056.8213140          5056.4173145          5056.2603150          5058.0643155          5062.7903160          5069.4073165          5076.8833170          5084.1883175          5090.2923180          5094.1623185          5096.5353190          5098.7743195          5100.7963200          5102.5163205          5103.8483210          5104.7103215          5105.0163220          5104.8253225          5104.3323230          5103.6573235          5102.9223240          5102.2473245          5101.7543250          5101.5633255          5102.3853260          5104.5823265          5107.7493270          5111.4813275          5115.3743280          5119.0243285          5122.0253290          5124.7643295          5127.7403300          5130.7113305          5133.4393310          5135.6833315          5137.2063320          5137.7673325          5137.6063330          5137.1763335          5136.5533340          5135.8123345          5135.0303350          5134.2833355          5133.6473360          5133.1153365          5132.6143370          5132.1283375          5131.6393380          5131.1293385          5130.5823390          5129.9793395          5129.3473400          5128.7043405          5128.0213410          5127.2693415          5126.4203420          5125.4433425          5124.3123430          5122.5553435          5119.9633440          5116.8953445          5113.7113450          5110.7693455          5108.4313460          5107.0563465          5106.3083470          5105.6283475          5105.0313480          5104.5363485          5104.1613490          5103.9233495          5103.8393500          5103.9293505          4996.7313510          4990.8643515          4985.4873520          4980.6803525          4976.5203530          4973.0873535          4970.3883540          4968.2363545          4966.4123550          4964.6993555          4962.8783560          4960.7343565          4958.0463570          4954.5043575          4950.0773580          4944.9773585          4939.4143590          4933.5973595          4927.7393600          4922.0483605          4916.4413610          4910.6973615          4904.8213620          4898.8163625          4892.6863630          4886.4353635          4880.068@
co10:49:06td: Time correction  0 seconds
co10:49:06td: Date changed from 26/03/19 to 27/03/19
co10:49:20pdcn: Running pdcn from menu line -200
co10:49:25pdcn: HOME key pressed
co10:53:47skc: Starting schedule o308619a
co10:53:47td: Running td from o308619a line -46.14
co10:53:48td: Time correction  0 seconds
co10:53:49ux: Running ux from o308619a line -46.14
hk10:53:53 18 18 18 13.2 2.02-99-38
co10:54:28ux: UV extended  scan started
co11:00:06ux: UV extended  scan finished, incident DUV = -2.060624E-03 mW/m^2
hk11:00:11 17 18 17 7.3 1.12-99-38
co11:01:22hp: HOME key pressed
co11:01:26hp: Aborted
co11:01:42hp: Going to menu
co11:02:42tdpdhphgsldtrsappdw4w4w422: Running tdpdhphgsldtrsappdw4w4w422 from menu line -200
co11:02:49td: Running td from menu line -200
co11:02:50td: Time correction  0 seconds
hk11:02:56 17 18 17 12.9 1.98-99-38
hpscan11:03:18 0 72252 10 104474 20 137967 30 170633 40 202246 50 227445 60 238532 70 241570 80 241339 90 242027 100 240183 110 226408 120 198188 130 166912 140 135532 150 103083 160 68809
hp11:04:12 .9956099 249308.9 79.6 17
hk11:04:34 17 18 17 8.2 1.26-99-38
co11:04:36hgfw2: HG FW#2 at step  0
co11:05:16hg: DEL key pressed
co11:05:16hg: DEL key pressed
hk11:05:24 17 18 17 12.9 1.98-99-38
hgscan 0wide 296warm= .691666711:05:24MAR 27/19 257 459 1312 8320 18151 27134 35964 44647 54281 60186 61439 56943 47987 38766 29680 20289 10193 2303 270 101 116 256 2291 10741 21510 31707 42218 52713 64056 69181 69098 63086 52100 42679 32475 21882 10404 1727 563 336
hg11:06:49 .9985 1019.245 1019 130620 17-1
hk11:07:04 17 18 17 6.4 .98-99-38
sla 0 667.390620 653301 197 728927 838147 1024071 1128359 1243018rat 1940.762 1322.649 432.4844 432.7969
sla 0 668.070620 661231 210 737203 848623 1036975 1140473 1256979rat 1938.563 1315.289 424.4024 435.1367
sla 0 668.750620 665219 215 741474 853792 1042364 1148519 1264462rat 1944.434 1319.774 432.7227 430.3242
sla 0 669.420620 666645 211 743749 856280 1044730 1150434 1268102rat 1938.316 1314.301 430.0547 435.7578
sla 0 670.10620 667621 202 744235 856520 1046636 1151827 1269495rat 1940.816 1318.453 427.3399 435.2696
sla 0 670.780620 668285 214 745013 857915 1047062 1152818 1270924rat 1940.07 1315.102 429.3789 436.4688
sla 0 671.450620 668501 214 745669 857112 1048076 1152556 1270810rat 1935.152 1318.238 424.043 437.086
summary11:09:25MAR 27/19 82.259 6.407 17sl 0 1940 1318 429 435 549 364 740895.8 1263399 3 3 4 2 10 5 6000.1 10230.2
hk11:11:52 17 18 18 6.4 .98-99-38
dto3MAR 27/1911:18:01 17 0 1708075 29.02 29.66 29.97 27.45 30.91 1 719433.3 31.86 29.75 27.92 33.85 24.08 30.89 25.72 25.27 31 25.1    29.401 1.3    28.543 3.4
hk11:18:05 17 18 18 6.8 1.05-99-38
rso3MAR 27/1911:22:03 17 1005144 312 1121513 1289040 1573773 1731328 1908721 2945250 1004429 234 1119737 1288781 1574093 1732073 1909781 2944120 1.0007 1.3333 1.0015 1.0001 .9997 .9995 .9994 1.0004 .1886 .1281 .0414 .0424 .053 .0354-.0174 .1895 .1284 .0415 .0424 .0537 .0355-.0175
ap11:22:03 16.82 18.24 18.05 1120.68 12.04 5.05-11.65 24.24 0 13.5 17.67-37.77 5-4.55 0 0 0 0 .01 .02 7.16 1.1 .02 .03 16.72 18.24 18.05 1120.68 12.02 5.04-11.65 23.78 .91 13.78 17.67-37.77 4.99-4.55 1.67 10.52 .35 13.93 1.61 .66 12.89 1.98 .06 .08
co11:22:42w4: Running w4 from menu line -200
co11:22:47w4: HOME key pressed
co11:22:47w4: Going to menu
co11:23:33cjpdcn: Running cjpdcn from menu line -200
co11:23:36cjpdcn: HOME key pressed
co11:23:49b2cjpd: Running b2cjpd from menu line -200
co11:23:50b2: Running b2 from menu line -200
co11:23:50cj: Running cj from menu line -200
hk11:24:05 17 18 18 12.9 1.97-99-38
co11:24:26cj: CJ scan started at 11:24:26
hk11:28:23 17 18 18 12.7 1.95-99-38
co11:28:23cj: Stitching FW2 to position  64
co11:28:26cj: CJ scan started at 11:28:26
co11:34:39cj: Still doing CJ
co11:37:00cj: CJ scan finished at 11:37:00
co11:39:10tdpdhphgrssldtappdw4w4w422: Running tdpdhphgrssldtappdw4w4w422 from menu line -200
co11:39:17td: Running td from menu line -200
co11:39:18td: Time correction  0 seconds
hk11:39:23 17 18 18 12.9 1.98-99-38
hpscan11:39:45 0 72515 10 104419 20 137670 30 170790 40 202564 50 226894 60 238674 70 240942 80 241777 90 241670 100 238945 110 226567 120 198426 130 166248 140 134383 150 100289 160 66789
hp11:40:41 .9957272 249175.8 79.6 17
hk11:41:03 17 18 18 6.7 1.03-99-38
co11:41:05hgfw2: HG FW#2 at step  0
co11:42:35hg: DEL key pressed
hk11:42:43 17 18 18 6.7 1.03-99-38
hgscan 0wide 296warm= 1.52166711:42:43MAR 27/19 325 603 1360 10845 25616 39362 52350 65609 79540 89997 91772 86680 72728 59305 45477 31827 17087 4519 451 169 166 417 4383 17060 32369 46485 61000 75438 89928 95494 94498 83729 69199 55910 42268 27599 11990 1558 686 398
hg11:44:08 .9985 1020.582 1021 187266 17 1
hk11:44:15 17 18 18 7.2 1.1-99-38
co11:44:35rs: HOME key pressed
co11:44:52rs: Going to menu
co13:15:50zepd: Running zepd from menu line -200
co13:15:58ze: Running ze from menu line -200
co13:17:02ze: Zenith discrepancy =  0
co13:17:15zepd: Running zepd from menu line -200
co13:18:20ze: Zenith discrepancy =  0
co13:18:41mm: Running mm from menu line -200
co13:18:51mm: Running mm from menu line -200
co13:19:47re: Running re from menu line -200
co13:22:17re: Zenith discrepancy =  1170
co16:26:07start:  PROGRAM start :  MAR 27/19 at 16:25:58
co16:26:07ic: Running ic from menu line -200
co16:26:29const: constants
co16:26:29main: version 4.1024/06/2014 01:00:00
co16:26:29skc: 
co16:26:29autohg:  1 
co16:26:29hifw2:  0 
co16:26:29attn:  35000  120000 
co16:26:29lowds:  1 
co16:26:29cubdsp:  0 

inst0000000.3412.351.1495162080.000000027102014242304370102501415021800264002972mkiii1000000000242-3770740802817825260.99538.21733250.46425600-202194Feb 14/18EXTRAS10035000120000110003-26-2019@
disp2856.870.0771218-7.86901e-072896.970.0760831-7.65522e-072933.990.075073-7.41321e-0729690.0743984-7.59213e-073004.30.0730608-7.07857e-072823.940.0777556-7.77166e-074285.310.115683-1.18035e-064345.460.114125-1.14828e-064400.980.11261-1.11198e-064453.490.111598-1.13882e-064506.450.109591-1.06179e-064235.90.116633-1.16575e-06lunmay 20/13173310182422@
zeni-0.006400-0.0196800.0165400.1665220.280198-0.061343-0.4894390.455409-0.045242June 27/02@
op_st185c:\Brw#185\bdata185\icf04518zsf17802dcf14013uvr11718270319Izana28.308116.49927702.696889-6-714661101110110110111menuo3@
uvr2865          4806.8462870          4814.5362875          4822.0782880          4829.4662885          4836.6942890          4843.7572895          4850.6492900          4857.3652905          4864.0562910          4870.7862915          4877.4182920          4883.8162925          4889.8432930          4895.3632935          4900.2382940          4904.9322945          4909.7872950          4914.4792955          4918.6882960          4922.0922965          4924.3702970          4925.2012975          4925.1682980          4925.0802985          4924.9612990          4924.8312995          4924.7123000          4924.6253005          4924.5913010          4926.5463015          4931.7783020          4939.3433025          4948.2923030          4957.6813035          4966.5613040          4973.9883045          4980.1953050          4986.1143055          4991.8423060          4997.4763065          5003.1133070          5008.8523075          5014.7893080          5021.7013085          5029.7643090          5038.1703095          5046.1133100          5052.7853105          5057.3803110          5059.0913115          5058.9343120          5058.5303125          5057.9773130          5057.3743135          5056.8213140          5056.4173145          5056.2603150          5058.0643155          5062.7903160          5069.4073165          5076.8833170          5084.1883175          5090.2923180          5094.1623185          5096.5353190          5098.7743195          5100.7963200          5102.5163205          5103.8483210          5104.7103215          5105.0163220          5104.8253225          5104.3323230          5103.6573235          5102.9223240          5102.2473245          5101.7543250          5101.5633255          5102.3853260          5104.5823265          5107.7493270          5111.4813275          5115.3743280          5119.0243285          5122.0253290          5124.7643295          5127.7403300          5130.7113305          5133.4393310          5135.6833315          5137.2063320          5137.7673325          5137.6063330          5137.1763335          5136.5533340          5135.8123345          5135.0303350          5134.2833355          5133.6473360          5133.1153365          5132.6143370          5132.1283375          5131.6393380          5131.1293385          5130.5823390          5129.9793395          5129.3473400          5128.7043405          5128.0213410          5127.2693415          5126.4203420          5125.4433425          5124.3123430          5122.5553435          5119.9633440          5116.8953445          5113.7113450          5110.7693455          5108.4313460          5107.0563465          5106.3083470          5105.6283475          5105.0313480          5104.5363485          5104.1613490          5103.9233495          5103.8393500          5103.9293505          4996.7313510          4990.8643515          4985.4873520          4980.6803525          4976.5203530          4973.0873535          4970.3883540          4968.2363545          4966.4123550          4964.6993555          4962.8783560          4960.7343565          4958.0463570          4954.5043575          4950.0773580          4944.9773585          4939.4143590          4933.5973595          4927.7393600          4922.0483605          4916.4413610          4910.6973615          4904.8213620          4898.8163625          4892.6863630          4886.4353635          4880.068@
co16:26:47ex: Running ex from menu line -200hk4:28:44 PM 19 20 18 13.07  2.21-99-99
co4:38:46 PMze: Zenith discrepancy = 0
hk4:38:57 PM 19 20 18 13.07  2.21-99-99
hk4:40:12 PM 19 20 18 10.44  1.78-99-99
co4:40:12 PMux: Running ux from o308619a line 55.6
co4:40:45 PMux: UV extended scan started
co4:47:11 PMux: UV extended scan finished, incident DUV = 0.0177079033747869 mW/m^2
hk4:48:14 PM 19 20 18 13.23  2.25-99-99
co4:48:14 PMhp: Running hp from o308619a line 55.6
hpscan4:49:38 PM 0 5 10 1 20 0 30 6 40 8 50 7 60 8 70 10 80 2 90 8 100 8 110 7 120 15 130 6 140 6 150 10 160 17
hp4:49:38 PM 1.0001838 17 0.00 18.87
hpscan4:50:51 PM 0 6 10 6 20 9 30 7 40 7 50 7 60 6 70 4 80 4 90 9 100 2 110 3 120 3 130 2 140 2 150 5 160 8
hp4:50:51 PM 0.6013989 8 160.00 18.87
hpscan4:52:04 PM 0 8 10 9 20 7 30 8 40 8 50 5 60 9 70 8 80 7 90 7 100 10 110 4 120 3 130 13 140 3 150 8 160 7
hp4:52:04 PM 0.0411274 8 0.00 18.87
hpscan4:53:17 PM 0 4 10 9 20 11 30 2 40 3 50 10 60 0 70 4 80 8 90 3 100 4 110 8 120 6 130 4 140 6 150 8 160 12
hp4:53:17 PM 0.0411274 12 0.00 18.87
hpscan4:54:30 PM 0 6 10 2 20 6 30 7 40 4 50 6 60 0 70 6 80 8 90 5 100 8 110 6 120 7 130 1 140 7 150 7 160 7
hp4:54:30 PM 0.0871277 7 160.00 18.87
hpscan4:55:43 PM 0 5 10 7 20 10 30 6 40 3 50 4 60 7 70 11 80 5 90 9 100 8 110 4 120 6 130 4 140 8 150 5 160 9
hp4:55:43 PM 0.0839465 8 160.00 18.87
co4:55:53 PMhp: Spectrometer alignment trouble, resetting micrometers.
co4:56:21 PMFr: Micrometer #1 discrepancy=2 Now set to o3 offset =0
co4:56:39 PMFr: Micrometer #2 discrepancy=-9872762 Now set to offset=0
hpscan4:57:46 PM 0 9 10 6 20 8 30 4 40 9 50 8 60 10 70 9 80 8 90 8 100 5 110 4 120 0 130 8 140 6 150 9 160 8
hp4:57:46 PM 0.3393845 10 160.00 18.87
hpscan4:58:59 PM 0 8 10 4 20 5 30 5 40 10 50 9 60 10 70 7 80 6 90 6 100 6 110 8 120 6 130 5 140 8 150 8 160 6
hp4:58:59 PM 0.1046612 8 65.50 18.87
hpscan5:00:12 PM 0 3 10 5 20 9 30 3 40 8 50 9 60 6 70 3 80 6 90 8 100 10 110 10 120 4 130 5 140 12 150 8 160 2
hp5:00:12 PM 0.2619119 9 128.10 18.87
hpscan5:01:25 PM 0 7 10 9 20 10 30 10 40 7 50 2 60 0 70 12 80 4 90 10 100 3 110 8 120 10 130 5 140 2 150 8 160 5
hp5:01:25 PM 0.0872050 9 0.20 18.87
hpscan5:02:38 PM 0 7 10 6 20 6 30 9 40 9 50 9 60 5 70 8 80 7 90 9 100 11 110 5 120 8 130 3 140 9 150 8 160 3
hp5:02:38 PM 0.1736851 8 53.00 18.87
co5:02:48 PMFr: Spectrometer alignment trouble, aborting.
hk5:03:07 PM 19 20 19 13.25  2.32-99-99
co5:03:07 PMds: Running ds from o308619a line 55.6
zsa01024.300620 33 28 27 31 122 40 27rat  7185.879  6020.601 -8939.474 -7185.879
zsa01024.990620 31 24 23 25 129 27 35rat  1165.278  1165.278 -15440.691  5642.715
zsa01025.680620 45 25 35 31 120 33 46rat  -969.100  1249.388 -10746.345  4191.294
zsa01026.370620 33 36 29 39 141 28 39rat     0.000 -1165.278 -16605.969  1165.278
zsa01027.060620 63 35 39 33 140 32 34rat -2414.666     0.000 -16605.969     0.000
zsa01027.750620 30 49 33 30 142 24 31rat     0.000     0.000 -16078.905     0.000
zsa01028.450620 32 35 34 38 153 30 33rat     0.000 -1165.278 -17112.898     0.000
summary 5:05:16 PM Mar  27/ 19 61.396 2.067 19 zs 0 710 872 -14504 545 -1034 7198 -218 467 3062 2468 3268 4089 15358 7836 235 1084 
hk5:08:43 PM 19 20 19-27.44 -4.69-99-99
co5:08:43 PMfv: Running fv from o308619a line 55.6
fv5:10:12 PM0az   257.0840       3.0ze    62.5420       3.2
hk5:11:58 PM 19 20 19  6.87  1.17-99-99
co5:11:58 PMhg: Running hg from o308619a line 55.6
co5:12:44 PMfr: Micrometer #1 discrepancy=0 Now set to o3 offset =0
co5:13:02 PMfr: Micrometer #2 discrepancy=-9872762 Now set to offset=0
hpscan5:14:15 PM 0 3 10 6 20 10 30 6 40 0 50 1 60 12 70 4 80 7 90 6 100 8 110 3 120 10 130 0 140 0 150 9 160 8
hp5:14:15 PM 0.0651539 8 160.00 19.16
hpscan5:15:28 PM 0 0 10 5 20 2 30 7 40 8 50 7 60 6 70 5 80 6 90 8 100 7 110 8 120 0 130 3 140 5 150 4 160 7
hp5:15:28 PM 0.4599097 7 60.80 19.16
hpscan5:16:41 PM 0 7 10 10 20 3 30 1 40 9 50 11 60 0 70 8 80 13 90 9 100 5 110 7 120 6 130 10 140 2 150 5 160 3
hp5:16:41 PM 0.1817483 8 89.50 19.16
hpscan5:17:53 PM 0 6 10 13 20 8 30 6 40 4 50 5 60 6 70 5 80 7 90 5 100 2 110 8 120 8 130 2 140 7 150 7 160 7
hp5:17:53 PM 0.2130956 9 0.00 19.16
hpscan5:19:06 PM 0 3 10 5 20 6 30 5 40 3 50 2 60 2 70 6 80 8 90 7 100 8 110 6 120 8 130 5 140 8 150 10 160 5
hp5:19:06 PM 0.4324285 8 132.20 19.16
hpscan5:20:18 PM 0 5 10 6 20 3 30 9 40 1 50 6 60 8 70 8 80 5 90 1 100 3 110 12 120 8 130 6 140 12 150 8 160 0
hp5:20:18 PM 0.2695083 9 129.50 19.16
co5:20:28 PMhp: Spectrometer alignment trouble, resetting micrometers.
co5:20:57 PMFr: Micrometer #1 discrepancy=0 Now set to o3 offset =0
co5:21:14 PMFr: Micrometer #2 discrepancy=-9872762 Now set to offset=0
hk5:21:42 PM 20 20 19  6.72  1.19-99-99
co5:21:42 PMux: Running ux from o308619a line 64.54
co5:22:15 PMux: UV extended scan started
co5:28:40 PMux: UV extended scan finished, incident DUV = -0.0139118270844698 mW/m^2
hk5:29:43 PM 19 20 19 13.08  2.24-99-99
co5:29:43 PMhp: Running hp from o308619a line 64.54
hpscan5:31:07 PM 0 8 10 10 20 2 30 5 40 8 50 6 60 4 70 7 80 10 90 11 100 6 110 2 120 6 130 7 140 5 150 4 160 9
hp5:31:07 PM 0.2566851 9 0.00 19.25
hpscan5:32:20 PM 0 9 10 7 20 8 30 6 40 2 50 4 60 11 70 8 80 8 90 8 100 13 110 8 120 5 130 9 140 5 150 1 160 13
hp5:32:20 PM 0.3118763 11 0.00 19.25
hpscan5:33:33 PM 0 6 10 1 20 8 30 9 40 9 50 6 60 7 70 9 80 8 90 6 100 9 110 10 120 9 130 1 140 10 150 8 160 5
hp5:33:33 PM 0.1562688 8 71.40 19.25
hk5:34:56 PM 17 17 19  6.37  0.95-99-99
co5:34:56 PMze: Running ze
co5:37:53 PMze: Zenith discrepancy = -403
hk5:38:39 PM 21 24 19  8.02  1.72-99-99
co5:38:39 PMux: Running ux from o308619a line 64.54
co5:39:11 PMux: UV extended scan started
co5:45:36 PMux: UV extended scan finished, incident DUV = -0.00432728165196968 mW/m^2
hk5:46:39 PM 20 20 19 16.50  2.85-99-99
co5:46:39 PMhp: Running hp from o308619a line 64.54
hpscan5:48:04 PM 0 5451 10 5418 20 5440 30 5449 40 5500 50 5521 60 5463 70 5493 80 5487 90 5480 100 5492 110 5501 120 5475 130 5425 140 5489 150 5470 160 5449
hp5:48:04 PM 0.4321760 5495 78.20 19.54
hpscan5:49:17 PM 0 5503 10 5586 20 5603 30 5449 40 5573 50 5579 60 5637 70 5670 80 5701 90 5548 100 5604 110 5643 120 5663 130 5589 140 5595 150 5654 160 5608
hp5:49:17 PM 0.3452169 5637 92.10 19.54
hpscan5:50:29 PM 0 5630 10 5662 20 5639 30 5631 40 5672 50 5635 60 5677 70 5686 80 5628 90 5596 100 5626 110 5643 120 5564 130 5669 140 5632 150 5694 160 5635
hp5:50:29 PM 0.1551847 5664 160.00 19.54
hpscan5:51:42 PM 0 5542 10 5578 20 5680 30 5602 40 5634 50 5601 60 5562 70 5701 80 5625 90 5674 100 5645 110 5715 120 5592 130 5537 140 5656 150 5638 160 5606
hp5:51:42 PM 0.1790133 5643 77.00 19.54
hpscan5:52:56 PM 0 5560 10 5608 20 5635 30 5618 40 5619 50 5573 60 5612 70 5629 80 5576 90 5611 100 5642 110 5685 120 5646 130 5621 140 5636 150 5558 160 5625
hp5:52:56 PM 0.2591333 5640 127.50 19.54
hpscan5:54:09 PM 0 5719 10 5685 20 5600 30 5638 40 5619 50 5499 60 5624 70 5561 80 5610 90 5638 100 5652 110 5611 120 5628 130 5602 140 5687 150 5746 160 5633
hp5:54:09 PM 0.5027979 5722 0.00 19.54
co5:54:19 PMhp: Spectrometer alignment trouble, resetting micrometers.
co5:54:48 PMFr: Micrometer #1 discrepancy=-286 Now set to o3 offset =0
co5:55:06 PMFr: Micrometer #2 discrepancy=-9872378 Now set to offset=0
hpscan5:56:13 PM 0 7010 10 7053 20 7016 30 7025 40 7111 50 7052 60 6999 70 7076 80 7129 90 7103 100 6987 110 7030 120 7070 130 7054 140 7005 150 7047 160 7067
hp5:56:13 PM 0.1624093 7071 70.40 19.54
hpscan5:57:26 PM 0 7084 10 7077 20 7064 30 7081 40 7007 50 7080 60 7103 70 7137 80 7028 90 6998 100 6987 110 7122 120 7034 130 7096 140 7088 150 7172 160 7056
hp5:57:26 PM 0.1192395 7102 156.20 19.54
hpscan5:58:39 PM 0 7088 10 7099 20 7187 30 7115 40 7114 50 7100 60 7115 70 7015 80 7070 90 7200 100 7077 110 7077 120 7123 130 7177 140 7214 150 7098 160 7101
hp5:58:39 PM 0.3097803 7164 136.60 19.54
hpscan5:59:52 PM 0 7081 10 7214 20 7091 30 7107 40 7060 50 7055 60 7071 70 7071 80 7050 90 7007 100 7138 110 7158 120 7088 130 7111 140 7040 150 7039 160 7133
hp5:59:52 PM 0.1390908 7136 0.00 19.54
hpscan6:01:05 PM 0 7064 10 7065 20 7081 30 7114 40 7081 50 7053 60 7090 70 7063 80 7110 90 7079 100 7086 110 7110 120 7101 130 7026 140 7078 150 7125 160 7005
hp6:01:05 PM 0.2175586 7091 119.70 19.54
co6:01:15 PMFr: Spectrometer alignment trouble, aborting.
hk6:01:34 PM 20 21 20 13.26  2.41-99-99
co6:01:34 PMds: Running ds from o308619a line 64.54
zsa01083.740620 32 27 30 35 32 29 23rat -1165.278 -5424.966 -3383.766     0.000
zsa01084.430620 29 32 30 38 30 37 19rat  3383.766  -791.813  3383.766 -3383.766
zsa01085.120620 34 43 39 32 38 37 42rat     0.000     0.000     0.000     0.000
zsa01085.810620 32 25 47 43 35 32 37rat -4973.248 -4101.746 -1549.020  2340.833
zsa01086.500620 35 26 39 33 31 33 40rat -2688.454     0.000  1461.281  3010.301
zsa01087.190620 31 37 40 27 36 38 35rat -1165.278     0.000     0.000     0.000
zsa01087.880620 21 26 21 35 29 32 32rat  4175.579 -1760.913  3010.300     0.000
summary 6:05:45 PM Mar  27/ 19 74.259 3.548 20 zs 0 -348 -1726 418 281 -1247 -2412 108 -285 3233 2204 2425 2059 9295 3700 65 164 
hk6:08:10 PM 20 20 19 10.45  1.85-99-99
co6:08:10 PMux: Running ux from o308619a line 73.98
co6:08:34 PMux: UV extended scan started
co6:15:01 PMux: UV extended scan finished, incident DUV = -0.0132834735722814 mW/m^2
hk6:16:03 PM 20 20 19 13.55  2.34-99-99
co6:16:03 PMhp: Running hp from o308619a line 73.98
hpscan6:17:28 PM 0 6976 10 6898 20 6905 30 6930 40 6966 50 7004 60 6931 70 6992 80 7026 90 6923 100 6997 110 6963 120 7003 130 6971 140 6939 150 7058 160 7073
hp6:17:28 PM 1.0001837 7073 0.00 19.63
hpscan6:18:41 PM 0 7053 10 7050 20 7101 30 6996 40 7116 50 7001 60 7031 70 7058 80 6998 90 7102 100 7066 110 7061 120 7182 130 7072 140 7036 150 7082 160 6971
hp6:18:41 PM 0.3425009 7103 125.80 19.63
hpscan6:19:54 PM 0 7011 10 7086 20 7099 30 6982 40 7080 50 7031 60 6998 70 7006 80 7090 90 7023 100 7135 110 7048 120 7089 130 7033 140 7007 150 7084 160 7088
hp6:19:54 PM 0.0463255 7072 160.00 19.63
hpscan6:21:07 PM 0 7100 10 7018 20 7105 30 7108 40 7090 50 7066 60 7008 70 7071 80 7032 90 7082 100 7025 110 7049 120 7045 130 7071 140 7073 150 7070 160 6976
hp6:21:07 PM 0.3749783 7092 18.60 19.63
hpscan6:22:20 PM 0 6985 10 7105 20 7078 30 7061 40 7068 50 7136 60 7100 70 7094 80 7036 90 7112 100 7017 110 7059 120 7093 130 7157 140 7057 150 7097 160 7152
hp6:22:20 PM 0.3699729 7135 160.00 19.63
hpscan6:23:33 PM 0 7105 10 7066 20 7065 30 7110 40 6990 50 7095 60 7135 70 7060 80 7029 90 7100 100 7077 110 7159 120 7138 130 7084 140 7084 150 6973 160 6982
hp6:23:33 PM 0.4785703 7112 112.30 19.63
co6:23:43 PMhp: Spectrometer alignment trouble, resetting micrometers.
co6:24:12 PMFr: Micrometer #1 discrepancy=0 Now set to o3 offset =0
co6:24:29 PMFr: Micrometer #2 discrepancy=-9872378 Now set to offset=0
hpscan6:25:37 PM 0 7145 10 7119 20 7158 30 7098 40 7149 50 7062 60 7104 70 7122 80 7099 90 7087 100 7092 110 7141 120 7101 130 7080 140 7086 150 7107 160 7088
hp6:25:37 PM 0.3066423 7145 0.00 19.63
hpscan6:26:50 PM 0 7150 10 7159 20 7184 30 7084 40 7174 50 7118 60 7199 70 7104 80 7118 90 7152 100 7136 110 7170 120 7155 130 7164 140 7059 150 7113 160 7139
hp6:26:50 PM 0.0877217 7162 0.00 19.63
hpscan6:28:03 PM 0 7172 10 7156 20 7079 30 7089 40 7143 50 7101 60 7149 70 7230 80 7116 90 7084 100 7076 110 7022 120 7210 130 7067 140 7152 150 7128 160 7049
hp6:28:03 PM 0.0786165 7157 0.00 19.63
hpscan6:29:16 PM 0 7205 10 7097 20 7153 30 7050 40 7222 50 7172 60 7218 70 7074 80 7162 90 7143 100 7135 110 7077 120 7146 130 7087 140 7166 150 7205 160 7167
hp6:29:16 PM 0.1385988 7205 160.00 19.63
hpscan6:30:29 PM 0 7125 10 7168 20 7129 30 7142 40 7119 50 7196 60 7175 70 7177 80 7149 90 7204 100 7138 110 7223 120 7093 130 7169 140 7202 150 7151 160 7144
hp6:30:29 PM 0.1250895 7173 91.20 19.63
co6:30:39 PMFr: Spectrometer alignment trouble, aborting.
hk6:30:58 PM 20 21 20  6.73  1.24-99-99
co6:30:58 PMds: Running ds from o308619a line 73.98
zsa01112.150620 27 31 28 28 30 31 38rat     0.000     0.000     0.000  4845.047
zsa01112.840620 27 24 32 30 32 47 28rat  4586.380  5835.768  4586.380 -7596.680
zsa01113.530620 34 29 36 29 28 34 29rat -1461.281  3383.766  3383.766 -3383.766
zsa01114.220620 42 25 30 37 34 35 40rat  3010.300  -791.813   457.575  1760.913
zsa01114.910620 31 29 25 31 36 22 38rat     0.000     0.000 -4845.047  5936.492
zsa01115.600620 29 35 30 30 23 29 32rat     0.000     0.000     0.000     0.000
zsa01116.290620 37 39 34 37 27 30 24rat     0.000     0.000     0.000     0.000
summary 6:33:07 PM Mar  27/ 19 80.459 5.455 20 zs 0 876 1204 512 223 162 569 -158 373 2116 2449 3009 4666 15972 8820 117 488 
hk6:36:34 PM 20 21 19  6.73  1.21-99-99
co6:36:34 PMfv: Running fv from o308619a line 73.98
fv6:38:03 PM0az   268.43160       2.6ze    81.6328       3.8
hk6:39:51 PM 20 20 19 13.56  2.40-99-99
co6:39:51 PMhg: Running hg from o308619a line 73.98
hgscan 0wide 302warm=06:40:08 PMMar 27/19 9 10 11 13 21 25 33 32 32 30 32 29 17 13 10 9 8 14 7 3 14 11 20 19 17 19 26 42 51 59 63 65 59 64 55 43 29 27 17 18
hg6:42:29 PM 0.9951000.018 1020    59 20 -20
hgscan 0wide 302warm=06:42:29 PMMar 27/19 5 6 7 8 11 16 20 25 32 34 34 32 30 22 17 18 9 6 7 3 12 15 13 16 36 37 45 59 63 63 67 57 52 45 33 28 16 11 13 11
hg6:44:49 PM 0.9961019.365 1020    63 20 -1
hk6:45:08 PM 20 20 19 13.40  2.36-99-99
co6:45:08 PMds: Running ds from o308619a line 73.98
zsa01126.320620 32 29 31 29 34 35 34rat  4175.579  4175.579   791.813  -791.813
zsa01127.010620 34 38 33 30 37 39 36rat     0.000     0.000     0.000     0.000
zsa01127.700620 30 29 38 32 29 34 25rat -2552.725  2218.488  3383.766 -3383.766
zsa01128.390620 24 30 33 34 33 44 30rat  6690.069  5440.681  6690.069 -7855.347
zsa01129.080620 22 22 24 29 22 54 29rat 11445.569  6600.522 11445.569 -6600.522
zsa01129.780620 39 31 31 30 30 35 33rat  2414.666  2414.666  2414.666 -2414.666
zsa01130.470620 32 36 26 40 34 31 30rat     0.000 -2414.666     0.000     0.000
summary 6:47:31 PM Mar  27/ 19 83.539 7.268 20 zs 0 3168 2634 3532 -3007 12789 5979 -806 2046 4749 3126 4210 3160 13815 6253 292 816 
hk6:50:44 PM 20 20 19 10.29  1.76-99-99
co6:50:44 PMds: Running ds from o308619a line 73.98
zsa01131.920620 27 29 45 30 31 28 26rat -8435.267     0.000     0.000     0.000
zsa01132.610620 28 29 36 30 27 41 25rat  2340.833  7185.879  7185.879 -7185.879
zsa01133.300620 30 22 27 25 37 32 27rat  3010.300  5228.788 -1760.913 -3010.300
zsa01133.990620 30 34 29 34 31 24 22rat     0.000     0.000     0.000     0.000
zsa01134.680620 24 27 28 26 32 29 46rat     0.000     0.000 -3383.766  9181.604
zsa01135.370620 29 37 28 35 41 30 35rat     0.000     0.000 -2414.666     0.000
zsa01136.060620 32 27 31 33 33 31 41rat     0.000 -1760.913 -1760.913  5440.681
summary 6:53:16 PM Mar  27/ 19 84.746 8.246 20 zs 0 -441 1522 -305 632 -2464 600 -4898 11487 3749 3313 3523 5351 18243 10577 3667 8539 
hk6:56:19 PM 19 20 18 13.23  2.22-99-99
co6:56:19 PMds: Running ds from o308619a line 73.98
zsa01137.510620 39 40 38 38 34 31 46rat     0.000     0.000     0.000  4175.579
zsa01138.200620 25 26 31 39 35 42 31rat  5051.501   901.767  2498.775 -5051.501
zsa01138.890620 36 31 39 29 29 28 29rat -5424.966     0.000     0.000     0.000
zsa01139.580620 29 33 36 34 31 31 29rat -1165.278     0.000     0.000     0.000
zsa01140.270620 34 34 33 39 36 23 28rat     0.000 -3383.766     0.000     0.000
zsa01140.960620 37 33 26 34 31 36 30rat  1165.278  1165.278  1165.278 -1165.278
zsa01141.650620 40 28 35 27 34 32 44rat -2430.381  2414.666 -1760.913  6020.601
summary 6:59:02 PM Mar  27/ 19 85.944 9.368 19 zs 0 -401 157 272 568 -2220 -946 9758 -22952 3226 1792 1303 3612 13660 5450 9285 21839 
hk7:01:55 PM 19 19 18  7.02  1.17-99-99
co7:01:55 PMds: Running ds from o308619a line 73.98
zsa01143.100620 25 28 36 38 23 26 32rat -5424.966 -6394.067     0.000  2414.666
zsa01143.790620 38 31 43 38 35 24 32rat -7185.879 -4845.047 -2414.666     0.000
zsa01144.490620 30 29 41 37 34 47 39rat  1760.913  3521.826  5563.026 -2552.726
zsa01145.180620 28 27 27 35 32 36 36rat  5936.492   511.525  2552.725     0.000
zsa01145.870620 40 33 30 30 33 42 35rat  5936.492  5936.492  5936.492 -5936.492
zsa01146.560620 37 30 30 32 30 42 39rat  7185.879  7185.879  7185.879 -1249.388
zsa01147.250620 36 31 35 28 24 30 34rat -2414.666     0.000     0.000  1165.278
summary 7:04:48 PM Mar  27/ 19 87.127 10.549 19 zs 0 828 845 2689 -880 3643 996 2429 -5680 5878 5146 3641 2741 13229 7638 334 854 
hk7:07:31 PM 19 19 18  9.81  1.64-99-99
co7:07:31 PMux: Running ux from o308619a line 73.98
co7:07:55 PMux: UV extended scan started
co7:14:22 PMux: UV extended scan finished, incident DUV = -0.0207874339853319 mW/m^2
hk7:15:25 PM 19 20 18 13.23  2.22-99-99
co7:15:25 PMds: Running ds from o308619a line 73.98
zsa01156.660620 35 30 34 42 49 31 29rat -2414.666 -7185.879 -9181.604     0.000
zsa01157.350620 28 29 31 36 36 43 28rat  7855.347  3010.301  3010.301 -7855.347
zsa01158.040620 26 28 31 22 27 40 33rat  6020.601  7185.879  7185.879 -3802.113
zsa01158.730620 37 35 25 31 33 27 27rat     0.000     0.000     0.000     0.000
zsa01159.420620 46 40 27 34 29 29 37rat     0.000     0.000     0.000     0.000
zsa01160.110620 39 32 32 34 25 35 32rat  1165.278  1165.278  1165.278 -1165.278
zsa01160.800620 31 33 34 34 31 43 33rat  6394.067  6394.067  6394.067 -6394.067
summary 7:17:45 PM Mar  27/ 19 89.969 12.012 19 zs 0 2717 1510 1225 -2745 11502 5564 1626 -3738 3965 4807 5427 3308 14400 7262 14 115 
hk7:21:04 PM 19 20 18 13.38  2.26-99-99
co7:21:04 PMds: Running ds from o308619a line 73.98
zsa01162.070620 26 29 32 34 36 26 27rat -1165.278 -3383.766 -4845.047     0.000
zsa01162.760620 30 35 38 34 30 29 28rat -1165.278     0.000     0.000     0.000
zsa01163.450620 30 40 38 34 29 33 41rat     0.000     0.000     0.000     0.000
zsa01164.140620 39 38 38 29 37 27 40rat     0.000     0.000     0.000     0.000
zsa01164.830620 23 42 28 27 33 41 35rat     0.000     0.000     0.000     0.000
zsa01165.530620 34 28 25 32 32 34 42rat  4175.579  1760.913  1760.913  3679.769
zsa01166.220620 28 32 29 34 28 28 24rat     0.000     0.000     0.000     0.000
summary 7:23:31 PM Mar  27/ 19 91.526 11.476 19 zs 0 264 -232 -441 526 -1419 -905 1818 -4283 1810 1537 2050 1391 2780 2003 97 235 
hk7:31:37 PM 19 20 18 13.23  2.22-99-99
co7:31:37 PMhp: Running hp from o308619a line 93.14
hpscan7:32:58 PM 0 5041 10 5092 20 5016 30 5123 40 5060 50 5060 60 5086 70 5122 80 5154 90 5072 100 5052 110 5102 120 5117 130 5150 140 5111 150 5166 160 5141
hp7:32:58 PM 0.4357137 5155 160.00 18.97
hpscan7:34:11 PM 0 5183 10 5171 20 5218 30 5172 40 5193 50 5191 60 5171 70 5241 80 5242 90 5191 100 5163 110 5258 120 5190 130 5137 140 5221 150 5170 160 5150
hp7:34:11 PM 0.1941288 5209 86.40 18.97
hpscan7:35:24 PM 0 5207 10 5159 20 5184 30 5180 40 5213 50 5269 60 5189 70 5205 80 5257 90 5275 100 5263 110 5141 120 5201 130 5239 140 5219 150 5180 160 5255
hp7:35:24 PM 0.2976687 5247 160.00 18.97
hpscan7:36:37 PM 0 5214 10 5198 20 5178 30 5222 40 5154 50 5252 60 5200 70 5304 80 5231 90 5229 100 5182 110 5226 120 5227 130 5239 140 5161 150 5191 160 5258
hp7:36:37 PM 0.2774682 5245 160.00 18.97
hpscan7:37:50 PM 0 5264 10 5229 20 5228 30 5249 40 5215 50 5218 60 5220 70 5196 80 5296 90 5205 100 5298 110 5215 120 5182 130 5242 140 5231 150 5248 160 5189
hp7:37:50 PM 0.1163137 5259 0.00 18.97
hpscan7:39:03 PM 0 5236 10 5286 20 5212 30 5219 40 5170 50 5268 60 5287 70 5222 80 5249 90 5180 100 5150 110 5218 120 5204 130 5219 140 5267 150 5203 160 5149
hp7:39:03 PM 0.1762973 5246 13.60 18.97
co7:39:13 PMhp: Spectrometer alignment trouble, resetting micrometers.
co7:39:42 PMFr: Micrometer #1 discrepancy=20 Now set to o3 offset =0
co7:40:00 PMFr: Micrometer #2 discrepancy=-9872378 Now set to offset=0
hpscan7:41:07 PM 0 7108 10 7079 20 7178 30 7131 40 7158 50 7095 60 7135 70 7102 80 7094 90 7159 100 7123 110 7173 120 7050 130 7151 140 7124 150 7136 160 7131
hp7:41:07 PM 0.0662642 7136 32.70 18.97
hpscan7:42:21 PM 0 7149 10 7127 20 7068 30 7112 40 7000 50 7114 60 7059 70 7052 80 7058 90 7036 100 7128 110 7111 120 7002 130 7067 140 7114 150 7071 160 7101
hp7:42:21 PM 0.0662642 7149 32.70 18.97
hpscan7:43:34 PM 0 7138 10 7158 20 7064 30 7103 40 7097 50 7163 60 7069 70 7118 80 7128 90 7082 100 7097 110 7006 120 7151 130 7106 140 7092 150 7140 160 7143
hp7:43:34 PM 0.1878026 7155 160.00 18.97
hpscan7:44:47 PM 0 7125 10 7111 20 7127 30 7075 40 7093 50 7125 60 7103 70 7144 80 7137 90 7100 100 7098 110 7154 120 7147 130 7156 140 7053 150 7066 160 7044
hp7:44:47 PM 0.5238148 7134 103.70 18.97
hpscan7:46:00 PM 0 7156 10 7089 20 7141 30 7087 40 7161 50 7156 60 7153 70 7151 80 7138 90 7180 100 7145 110 7126 120 7105 130 7145 140 7178 150 7095 160 7168
hp7:46:00 PM 0.2088535 7162 160.00 18.97
co7:46:10 PMFr: Spectrometer alignment trouble, aborting.
hk7:46:28 PM 19 20 19  7.34  1.29-99-99
co7:46:28 PMhg: Running hg from o308619a line 93.14
hgscan 0wide 302warm=27:48:33 PMMar 27/19 5 11 14 18 14 23 26 32 32 28 25 20 20 22 12 10 9 9 4 11 18 14 14 18 17 20 31 42 46 54 65 74 64 59 49 30 34 26 20 13
hg7:50:53 PM 0.9921002.159 1020    54 19 -18
hgscan 0wide 302warm=27:50:53 PMMar 27/19 9 11 9 9 15 21 19 25 29 30 40 31 25 20 24 16 12 7 12 8 14 21 17 22 33 41 44 51 62 72 62 61 48 38 41 31 17 17 16 15
hg7:53:14 PM 0.9911019.642 1020    72 19 0
hk7:53:33 PM 19 20 19 13.24  2.28-99-99
co7:53:33 PMzs: Running zs from o308619a line 93.14
zsa01194.580620 34 34 27 34 34 25 26rat     0.000     0.000     0.000     0.000
zsa01195.270620 30 26 27 30 27 31 20rat  3383.766   969.100  3383.766 -3383.766
zsa01195.960620 31 38 32 29 30 29 28rat     0.000     0.000     0.000     0.000
zsa01196.650620 25 33 38 37 40 26 30rat -3383.766 -2414.666 -4845.047     0.000
zsa01197.340620 42 31 33 33 35 30 42rat     0.000     0.000 -2414.666  6807.994
zsa01198.030620 34 24 26 28 38 44 43rat  9404.368  6989.702  1549.020  -222.764
zsa01198.720620 38 34 36 33 36 27 30rat     0.000     0.000     0.000     0.000
summary 7:56:38 PM Mar  27/ 19 98.639 5.848 19 zs 0 1343 792 -332 457 -120 181 -126 293 4056 2922 2658 3066 11477 5416 64 137 
hk7:59:00 PM 20 20 19 13.25  2.34-99-99
co7:59:00 PMsl: Running sl from o308619a line 93.14
sla01200.020620 674260 214 752329 864735 1056991 1162289 1282742rat  1933.401  1316.540   423.870   441.399
sla01200.700620 674429 213 752789 866041 1056054 1162280 1282646rat  1930.660  1309.809   427.789   441.098
sla01201.380620 674225 232 751924 865846 1056531 1164079 1282996rat  1942.698  1317.745   432.696   435.415
sla01202.060620 674607 208 752750 865141 1056975 1163645 1282590rat  1936.126  1319.661   429.147   435.654
sla01202.740620 674187 218 752368 865248 1057071 1164554 1282740rat  1941.882  1322.616   432.236   432.692
sla01203.420620 675396 225 752108 865299 1057882 1163824 1282697rat  1940.622  1319.561   426.017   435.347
sla01204.100620 673942 206 751771 865878 1057180 1163358 1281892rat  1940.776  1314.779   427.179   434.315
summary 8:00:57 PM Mar  27/ 19 99.817 5.292 20 sl 0 1938 1317 428 437 541 361 752291 1282615 5 4 3 3 15 8 388 344 
hk8:04:23 PM 20 21 20  9.68  1.75-99-99
co8:04:23 PMux: Running ux from o308619a line 93.14
co8:04:55 PMux: UV extended scan started
co8:11:22 PMux: UV extended scan finished, incident DUV = -0.000969141042781355 mW/m^2
hk8:12:25 PM 19 20 19 13.86  2.40-99-99
co8:12:25 PMzs: Running zs from o308619a line 93.14
zsa01213.360620 39 39 37 31 46 31 40rat     0.000     0.000 -4845.047     0.000
zsa01214.050620 33 40 29 28 34 28 31rat     0.000     0.000     0.000     0.000
zsa01214.740620 41 34 43 36 31 36 35rat -5936.492     0.000     0.000     0.000
zsa01215.440620 34 26 40 27 41 41 55rat   299.632  8154.980     0.000  2863.069
zsa01216.130620 36 36 39 31 26 39 32rat     0.000  1165.278  1165.278 -1165.278
zsa01216.820620 28 28 30 32 41 25 27rat     0.000 -2414.666 -7533.500     0.000
zsa01217.510620 45 36 36 44 41 35 35rat     0.000 -5424.966 -3383.766     0.000
summary 8:15:21 PM Mar  27/ 19 102.721 4.265 19 zs 0 -805 212 -2085 243 -1581 842 69 -195 2265 4139 3230 1234 4285 2382 40 20 
hk8:17:48 PM 19 19 18 13.07  2.19-99-99
co8:17:48 PMhp: Running hp from o308619a line 103.17
hpscan8:19:09 PM 0 5319 10 5313 20 5316 30 5290 40 5316 50 5343 60 5388 70 5367 80 5326 90 5352 100 5301 110 5389 120 5381 130 5395 140 5425 150 5397 160 5340
hp8:19:09 PM 0.5168827 5394 135.10 19.16
hpscan8:20:21 PM 0 5417 10 5395 20 5418 30 5386 40 5405 50 5449 60 5515 70 5396 80 5401 90 5393 100 5531 110 5380 120 5397 130 5463 140 5434 150 5422 160 5479
hp8:20:21 PM 0.1333631 5473 160.00 19.16
hpscan8:21:35 PM 0 5457 10 5424 20 5477 30 5444 40 5405 50 5371 60 5378 70 5405 80 5420 90 5450 100 5425 110 5439 120 5454 130 5394 140 5390 150 5465 160 5403
hp8:21:35 PM 0.2309523 5464 0.00 19.16
hpscan8:22:48 PM 0 5380 10 5414 20 5392 30 5375 40 5423 50 5315 60 5411 70 5451 80 5447 90 5413 100 5372 110 5406 120 5451 130 5407 140 5425 150 5489 160 5400
hp8:22:48 PM 0.1823365 5433 143.80 19.16
hpscan8:24:01 PM 0 5424 10 5356 20 5398 30 5318 40 5426 50 5367 60 5484 70 5354 80 5389 90 5346 100 5402 110 5362 120 5410 130 5357 140 5384 150 5411 160 5461
hp8:24:01 PM 0.2630200 5463 160.00 19.16
hpscan8:25:15 PM 0 5409 10 5305 20 5356 30 5376 40 5359 50 5364 60 5379 70 5373 80 5413 90 5387 100 5449 110 5432 120 5383 130 5373 140 5379 150 5423 160 5378
hp8:25:15 PM 0.4538085 5412 97.60 19.16
co8:25:25 PMhp: Spectrometer alignment trouble, resetting micrometers.
co8:25:54 PMFr: Micrometer #1 discrepancy=18 Now set to o3 offset =0
co8:26:11 PMFr: Micrometer #2 discrepancy=-9872378 Now set to offset=0
hpscan8:27:19 PM 0 7025 10 7099 20 7073 30 7115 40 7060 50 7085 60 7114 70 7055 80 7127 90 7039 100 7104 110 7129 120 7068 130 7037 140 7079 150 7139 160 7086
hp8:27:19 PM 0.1441585 7100 160.00 19.16
hpscan8:28:32 PM 0 7133 10 7051 20 7072 30 7041 40 7107 50 7081 60 7056 70 7138 80 7170 90 7082 100 7026 110 7165 120 7105 130 7148 140 7064 150 7125 160 7132
hp8:28:32 PM 0.2227442 7136 160.00 19.16
hpscan8:29:46 PM 0 7140 10 7043 20 7099 30 7137 40 7127 50 7051 60 7117 70 7099 80 7078 90 7155 100 7135 110 7081 120 7074 130 7111 140 7102 150 7106 160 7101
hp8:29:46 PM 0.0354675 7114 0.00 19.16
hpscan8:30:58 PM 0 7101 10 7009 20 7149 30 7083 40 7101 50 7013 60 7079 70 7138 80 7151 90 7112 100 7142 110 7130 120 7079 130 7078 140 7109 150 7068 160 7051
hp8:30:58 PM 0.2508162 7123 95.10 19.16
hpscan8:32:11 PM 0 7078 10 7061 20 7144 30 7068 40 7095 50 7053 60 7072 70 7112 80 7088 90 7132 100 7168 110 7138 120 7084 130 7079 140 7093 150 7116 160 7114
hp8:32:11 PM 0.1712888 7115 99.00 19.16
co8:32:22 PMFr: Spectrometer alignment trouble, aborting.
hk8:32:39 PM 20 21 20 13.26  2.40-99-99
co8:32:39 PMhg: Running hg from o308619a line 103.17
hgscan 0wide 302warm=28:34:44 PMMar 27/19 8 10 16 16 21 25 25 27 28 30 31 24 19 17 14 7 7 7 9 12 15 27 19 13 12 28 30 41 41 59 60 58 61 54 49 38 31 27 18 14
hg8:37:05 PM 0.9941001.083 1020    59 20 -19
hgscan 0wide 302warm=28:37:05 PMMar 27/19 5 11 4 10 21 20 22 20 33 31 30 27 32 22 21 11 8 5 3 7 19 9 13 19 27 39 54 57 60 60 65 61 44 41 38 38 21 15 17 10
hg8:39:26 PM 0.9861020.016 1020    60 20 0
hk8:39:44 PM 20 20 19  6.72  1.18-99-99
co8:39:44 PMsl: Running sl from o308619a line 103.17
sla01245.420620 673015 226 749121 863516 1054555 1161513 1279306rat  1949.345  1319.828   431.175   432.363
sla01246.100620 672734 204 749827 863769 1054702 1160195 1281661rat  1940.058  1313.426   425.471   445.675
sla01246.780620 672988 215 749478 864233 1055640 1162319 1279813rat  1950.315  1319.233   429.687   431.035
sla01247.460620 673062 211 750174 863865 1055855 1160952 1279656rat  1940.941  1315.857   423.518   435.744
sla01248.140620 672675 213 750475 864161 1055712 1161856 1279859rat  1942.649  1317.819   427.602   432.977
sla01248.820620 671931 213 751272 864519 1054932 1161653 1280548rat  1937.173  1315.201   430.115   436.170
sla01249.500620 672966 213 751265 864278 1055079 1162479 1281192rat  1940.391  1319.614   432.671   435.247
summary 8:47:02 PM Mar  27/ 19 109.604 2.904 20 sl 0 1943 1317 429 436 549 362 750230 1280291 5 2 3 5 19 10 834 870 
hk8:49:45 PM 20 21 20  6.57  1.20-99-99
co8:49:45 PMdt: Running dt from o308619a line 103.17
dto3Mar 27/198:49:58 PM 20 0  1722230 30.03 29.55 28.36 26.85 28.78 1   724204 27.05 32.72 23.86 33.15 25.26 28.76 31.52 28.85 29.15 33.89     28.71 1.2     29.42 3.4
hk8:55:34 PM 20 21 20  7.67  1.43-99-99
co8:55:34 PMrs: Running rs from o308619a line 103.17
rso3Mar 27/198:59:29 PM 20    1011134        337    1127951    1298427    1583696    1746320    1922922    2964317    1011124        225    1128312    1297506    1584881    1743576    1923293    2964613  1.0000  1.4978  0.9996  1.0006  0.9992  1.0015  0.9997  0.9999  0.1899  0.1287  0.0425  0.0418  0.0560  0.0364 -0.0180  0.1890  0.1284  0.0414  0.0426  0.0527  0.0352 -0.0173
co8:59:40 PMap: Running ap from o308619a line 103.17
ap9:00:43 PM 20.49 21.34 20.20 1121.87 12.04 5.06 -11.40 24.26 0.00 18.78 20.11 -37.77 5.00 -3.90 0.00 0.00 0.00 0.00 0.01 0.00 14.05 2.63 0.00 20.49 21.34 20.20 1121.87 12.04 5.06 -11.44 23.81 0.00 18.68 20.11 -37.77 4.99 -3.78 1.53 10.49 0.19 14.03 1.61 0.63 7.36 1.37 0.07
co9:00:51 PMw1: Running w1 from o308619a line 103.17
hk9:06:04 PM 21 21 20 13.13  2.47-99-99
co9:06:04 PMci: Running ci from o308619a line 103.17
co9:06:23 PMci: CI scan started at 9:06:23 PM
hk9:14:54 PM 21 22 20  6.74  1.29-99-99
co9:14:54 PMcz: Running cz from o308619a line 103.17
co9:15:14 PMcz: CZ scan started at 9:15:14 PM
hk9:21:47 PM 20 21 20  7.20  1.32-99-99
co9:21:47 PMhp: Running hp from o308619a line 103.17
hpscan9:23:00 PM 0 5192 10 5144 20 5190 30 5203 40 5175 50 5247 60 5161 70 5134 80 5194 90 5240 100 5268 110 5249 120 5245 130 5143 140 5203 150 5262 160 5214
hp9:23:00 PM 0.1797426 5222 124.10 20.49
hpscan9:24:13 PM 0 5275 10 5294 20 5254 30 5238 40 5314 50 5342 60 5298 70 5277 80 5223 90 5331 100 5277 110 5251 120 5316 130 5334 140 5388 150 5271 160 5254
hp9:24:13 PM 0.1847958 5323 131.90 20.49
hpscan9:25:27 PM 0 5209 10 5236 20 5364 30 5302 40 5302 50 5232 60 5278 70 5280 80 5262 90 5293 100 5265 110 5292 120 5340 130 5312 140 5312 150 5241 160 5314
hp9:25:27 PM 0.3420988 5316 138.00 20.49
hpscan9:26:40 PM 0 5288 10 5262 20 5301 30 5352 40 5233 50 5299 60 5355 70 5274 80 5327 90 5253 100 5279 110 5280 120 5319 130 5386 140 5373 150 5287 160 5358
hp9:26:40 PM 0.2396275 5346 151.00 20.49
hpscan9:27:53 PM 0 5304 10 5291 20 5281 30 5348 40 5261 50 5284 60 5279 70 5389 80 5330 90 5328 100 5288 110 5317 120 5348 130 5340 140 5299 150 5338 160 5329
hp9:27:53 PM 0.1803577 5332 160.00 20.49
hpscan9:29:07 PM 0 5290 10 5363 20 5322 30 5260 40 5365 50 5259 60 5316 70 5279 80 5356 90 5303 100 5280 110 5382 120 5323 130 5272 140 5294 150 5284 160 5350
hp9:29:07 PM 0.0198362 5324 160.00 20.49
co9:29:17 PMhp: Spectrometer alignment trouble, resetting micrometers.
co9:29:46 PMFr: Micrometer #1 discrepancy=18 Now set to o3 offset =0
co9:30:04 PMFr: Micrometer #2 discrepancy=-9872378 Now set to offset=0
hpscan9:31:11 PM 0 7144 10 7132 20 7077 30 7125 40 7146 50 7118 60 7128 70 7081 80 7135 90 7105 100 7167 110 7116 120 7090 130 7122 140 7114 150 7100 160 7085
hp9:31:11 PM 0.2008681 7138 0.00 20.49
hpscan9:32:24 PM 0 7166 10 7152 20 7015 30 7138 40 7173 50 7091 60 7212 70 7266 80 7156 90 7118 100 7170 110 7189 120 7106 130 7076 140 7223 150 7103 160 7113
hp9:32:24 PM 0.1888344 7186 82.90 20.49
hpscan9:33:37 PM 0 7202 10 7165 20 7122 30 7137 40 7220 50 7101 60 7172 70 7066 80 7221 90 7167 100 7171 110 7127 120 7155 130 7170 140 7167 150 7158 160 7121
hp9:33:37 PM 0.1099895 7191 0.00 20.49
hpscan9:34:51 PM 0 7189 10 7202 20 7159 30 7147 40 7165 50 7144 60 7169 70 7242 80 7187 90 7160 100 7237 110 7205 120 7253 130 7223 140 7138 150 7130 160 7153
hp9:34:51 PM 0.4434738 7216 104.80 20.49
hpscan9:36:05 PM 0 7186 10 7202 20 7140 30 7234 40 7164 50 7236 60 7171 70 7213 80 7212 90 7222 100 7309 110 7215 120 7178 130 7117 140 7224 150 7165 160 7163
hp9:36:05 PM 0.2372588 7228 84.40 20.49
co9:36:15 PMFr: Spectrometer alignment trouble, aborting.
hk9:36:33 PM 21 22 20  7.21  1.37-99-99
co9:36:33 PMhg: Running hg from o308619a line 103.17
hgscan 0wide 302warm=29:38:37 PMMar 27/19 11 10 12 13 19 26 27 30 37 35 28 27 17 18 16 9 5 8 6 7 13 12 18 12 13 25 40 41 60 52 62 72 68 57 50 43 28 25 18 16
hg9:40:58 PM 0.9891002.691 1020    52 21 -17
hgscan 0wide 302warm=29:40:58 PMMar 27/19 14 6 9 10 15 17 22 29 26 31 39 30 28 24 19 15 14 6 9 5 16 17 13 23 28 34 50 52 62 74 64 54 53 45 34 28 18 17 10 23
hg9:43:20 PM 0.9941019.070 1020    74 21 -1
hk9:43:38 PM 20 21 20  7.20  1.32-99-99
co9:43:38 PMhl: Running hl from o308619a line 103.17
co9:48:47 PMhl: HL scan started at 9:48:47 PM
hk9:53:36 PM 20 20 19 13.88  2.47-99-99
co9:53:36 PMhp: Running hp from o308619a line 103.17
hpscan9:54:49 PM 0 5482 10 5483 20 5389 30 5400 40 5465 50 5489 60 5427 70 5513 80 5495 90 5400 100 5467 110 5429 120 5461 130 5479 140 5430 150 5517 160 5418
hp9:54:49 PM 0.0642412 5476 0.00 20.01
hpscan9:56:02 PM 0 5524 10 5505 20 5594 30 5511 40 5529 50 5584 60 5474 70 5622 80 5616 90 5545 100 5579 110 5583 120 5601 130 5542 140 5553 150 5636 160 5584
hp9:56:02 PM 0.2428464 5600 160.00 20.01
hpscan9:57:15 PM 0 5538 10 5531 20 5554 30 5515 40 5518 50 5533 60 5577 70 5552 80 5593 90 5563 100 5566 110 5595 120 5577 130 5532 140 5617 150 5544 160 5565
hp9:57:15 PM 0.4165673 5578 106.20 20.01
hpscan9:58:28 PM 0 5578 10 5563 20 5593 30 5604 40 5622 50 5666 60 5585 70 5618 80 5606 90 5543 100 5559 110 5635 120 5678 130 5549 140 5592 150 5592 160 5610
hp9:58:28 PM 0.1086684 5614 41.90 20.01
hpscan9:59:41 PM 0 5600 10 5565 20 5598 30 5603 40 5562 50 5642 60 5649 70 5556 80 5592 90 5547 100 5596 110 5601 120 5623 130 5578 140 5609 150 5582 160 5505
hp9:59:41 PM 0.3225884 5604 25.00 20.01
hpscan10:00:55 PM 0 5531 10 5512 20 5546 30 5517 40 5587 50 5547 60 5535 70 5600 80 5559 90 5594 100 5560 110 5530 120 5590 130 5507 140 5546 150 5450 160 5524
hp10:00:55 PM 0.4356094 5577 79.30 20.01
co10:01:05 PMhp: Spectrometer alignment trouble, resetting micrometers.
co10:01:33 PMFr: Micrometer #1 discrepancy=16 Now set to o3 offset =0
co10:01:51 PMFr: Micrometer #2 discrepancy=-9872378 Now set to offset=0
hpscan10:02:59 PM 0 7073 10 7124 20 7111 30 7001 40 7067 50 7109 60 6997 70 7026 80 7039 90 7061 100 6983 110 7016 120 7082 130 7037 140 7066 150 7122 160 7066
hp10:02:59 PM 0.3398780 7093 9.50 20.01
hpscan10:04:12 PM 0 6977 10 7078 20 7059 30 7158 40 7080 50 7063 60 7008 70 7081 80 7089 90 7086 100 7172 110 7036 120 7080 130 7092 140 7076 150 7068 160 7058
hp10:04:12 PM 0.2630600 7094 130.90 20.01
hpscan10:05:25 PM 0 7054 10 7135 20 7117 30 7065 40 6992 50 7184 60 7104 70 7071 80 7098 90 7069 100 7081 110 7091 120 7132 130 7097 140 7041 150 7023 160 7063
hp10:05:25 PM 0.1106839 7092 85.10 20.01
hpscan10:06:38 PM 0 7052 10 7098 20 6962 30 7078 40 7063 50 7049 60 7019 70 7071 80 7097 90 7086 100 7071 110 7097 120 7136 130 7147 140 7066 150 7105 160 7063
hp10:06:38 PM 0.4143564 7116 126.50 20.01
hpscan10:07:51 PM 0 7083 10 7100 20 7151 30 7089 40 7094 50 7090 60 7050 70 7165 80 7178 90 7142 100 7142 110 7152 120 7170 130 7098 140 7115 150 7197 160 7134
hp10:07:51 PM 0.2651439 7147 160.00 20.01
co10:08:01 PMFr: Spectrometer alignment trouble, aborting.
hk10:08:19 PM 20 21 20 13.43  2.51-99-99
co10:08:19 PMhg: Running hg from o308619a line 103.17
hgscan 0wide 302warm=210:10:24 PMMar 27/19 6 9 13 14 21 27 30 32 34 30 30 20 25 16 14 7 8 10 9 7 11 17 22 13 22 24 34 48 40 60 56 81 63 62 46 41 33 23 18 14
hg10:12:45 PM 0.9851001.531 1020    60 20 -18
hgscan 0wide 302warm=210:12:45 PMMar 27/19 7 8 8 7 18 21 22 27 32 28 35 28 26 22 15 18 9 5 8 4 8 17 13 19 34 35 47 48 58 73 58 63 55 40 39 39 16 23 16 12
hg10:15:06 PM 0.9841016.745 1020    73 20 -3
hgscan 0wide 302warm=210:15:06 PMMar 27/19 10 11 7 8 13 15 25 20 30 28 29 28 28 25 14 14 10 9 8 8 14 12 20 22 33 38 48 63 61 62 57 54 42 44 33 23 13 16 17 18
hg10:17:27 PM 0.9931023.532 1020    62 20 4
hgscan 0wide 302warm=210:17:27 PMMar 27/19 4 6 8 12 15 21 22 24 25 31 25 30 29 19 19 15 9 8 10 10 14 21 12 19 29 40 45 50 58 56 62 59 44 45 36 28 24 10 13 11
hg10:19:48 PM 0.9941017.812 1020    56 20 -2
hgscan 0wide 302warm=210:19:48 PMMar 27/19 10 5 9 11 14 20 31 24 23 30 31 29 28 28 27 15 14 10 7 6 17 15 18 25 30 49 54 58 63 61 59 49 52 55 38 23 24 19 10 22
hg10:22:09 PM 0.9801020.716 1020    61 20 1
hk10:22:28 PM 20 20 19  8.28  1.46-99-99
co10:22:28 PMhs: Running hs from o308619a line 103.17
co10:22:48 PMhs: HS scan started at 10:22:48 PM
hk10:29:22 PM 20 20 19  7.34  1.27-99-99
co10:29:22 PMhp: Running hp from o308619a line 103.17
hpscan10:30:35 PM 0 5079 10 5191 20 5191 30 5178 40 5191 50 5149 60 5168 70 5145 80 5198 90 5262 100 5207 110 5187 120 5174 130 5239 140 5210 150 5201 160 5272
hp10:30:35 PM 1.0001837 5272 0.00 19.63
hpscan10:31:49 PM 0 5290 10 5212 20 5213 30 5250 40 5321 50 5252 60 5319 70 5294 80 5267 90 5236 100 5236 110 5266 120 5331 130 5310 140 5240 150 5316 160 5279
hp10:31:49 PM 0.1043382 5295 160.00 19.63
hpscan10:33:02 PM 0 5268 10 5272 20 5274 30 5257 40 5352 50 5269 60 5348 70 5318 80 5274 90 5301 100 5344 110 5344 120 5343 130 5262 140 5314 150 5337 160 5284
hp10:33:02 PM 0.2588678 5322 105.50 19.63
hpscan10:34:15 PM 0 5339 10 5314 20 5293 30 5274 40 5309 50 5318 60 5344 70 5243 80 5296 90 5325 100 5355 110 5318 120 5329 130 5362 140 5363 150 5310 160 5387
hp10:34:15 PM 0.2588678 5387 105.50 19.63
hpscan10:35:28 PM 0 5315 10 5288 20 5249 30 5268 40 5254 50 5259 60 5308 70 5374 80 5268 90 5340 100 5288 110 5395 120 5306 130 5314 140 5338 150 5294 160 5282
hp10:35:28 PM 0.4251918 5337 106.20 19.63
hpscan10:36:41 PM 0 5295 10 5325 20 5305 30 5303 40 5254 50 5364 60 5324 70 5306 80 5372 90 5286 100 5330 110 5363 120 5263 130 5321 140 5331 150 5320 160 5307
hp10:36:41 PM 0.0694722 5327 86.90 19.63
co10:36:51 PMhp: Spectrometer alignment trouble, resetting micrometers.
co10:37:20 PMFr: Micrometer #1 discrepancy=18 Now set to o3 offset =0
co10:37:38 PMFr: Micrometer #2 discrepancy=-9872378 Now set to offset=0
hpscan10:38:45 PM 0 7150 10 7108 20 7107 30 7039 40 7073 50 7079 60 7134 70 7094 80 7141 90 7172 100 7171 110 7161 120 7126 130 7153 140 7101 150 7158 160 7161
hp10:38:45 PM 0.7182648 7162 0.00 19.63
hpscan10:39:59 PM 0 7152 10 7119 20 7240 30 7213 40 7202 50 7082 60 7129 70 7152 80 7179 90 7143 100 7119 110 7089 120 7136 130 7169 140 7118 150 7094 160 7151
hp10:39:59 PM 0.2578012 7185 25.60 19.63
hpscan10:41:12 PM 0 7095 10 7153 20 7138 30 7099 40 7106 50 7178 60 7124 70 7133 80 7101 90 7149 100 7140 110 7137 120 7097 130 7174 140 7063 150 7234 160 7097
hp10:41:12 PM 0.0327639 7140 140.50 19.63
hpscan10:42:25 PM 0 7168 10 7133 20 7081 30 7186 40 7081 50 7182 60 7081 70 7118 80 7132 90 7145 100 7150 110 7140 120 7132 130 7194 140 7023 150 7130 160 7074
hp10:42:25 PM 0.1783231 7160 0.00 19.63
hpscan10:43:39 PM 0 7091 10 7134 20 7107 30 7131 40 7126 50 7184 60 7111 70 7173 80 7128 90 7185 100 7156 110 7151 120 7150 130 7138 140 7172 150 7266 160 7152
hp10:43:39 PM 0.3886180 7192 160.00 19.63
co10:43:49 PMFr: Spectrometer alignment trouble, aborting.
hk10:44:07 PM 20 21 20  7.04  1.29-99-99
co10:44:07 PMhg: Running hg from o308619a line 103.17
hgscan 0wide 302warm=210:46:11 PMMar 27/19 13 11 11 21 21 22 26 22 32 23 33 30 17 12 14 6 4 7 5 9 15 11 16 12 16 25 28 35 54 58 52 58 45 56 44 43 36 25 22 20
hg10:48:33 PM 0.9801001.998 1020    58 20 -18
hgscan 0wide 302warm=210:48:33 PMMar 27/19 10 4 4 10 12 20 19 22 30 30 30 28 24 22 20 15 19 4 9 8 14 16 8 33 27 39 46 54 59 66 62 60 47 38 42 26 20 9 14 21
hg10:50:54 PM 0.9951019.857 1020    66 20 0
hk10:51:13 PM 20 20 19 13.10  2.33-99-99
co10:51:13 PMsl: Running sl from o308619a line 103.17
sla01376.900620 672730 210 749288 862742 1052980 1160059 1277795rat  1942.727  1318.187   432.232   432.658
sla01377.590620 671681 216 749656 862587 1053872 1160123 1279263rat  1940.814  1319.239   428.707   437.561
sla01378.270620 672301 220 750311 862861 1053704 1161137 1278379rat  1940.864  1321.740   433.324   430.559
sla01378.950620 672273 209 750029 863640 1054637 1161688 1278825rat  1944.624  1319.843   431.495   429.998
sla01379.630620 672484 215 750050 862908 1053934 1160908 1280532rat  1941.511  1320.610   431.467   438.982
sla01380.310620 672788 226 749969 863881 1054268 1160716 1279614rat  1941.272  1314.886   429.320   436.510
sla01380.990620 672889 211 749844 864293 1054925 1162474 1279054rat  1948.743  1319.515   433.302   427.779
summary 10:58:04 PM Mar  27/ 19 135.547 1.396 20 sl 0 1943 1319 431 433 556 367 749878 1279066 3 2 2 4 16 7 328 879 
