version=2dh240519Izana 28.3081  16.4992  2.857833pr770
co01:05:03dh: day header
co01:05:03main: version 4.1024/06/2014 01:00:00
co01:05:03skc: o314419a
co01:05:03autohg:  1 
co01:05:03hifw2:  0 
co01:05:03attn:  35000  120000 
co01:05:03lowds:  1 
co01:05:03cubdsp:  1 

inst0000000.3412.351.1495162080.000000027102014242304370102501415021800264002972mkiii1000000000242-3770740802817825260.99538.21733250.46425600-202205Feb 14/18EXTRAS10035000120000110004-15-2019@
disp32856.540.077483-9.26489e-071.35619e-112896.360.0766178-9.26559e-071.34773e-112933.140.0757811-9.26375e-071.3394e-112968.430.0749412-9.25955e-071.33087e-113002.750.0740866-9.25295e-071.32205e-112823.540.0781704-9.26235e-071.36278e-114284.810.116224-1.38973e-062.03428e-114344.540.114927-1.38984e-062.0216e-114399.710.113672-1.38956e-062.00909e-114452.650.112412-1.38893e-061.99631e-114504.120.11113-1.38794e-061.98308e-114235.310.117256-1.38935e-062.04417e-11marabr 09/19173310202440@
zeni-0.006400-0.0196800.0165400.1665220.280198-0.061343-0.4894390.455409-0.045242June 27/02@
op_st185c:\Brw#185\bdata185\icf09319zsf17802dcf05119uvr11718240519Izana28.308116.49927702.857833-6-714661111110110110111skco3o314419a@
uvr2865          4806.8462870          4814.5362875          4822.0782880          4829.4662885          4836.6942890          4843.7572895          4850.6492900          4857.3652905          4864.0562910          4870.7862915          4877.4182920          4883.8162925          4889.8432930          4895.3632935          4900.2382940          4904.9322945          4909.7872950          4914.4792955          4918.6882960          4922.0922965          4924.3702970          4925.2012975          4925.1682980          4925.0802985          4924.9612990          4924.8312995          4924.7123000          4924.6253005          4924.5913010          4926.5463015          4931.7783020          4939.3433025          4948.2923030          4957.6813035          4966.5613040          4973.9883045          4980.1953050          4986.1143055          4991.8423060          4997.4763065          5003.1133070          5008.8523075          5014.7893080          5021.7013085          5029.7643090          5038.1703095          5046.1133100          5052.7853105          5057.3803110          5059.0913115          5058.9343120          5058.5303125          5057.9773130          5057.3743135          5056.8213140          5056.4173145          5056.2603150          5058.0643155          5062.7903160          5069.4073165          5076.8833170          5084.1883175          5090.2923180          5094.1623185          5096.5353190          5098.7743195          5100.7963200          5102.5163205          5103.8483210          5104.7103215          5105.0163220          5104.8253225          5104.3323230          5103.6573235          5102.9223240          5102.2473245          5101.7543250          5101.5633255          5102.3853260          5104.5823265          5107.7493270          5111.4813275          5115.3743280          5119.0243285          5122.0253290          5124.7643295          5127.7403300          5130.7113305          5133.4393310          5135.6833315          5137.2063320          5137.7673325          5137.6063330          5137.1763335          5136.5533340          5135.8123345          5135.0303350          5134.2833355          5133.6473360          5133.1153365          5132.6143370          5132.1283375          5131.6393380          5131.1293385          5130.5823390          5129.9793395          5129.3473400          5128.7043405          5128.0213410          5127.2693415          5126.4203420          5125.4433425          5124.3123430          5122.5553435          5119.9633440          5116.8953445          5113.7113450          5110.7693455          5108.4313460          5107.0563465          5106.3083470          5105.6283475          5105.0313480          5104.5363485          5104.1613490          5103.9233495          5103.8393500          5103.9293505          4996.7313510          4990.8643515          4985.4873520          4980.6803525          4976.5203530          4973.0873535          4970.3883540          4968.2363545          4966.4123550          4964.6993555          4962.8783560          4960.7343565          4958.0463570          4954.5043575          4950.0773580          4944.9773585          4939.4143590          4933.5973595          4927.7393600          4922.0483605          4916.4413610          4910.6973615          4904.8213620          4898.8163625          4892.6863630          4886.4353635          4880.068@
schedule-118.74pdtdhphgsldtrsappob2w1ciczhphghlhphghshphgsl-97.08hphgb2zssluxzszsux-87.67tduxhpb1dsfvhgandsdsdsdsuxdsds-78.86tduxhpb1dsfvhgandsdsdsb2dsfvsldsds-69.99tduxhpb1dsfvhgandsdsdsdsuxdsds-60.61tduxhpafb1dsfvhgandsdsdsuxdsdsuxdsdsdzds-47.17tduxhpafb1dsfvhgandsdsdsuxdsdsuxdsdsdzds-33.65tduxhpafb1dsfvhgandsdsdsuxdsdsuxdsdsdzds-20.35tduxhpafb1dsfvhgandsdsdsuxdsdsuxdsdsdzds-9.01tduxhpafb1dsfvhgdsb2dsslandsuxdsuxdsdzds11.65tduxhpafb1dsfvhgandsdsdsuxdsdsuxdsdsdzds24.03tduxhpafb1dsfvhgandsdsdsuxdsdsuxdsdsdzds37.45tduxhpafb1dsfvhgandsdsdsuxdsdsuxdsdsdzds50.96tduxhpafb1dsfvhgandsdsdsuxdsdsuxdsdsdzds64.34tduxhpb1dsfvhgandsdsdsb2dsfvsldsds73.33tduxhpb1dsfvhgandsdsdsdsuxdsds91.37hphgb2zssluxzszsux100.34pdtdhphgsldtrsappob2w1ciczhphghlhphghshphgsl180o314519a@
co01:05:04checkaz: Running checkaz from o314419a line -200
co01:05:05po: Running po from o314419a line -200
co01:05:06af: Running af from o314419a line -200
co01:05:06af: Auto FR/HP/HG is now OFF
co01:05:06re: Running re from o314419a line -200
co01:06:19re: Zenith discrepancy =  0
co01:06:23re: Azimuth discrepancy = -1
co01:06:24az: Running az from o314419a line -200
co01:06:42az: Azimuth discrepancy =  0
co01:06:43w1: Running w1 from o314419a line -200
co01:11:43fr: Running fr from o314419a line -200
hk01:11:48 20 23 16 7.2 1.48-99-38
co01:12:19fr: Micrometer #1 discrepancy= 0 Now set to o3 offset = 0
co01:12:53fr: Micrometer #2 discrepancy= 0 Now set to offset = 0
hk01:13:03 20 22 16 6.7 1.31-99-38
hpscan01:13:23 0 21846 10 46738 20 80119 30 115229 40 146916 50 180593 60 212895 70 235711 80 244781 90 245459 100 245749 110 246064 120 241395 130 224349 140 195369 150 162704 160 128559
hp01:14:18 .9963387 254622.7 97.8 20
hpscan01:14:19 0 77124 10 110101 20 142107 30 175333 40 208636 50 234734 60 246213 70 248158 80 248404 90 248226 100 245058 110 230147 120 202925 130 170705 140 136523 150 101592 160 66492
hp01:15:13 .9959633 256119.7 79.3 20
hk01:15:35 21 23 16 7.2 1.48-99-38
co01:15:38hgfw2: HG FW#2 at step  0
hk01:17:45 20 21 16 11.1 2.03-99-38
hgscan 0wide 296warm= 201:17:45MAY 24/19 1328 9315 20905 32295 44002 55595 66790 76168 78019 73321 63338 52355 39314 27141 15530 3632 402 172 85 94 89 96 157 396 3826 16244 28275 41323 55362 67580 78963 83741 82842 73128 61421 48732 36063 23794 10567 1590
hg01:19:12 .9989 1001.069 1001 130918 20-19
hgscan 0wide 296warm= 201:19:12MAY 24/19 326 621 2129 12306 25893 39122 53141 66084 78697 88609 89876 83379 71655 58615 43409 30167 16250 3167 433 171 166 403 2958 16532 30803 44426 59946 73776 85884 93465 92066 82244 69237 55956 41203 27549 13078 2216 705 397
hg01:20:40 .9985 1020.023 1020 183341 20 0
ap01:20:43 19.57 20.62 15.68 1120.68 12.04 5.05-11.58 24.24 0 17.2 16.34-37.77 4.99-4.73 0 0 0 0 .01 .01 13.25 2.29 .02 .01 19.38 20.43 15.68 1120.68 12.04 5.05-11.58 23.78 .87 17.29 16.44-37.77 4.98-4.73 1.68 10.46 .36 13.39 1.55 .37 7.04 1.29 .03 .01
hk01:21:30 20 21 16 7 1.29-99-38
dto3MAY 24/1901:32:30 20 0 1734595 29.33 29.5 28.23 28.86 28.8 1 728779.5 25.85 23.69 26.45 27.71 31.4 26.4 22.2 25.06 27.25 28.93    28.943 .5    26.494 2.6
co01:32:30an: Running an from o314419a line -200
co01:32:30an: Auto FR/HP/HG is now ON
hk01:32:35 20 22 16 13.1 2.54-99-38
rso3MAY 24/1901:41:37 20 1020136 347 1136445 1308406 1596633 1760682 1940807 2991640 1019492 243 1136418 1308118 1596389 1760244 1940817 2991602 1.0006 1.428 .9999 1.0001 1.0001 1.0002 .9999 1 .1902 .129 .0425 .0423 .0548 .0358-.0177 .1901 .1289 .0424 .0424 .0543 .0356-.0176
co01:41:37fi: Running fi from o314419a line -200
hk01:46:41 20 21 16 6.9 1.26-99-38
co01:57:31ga: Running ga from o314419a line -200
hk01:57:36 20 22 16 13 2.51-99-38
co02:02:47ga: GA scan started at 02:02:47
co02:48:59ga: GA scan finished at 02:48:59
co02:49:00skc: Waiting until ZA = -118.7 now -124.7
co02:59:01skc: Waiting until ZA = -118.7 now -123.6
co03:09:01skc: Waiting until ZA = -118.7 now -122.3
co03:19:01skc: Waiting until ZA = -118.7 now -121
co03:29:01skc: Waiting until ZA = -118.7 now -119.6
co03:35:54td: Running td from o314519a line -118.61
co03:35:57td: Time correction  1.9 seconds
hk03:36:03 21 23 15 13 2.67-99-38
hpscan03:36:22 0 70184 10 101829 20 135743 30 170372 40 201302 50 228453 60 241589 70 244482 80 244924 90 245279 100 243294 110 230403 120 203765 130 172343 140 138375 150 104608 160 69240
hp03:37:16 .9961134 252702.2 80.6 21
hk03:37:39 20 20 15 13.7 2.37-99-38
co03:37:41hgfw2: HG FW#2 at step  0
hk03:39:49 21 23 16 13.3 2.74-99-38
hgscan 0wide 296warm= 2.00166703:39:49MAY 24/19 287 487 1824 10257 20553 31488 42397 52696 63115 71230 72307 67659 58168 46971 35615 24153 12698 2297 347 129 129 325 2277 13147 25137 37623 49791 62383 73059 78843 78372 70160 59173 47728 35526 23605 11866 2128 632 363
hg03:41:16 .9987 1019.893 1020 151150 21 0
hk03:46:23 19 21 16 6.7 1.23-99-38
sla 0 226.710620 678937 225 756946 872390 1063971 1173074 1291465rat 1947.633 1318.731 435.8164 430.5078
sla 0 227.380620 679103 247 757969 872519 1064083 1173306 1293256rat 1942.594 1318.992 436.2344 435.8438
sla 0 228.060620 679930 226 757614 872585 1065246 1173676 1293968rat 1946.043 1320.047 432.7774 436.8946
sla 0 228.740620 680049 237 759132 872763 1065728 1174601 1293362rat 1940.723 1322.676 434.2774 431.2774
sla 0 229.410620 680613 226 758552 873156 1065843 1175149 1294021rat 1946.172 1322.75 435.8867 431.461
sla 0 230.090620 680270 238 758880 873487 1065575 1175327 1294561rat 1944.957 1321.758 437.6875 432.668
sla 0 230.770620 680161 216 758288 872219 1064662 1174035 1293589rat 1943.449 1323.258 436.5782 434.2071
summary03:48:44MAY 24/19 55.437 1.751 19sl 0 1945 1321 436 433 558 367 758197.3 1293460 2 2 2 2 9 5 741.1 893.8
hk03:51:12 20 21 16 13 2.37-99-38
dto3MAY 24/1903:57:22 20 0 1741590 28.8 27.39 28.17 27.05 27.22 1 732022.7 26.06 30.62 31.68 31.83 26.68 26.01 28.33 23.87 25.72 27.21    27.724 .7      27.8 2.7
hk03:57:27 21 23 17 7.2 1.48-99-38
rso3MAY 24/1904:01:42 21 1021520 340 1138767 1312911 1600479 1765291 1944749 2997549 1021485 241 1140160 1311250 1600563 1764249 1945112 2997755 1 1.4108 .9987 1.0012 .9999 1.0005 .9998 .9999 .1904 .1286 .0426 .0421 .0559 .0358-.0177 .1896 .1289 .0423 .0424 .054 .0357-.0177
ap04:01:42 20.9 23.75 16.34 1120.68 12.04 5.05-11.49 24.24 0 18.62 17.67-37.77 5.46-4.54 0 0 0 0 .02 .02 8.18 1.78 0 .03 20.9 23.56 16.34 1120.68 12.04 5.04-11.38 23.78 .96 18.81 17.67-37.77 5.45-4.54 1.67 10.58 .36 13.52 1.59 .53 13.49 2.77 .05 .07
co04:02:24po: Running po from o314519a line -118.61
co04:02:25b2: Running b2 from o314519a line -118.61
co04:02:26w1: Running w1 from o314519a line -118.61
co04:07:27ci: Running ci from o314519a line -118.61
hk04:07:42 20 22 16 16.4 3.18-99-38
co04:15:05cz: Running cz from o314519a line -118.61
co04:15:05cz: Illegal command (cz) in schedule o314519a, ignoring
hk04:15:10 20 22 16 6.9 1.34-99-38
hpscan04:15:29 0 76409 10 108715 20 142343 30 177366 40 209816 50 235806 60 247260 70 249400 80 249457 90 249109 100 246413 110 232529 120 203242 130 171445 140 138483 150 105102 160 69470
hp04:16:24 .9955944 257319.8 79.2 20
hk04:16:46 21 23 16 13.2 2.7-99-38
co04:16:49hgfw2: HG FW#2 at step  0
hk04:18:56 20 20 16 13.1 2.26-99-38
hgscan 0wide 296warm= 204:18:56MAY 24/19 419 725 2826 15624 31751 48519 63675 79169 94921 106992 107975 101269 86609 69177 53083 35235 18306 3531 516 202 187 475 3365 18382 35505 53325 69499 87457 101924 109297 108437 96310 80638 64660 49076 32281 15630 2814 783 458
hg04:20:24 .9985 1019.988 1020 217272 20 0
co04:20:26hl: Running hl from o314519a line -118.61
hk04:20:46 21 23 16 13.2 2.7-99-38
hk04:29:59 20 22 16 13 2.52-99-38
hpscan04:30:17 0 69006 10 101749 20 135398 30 169389 40 201419 50 228239 60 241733 70 245044 80 245757 90 245308 100 244401 110 232353 120 205311 130 172888 140 141207 150 106513 160 71407
hp04:31:12 .9959001 253244.6 81 20
hk04:31:34 20 20 16 6.9 1.19-99-38
co04:31:37hgfw2: HG FW#2 at step  0
hk04:33:44 21 23 16 8.3 1.71-99-38
hgscan 0wide 296warm= 204:33:44MAY 24/19 393 714 2782 14031 29633 44200 59543 75437 90634 100588 101701 95347 80757 66015 48974 32445 16883 3410 430 161 166 441 3244 16813 32715 49384 66520 81835 96471 103415 101909 92046 76694 61520 45242 30783 14429 2866 776 440
hg04:35:12 .9989 1019.9 1020 205116 21 0
co04:35:14hs: Running hs from o314519a line -118.61
hk04:35:34 20 20 16 6.9 1.19-99-38
hk04:45:37 21 23 15 7.2 1.48-99-38
hpscan04:45:57 0 71488 10 102752 20 136515 30 170699 40 202782 50 230193 60 242386 70 245266 80 245774 90 246183 100 243876 110 230942 120 203072 130 168660 140 136228 150 103409 160 67679
hp04:46:51 .9954147 253836.2 80.2 21
hk04:47:14 20 21 15 13.1 2.4-99-38
co04:47:16hgfw2: HG FW#2 at step  0
hk04:49:23 21 24 16 7.2 1.57-99-38
hgscan 0wide 296warm= 204:49:23MAY 24/19 389 698 2485 14308 28474 42982 59255 74688 88729 99054 100249 93847 79598 64721 48591 31109 16381 4056 451 163 173 430 3939 16411 31266 48798 64986 81081 94705 101906 100636 90417 76542 61463 45292 30661 15427 2956 766 453
hg04:50:51 .999 1019.765 1020 202155 21 0
hk04:55:57 20 21 16 7 1.29-99-38
sla 0 296.280620 679719 236 757331 872689 1064786 1172423 1293153rat 1942.934 1314.754 429.9258 438.8477
sla 0 296.960620 679905 211 757482 872756 1063583 1173624 1292901rat 1946.582 1318.961 439.5352 433.3828
sla 0 297.640620 680002 206 758215 873373 1065581 1173577 1295217rat 1942.106 1315.637 430.9844 441.5899
sla 0 298.320620 680505 217 758653 872933 1065550 1174842 1294608rat 1944.395 1322.699 435.9375 434.6719
sla 0 298.990620 679963 230 758531 872378 1065446 1174360 1294680rat 1943.293 1323.707 434.543 436.7578
sla 0 299.670620 681175 234 758812 873133 1066480 1174934 1295434rat 1943.852 1322.055 432.4063 437.1758
sla 0 300.350620 680668 228 758684 873852 1066486 1174791 1295680rat 1944.039 1317.852 431.8321 438.5821
summary04:58:18MAY 24/19 50.116 1.552 20sl 0 1944 1319 434 437 545 359 758244 1294525 2 4 3 3 10 6 591.2 1094.7
co05:00:43skc: Waiting until ZA = -97 now -104.6
co05:10:44skc: Waiting until ZA = -97 now -102.7
co05:20:44skc: Waiting until ZA = -97 now -100.8
co05:30:45skc: Waiting until ZA = -97 now -98.9
hk05:40:30 19 21 15 6.9 1.26-99-38
hpscan05:40:49 0 71668 10 103189 20 137072 30 171574 40 202151 50 229119 60 241563 70 244677 80 244562 90 244786 100 242594 110 229991 120 201096 130 169448 140 136550 150 103317 160 67630
hp05:41:43 .9959364 252473 80.1 19
hk05:42:06 21 24 15 13.4 2.9-99-38
co05:42:08hgfw2: HG FW#2 at step  0
hk05:44:15 19 20 15 15.1 2.61-99-38
hgscan 0wide 296warm= 205:44:15MAY 24/19 272 486 1760 9556 19158 30144 42078 52421 62259 70114 71203 67592 57443 46450 33620 22655 12732 2851 328 135 141 315 2758 13002 23729 35352 48955 61008 72408 78044 77294 69550 59156 48241 35440 23075 11897 2526 611 362
hg05:45:43 .9991 1019.713 1020 149247 19 0
co05:45:45b2: Running b2 from o314519a line -97
co05:46:08zs: ZS intensity too low ( 2/cy), skipping.
hk05:50:49 22 25 16 13.4 3.07-99-38
sla 0 351.160620 680164 225 758564 872706 1064741 1173948 1294413rat 1941.524 1320.461 435.918 437.4024
sla 0 351.830620 680537 221 758882 873690 1065497 1174384 1294127rat 1941.324 1317.117 434.4141 434.7461
sla 0 352.510620 680245 217 758036 872819 1064620 1175083 1294158rat 1948.91 1324.203 440.75 432.1953
sla 0 353.190620 681271 240 759122 874138 1066214 1174973 1295444rat 1942.203 1317.109 433.6719 437.0742
sla 0 353.870620 680947 221 758782 873985 1066390 1174909 1293782rat 1943.902 1317.613 432.6836 431.5547
sla 0 354.540620 680612 213 757835 872843 1065636 1175334 1295016rat 1951.039 1325.031 437.4571 434.2071
sla 0 355.220620 680529 205 759467 873956 1065098 1174224 1294865rat 1937.281 1315.145 435.4766 437.8985
summary05:53:11MAY 24/19 49.495 1.532 22sl 0 1944 1320 436 435 552 362 758669.8 1294544 5 4 3 3 12 6 632 446.9
co05:55:35ux: Running ux from o314519a line -97
hk05:55:40 21 25 16 7.1 1.63-99-38
co05:56:13ux: UV extended  scan started
co06:01:58ux: UV extended  scan finished, incident DUV =  4.485333E-02 mW/m^2
co06:02:13zs: ZS intensity too low ( 18/cy), skipping.
co06:02:21zs: ZS intensity too low ( 21/cy), skipping.
co06:02:21ux: Running ux from o314519a line -97
hk06:02:26 21 23 16 6.9 1.42-99-38
co06:02:51ux: UV extended  scan started
co06:08:37ux: UV extended  scan finished, incident DUV =  .1189115 mW/m^2
co06:08:38skc: Waiting until ZA = -87.6 now -91.5
co06:18:38skc: Waiting until ZA = -87.6 now -89.1
co06:26:21td: Running td from o314519a line -87.6
co06:26:22td: Time correction -.3 seconds
co06:26:23ux: Running ux from o314519a line -87.6
hk06:26:28 20 21 15 13.1 2.4-99-38
co06:26:47ux: UV extended  scan started
co06:32:34ux: UV extended  scan finished, incident DUV =  1.027491 mW/m^2
hk06:32:40 21 23 16 6.8 1.39-99-38
hpscan06:33:12 0 73495 10 106215 20 139654 30 173914 40 205684 50 231325 60 243440 70 245619 80 246081 90 245845 100 243261 110 230042 120 201710 130 168744 140 136321 150 101997 160 67578
hp06:34:06 .9957108 253753 79.5 21
co06:34:24b1: Running b1 from o314519a line -87.6
hk06:34:38 20 21 16 6.9 1.26-99-38
co06:34:42ds: DS intensity too low ( 47/cy), skipping.
hk06:35:00 20 21 16 13.3 2.43-99-38
zsa0 395.340620 107 39 220 593 2048 6390 10728rat 15452.26 10593.91 4999.063 2261.395
zsa0 396.030620 127 33 210 610 2158 6617 11238rat 15705.82 10573.76 4911.768 2309.692
zsa0 396.720620 118 44 239 664 2287 7039 11877rat 15548.23 10524.62 4940.074 2283.563
zsa0 397.410620 111 29 242 669 2357 7380 12506rat 15380.4 10602.35 4994.149 2298.164
zsa0 398.10620 114 29 246 713 2503 7874 13116rat 15582.11 10596.1 5012.481 2223.008
zsa0 398.790620 119 40 258 721 2634 8199 13859rat 15732.62 10785.66 4977.239 2288.977
zsa0 399.480620 111 25 248 743 2725 8597 14528rat 15848.62 10770.38 5017.782 2284.367
summary06:37:24MAY 24/19 85.425 8.866 20zs 0 15607 10635 4979 2278 8316 4272 18129.9-42524.5 165 101 39 29 174 94 51881.6 121923.7
hk06:40:03 20 22 16 13.5 2.61-99-38
fv06:41:040az 69.19574 20 615.6ze 84.473-4 812.8
hk06:42:19 21 22 16 13.3 2.58-99-38
co06:42:25hgfw2: HG FW#2 at step  0
hk06:42:36 21 22 16 19.4 3.75-99-38
hgscan 0wide 296warm= 8.01166806:42:36MAY 24/19 448 753 2399 13046 29278 46290 61799 76378 90632 102608 103505 97039 83022 64944 49116 33872 18874 4162 457 180 180 442 3935 18758 33872 49107 64812 82777 96761 104280 103124 90746 76556 62854 46525 30094 13534 2497 824 459
hg06:44:03 .9987 1019.913 1020 207785 21 0
co06:44:05an: Running an from o314519a line -87.6
co06:44:05an: Auto FR/HP/HG is now ON
hk06:44:18 20 21 16 13.3 2.43-99-38
dsa0 404.720620 32 27 40 204 2110 15345 33957rat 26232.38 16615.82 7356.43 2214.61
dsa0 405.410620 46 25 41 247 2544 17946 39379rat 26104.88 16370.75 7239.875 2202.938
dsa0 406.10620 33 35 56 294 3076 21133 45750rat 25721.94 16465.13 7157.051 2169.797
dsa0 406.80620 45 36 40 335 3669 24737 52888rat 33694.1 16579.1 7094.574 2139.133
dsa0 407.490620 60 32 49 408 4334 28512 61151rat 28110.86 16253.03 7003.063 2175.203
summary06:46:06MAY 24/19 83.67401 7.366 20ds 0 27973 16457 7170 2180 20996 9165-22.5 300.5 3329 149 135 30 3405 152 15.1 9.8
hk06:47:57 20 21 16 6.9 1.26-99-38
dsa0 408.370620 42 32 38 517 5369 34642 72772rat 33581.88 16056.75 6943.399 2113.031
dsa0 409.060620 41 37 38 600 6362 39551 82297rat 38409.05 16031.6 6803.766 2093.094
dsa0 409.750620 45 40 56 726 7590 45722 93614rat 30677.97 15849.3 6686.86 2043.742
dsa0 410.440620 37 40 68 845 8892 52640 106402rat 28931.36 15811.17 6629.563 2007.813
dsa0 411.140620 40 36 72 1035 10376 59501 120059rat 28441.56 15448.88 6508.004 2019.414
summary06:49:45MAY 24/19 82.931 6.836 20ds 0 32008 15840 6714 2055 25431 8988 2.5 316.1 4105 244 167 46 3985 132 20.5 6.2
hk06:51:36 20 21 16 7.5 1.37-99-38
dsa0 412.010620 45 34 76 1257 12476 69510 138426rat 28532.35 15298.38 6405.258 1986.133
dsa0 412.710620 46 44 82 1448 14446 78524 154663rat 29560.41 15268.04 6318.383 1956.672
dsa0 413.40620 38 45 82 1733 16554 88210 172274rat 30244.36 15012.33 6249.61 1937.656
dsa0 414.10620 51 37 96 2033 18966 98685 191122rat 28766.14 14809.91 6161.625 1918.227
dsa0 414.790620 39 36 112 2371 21593 110525 211958rat 28217.36 14657.4 6107.024 1892.211
summary06:53:24MAY 24/19 82.184 6.36 20ds 0 29064 15009 6248 1938 22862 8590-4.1 321.4 826 280 119 36 807 166 4.7 2.7
hk06:55:15 20 21 16 13.1 2.4-99-38
dsa0 415.670620 47 36 128 2876 25624 126784 240534rat 28055.66 14448.09 5980.524 1866.063
dsa0 416.360620 59 44 159 3271 28846 140637 264786rat 27592.07 14378.04 5933.727 1848.945
dsa0 417.050620 47 38 183 3828 32510 155139 290807rat 27065.24 14139.51 5855.657 1845.258
dsa0 417.740620 53 46 203 4402 36459 171260 317230rat 27200.74 13996.59 5803.282 1808.531
dsa0 418.430620 45 53 237 5087 41116 188528 346419rat 26979.39 13817.3 5714.086 1788.422
summary06:57:02MAY 24/19 81.434 5.936 20ds 0 27379 14156 5857 1831 21518 8114-2.8 320.8 445 262 105 32 372 159 1.9 2.1
co06:58:47ux: Running ux from o314519a line -87.6
hk06:58:52 21 22 16 14.2 2.76-99-38
co06:59:21ux: UV extended  scan started
co07:05:12ux: UV extended  scan finished, incident DUV =  4.455778 mW/m^2
hk07:05:30 20 20 16 13.1 2.26-99-38
dsa0 425.920620 120 61 1071 18317 122855 463134 791374rat 23965.36 12429.56 5012.039 1615.07
dsa0 426.620620 129 70 1248 20253 133582 495239 840502rat 23626.58 12309.55 4952.149 1597.156
dsa0 427.310620 145 64 1359 22567 145519 530585 895106rat 23553.1 12161.23 4892.133 1582.774
dsa0 4280620 138 71 1570 24750 157593 566913 952452rat 23242.77 12072.22 4846 1576.477
dsa0 428.70620 161 66 1825 27322 171376 606274 1013250rat 22876.44 11956.41 4785.422 1565.063
summary07:07:18MAY 24/19 79.311 4.969 20ds 0 23453 12186 4898 1587 18373 7039 .2 319.8 412 188 89 19 353 111 .8 1
hk07:09:10 21 22 16 13.3 2.58-99-38
dsa0 429.580620 188 94 2095 30781 189302 657092 1089001rat 22711.9 11820.85 4718.625 1542.672
dsa0 430.270620 205 71 2343 33548 204000 698299 1150843rat 22460.07 11730.49 4669.508 1529.274
dsa0 430.970620 225 84 2649 36781 219607 741878 1215336rat 22230.86 11617.34 4624.172 1513.899
dsa0 431.660620 266 86 2961 39964 235826 785988 1280432rat 22020.01 11529.45 4577.008 1500.125
dsa0 432.350620 287 82 3315 43622 253666 833482 1350396rat 21799.34 11425.35 4526.696 1487
summary07:10:57MAY 24/19 78.55 4.689 21ds 0 22244 11625 4623 1515 17398 6738 .5 320.1 358 157 75 22 287 82 .2 .4
co07:12:43td: Running td from o314519a line -78.8
co07:12:44td: Time correction -.1 seconds
co07:12:45ux: Running ux from o314519a line -78.8
hk07:12:50 21 23 16 13.7 2.8-99-38
co07:13:18ux: UV extended  scan started
co07:19:06ux: UV extended  scan finished, incident DUV =  7.055609 mW/m^2
hk07:19:11 20 21 16 9.399999 1.72-99-38
hpscan07:19:43 0 74827 10 106345 20 140560 30 174377 40 206108 50 232096 60 243285 70 245407 80 245975 90 245675 100 243174 110 228606 120 200975 130 166301 140 133769 150 100813 160 65035
hp07:20:38 .9955519 253708.1 79.2 20
co07:20:55b1: Running b1 from o314519a line -78.8
hk07:21:09 21 23 16 6.9 1.42-99-38
dsa64 441.670620 547 78 5113 47921 238660 680657 1054476rat 19309.31 10322.78 3993.617 1367.961
dsa64 442.370620 620 72 5575 50898 252411 711774 1098711rat 19141.99 10270.35 3952.414 1359.633
dsa64 443.060620 657 72 6166 54544 264946 741434 1140663rat 18900.11 10162.34 3927.102 1352.195
dsa64 443.760620 733 71 6592 57940 280317 774697 1185385rat 18820.35 10105.87 3880.57 1335.547
dsa64 444.450620 792 73 7114 61623 294232 806841 1230096rat 18686.84 10029.81 3854.453 1326.672
summary07:23:03MAY 24/19 76.017 3.942 21ds 1 18972 10178 3922 1348 14657 5925 .6 320.2 251 119 56 17 200 64 .4 1.2
hk07:24:55 20 20 16 15.1 2.61-99-38
fv07:25:5664az 73.98186 20 64846.6ze 75.18-4 68684.8
hk07:27:11 22 23 17 7.1 1.45-99-38
co07:27:18hgfw2: HG FW#2 at step  0
hk07:27:29 21 23 17 16.4 3.37-99-38
hgscan 0wide 296warm= 6.38333307:27:29MAY 24/19 382 717 1993 12581 28938 45079 59747 74284 89376 100241 101577 95304 80597 64526 48593 34154 18620 4392 476 199 189 485 4214 18508 34235 48705 64589 81439 95859 102969 101753 90352 74975 61484 45916 29596 12991 2152 754 412
hg07:28:57 .9987 1020.083 1020 204546 21 0
co07:28:59an: Running an from o314519a line -78.8
co07:28:59an: Auto FR/HP/HG is now ON
hk07:29:13 21 21 17 6.9 1.26-99-38
dsa64 449.640620 1594 87 12771 94193 418797 1073161 1594174rat 17533.22 9533.5 3615.219 1262.891
dsa64 450.330620 1730 80 13496 98791 436076 1106613 1639057rat 17443.72 9473.141 3579.735 1256.297
dsa64 451.030620 1888 88 14696 104066 453875 1143703 1689097rat 17237.38 9404.016 3556.102 1249.805
dsa64 451.720620 2041 89 15727 109096 473710 1181543 1740742rat 17103.15 9353.883 3518.477 1245.399
dsa64 452.410620 2197 100 16934 115087 494064 1223704 1795866rat 16955.59 9287.868 3495.133 1234.492
summary07:31:01MAY 24/19 74.338 3.563 21ds 1 17255 9410 3553 1250 13255 5509 .7 320.1 238 97 48 11 204 55 .3 .4
hk07:32:52 22 23 17 6.9 1.42-99-38
dsa64 453.290620 2453 110 18235 122058 519495 1272344 1859962rat 16828.86 9218.594 3454.852 1224.891
dsa64 453.980620 2716 109 19628 128787 540883 1314749 1916988rat 16669.25 9141.047 3428.836 1219.688
dsa64 454.680620 2928 104 20863 134387 562889 1356559 1970610rat 16557 9104.969 3398.133 1209.117
dsa64 455.370620 3142 106 22158 141180 585592 1399970 2029280rat 16450.83 9040.688 3369.899 1205.703
dsa64 456.070620 3402 96 23510 147835 606443 1440297 2080475rat 16333.03 8976.438 3347.781 1196.047
summary07:34:40MAY 24/19 73.565 3.412 22ds 1 16568 9096 3400 1211 12692 5338 .9 319.4 192 93 43 11 156 53 .4 1
hk07:36:32 20 22 17 13.1 2.54-99-38
dsa64 456.950620 3770 108 25543 156474 636986 1497663 2156503rat 16166.95 8915.922 3312.32 1189.586
dsa64 457.650620 4019 109 27220 163428 659527 1540623 2211690rat 16031.52 8862.649 3290.649 1182.024
dsa64 458.340620 4327 104 28626 170279 682329 1582731 2263792rat 15946.16 8813.336 3266.25 1171.055
dsa64 459.030620 4670 107 30490 177661 706768 1626362 2322041rat 15808.24 8759.672 3237.797 1168.969
dsa64 459.730620 4996 116 32298 185418 731697 1671672 2380622rat 15695.9 8705.93 3212.899 1163.25
summary07:38:20MAY 24/19 72.789 3.273 20ds 1 15930 8812 3264 1175 12170 5182 .9 319.1 185 83 40 11 152 45 .1 .5
co07:40:05b2: Running b2 from o314519a line -78.8
hk07:40:12 20 21 17 16.4 2.99-99-38
dsa128 460.720620 2080 65 13096 73592 291092 671894 967797rat 15575.63 8676.141 3200.828 1169.031
dsa128 461.410620 2234 85 13689 76222 300092 688284 990606rat 15507.83 8638.586 3177.961 1169.828
dsa128 462.110620 2365 80 14464 79688 310352 708488 1015947rat 15406.29 8580.352 3162.36 1158.016
dsa128 462.80620 2538 83 15397 83074 322955 731173 1047023rat 15285.74 8546.133 3131.063 1156.336
dsa128 463.490620 2737 80 16310 86205 333532 749936 1070499rat 15157.25 8504.188 3105.461 1146.43
summary07:42:06MAY 24/19 71.99 3.141 20ds 2 15387 8589 3156 1160 11675 5039 .8 319.2 169 69 38 10 139 35 .5 .8
hk07:43:58 21 22 17 14.1 2.73-99-38
fv07:44:59128az 75.91525 20 55663.6ze 71.143-4 57353.6
hk07:46:29 20 21 17 7.2 1.32-99-38
sla 0 466.820620 680637 215 759830 875444 1067193 1176728 1296057rat 1944.711 1317.129 436.2461 432.5039
sla 0 467.50620 681162 236 760382 874389 1066678 1175879 1296941rat 1938.305 1319.281 435.1797 438.7969
sla 0 468.180620 681389 219 759610 874616 1066662 1176400 1296493rat 1944.746 1320.086 437.2149 435.2657
sla 0 468.850620 682024 214 759734 874455 1067476 1176846 1295998rat 1945.707 1322.59 435.5078 431.8555
sla 0 469.530620 681372 227 760661 875326 1067161 1176159 1296750rat 1937.723 1315.578 434.211 437.0742
sla 0 470.210620 680820 213 760787 875316 1067527 1176055 1296293rat 1936.574 1315.219 432.2891 435.8828
sla 0 470.880620 680718 218 759930 874190 1067396 1176625 1296213rat 1943.742 1323.102 435.0078 433.4375
summary07:48:51MAY 24/19 58.482 1.896 20sl 0 1942 1319 435 435 550 362 760133.5 1296392 4 3 2 3 12 6 387 0
hk07:51:29 21 23 17 16.3 3.34-99-38
dsa128 471.910620 5767 91 29420 132978 476803 1001414 1394152rat 14002.8 7981.032 2860.219 1083.141
dsa128 472.60620 6072 106 30438 137016 488559 1019013 1417328rat 13944.02 7934.657 2833.695 1082.484
dsa128 473.30620 6396 90 31794 141258 501136 1040392 1443042rat 13854.2 7899.852 2817.274 1073.633
dsa128 473.990620 6706 106 33211 145682 512582 1058953 1468157rat 13754.37 7850.36 2799.594 1075.149
dsa128 474.680620 7153 89 34652 150568 526796 1084572 1497580rat 13683.08 7818.422 2788.547 1060.563
summary07:53:17MAY 24/19 69.603 2.805 21ds 2 13848 7897 2820 1075 10408 4659 1.1 317.7 132 65 28 9 106 38 .4 1.1
co07:55:02td: Running td from o314519a line -69.93
co07:55:04td: Time correction  .1 seconds
co07:55:05ux: Running ux from o314519a line -69.93
hk07:55:10 20 21 17 13.4 2.45-99-38
co07:55:39ux: UV extended  scan started
co08:01:27ux: UV extended  scan finished, incident DUV =  20.94975 mW/m^2
hk08:01:33 21 21 17 7.2 1.32-99-38
hpscan08:02:05 0 73022 10 106182 20 140112 30 174945 40 207147 50 231579 60 244006 70 245985 80 246278 90 246347 100 243742 110 230347 120 201390 130 169813 140 138119 150 104498 160 68726
hp08:02:59 .9959496 253952.8 79.4 21
co08:03:17b1: Running b1 from o314519a line -69.93
hk08:03:33 20 21 17 13.3 2.42-99-38
dsa128 483.970620 13756 114 57781 218058 716774 1386989 1874705rat 12674.66 7375.219 2566.031 1009.055
dsa128 484.660620 14311 112 59677 223406 731686 1411233 1904711rat 12619.66 7352.133 2555.227 1005.672
dsa128 485.350620 14900 102 61764 229659 746599 1433426 1931485rat 12546.83 7306.149 2538.352 1001.148
dsa128 486.050620 15448 112 63627 234868 759927 1455609 1958120rat 12495.06 7282.321 2531.563 996.6953
dsa128 486.740620 16163 114 65903 240302 775537 1478681 1983982rat 12420.3 7257.789 2514.594 987.8203
summary08:05:21MAY 24/19 67.019 2.517 20ds 2 12551 7315 2541 1000 9351 4344 1.3 317.3 100 49 20 8 74 26 .3 .9
hk08:07:13 22 24 17 8.600001 1.88-99-38
fv08:08:14128az 78.22813 20 101463.8ze 66.166-4 103556
hk08:09:28 21 21 17 7 1.29-99-38
co08:09:37hgfw2: HG FW#2 at step  0
hk08:09:47 21 21 17 7.4 1.35-99-38
hgscan 0wide 296warm= 6.32166608:09:47MAY 24/19 391 750 1975 13557 30283 46858 62008 77265 93003 104106 105804 98526 82847 66882 51261 35509 18868 4451 518 209 227 487 4309 18830 35488 51119 66887 83269 99277 106255 104883 93746 77161 63299 47290 30792 13744 2011 735 425
hg08:11:15 .9986 1020.038 1020 212059 21 0
co08:11:17an: Running an from o314519a line -69.93
co08:11:17an: Auto FR/HP/HG is now ON
hk08:11:32 20 20 17 13.1 2.26-99-38
dsa128 491.960620 21927 121 83622 285985 896552 1658598 2204456rat 11955.52 7048.696 2406.242 966.8516
dsa128 492.650620 22655 115 85992 291516 909683 1676712 2226950rat 11889.03 7017.961 2392.735 966.1016
dsa128 493.340620 23562 122 88709 297551 925188 1700844 2255425rat 11825.49 6997.407 2384.461 961.7188
dsa128 494.030620 24627 117 91231 304218 942505 1724558 2280833rat 11772.27 6967.102 2366.695 952.2891
dsa128 494.720620 25550 118 94618 312566 960476 1752169 2316185rat 11691.95 6924.657 2356.68 952.8594
summary08:13:20MAY 24/19 65.3 2.358 20ds 2 11827 6991 2381 960 8755 4169 1.3 316.9 102 48 20 7 82 28 .3 1.2
hk08:15:11 22 24 17 13.5 2.93-99-38
dsa128 495.610620 26726 125 97283 319404 978508 1776668 2345239rat 11642.63 6898.196 2339.461 949.6406
dsa128 496.30620 27602 125 100279 324693 992063 1795490 2367615rat 11564.72 6878.125 2327.992 947.3672
dsa128 496.990620 28552 126 102756 331523 1008501 1819758 2395916rat 11525.84 6851.961 2317.766 943
dsa128 497.690620 29660 135 105868 337821 1026586 1845626 2426523rat 11466.27 6837.492 2304.57 939.1172
dsa128 498.380620 30634 131 108543 344766 1043438 1870043 2456495rat 11423.59 6812.094 2293.742 937.8359
summary08:16:59MAY 24/19 64.512 2.291 22ds 2 11525 6856 2317 943 8506 4093 1.4 316.5 85 34 18 5 69 17 .3 .7
hk08:18:51 21 21 17 7.4 1.34-99-38
dsa192 499.370620 9332 75 33011 104780 322060 586098 779246rat 11435.31 6837.492 2299.672 946.1797
dsa192 500.060620 9649 66 33896 106887 326337 592543 787778rat 11373.08 6802.282 2291.781 947.8203
dsa192 500.760620 9979 66 34524 108608 330817 598968 796374rat 11346.59 6783.852 2281.336 950
dsa192 501.450620 10440 66 35839 111113 336891 608680 807965rat 11260.6 6759.024 2274.281 944.75
dsa192 502.150620 10671 78 36753 113246 341292 616203 816623rat 11212.35 6734.352 2273.399 939.4844
summary08:20:45MAY 24/19 63.7 2.228 21ds 3 11326 6783 2284 946 8300 4034 1.4 317.7 89 40 11 4 81 30 .5 1.6
hk08:22:37 20 20 17 13.2 2.28-99-38
dsa192 503.030620 11137 75 37906 115716 349402 625906 827862rat 11153.28 6713.391 2241.438 933.0703
dsa192 503.720620 11539 75 38806 117953 354416 632689 837930rat 11104.54 6681.125 2228.281 940.7656
dsa192 504.420620 11902 78 39628 120248 359958 640012 845530rat 11069.74 6651.328 2212.664 931.5391
dsa192 505.110620 12179 77 40633 121995 363617 646305 853281rat 11009.16 6634.946 2213.102 930.3359
dsa192 505.80620 12540 69 41798 123724 368667 653063 861017rat 10936.59 6622.617 2200.094 925.9609
summary08:24:24MAY 24/19 62.908 2.169 20ds 3 11055 6661 2219 932 8071 3966 1.4 317.2 84 37 16 5 73 24 .6 1.5
co08:26:09ux: Running ux from o314519a line -69.93
hk08:26:14 22 24 17 7.4 1.61-99-38
co08:26:44ux: UV extended  scan started
co08:32:32ux: UV extended  scan finished, incident DUV =  38.0982 mW/m^2
hk08:32:50 20 20 17 6.7 1.16-99-38
dsa192 513.260620 17352 93 53171 148705 427911 736897 960955rat 10478.3 6388.375 2096.039 895.2344
dsa192 513.950620 17770 85 54486 150541 433591 743252 971070rat 10414.2 6375.68 2077.555 905.1875
dsa192 514.640620 18273 85 55445 152600 439256 752541 979690rat 10398.09 6374.414 2076.953 890.9375
dsa192 515.34010620 18672 92 56505 155411 444750 760977 990788rat 10369.86 6347.008 2073.024 892.9844
dsa192 516.03010620 19075 94 57973 158020 451512 770698 1002551rat 10318.89 6333.328 2064.242 890.5781
summary08:34:38MAY 24/19 60.691 2.022 20ds 3 10396 6364 2078 895 7532 3804 1.6 316.6 59 23 12 6 54 16 .5 1.8
co08:36:23td: Running td from o314519a line -60.57
co08:36:25td: Time correction  0 seconds
co08:36:26ux: Running ux from o314519a line -60.57
hk08:36:31 22 25 17 13.4 3.07-99-38
co08:37:00ux: UV extended  scan started
co08:42:48ux: UV extended  scan finished, incident DUV =  45.14428 mW/m^2
hk08:42:53 20 20 17 12.9 2.23-99-38
hpscan08:43:26 0 68498 10 101797 20 135750 30 169777 40 202118 50 229508 60 242923 70 245694 80 246265 90 246709 100 245168 110 233431 120 206908 130 173456 140 140985 150 106508 160 71872
hp08:44:20 .9955878 254329.6 80.9 20
co08:44:38af: Running af from o314519a line -60.57
co08:44:38af: Auto FR/HP/HG is now OFF
co08:44:38b1: Running b1 from o314519a line -60.57
hk08:44:54 20 20 17 6.7 1.16-99-38
dsa192 525.330620 26731 96 74953 190035 525629 869610 1119159rat 9792.828 6098.985 1948.164 862.0391
dsa192 526.020620 27174 84 76455 192621 531217 877922 1128913rat 9751.922 6084.407 1944.953 859.6719
dsa192 526.710620 27974 85 77548 194805 536913 884086 1135358rat 9725.149 6068.696 1930.234 855.1406
dsa192 527.410620 28604 88 79134 197505 542570 892936 1146933rat 9685.274 6055.305 1929.492 857.3281
dsa192 528.10620 29075 102 79968 199974 548145 898413 1153594rat 9671.399 6030.875 1912.844 857.1797
summary08:46:42MAY 24/19 58.066 1.875 20ds 3 9725 6068 1933 858 6979 3642 1.6 316.2 49 26 14 3 44 17 .4 .9
hk08:48:34 20 20 17 13.2 2.28-99-38
fv08:49:37192az 82.31761 20 58627.8ze 57.194-4 59136.6
hk08:50:52 20 20 17 14.3 2.47-99-38
co08:51:01hgfw2: HG FW#2 at step  0
hk08:51:12 20 20 17 13.1 2.26-99-38
hgscan 0wide 296warm= 6.38833408:51:12MAY 24/19 414 745 2014 13788 30349 46095 60876 75354 90976 101368 102500 96158 79754 64568 49021 33981 17996 4090 457 203 182 460 3940 18023 34082 49569 64966 80812 96736 103933 102831 91828 76195 61918 46832 30673 14131 2125 769 429
hg08:52:40 .9986 1019.756 1020 206433 20 0
co08:52:42an: Running an from o314519a line -60.57
co08:52:42an: Auto FR/HP/HG is now ON
hk08:52:58 20 20 17 7.2 1.24-99-38
dsa192 533.380620 34372 106 91113 219355 590947 954050 1218706rat 9398.203 5911.274 1856.93 843.5781
dsa192 534.070620 35044 91 92824 222113 596316 962271 1226813rat 9358.109 5896.742 1856.188 836.0547
dsa192 534.760620 35701 91 94362 224329 602342 970981 1236709rat 9330.039 5895.586 1852.969 832.8985
dsa192 535.460620 36715 101 96248 228541 612260 983536 1254366rat 9304.828 5873.75 1839.172 840.2188
dsa192 536.150620 37339 101 97568 230574 616559 989811 1259743rat 9277.219 5865.469 1837.625 832.0469
summary08:54:45MAY 24/19 56.311 1.79 20ds 3 9334 5889 1849 837 6655 3541 2 314.8 47 19 9 5 39 12 .4 1.4
hk08:56:37 20 20 17 13.5 2.34-99-38
dsa192 537.040620 37917 103 98894 232766 620752 993972 1263886rat 9241.602 5845.563 1827.727 829.3203
dsa192 537.730620 38711 86 100353 235141 625837 1000260 1272183rat 9208.625 5831.164 1820.774 831.5156
dsa192 538.430620 39583 117 102319 238465 633672 1011498 1286648rat 9178.484 5822.149 1816.742 833.4453
dsa192 539.120620 40325 99 103758 241038 638856 1017504 1291140rat 9146.742 5803.477 1808.109 823.6641
dsa192 539.810620 41002 98 104663 241847 640410 1018327 1291546rat 9115.43 5794.242 1801.867 822.2969
summary08:58:25MAY 24/19 55.513 1.754 20ds 3 9178 5819 1815 828 6528 3504 2 315 50 21 10 5 40 11 .2 .9
hk09:00:16 20 20 17 16.2 2.79-99-38
dsa192 540.70620 42116 95 106980 245980 649671 1030429 1306691rat 9076.969 5775.516 1792.438 823.1797
dsa192 541.390620 42931 104 108817 248706 655496 1038956 1318137rat 9042.758 5766.008 1790.649 826.4375
dsa192 542.090620 43702 99 110528 251705 663180 1048401 1327982rat 9018.359 5755.985 1780.524 820.4688
dsa192 542.790620 44320 99 111798 254334 666680 1053124 1332080rat 8991.571 5732.422 1778.195 815.086
dsa192 543.480620 45078 103 113380 255935 671745 1060284 1342082rat 8964.133 5737.391 1776.016 819.4141
summary09:02:05MAY 24/19 54.712 1.72 20ds 3 9019 5753 1784 821 6392 3466 1.9 314.7 44 18 8 4 36 10 .3 .8
co09:03:50ux: Running ux from o314519a line -60.57
hk09:03:55 20 20 17 11.5 1.99-99-38
co09:04:25ux: UV extended  scan started
co09:10:12ux: UV extended  scan finished, incident DUV =  67.00699 mW/m^2
hk09:10:30 22 23 18 7.2 1.48-99-38
dsa192 550.920620 54012 102 130142 283251 731139 1132781 1424879rat 8689.75 5608.492 1706.039 802.1719
dsa192 551.610620 54667 111 131534 286439 735344 1139346 1432643rat 8672.406 5587.282 1707.391 801.6328
dsa192 552.30620 55554 112 132906 287572 739043 1141649 1434152rat 8639.18 5580.867 1695.078 798.1797
dsa192 552.990620 56502 111 134304 290223 743310 1147686 1439838rat 8619.547 5565.789 1693.899 793.1172
dsa192 553.690620 57700 112 136051 292821 751521 1156465 1450208rat 8600.234 5562.688 1680.227 792.1953
summary09:12:18MAY 24/19 52.477 1.633 22ds 3 8644 5581 1697 797 6092 3377 2 315.5 37 19 11 5 23 9 .5 1.5
hk09:14:09 21 21 18 8.399999 1.54-99-38
dsa192 554.570620 58805 116 139222 297680 760944 1171128 1468905rat 8559.656 5549.172 1682.453 794.5313
dsa192 555.260620 59741 109 140648 300167 764106 1174648 1471430rat 8530.914 5527.625 1678.219 789.5235
dsa192 555.950620 60715 110 142582 302775 772188 1184270 1482794rat 8510.812 5528.071 1669 788.5547
dsa192 556.650620 61858 126 144819 305921 777495 1192009 1487991rat 8474.946 5513.664 1668.57 775.875
dsa192 557.340620 62846 116 146388 308077 782887 1197719 1497121rat 8451.524 5505.711 1660.047 782.7656
summary09:15:57MAY 24/19 51.677 1.604 21ds 3 8506 5525 1672 786 5990 3352 1.6 316.7 43 17 9 7 27 7 .6 1.8
co09:17:41ux: Running ux from o314519a line -60.57
hk09:17:47 20 20 18 13.1 2.26-99-38
co09:18:16ux: UV extended  scan started
co09:24:05ux: UV extended  scan finished, incident DUV =  79.76674 mW/m^2
hk09:24:23 20 20 17 7.2 1.24-99-38
dsa192 564.80620 72719 118 164405 335268 837945 1263804 1573061rat 8212.868 5392.61 1607.391 773.1172
dsa192 565.50620 74035 113 165952 338450 843880 1273335 1584272rat 8208.031 5386.391 1610.492 772.211
dsa192 566.190620 74785 122 167782 340710 849891 1278878 1590026rat 8181.828 5378.008 1599.078 769.6641
dsa192 566.880620 75692 119 169350 342520 853543 1281872 1593201rat 8154.125 5366.782 1591.266 768.8828
dsa192 567.570620 76862 145 171027 345276 859264 1288289 1601045rat 8136.563 5355.828 1584.789 769.4141
summary09:26:11MAY 24/19 49.433 1.53 20ds 3 8179 5376 1599 771 5713 3267 2 315.4 33 15 11 2 28 7 .3 .6
hk09:28:02 20 20 17 6.9 1.19-99-38
dsa192 568.460620 78147 122 173460 348339 863850 1294999 1608675rat 8100.672 5342.039 1585.313 768.3985
dsa192 569.150620 78990 125 174714 349677 868030 1298274 1612835rat 8082.602 5337.813 1575.789 769.3125
dsa192 569.840620 80173 126 176918 353012 873288 1307958 1621391rat 8063.719 5331.094 1583.07 760.586
dsa192 570.540620 81068 129 178124 355088 876491 1310244 1624713rat 8044.43 5314.774 1575.375 762.7031
dsa192 571.230620 82238 122 180557 357775 885102 1319788 1637786rat 8019.617 5315.469 1565.133 766.9375
summary09:29:50MAY 24/19 48.63 1.506 20ds 3 8062 5328 1577 766 5612 3238 1.9 314.9 32 13 8 4 30 8 .4 .9
co09:31:35dz: Running dz from o314519a line -60.57
hk09:31:40 20 22 17 13.1 2.54-99-38
dza192 572.780740 655 61 1363 2611 6332 9225 11597 11947
dza192 574.330740 173496 264 375128 736582 1811319 2689372 3327227 3375016rat 8680.578 5729.617 1764.297 959.1328
dza192 575.870740 177461 249 383021 747869 1832041 2712622 3354286 3407341rat 8627.992 5701.461 1752.383 957.1484
dza192 577.410740 182542 270 391365 759918 1856346 2744341 3392333 3453253rat 8586.188 5683.641 1746.063 956.0156
summary09:35:52MAY 24/19 47.306 1.469 20dz 3 8632 5705 1754 957 5568 3200 4.1 315.3 47 23 9 2 42 16 .3 1.1
co09:38:12td: Running td from o314519a line -47.13
co09:38:13td: Time correction  .1 seconds
co09:38:14ux: Running ux from o314519a line -47.13
hk09:38:20 21 21 18 13.3 2.43-99-38
co09:38:49ux: UV extended  scan started
co09:44:36ux: UV extended  scan finished, incident DUV =  100.0199 mW/m^2
hk09:44:42 20 20 18 9.5 1.64-99-38
hpscan09:45:14 0 72407 10 104991 20 140170 30 174320 40 206286 50 232062 60 243819 70 245942 80 246787 90 246652 100 244152 110 230959 120 203122 130 170446 140 138928 150 104509 160 68720
hp09:46:09 .9959086 254243.7 79.7 20
co09:46:26af: Running af from o314519a line -47.13
co09:46:26af: Auto FR/HP/HG is now OFF
co09:46:26b1: Running b1 from o314519a line -47.13
hk09:46:44 20 20 18 13.9 2.39-99-38
dsa192 587.150620 105428 138 218790 411789 992582 1448219 1777358rat 7645.141 5145.094 1486.82 733.1485
dsa192 587.850620 106288 146 220353 413267 993160 1448842 1778748rat 7618.086 5132.586 1486.75 735.3125
dsa192 588.540620 107877 137 223087 417417 1001582 1459472 1793555rat 7598.461 5122.516 1482.524 740.461
dsa192 589.230620 109138 154 224519 420398 1008844 1465755 1800520rat 7592.11 5111.977 1470.305 739.2735
dsa192 589.930620 110459 126 226651 422810 1012736 1471052 1806163rat 7568.102 5103.821 1469.797 737.6485
summary09:48:32MAY 24/19 44.521 1.398 20ds 3 7604 5123 1479 737 5245 3130 1.9 316.8 29 16 9 3 37 17 .5 2.3
hk09:50:24 20 21 18 13.4 2.45-99-38
fv09:51:27192az 88.80701 10 91265.21ze 43.64-4 91429.8
hk09:52:42 20 21 18 13.1 2.4-99-38
co09:52:52hgfw2: HG FW#2 at step  0
hk09:53:02 20 21 18 13.6 2.48-99-38
hgscan 0wide 296warm= 6.41833409:53:03MAY 24/19 429 752 2057 13781 29890 46344 61533 75819 91507 102213 103320 97006 81406 65364 49549 34453 18302 4118 486 196 192 473 3991 18219 34544 49928 65549 81962 97435 104827 103632 92621 76746 62745 47154 30656 13792 2177 785 452
hg09:54:30 .9986 1019.845 1020 208147 20 0
co09:54:32an: Running an from o314519a line -47.13
co09:54:32an: Auto FR/HP/HG is now ON
hk09:54:48 20 21 18 7.7 1.4-99-38
dsa192 595.220620 119193 139 240437 442456 1049566 1514879 1854909rat 7455.969 5045.102 1446.945 730.1406
dsa192 595.920620 120547 139 242402 444552 1054909 1519517 1860353rat 7436.149 5039.352 1438.68 730.2422
dsa192 596.610620 121379 125 244675 446097 1059464 1525294 1864990rat 7413.766 5042.071 1437.024 724.8516
dsa192 597.310620 122614 131 245602 448671 1063623 1529416 1870669rat 7410.969 5029.922 1432.149 726.9375
dsa192 5980620 123866 136 247606 450700 1067434 1534038 1875914rat 7391.141 5024.985 1430.414 726.6094
summary09:56:36MAY 24/19 42.745 1.357 20ds 3 7422 5036 1437 728 5093 3081 2.5 315.4 25 9 7 2 20 6 .6 1.5
hk09:58:28 20 20 18 6.9 1.19-99-38
dsa192 598.890620 125179 145 250171 454079 1075076 1543484 1886994rat 7375.899 5021.157 1426.899 726.2891
dsa192 599.580620 126516 130 252287 457753 1080643 1549963 1894051rat 7359.242 5005.485 1423.188 724.7891
dsa192 600.280620 127911 152 253977 459239 1084718 1554726 1899915rat 7345.703 5006.157 1420.711 725.4375
dsa192 600.970620 129138 144 255797 461452 1087881 1557699 1901671rat 7324.477 4994.524 1416.766 721.4453
dsa192 601.660620 130223 147 258209 464316 1094439 1566137 1911997rat 7309.867 4992.977 1414.93 722.2735
summary10:00:16MAY 24/19 41.939 1.341 20ds 3 7343 5004 1420 724 5026 3063 2.2 315.5 26 11 5 2 21 6 .3 .6
hk10:02:08 20 20 18 6.9 1.19-99-38
dsa192 602.550620 131652 133 260038 466647 1099891 1571645 1919763rat 7296.649 4987.977 1409.195 725.4297
dsa192 603.240620 132256 133 261941 468110 1101046 1573333 1919287rat 7271.102 4979.977 1409.789 719.8516
dsa192 603.930620 133753 144 262903 470937 1107338 1579898 1927859rat 7275.508 4973.321 1403.617 721.7813
dsa192 604.630620 135189 138 265311 473473 1112266 1584874 1933112rat 7251.242 4964.797 1398.422 720.4063
dsa192 605.320620 136146 143 266718 476698 1119239 1592762 1942654rat 7252.117 4958.367 1393.406 720.8281
summary10:03:56MAY 24/19 41.135 1.324 20ds 3 7269 4973 1403 722 4960 3045 2.2 315.4 19 12 7 2 14 6 .3 .4
co10:05:40ux: Running ux from o314519a line -47.13
hk10:05:46 20 20 18 7 1.21-99-38
co10:06:14ux: UV extended  scan started
co10:12:03ux: UV extended  scan finished, incident DUV =  128.9308 mW/m^2
hk10:12:20 20 20 18 12.9 2.23-99-38
dsa192 612.760620 148634 148 285770 499335 1161818 1641909 1998044rat 7103.149 4901.321 1368.547 716
dsa192 613.450620 149991 148 287647 502848 1168612 1650204 2004645rat 7098.805 4894.227 1365.734 708.6719
dsa192 614.150620 151031 144 288851 505275 1172700 1656061 2011707rat 7098 4889.977 1366.578 709.1172
dsa192 614.840620 151824 149 290703 505586 1173743 1655624 2009841rat 7070.383 4887.016 1361.844 706.4844
dsa192 615.540620 153339 155 293048 509477 1180446 1663302 2019507rat 7057.258 4874.907 1357.641 707.7266
summary10:14:08MAY 24/19 38.887 1.282 20ds 3 7086 4889 1364 710 4815 3001 2.3 315.9 20 10 4 4 16 5 .3 1.3
hk10:16:00 20 21 18 13.6 2.48-99-38
dsa192 616.420620 154778 147 294828 511058 1183462 1666974 2023043rat 7042.617 4872.438 1356.797 706.2813
dsa192 617.120620 156078 153 296880 514272 1190081 1671938 2030623rat 7026.782 4858.969 1345.594 710.211
dsa192 617.810620 157707 157 298875 517237 1193922 1678802 2036992rat 7017.571 4853.188 1350.195 706.375
dsa192 618.50620 158574 148 301026 519750 1200190 1685873 2043808rat 7006.602 4851.758 1346.234 703.0235
dsa192 619.20620 160332 152 302883 521479 1202397 1689123 2046497rat 6989.446 4846.516 1347.031 700.586
summary10:17:48MAY 24/19 38.082 1.268 20ds 3 7017 4857 1349 705 4760 2983 2.5 315.2 20 10 5 4 14 6 .4 1.4
co10:19:33ux: Running ux from o314519a line -47.13
hk10:19:38 20 20 18 6.9 1.19-99-38
co10:20:06ux: UV extended  scan started
co10:25:54ux: UV extended  scan finished, incident DUV =  143.86 mW/m^2
hk10:26:11 20 20 18 12.9 2.23-99-38
dsa192 626.610620 172495 164 320737 543746 1246907 1736917 2102258rat 6878.719 4797.313 1314.742 700.8672
dsa192 627.30620 173520 156 322360 546167 1247908 1739696 2102403rat 6864.766 4785.578 1318.672 694.2031
dsa192 6280620 174857 149 323929 548292 1252221 1743612 2107333rat 6855.117 4779.563 1313.852 695.1328
dsa192 628.690620 176429 151 326540 550556 1257116 1750054 2113827rat 6837.696 4778.766 1313.391 692.7891
dsa192 629.380620 177918 164 328543 553897 1263772 1756965 2122892rat 6829.938 4770.703 1307.93 694.7969
summary10:27:59MAY 24/19 35.843 1.231 20ds 3 6853 4782 1314 696 4627 2943 2.6 315 20 10 4 3 14 5 .3 .7
hk10:29:51 20 20 18 16.5 2.85-99-38
dsa192 630.270620 179222 155 331459 558088 1270743 1764200 2132149rat 6811.297 4757.055 1302.359 696.4844
dsa192 630.960620 181177 159 333885 560031 1276547 1771091 2139391rat 6798.571 4760.375 1300.063 694.7578
dsa192 631.650620 182619 165 336050 562734 1282160 1778489 2147860rat 6790.258 4758.75 1299.625 694.211
dsa192 632.350620 184739 152 339049 567615 1292198 1791535 2162442rat 6785.391 4754.469 1298.156 692.3203
dsa192 633.040620 185689 156 341052 569313 1295209 1796046 2165869rat 6772.047 4753.36 1299.43 688.4453
summary10:31:39MAY 24/19 35.04 1.219 20ds 3 6792 4757 1300 693 4573 2928 2.5 314.7 15 3 2 3 6 4 .6 1.9
co10:33:24dz: Running dz from o314519a line -47.13
hk10:33:29 20 20 18 13.1 2.26-99-38
dza256 634.510740 5998 71 10622 17788 38971 54460 65584 72162
dza256 636.070740 123871 181 228632 385743 892907 1256267 1536924 1630127rat 7467.688 5185.313 1502.586 893.125
dza256 637.610740 125716 185 231331 388313 898140 1261646 1542245 1638760rat 7433.813 5174.649 1495.469 889.4062
dza256 639.140740 127449 183 233895 390764 903004 1266964 1546991 1646108rat 7402.813 5165.235 1490.047 884.2344
summary10:37:36MAY 24/19 33.733 1.2 20dz 4 7435 5175 1496 889 4590 2916 4.4 316.5 32 10 6 5 18 1 .7 1.4
co10:39:55td: Running td from o314519a line -33.61
co10:39:57td: Time correction  0 seconds
co10:39:58ux: Running ux from o314519a line -33.61
hk10:40:03 20 20 18 13.4 2.31-99-38
co10:40:32ux: UV extended  scan started
co10:46:19ux: UV extended  scan finished, incident DUV =  166.725 mW/m^2
hk10:46:25 20 21 18 15.1 2.77-99-38
hpscan10:46:57 0 72317 10 104597 20 139642 30 173762 40 205872 50 232184 60 244090 70 246839 80 247076 90 246692 100 244212 110 231693 120 204084 130 171841 140 140369 150 106700 160 69867
hp10:47:52 .9958769 254518.8 79.9 20