version=2dh190619ElArenosillo 37.1  6.73  3.072425pr1023
co00:29:58dh: day header
co00:29:58main: version 4.1024/06/2014 01:00:00
co00:29:58skc: o30618a
co00:29:58autohg:  1 
co00:29:58hifw2:  0 
co00:29:58attn:  35000  120000 
co00:29:58lowds:  1 
co00:29:58cubdsp:  1 

inst0000000.3412.351.1495162080.000000027102014242304370102501415021800264002972mkiii1000000000242-3770740802817825260.99538.21733250.46425600-202205Feb 14/18EXTRAS10035000120000110006-14-2019@
disp32856.540.077483-9.26489e-071.35619e-112896.360.0766178-9.26559e-071.34773e-112933.140.0757811-9.26375e-071.3394e-112968.430.0749412-9.25955e-071.33087e-113002.750.0740866-9.25295e-071.32205e-112823.540.0781704-9.26235e-071.36278e-114284.810.116224-1.38973e-062.03428e-114344.540.114927-1.38984e-062.0216e-114399.710.113672-1.38956e-062.00909e-114452.650.112412-1.38893e-061.99631e-114504.120.11113-1.38794e-061.98308e-114235.310.117256-1.38935e-062.04417e-11marabr 09/19173310202440@
zeni-0.006400-0.0196800.0165400.1665220.280198-0.061343-0.4894390.455409-0.045242June 27/02@
op_st185c:\Brw#185\bdata185\icf09319zsf17802dcf05119uvr11718190619ElArenosillo37.106.7310233.072425444-914661111110110110111skco3o30618a@
uvr2865          4806.8462870          4814.5362875          4822.0782880          4829.4662885          4836.6942890          4843.7572895          4850.6492900          4857.3652905          4864.0562910          4870.7862915          4877.4182920          4883.8162925          4889.8432930          4895.3632935          4900.2382940          4904.9322945          4909.7872950          4914.4792955          4918.6882960          4922.0922965          4924.3702970          4925.2012975          4925.1682980          4925.0802985          4924.9612990          4924.8312995          4924.7123000          4924.6253005          4924.5913010          4926.5463015          4931.7783020          4939.3433025          4948.2923030          4957.6813035          4966.5613040          4973.9883045          4980.1953050          4986.1143055          4991.8423060          4997.4763065          5003.1133070          5008.8523075          5014.7893080          5021.7013085          5029.7643090          5038.1703095          5046.1133100          5052.7853105          5057.3803110          5059.0913115          5058.9343120          5058.5303125          5057.9773130          5057.3743135          5056.8213140          5056.4173145          5056.2603150          5058.0643155          5062.7903160          5069.4073165          5076.8833170          5084.1883175          5090.2923180          5094.1623185          5096.5353190          5098.7743195          5100.7963200          5102.5163205          5103.8483210          5104.7103215          5105.0163220          5104.8253225          5104.3323230          5103.6573235          5102.9223240          5102.2473245          5101.7543250          5101.5633255          5102.3853260          5104.5823265          5107.7493270          5111.4813275          5115.3743280          5119.0243285          5122.0253290          5124.7643295          5127.7403300          5130.7113305          5133.4393310          5135.6833315          5137.2063320          5137.7673325          5137.6063330          5137.1763335          5136.5533340          5135.8123345          5135.0303350          5134.2833355          5133.6473360          5133.1153365          5132.6143370          5132.1283375          5131.6393380          5131.1293385          5130.5823390          5129.9793395          5129.3473400          5128.7043405          5128.0213410          5127.2693415          5126.4203420          5125.4433425          5124.3123430          5122.5553435          5119.9633440          5116.8953445          5113.7113450          5110.7693455          5108.4313460          5107.0563465          5106.3083470          5105.6283475          5105.0313480          5104.5363485          5104.1613490          5103.9233495          5103.8393500          5103.9293505          4996.7313510          4990.8643515          4985.4873520          4980.6803525          4976.5203530          4973.0873535          4970.3883540          4968.2363545          4966.4123550          4964.6993555          4962.8783560          4960.7343565          4958.0463570          4954.5043575          4950.0773580          4944.9773585          4939.4143590          4933.5973595          4927.7393600          4922.0483605          4916.4413610          4910.6973615          4904.8213620          4898.8163625          4892.6863630          4886.4353635          4880.068@
schedule-118.66pdckhgsldtrsappob2w1cihphghstdpdhlhgfite-92.99hphguxhphgb2zsslzszs-84.65tdafhpb1dsfvhganb2dsdsslds-79.78tdafhpb1dsfvhgandsdsdsdsds-74.66tdafhpb1dsfvhgandsdsdsdsds-69.41tdafhpb1dsfvhgandsdsdsdsds-64.07tdafhpb1dsfvhganb2dsdsslds-58.46tduaafhpb1dsfvhgandsdsdsdsdsdsdsdsdsdsds-46.53tduaafhpb1dsfvhgandsdsdsdsdsdsdsdsdsdsds-34.68tduaafhpb1dsfvhgdsb2dsslandsdsdsdsdsdsds-23.49tduaafhpb1dsfvhgandsdsdsdsdsdsdsdsdsdsds-15.04tduaafhpb1dsfvhgandsdsdsdsdsdsdsdsdsdsds15.22tduaafhpb1dsfvhgdsb2dsslandsdsdsdsdsdsds23.84tduaafhpb1dsfvhgandsdsdsdsdsdsdsdsdsdsds35.06tduaafhpb1dsfvhgandsdsdsdsdsdsdsdsdsdsds46.92tduaafhpb1dsfvhgdsb2dsslandsdsdsdsdsdsds58.85tduaafhpb1dsfvhgandsdsdsdsdsdsdsdsdsdsds70.07tdafhpb1dsfvhganb2dsdsslds75.21tdafhpdsb1dsfvhgdsdsdsds80.32tdafhpdsb1dsfvhgdsdsdsds85.25hphguxhphgb2zsslzszs101.04pdckhgsldtrsappob2w1cihphghstdpdhlhgfite180o30619a@
co00:29:58checkaz: Running checkaz from o30618a line -200
co00:29:59po: Running po from o30618a line -200
co00:30:00af: Running af from o30618a line -200
co00:30:00af: Auto FR/HP/HG is now OFF
co00:30:00re: Running re from o30618a line -200
co00:31:14re: Zenith discrepancy =  0
co00:31:17re: Azimuth discrepancy = -1
co00:31:20az: Running az from o30618a line -200
co00:31:36az: Azimuth discrepancy =  1
co00:31:39w1: Running w1 from o30618a line -200
co00:36:41fr: Running fr from o30618a line -200
hk00:36:45 21 21 21 12.6 2.31-99-38
co00:37:16fr: Micrometer #1 discrepancy= 0 Now set to o3 offset = 0
co00:37:49fr: Micrometer #2 discrepancy= 0 Now set to offset = 0
hk00:37:58 21 21 21 9.399999 1.72-99-38
hpscan00:38:18 0 20388 10 45499 20 77752 30 112897 40 145446 50 179214 60 211469 70 236697 80 245994 90 247349 100 247448 110 247296 120 243303 130 227056 140 197574 150 164398 160 130975
hp00:39:14 .9964534 256324.3 98.3 21
hpscan00:39:15 0 75139 10 108422 20 141674 30 174510 40 207804 50 235051 60 247005 70 249597 80 249594 90 249427 100 247206 110 232932 120 204890 130 171789 140 138759 150 102330 160 68649
hp00:40:11 .9957059 257607.2 79.7 21
hk00:40:32 21 21 21 6.9 1.26-99-38
co00:40:35hgfw2: HG FW#2 at step  0
hk00:42:41 21 22 21 14.5 2.81-99-38
hgscan 0wide 296warm= 200:42:41JUN 19/19 3601 14096 25831 37566 49164 61111 71690 77752 77851 69405 57915 46906 34891 21759 10657 1293 300 112 93 80 74 86 109 269 1358 11187 22704 36683 49699 61507 73966 83744 84209 78697 67235 54296 41807 29244 16183 4238
hg00:44:07 .998 997.3882 997 119422 21-23
hgscan 0wide 296warm= 200:44:07JUN 19/19 365 628 1870 12445 26262 39824 53527 66980 79739 88812 90188 83771 70370 57501 44563 29553 16451 3155 432 182 165 429 3135 16728 30091 45652 59028 72393 86893 93648 92782 83273 69995 56034 42136 27668 13072 2105 721 395
hg00:45:32 .9986 1019.732 1020 183836 21 0
ap00:45:35 21.28 21.47 21.47 1120.68 12.02 5.05-11.49 24.24 0 20.05 20.24-37.77 4.99-4.31 0 0 0 0 .02 .03 13.28 2.57 .02 0 21.28 21.57 21.47 1120.68 12.02 5.04-11.6 23.76 1.02 20.24 20.33-37.77 4.99-4.3 1.68 10.5 .36 13.3 1.54 .63 13.6 2.63 .07 .08
hk00:46:18 21 22 21 13 2.51-99-38
dto3JUN 19/1900:57:14 21 0 1740180 28.84 28.6 29.22 28.94 30.24 1 733635.6 31.55 27.38 30.59 28.07 27.94 25.61 24.14 26.51 25.57 24.79     29.17 .6    27.214 2.4
co00:57:14an: Running an from o30618a line -200
co00:57:14an: Auto FR/HP/HG is now ON
hk00:57:19 22 23 23 10.5 2.16-99-38
rso3JUN 19/1901:06:03 22 1024046 338 1142284 1313938 1602256 1766649 1946693 3000024 1024986 223 1142233 1314357 1602802 1764489 1944559 3000667 .9991 1.5157 .9999 .9996 .9996 1.0012 1.001 .9998 .1894 .1286 .0424 .0422 .0545 .0357-.0177 .1889 .1279 .0417 .0422 .0538 .0353-.0174
co01:06:03fi: Running fi from o30618a line -200
hk01:11:08 23 24 23 8 1.74-99-38
co01:21:54b2: Running b2 from o30618a line -200
co01:21:54cj: Running cj from o30618a line -200
hk01:22:09 23 24 24 13 2.83-99-38
co01:22:27cj: CJ scan started at 01:22:27
hk01:26:20 24 24 24 12.9 2.8-99-38
co01:26:20cj: Stitching FW2 to position  64
co01:26:23cj: CJ scan started at 01:26:23
co01:32:35cj: Still doing CJ
co01:34:55cj: CJ scan finished at 01:34:55
co01:34:56ck: Running ck from o30619a line -118.64
hk01:35:03 24 25 24 13.8 3.18-99-38
hpscan01:35:21 0 72906 10 105572 20 139577 30 174422 40 206889 50 233864 60 247600 70 249755 80 250204 90 250389 100 247739 110 235813 120 206196 130 173059 140 140082 150 107113 160 71047
hp01:36:17 .9956459 258250.1 80.1 24
hk01:36:38 24 25 24 9.100001 2.1-99-38
co01:36:41hgfw2: HG FW#2 at step  0
hk01:38:48 24 24 24 15.1 3.28-99-38
hgscan 0wide 296warm= 201:38:48JUN 19/19 419 803 2941 17264 34684 52126 68962 86815 102402 113821 115195 105499 89334 72620 55571 36746 20292 3355 496 184 180 502 3390 20284 37209 55863 73288 89802 106377 116079 115513 103310 87787 70073 52624 35048 17779 3127 829 494
hg01:40:14 .9985 1019.326 1019 231274 24-1
hk01:45:20 24 24 23 13.7 2.97-99-38
sla 0 105.660620 682328 191 760957 876145 1068113 1177705 1296304rat 1941.797 1317.246 436.0938 429.6563
sla 0 106.340620 682587 222 759788 874723 1067146 1176542 1297555rat 1944.254 1320.086 435.7305 438.3985
sla 0 107.020620 682761 208 760443 875883 1066771 1176559 1294983rat 1940.473 1314.25 437.3555 429.4375
sla 0 107.690620 682439 220 760881 875955 1069040 1176568 1297317rat 1937.981 1313.922 427.9219 437.4805
sla 0 108.370620 683245 191 760445 875023 1068507 1177519 1297765rat 1944.078 1322.242 433.75 435.3985
sla 0 109.050620 682934 215 761999 875696 1068964 1177717 1297512rat 1935.844 1319.602 432.6055 433.7852
sla 0 109.730620 682392 198 760789 876142 1069541 1178357 1298752rat 1945.277 1319.754 432.6211 435.6367
summary01:47:41JUN 19/19 60.293 1.998 24sl 0 1941 1318 434 434 552 363 760757.4 1297170 4 3 3 4 11 5 670.4 1182.4
hk01:50:09 24 24 23 6.9 1.51-99-38
dto3JUN 19/1901:56:15 24 0 1745550 29.46 29.37 29.82 28.79 28.46 1 735041 26.56 23.84 25.01 21.48 31.7 29.6 25.77 27.45 35.44 25.1     29.18 .5    27.195 4.1
hk01:56:19 24 25 23 6.8 1.56-99-38
rso3JUN 19/1902:00:15 24 1025610 328 1143697 1315530 1605651 1768803 1949484 3005170 1026378 219 1144241 1316566 1605398 1768801 1950132 3005118 .9993 1.4977 .9994 .9991 1.0001 .9999 .9996 1 .1894 .1286 .042 .0422 .0542 .0358-.0177 .1892 .1283 .0421 .0424 .0535 .0351-.0174
ap02:00:16 24.03 24.6 23.65 1120.68 12.02 5.05-11.65 24.24 0 22.23 23.18-37.77 4.98-4.11 0 0 0 0 .01 .02 13.53 3.11 .03 0 24.03 24.6 23.65 1120.68 12.01 5.04-11.65 23.78 .94 22.42 23.18-37.77 4.98-4.11 1.68 10.63 .35 13.4 1.01 .36 7.1 1.63 .05 .05
co02:00:54po: Running po from o30619a line -118.64
co02:00:55b2: Running b2 from o30619a line -118.64
co02:00:55w1: Running w1 from o30619a line -118.64
co02:05:58ci: Running ci from o30619a line -118.64
hk02:06:13 24 25 24 7.1 1.63-99-38
hk02:13:31 24 25 24 13.8 3.18-99-38
hpscan02:13:50 0 73038 10 106098 20 140576 30 175219 40 208634 50 234350 60 247255 70 249943 80 250174 90 250096 100 247720 110 235397 120 207238 130 173776 140 140485 150 105926 160 71612
hp02:14:46 .9954614 258186.3 80 24
hk02:15:07 24 25 24 16.8 3.87-99-38
co02:15:10hgfw2: HG FW#2 at step  0
hk02:17:16 24 25 24 13.8 3.18-99-38
hgscan 0wide 296warm= 202:17:16JUN 19/19 412 762 2408 15786 33491 50963 68552 85758 102358 114374 115632 107666 90424 74101 57257 38186 21172 4398 513 198 199 527 4414 21111 38186 57589 75091 91277 108700 117079 115525 103326 86584 69403 52196 34358 16193 2569 842 468
hg02:18:42 .9985 1019.946 1020 232711 24 0
co02:18:44hs: Running hs from o30619a line -118.64
hk02:19:04 24 24 24 7.3 1.57-99-38
co02:28:53td: Running td from o30619a line -118.64
co02:28:55td: Time correction  0 seconds
co02:28:55hl: Running hl from o30619a line -118.64
hk02:29:15 24 24 23 13.3 2.9-99-38
hk02:38:21 24 23 23 6.9 1.42-99-38
co02:38:23hgfw2: HG FW#2 at step  0
hk02:40:30 23 23 23 6.9 1.42-99-38
hgscan 0wide 296warm= 202:40:30JUN 19/19 405 773 2609 15181 31633 47559 63594 80032 94309 105422 107046 98738 84111 68919 52112 35129 19278 3568 522 200 201 492 3534 19435 35012 52110 69189 83935 98961 107162 105994 94648 80311 63861 47751 31838 15030 2744 808 440
hg02:41:55 .9984 1019.82 1020 214208 23 0
co02:41:57fi: Running fi from o30619a line -118.64
hk02:47:01 23 24 23 9 1.95-99-38
co02:57:44te: Running te from o30619a line -118.64
hk02:57:48 24 24 24 13.4 2.9-99-38
co02:57:49skc: Waiting until ZA = -93.1 now -110
co03:07:50skc: Waiting until ZA = -93.1 now -108.8
co03:17:50skc: Waiting until ZA = -93.1 now -107.5
co03:27:50skc: Waiting until ZA = -93.1 now -106.2
co03:37:51skc: Waiting until ZA = -93.1 now -104.8
co03:47:51skc: Waiting until ZA = -93.1 now -103.4
co03:57:52skc: Waiting until ZA = -93.1 now -102
co04:07:52skc: Waiting until ZA = -93.1 now -100.5
co04:17:52skc: Waiting until ZA = -93.1 now -98.9
co04:27:53skc: Waiting until ZA = -93.1 now -97.3
co04:37:53skc: Waiting until ZA = -93.1 now -95.7
co04:47:53skc: Waiting until ZA = -93.1 now -94.1
hk04:54:05 20 20 20 6.6 1.13-99-38
hpscan04:54:24 0 70738 10 103468 20 136063 30 171314 40 203776 50 230490 60 242901 70 245900 80 246108 90 246504 100 244730 110 232523 120 205533 130 171511 140 139365 150 106983 160 73013
hp04:55:20 .9951852 254365.2 80.4 20
hk04:55:42 20 20 20 13.1 2.26-99-38
co04:55:44hgfw2: HG FW#2 at step  0
hk04:57:51 20 21 21 8.3 1.51-99-38
hgscan 0wide 296warm= 204:57:51JUN 19/19 272 476 1482 9297 19865 30326 41215 51906 61813 70303 71495 66889 57591 47624 35587 24877 13389 2796 378 174 157 363 2878 13880 25779 37462 50341 61134 71749 77354 76582 68278 57446 45993 34110 22575 10764 1788 575 322
hg04:59:17 .9984 1020.44 1020 148849 20 0
co04:59:18ux: Running ux from o30619a line -93.01
hk04:59:23 21 21 21 8.3 1.51-99-38
co05:00:04ux: UV extended  scan started
co05:05:42ux: UV extended  scan finished, incident DUV =  .1072627 mW/m^2
hk05:05:48 20 20 20 6.7 1.16-99-38
hpscan05:06:19 0 72510 10 103909 20 137219 30 172453 40 204769 50 231446 60 243658 70 247188 80 247348 90 247414 100 245432 110 232483 120 205508 130 171093 140 136705 150 104726 160 69638
hp05:07:15 .9951994 255479.4 80.2 20
hk05:07:37 21 21 21 6.7 1.23-99-38
co05:07:43hgfw2: HG FW#2 at step  0
hk05:09:48 21 21 21 13.7 2.51-99-38
hgscan 0wide 296warm= 205:09:48JUN 19/19 260 508 1445 9918 21442 32747 44440 56511 66940 75896 77204 72186 61683 50461 38899 26253 15152 3066 426 170 168 399 3173 15602 27359 40742 53427 65255 77165 83154 82324 73132 62325 49339 37053 24271 11418 1713 618 349
hg05:11:16 .9985 1020.325 1020 160358 21 0
co05:11:19b2: Running b2 from o30619a line -93.01
co05:11:40zs: ZS intensity too low ( 137/cy), skipping.
hk05:16:23 21 21 21 7 1.29-99-38
sla 0 316.710620 684306 217 762147 875983 1069335 1178979 1298345rat 1939.774 1322.934 435.836 431.8789
sla 0 317.390620 684180 211 762506 877348 1068873 1178299 1299143rat 1935.094 1313.441 435.1836 437.211
sla 0 318.060620 684472 210 762415 877687 1069286 1178417 1299649rat 1936.078 1312.172 433.9141 438.5157
sla 0 318.740620 684194 209 762451 877494 1069761 1179702 1300532rat 1940.738 1318.024 436.8047 436.6875
sla 0 319.420620 683553 220 761982 877775 1070772 1179845 1299628rat 1944.024 1317.156 433.1367 433.0313
sla 0 320.090620 684336 221 763400 877874 1071584 1178730 1299803rat 1931.57 1312.438 425.5391 437.8594
sla 0 320.770620 684700 220 762897 877597 1070817 1181353 1298939rat 1944.422 1323.766 438.6641 424.9375
summary05:18:44JUN 19/19 76.137 3.972 21sl 0 1939 1317 434 434 549 362 762542.6 1299434 5 5 4 5 19 12 499.7 774.1
co05:21:24zs: ZS intensity too low ( 334/cy), skipping.
co05:21:32zs: ZS intensity too low ( 339/cy), skipping.
co05:21:32skc: Waiting until ZA = -84.7 now -88
co05:31:33skc: Waiting until ZA = -84.7 now -86.4
co05:40:59td: Running td from o30619a line -84.68
co05:41:00td: Time correction  0 seconds
co05:41:01af: Running af from o30619a line -84.68
co05:41:01af: Auto FR/HP/HG is now OFF
hk05:41:06 21 21 21 13.9 2.54-99-38
hpscan05:41:33 0 71589 10 103400 20 136866 30 171574 40 205056 50 230911 60 243446 70 245727 80 246662 90 246988 100 244783 110 232461 120 205144 130 171179 140 138182 150 104227 160 70345
hp05:42:29 .9950422 254763.5 80.3 21
co05:42:46b1: Running b1 from o30619a line -84.68
hk05:43:00 21 21 21-27.5-5.03-99-38
co05:43:04ds: DS intensity too low ( 13/cy), skipping.
hk05:43:20 21 21 21 13.4 2.46-99-38
zsa0 343.680620 157 32 357 1346 5480 17732 29532rat 17362.67 11295.46 5118.614 2219.699
zsa0 344.370620 148 27 392 1341 5576 18328 30555rat 17003.65 11440.53 5183.903 2223.492
zsa0 345.060620 165 31 399 1409 5784 18760 31086rat 17068.54 11334.42 5127.528 2197.434
zsa0 345.750620 152 21 378 1462 6042 19608 31872rat 17394.96 11334.89 5124.379 2112.805
zsa0 346.440620 158 32 402 1514 6448 20745 34091rat 17482.5 11455.92 5091.254 2161.25
zsa0 346.440620 0 0 0 0 0 0 0rat 0 0 0 0
zsa0 346.450620 0 0 0 0 0 0 0rat 0 0 0 0
summary05:45:27JUN 19/19 83.888 7.53 21zs 0 12330 8123 3664 1559 7341 3640-1065.2 2586.5 8425 5549 2503 1066 5022 2489 393.3 970.6
hk05:47:01 21 21 21 7 1.29-99-38
fv05:47:580az 65.39304 4 18.8ze 83.262 26 25.6
hk05:49:06 21 21 21 8.399999 1.54-99-38
co05:49:12hgfw2: HG FW#2 at step  0
hk05:49:22 21 21 21 7.2 1.32-99-38
hgscan 0wide 296warm= 6.43666705:49:22JUN 19/19 347 661 1951 12351 28028 42816 57733 73345 86657 98412 100062 93806 79755 65736 50183 34192 19635 4228 515 202 204 507 4178 19830 34400 50733 66302 80650 94294 101107 99710 87969 74635 58559 43661 29026 13292 2038 714 384
hg05:50:48 .9984 1020.67 1021 201169 21 1
co05:50:49an: Running an from o30619a line -84.68
co05:50:49an: Auto FR/HP/HG is now ON
co05:50:49b2: Running b2 from o30619a line -84.68
hk05:51:02 21 21 21 13.1 2.4-99-38
co05:51:06ds: DS intensity too low ( 18/cy), skipping.
hk05:51:23 21 21 21 15.9 2.91-99-38
zsa0 351.720620 181 31 473 1983 8687 26999 43274rat 17856.98 11406.25 4937.188 2052.34
zsa0 352.410620 192 38 493 2031 9021 28050 45091rat 17896.15 11481.03 4941.176 2065.539
zsa0 353.10620 185 28 518 2062 9263 28419 45274rat 17632.7 11451 4879.399 2025.715
zsa0 353.790620 192 33 488 2113 9320 28394 45028rat 17949.95 11349.26 4850.41 2006.133
zsa0 354.480620 187 39 497 2135 9490 28750 45627rat 17974.72 11369.29 4827.676 2009.754
zsa0 354.480620 0 0 0 0 0 0 0rat 0 0 0 0
zsa0 354.490620 0 0 0 0 0 0 0rat 0 0 0 0
summary05:53:29JUN 19/19 82.45 6.523 21zs 0 12759 8151 3491 1451 8114 3938-216.3 614.7 8717 5568 2385 992 5545 2691 59.1 159.6
hk05:55:03 21 22 22 6.7 1.31-99-38
co05:55:07ds: DS intensity too low ( 24/cy), skipping.
hk05:55:24 21 22 22 13.3 2.57-99-38
zsa0 355.740620 186 25 537 2352 10300 31074 48876rat 17830.9 11255.45 4804.782 1970.086
zsa0 356.430620 186 35 531 2444 10495 31745 49694rat 18060.34 11196.59 4818.821 1949.859
zsa0 357.110620 219 39 533 2441 10839 31952 50275rat 18105.62 11236.97 4707.598 1972.352
zsa0 357.80620 222 31 562 2621 11360 33589 52354rat 18010.4 11128.13 4718.321 1930.879
zsa0 358.480620 205 27 590 2806 12057 35880 55910rat 18043.78 11109.75 4745.039 1929.594
zsa0 358.490620 0 0 0 0 0 0 0rat 0 0 0 0
zsa0 358.50620 0 0 0 0 0 0 0rat 0 0 0 0
summary05:57:30JUN 19/19 81.725 6.094 21zs 0 12864 7990 3399 1393 8406 3921-92.5 335.5 8789 5458 2323 952 5744 2679 28.9 50.8
hk05:59:12 22 22 22 6.7 1.31-99-38
sla 0 359.530620 684190 201 762832 876635 1069240 1178997 1298807rat 1935.84 1319.691 436.3125 433.3946
sla 0 360.210620 683704 243 761309 876685 1069664 1180044 1298826rat 1948.738 1323.461 438.5196 429.5078
sla 0 360.890620 683734 217 761537 877377 1069487 1179030 1299193rat 1943.512 1316.078 435.4063 434.6055
sla 0 361.560620 683589 199 762183 876702 1071074 1178661 1298793rat 1938.324 1318.07 427.3867 434.6328
sla 0 362.240620 683929 192 762228 876691 1070091 1178988 1298396rat 1939.297 1319.363 432.7227 432.0078
sla 0 362.910620 683617 218 762258 877497 1070265 1178918 1299894rat 1938.902 1315.047 431.7383 437.4649
sla 0 363.590620 683181 211 762447 877404 1069904 1179604 1299130rat 1940.391 1318.106 435.836 432.2227
summary06:01:33JUN 19/19 82.409 6.497 22sl 0 1941 1319 434 433 554 365 762113.5 1299006 4 3 4 3 11 6 547.4 632
hk06:04:09 22 23 22 13.2 2.7-99-38
co06:04:13ds: DS intensity too low ( 44/cy), skipping.
hk06:04:30 22 22 22 7.1 1.37-99-38
zsa0 364.840620 241 23 725 3722 16165 44645 67832rat 18036.61 10818.84 4418.832 1819.758
zsa0 365.520620 256 45 721 3861 16488 45483 68705rat 18279.31 10762.38 4417.356 1795.223
zsa0 366.210620 247 37 801 4063 17599 48256 73300rat 18006.1 10787.97 4389.574 1819.234
zsa0 366.90620 249 30 809 4269 18476 50424 75946rat 18113.5 10755.88 4368.043 1782.16
zsa0 367.580620 269 47 809 4394 18495 50219 75580rat 18190.12 10627.41 4348.371 1779.356
zsa0 367.590620 0 0 0 0 0 0 0rat 0 0 0 0
zsa0 367.60620 0 0 0 0 0 0 0rat 0 0 0 0
summary06:06:36JUN 19/19 80.067 5.278 22zs 0 12947 7679 3135 1285 8834 3927-29.3 212.3 8845 5246 2142 878 6036 2683 12.6 127.2
co06:07:58skc: Waiting until ZA = -79.9 now -79.9
co06:08:04td: Running td from o30619a line -79.81
co06:08:05td: Time correction  0 seconds
co06:08:06af: Running af from o30619a line -79.81
co06:08:06af: Auto FR/HP/HG is now OFF
hk06:08:12 22 22 22 7.5 1.46-99-38
hpscan06:08:39 0 73006 10 104620 20 139204 30 173642 40 206434 50 232056 60 244736 70 246822 80 246897 90 246921 100 244923 110 231957 120 203018 130 169994 140 137505 150 103821 160 68516
hp06:09:35 .9953751 255101.3 79.7 22
co06:09:53b1: Running b1 from o30619a line -79.81
hk06:10:05 22 22 22 8.2 1.58-99-38
co06:10:10ds: DS intensity too low ( 120/cy), skipping.
hk06:10:26 22 22 22 7.7 1.49-99-38
zsa0 370.780620 262 25 954 5353 22535 59199 88756rat 18047.11 10461.18 4201.309 1762.473
zsa0 371.470620 279 25 998 5424 22759 60404 90122rat 17933.81 10491.36 4245.961 1741.293
zsa0 372.160620 283 32 1007 5448 22576 58895 87019rat 17814.31 10367.11 4171.84 1699.004
zsa0 372.850620 303 29 1060 5698 23419 60996 89868rat 17724.5 10321.55 4164.5 1686.664
zsa0 373.540620 300 46 1035 5635 23668 60365 89229rat 17858.65 10336.81 4075.129 1701.246
zsa0 373.540620 0 0 0 0 0 0 0rat 0 0 0 0
zsa0 373.550620 0 0 0 0 0 0 0rat 0 0 0 0
summary06:12:33JUN 19/19 78.972 4.84 22zs 0 12768 7425 2980 1227 8841 3849-17.8 198.4 8723 5073 2036 839 6040 2630 35.5 191.3
hk06:14:07 22 22 22 13.6 2.64-99-38
fv06:15:030az 69.15363 84 71ze 78.323 8 73
hk06:16:12 22 22 22 6.7 1.31-99-38
co06:16:18hgfw2: HG FW#2 at step  0
hk06:16:29 22 22 22 10.5 2.03-99-38
hgscan 0wide 296warm= 6.4306:16:29JUN 19/19 417 747 2419 14671 30768 46621 62908 78620 93265 104424 105948 98172 83906 69228 52092 35734 19380 3708 518 181 192 467 3719 19182 35717 51751 68960 83289 97946 105500 104253 92856 78198 62412 46689 30268 14783 2424 795 445
hg06:17:53 .9984 1020.136 1020 211448 22 0
co06:17:55an: Running an from o30619a line -79.81
co06:17:55an: Auto FR/HP/HG is now ON
hk06:18:08 22 22 22 14.4 2.79-99-38
co06:18:12ds: DS intensity too low ( 120/cy), skipping.
hk06:18:28 22 22 22 13.3 2.58-99-38
zsa0 378.810620 366 26 1453 8118 32579 81042 118686rat 17549.62 10012.62 3964.766 1661.207
zsa0 379.50620 382 36 1489 8356 33825 83812 122945rat 17616.98 10037.7 3948.57 1668.652
zsa0 380.190620 388 34 1550 8528 34052 84077 122484rat 17446.47 9961.625 3933.047 1638.524
zsa0 380.870620 383 36 1562 8763 34882 85716 124236rat 17501.87 9928.031 3912.477 1616.375
zsa0 381.560620 374 34 1590 8655 34207 82382 119046rat 17244.71 9808.504 3824.637 1603.145
zsa0 381.570620 0 0 0 0 0 0 0rat 0 0 0 0
zsa0 381.580620 0 0 0 0 0 0 0rat 0 0 0 0
summary06:20:34JUN 19/19 77.484 4.344 22zs 0 12480 7107 2798 1170 8737 3720-.8 174.3 8526 4856 1912 799 5969 2541 55.2 248.8
hk06:22:08 22 22 22 7.7 1.49-99-38
dsa0 382.550620 43 23 157 1423 7419 23134 37463rat 19453.69 10384.79 4097.516 1289.188
dsa0 383.240620 50 32 187 1504 7923 23996 39225rat 19007.13 10341.84 3981.86 1338.414
dsa0 383.930620 57 43 271 2446 12879 39480 64696rat 19523.04 10394.88 4041.27 1357.246
dsa0 384.620620 59 28 226 1937 10195 30815 50087rat 19086.41 10334.73 3985.539 1328.383
dsa0 385.30620 69 34 380 3413 17703 53593 86914rat 19095.52 10277.89 3999.219 1326.828
summary06:23:55JUN 19/19 76.86 4.164 22ds 0 19233 10347 4021 1328 14984 6079-1.1 314 237 47 49 25 257 44 1.8 2.3
hk06:25:45 22 22 22 8.100001 1.58-99-38
dsa0 386.160620 43 30 125 970 4727 13487 21423rat 18738.28 9851.586 3760.922 1245.492
dsa0 386.850620 34 27 85 477 2260 6323 9714rat 17606.62 9766.578 3698.219 1109.938
dsa0 387.540620 35 29 80 463 2073 5641 8876rat 17690.59 9439.609 3590.063 1222.383
dsa0 388.230620 45 20 69 367 1571 4191 6425rat 16599.7 9137.25 3506.977 1115.008
dsa0 388.920620 32 33 76 348 1483 3758 5617rat 16699.43 9080.797 3315.152 1016.91
summary06:27:32JUN 19/19 76.185 3.984 22ds 0 17467 9455 3574 1142 13813 5727-1 302.2 870 352 175 93 650 219 5.1 14
hk06:29:22 22 22 21 13.4 2.6-99-38
dsa0 389.780620 35 27 106 569 2561 6870 10526rat 16728.91 9383.59 3540.82 1126.102
dsa0 390.470620 26 30 84 333 1302 3262 4889rat 15146.09 8665.196 3282.735 1043.992
dsa0 391.160620 30 24 77 333 1266 3135 4656rat 15083.86 8428.043 3227.188 1008.098
dsa0 391.850620 47 25 140 696 3202 8490 13019rat 16089.77 9421.914 3502.371 1147.059
dsa0 392.530620 88 36 460 3519 16536 45390 70726rat 17738.38 9576.312 3646.34 1221.457
summary06:31:09JUN 19/19 75.506 3.818 22ds 0 16157 9095 3440 1109 12608 5489-5 297.2 1119 513 178 85 866 292 6.2 23.6
hk06:32:59 22 22 21 13.3 2.57-99-38
dsa0 393.40620 71 35 302 2237 10175 27398 42430rat 17577.5 9388.008 3572.953 1201.938
dsa0 394.090620 188 36 1516 11638 54574 147762 226300rat 17496.16 9518.102 3603.227 1164.391
dsa0 394.780620 778 64 6619 51930 244385 659468 1023946rat 17603.82 9573.684 3627.492 1260.313
dsa0 395.470620 623 59 5101 39436 184296 494354 766077rat 17495.01 9514.883 3596.469 1247.313
dsa0 396.160620 532 49 4297 32409 149931 397954 615415rat 17307.5 9428.336 3550.11 1238.102
summary06:34:46JUN 19/19 74.823 3.665 22ds 0 17496 9485 3590 1222 13584 5611 .5 319.4 116 75 30 39 173 76 2 5.9
co06:36:31td: Running td from o30619a line -74.69
co06:36:32td: Time correction  0 seconds
co06:36:33af: Running af from o30619a line -74.69
co06:36:33af: Auto FR/HP/HG is now OFF
hk06:36:38 22 22 22 7.1 1.37-99-38
hpscan06:37:02 0 72345 10 105125 20 138767 30 174061 40 206038 50 231933 60 243672 70 246025 80 246627 90 246464 100 244154 110 230881 120 202843 130 170533 140 138676 150 105824 160 69023
hp06:37:57 .9957987 254180 79.7 22
co06:38:15b1: Running b1 from o30619a line -74.69
hk06:38:29 22 22 22 13.1 2.55-99-38
dsa0 398.890620 704 47 5310 37797 170570 441778 677566rat 16911.4 9263.906 3468.258 1225.274
dsa0 399.580620 712 58 5366 37605 167501 431093 658030rat 16785.22 9191.082 3445.524 1208.727
dsa0 400.270620 858 61 6391 44825 198335 505334 769727rat 16736.67 9136.016 3411.633 1208.688
dsa0 400.960620 722 54 5404 36588 160292 406300 617307rat 16527.28 9072.375 3388.016 1196.813
dsa0 401.650620 1662 79 12271 82534 360103 903396 1363320rat 16490.04 9066.321 3379.813 1199.899
summary06:40:16JUN 19/19 73.78501 3.454 22ds 0 16690 9146 3419 1208 12825 5383 .6 319.5 178 83 38 11 146 47 .5 .8
hk06:42:06 22 22 22 7.1 1.37-99-38
fv06:43:030az 72.9241 50 59365ze 73.06301-2 91962.21
hk06:44:13 22 22 22 13.2 2.55-99-38
co06:44:19hgfw2: HG FW#2 at step  0
hk06:44:29 22 23 22 8.3 1.71-99-38
hgscan 0wide 296warm= 6.06506:44:29JUN 19/19 377 729 2165 13979 29281 44098 60235 74279 89162 100348 101675 95054 80902 66753 49867 34799 18297 3608 467 192 182 473 3594 18258 35130 50412 67142 81752 95398 103343 101655 90962 76173 61814 45471 29680 14764 2340 769 434
hg06:45:55 .9983 1020.209 1020 205018 22 0
co06:45:57an: Running an from o30619a line -74.69
co06:45:57an: Auto FR/HP/HG is now ON
hk06:46:09 22 23 22 13.3 2.73-99-38
dsa0 406.570620 3551 82 23780 146330 605166 1441107 2128217rat 15807.83 8730.672 3220.586 1165.828
dsa0 407.260620 3792 100 25495 153139 629679 1491624 2195037rat 15678.19 8697.688 3205.414 1156.891
dsa0 407.950620 4113 99 26876 159274 651262 1531672 2247103rat 15582.49 8655.109 3180.633 1149.359
dsa0 408.640620 4374 95 28121 164581 668413 1562209 2286825rat 15488.59 8610.43 3159.43 1145.086
dsa0 409.330620 4539 98 29523 170475 687834 1597366 2331720rat 15392.52 8566.821 3137.938 1138.328
summary06:47:57JUN 19/19 72.324 3.195 22ds 0 15590 8652 3181 1151 11906 5105 .9 319.8 162 66 34 11 128 31 .4 .7
hk06:49:47 23 23 23 6.9 1.42-99-38
dsa0 410.20620 5004 109 31527 179677 718453 1657115 2412891rat 15292.16 8515.086 3117.047 1135.289
dsa0 410.880620 5481 100 33620 188526 751053 1721740 2499193rat 15199.16 8487.719 3098.578 1128.742
dsa0 411.570620 5672 107 35163 195302 772267 1758764 2547037rat 15114.71 8438.734 3075.914 1123.953
dsa0 412.260620 6053 105 37281 203354 798334 1808484 2612401rat 15000.57 8397.828 3059.805 1118.992
dsa0 412.950620 6451 101 39425 213053 830550 1867909 2690418rat 14917.26 8349.86 3035.641 1112.672
summary06:51:34JUN 19/19 71.63301 3.086 23ds 0 15105 8438 3077 1124 11508 4988 .9 320.1 150 67 32 9 122 36 .2 .6
hk06:53:24 23 23 23 8.2 1.68-99-38
dsa64 413.910620 2937 78 17135 91888 361474 822758 1204232rat 14890.97 8352.797 3028.672 1134.328
dsa64 414.60620 3068 80 17867 95036 371228 842194 1228901rat 14826.14 8318.102 3019.508 1125.422
dsa64 415.30620 3303 81 19005 99131 383860 866923 1263256rat 14698.37 8270.766 3005.024 1124.211
dsa64 415.990620 3440 76 19532 101255 391911 878829 1278627rat 14651.58 8246.797 2978.344 1121.531
dsa64 416.680620 3543 87 20208 103511 398120 887571 1288165rat 14562.55 8203.211 2957.25 1114.57
summary06:55:17JUN 19/19 70.921 2.981 23ds 1 14726 8278 2998 1124 11129 4869 1.2 319.5 133 59 30 7 111 33 .1 .7
hk06:57:08 23 23 23 13.3 2.74-99-38
dsa64 417.540620 3803 73 21645 108556 414466 920228 1330779rat 14436.24 8165.469 2945.695 1104.492
dsa64 418.230620 3958 87 22242 110969 421711 931529 1345724rat 14386.99 8132.063 2927.617 1103.883
dsa64 418.920620 4018 84 22329 110145 417246 917231 1321938rat 14313.16 8103.399 2909.242 1095.992
dsa64 419.610620 3468 85 18670 91502 345782 757575 1092502rat 14259.09 8071.446 2888.805 1094.227
dsa64 420.30620 4150 75 22370 107260 402417 875982 1258715rat 14123.47 8029.422 2870.766 1087.227
summary06:58:55JUN 19/19 70.225 2.885 23ds 1 14304 8100 2908 1097 10793 4781 .8 321.2 122 53 30 7 99 26 .3 .6
hk07:00:45 23 24 23 7.4 1.61-99-38
dsa64 421.160620 3910 69 20545 97717 364211 788264 1131709rat 14040.81 7976.836 2844.836 1083.281
dsa64 421.860620 3899 73 20302 95759 354602 767345 1098647rat 13986.28 7953.383 2846.399 1073.266
dsa64 422.540620 3451 73 17795 83132 306007 659908 944699rat 13906.47 7910.063 2828.641 1070.805
dsa64 423.230620 2724 59 14051 64660 238103 511700 731487rat 13824.06 7890.024 2808.36 1060.594
dsa64 423.920620 3171 61 15720 72084 262921 561572 802058rat 13755.36 7832.961 2787.539 1062.031
summary07:02:32JUN 19/19 69.528 2.796 23ds 1 13903 7913 2823 1070 10479 4682 1 321.1 116 56 25 9 89 31 .5 1.3
co07:04:16td: Running td from o30619a line -69.44
co07:04:18td: Time correction  0 seconds
co07:04:19af: Running af from o30619a line -69.44
co07:04:19af: Auto FR/HP/HG is now OFF
hk07:04:23 23 23 23 7.2 1.48-99-38
hpscan07:04:48 0 73039 10 105590 20 139399 30 174650 40 206996 50 233059 60 244390 70 246603 80 246467 90 246981 100 244464 110 231256 120 202204 130 170182 140 138390 150 105135 160 69667
hp07:05:44 .9953941 254731.3 79.5 23
co07:06:02b1: Running b1 from o30619a line -69.44
hk07:06:16 23 24 23 6.8 1.47-99-38
dsa64 426.680620 7141 89 35137 155455 557330 1165493 1645873rat 13533.91 7748.157 2742.063 1052.258
dsa64 427.370620 7770 93 37950 165922 591160 1229986 1734563rat 13450.2 7711.399 2726.547 1052.055
dsa64 428.060620 8086 93 39226 170085 606270 1255589 1767381rat 13408.87 7702.024 2710.664 1047.773
dsa64 428.750620 8637 97 41558 178366 631670 1304169 1832957rat 13338.32 7671.305 2702.969 1046.086
dsa64 429.440620 9168 88 43722 187168 658032 1354552 1896789rat 13296.24 7637.086 2695.555 1034.523
summary07:08:03JUN 19/19 68.464 2.67 23ds 1 13406 7694 2716 1047 10057 4557 1.1 322.6 93 42 19 7 75 22 .3 .9
hk07:09:54 24 24 23 8.5 1.84-99-38
fv07:10:5064az 76.60544 20 97885ze 67.73001-2 100141.8
hk07:12:00 24 24 24 13.4 2.9-99-38
co07:12:07hgfw2: HG FW#2 at step  0
hk07:12:17 24 24 24 13.4 2.9-99-38
hgscan 0wide 296warm= 6.08333407:12:17JUN 19/19 420 755 2600 15050 30981 46572 62944 77230 93334 104879 106144 98989 84783 68850 52560 35863 18484 3345 488 190 175 449 3356 18476 36109 52843 69482 85301 99749 107547 106531 94800 78819 64577 47779 31158 15885 2816 824 466
hg07:13:42 .9983 1020.101 1020 213691 24 0
co07:13:43an: Running an from o30619a line -69.44
co07:13:43an: Auto FR/HP/HG is now ON
hk07:13:57 24 24 23 7.1 1.54-99-38
dsa64 434.360620 12834 104 57417 230251 783391 1566205 2167738rat 12834.57 7429.883 2599.297 1010.719
dsa64 435.050620 13761 112 60489 241703 818693 1626046 2247422rat 12786.72 7393.047 2576.274 1009.68
dsa64 435.750620 14276 112 62791 248176 838708 1660267 2290915rat 12727.41 7377.446 2566.164 1006.219
dsa64 436.440620 14921 100 65254 255870 860711 1696437 2337897rat 12665.81 7347.102 2551.617 1004.703
dsa64 437.130620 15769 105 67824 262859 882392 1734045 2382450rat 12605.79 7334.032 2543.172 994.7812
summary07:15:44JUN 19/19 66.975 2.513 24ds 1 12724 7376 2567 1005 9507 4384 1.6 322.5 92 38 22 6 73 19 .4 1.2
hk07:17:35 24 24 24 13.4 2.9-99-38
dsa128 438.090620 6189 65 26431 102560 347050 691769 964027rat 12614.94 7342.485 2551.953 1015.375
dsa128 438.770620 6556 68 27568 105426 355748 705847 980544rat 12529.45 7316.766 2535.031 1004.313
dsa128 439.460620 6781 74 28653 108488 363802 719097 999770rat 12453.53 7280.071 2521.852 1011.086
dsa128 440.150620 7081 83 29572 111560 372393 734213 1018167rat 12417.75 7255.922 2514.086 1002.672
dsa128 440.840620 7332 87 30469 114310 380457 746126 1034024rat 12367.12 7225.946 2493.672 1002.516
summary07:19:27JUN 19/19 66.253 2.443 24ds 2 12477 7284 2523 1007 9254 4310 1.6 322.8 97 47 22 6 85 30 .4 1.3
hk07:21:17 24 24 24 13.4 2.9-99-38
dsa128 441.710620 7666 70 31648 117603 389308 761766 1052833rat 12301.67 7199.86 2487.594 993.9531
dsa128 442.40620 8049 79 32671 120083 396644 772374 1067058rat 12233.98 7175.641 2469.461 994.9688
dsa128 443.080620 8323 73 33615 122111 403464 782655 1078735rat 12175.53 7165.844 2455.5 987.1406
dsa128 443.770620 8635 65 34563 125486 410401 795065 1094109rat 12131.62 7121.68 2452.82 982.9688
dsa128 444.460620 9051 72 35732 128511 419922 808886 1112875rat 12071.77 7099.235 2430.875 984.7188
summary07:23:05JUN 19/19 65.548 2.379 24ds 2 12183 7152 2459 989 9019 4242 1.6 323.1 89 41 21 5 74 24 .6 1.2
hk07:24:55 24 25 24 13.4 3.07-99-38
dsa128 445.330620 9559 76 37706 133671 434696 834634 1145578rat 11986.71 7072.649 2420.867 977.9375
dsa128 446.020620 9973 69 38878 137278 445249 852015 1168228rat 11951.89 7052.61 2409.219 976.2188
dsa128 446.70620 10339 78 40301 140204 453963 866947 1186614rat 11880.55 7042.383 2403.313 971.0078
dsa128 447.390620 10773 82 41406 144029 463036 881201 1205303rat 11843.37 7002.336 2391.094 970.7266
dsa128 448.080620 11071 74 42529 146379 470809 890594 1216827rat 11780.31 6983.071 2367.094 968.2344
summary07:26:42JUN 19/19 64.842 2.319 24ds 2 11889 7031 2398 973 8776 4178 1.2 323.4 83 37 21 4 70 21 .5 1
hk07:28:32 25 25 24 13.4 3.07-99-38
dsa128 448.950620 11688 83 44122 150989 481527 908676 1239063rat 11720.09 6943.375 2360.352 962.8047
dsa128 449.640620 12045 78 45169 153956 490807 922718 1256326rat 11692.8 6930.93 2346.656 958.6797
dsa128 450.330620 12489 89 46763 157614 499869 937213 1276673rat 11619.21 6902.477 2337.649 963.4297
dsa128 451.020620 13037 79 48311 161344 510749 956085 1298062rat 11572.32 6893.266 2333.656 951.3047
dsa128 451.710620 13410 89 49515 164724 519798 969046 1315845rat 11533.06 6867.391 2318.453 954.4688
summary07:30:19JUN 19/19 64.135 2.261 25ds 2 11627 6907 2339 958 8561 4109 1.5 322.7 79 30 16 5 68 19 .4 1.3
co07:32:04td: Running td from o30619a line -64.1
co07:32:05td: Time correction  0 seconds
co07:32:06af: Running af from o30619a line -64.1
co07:32:06af: Auto FR/HP/HG is now OFF
hk07:32:10 25 25 24 13.7 3.15-99-38
hpscan07:32:36 0 72754 10 104345 20 138422 30 172987 40 205263 50 231293 60 244453 70 246202 80 246780 90 246589 100 244877 110 231977 120 204474 130 171450 140 139912 150 107611 160 72496
hp07:33:32 .9953794 254654.8 80 25
co07:33:49b1: Running b1 from o30619a line -64.1
hk07:34:04 25 25 25 13.2 3.04-99-38
dsa128 454.490620 15424 78 54983 178398 555754 1023510 1384095rat 11347.55 6779.961 2275.711 946
dsa128 455.180620 15744 83 56580 181977 564731 1036542 1399192rat 11286.13 6753.774 2263.453 940.25
dsa128 455.870620 16285 81 57967 185437 573223 1049280 1414846rat 11241.5 6730 2254.063 937.6875
dsa128 456.560620 16806 92 59289 188420 581412 1060858 1428015rat 11199.53 6713.516 2242.453 932.2891
dsa128 457.250620 17541 88 60556 191584 589288 1072613 1443109rat 11162.85 6693.922 2234.211 932.3047
summary07:35:52JUN 19/19 63.049 2.18 25ds 2 11248 6734 2254 938 8247 4013 1.7 321.9 73 34 17 6 55 16 .1 .4
hk07:37:43 25 26 25 9 2.19-99-38
fv07:38:42128az 80.29653 20 73588.6ze 62.296-2 74503
hk07:39:51 26 26 25 8.100001 1.96-99-38
co07:39:59hgfw2: HG FW#2 at step  0
hk07:40:09 26 26 25 7.6 1.84-99-38
hgscan 0wide 296warm= 6.16333307:40:09JUN 19/19 446 801 3037 16250 32732 49763 65792 81723 97659 109879 110742 103708 88326 70847 54511 35983 18720 3283 511 189 193 490 3243 18610 36173 54850 71206 88884 104601 111958 111329 99569 83543 67495 51510 33299 17063 3423 878 530
hg07:41:35 .9985 1019.754 1020 222700 26 0
co07:41:37an: Running an from o30619a line -64.1
co07:41:37an: Auto FR/HP/HG is now ON
co07:41:37b2: Running b2 from o30619a line -64.1
hk07:41:52 26 26 25 13.3 3.22-99-38
dsa128 462.280620 21343 88 70818 214604 644608 1151130 1538195rat 10842.27 6542.125 2167.383 917.3203
dsa128 462.960620 21743 95 72581 218422 652420 1165205 1553520rat 10796.44 6523.578 2170.492 909.5703
dsa128 463.650620 22672 106 74514 221934 663583 1179253 1569958rat 10742.02 6511.289 2150.938 905.1797
dsa128 464.340620 23351 83 76277 226539 675171 1196459 1592391rat 10709.6 6489.641 2140.969 906.125
dsa128 465.030620 24255 84 78761 231807 689786 1217497 1618962rat 10653.97 6470.867 2126.125 904.5781
summary07:43:39JUN 19/19 61.521 2.075 26ds 2 10749 6508 2151 909 7841 3887 2.1 320.4 74 28 19 5 59 13 .5 1
hk07:45:29 26 27 25 13.4 3.45-99-38
dsa128 465.90620 25107 90 81119 238573 704727 1241903 1648616rat 10621.84 6438.555 2122.445 899.8516
dsa128 466.590620 26114 100 83422 243124 717309 1261124 1672515rat 10575.09 6428.555 2114.789 897.8594
dsa128 467.280620 26835 95 85595 246892 728597 1274817 1688684rat 10516.47 6412.907 2095.711 894.5
dsa128 467.970620 27394 92 86960 249498 734242 1284178 1697859rat 10486.09 6403.407 2096.094 887.8984
dsa128 468.660620 28069 85 88679 253271 744205 1297563 1716537rat 10452.24 6387.438 2084.508 892.4453
summary07:47:16JUN 19/19 60.808 2.029 26ds 2 10530 6414 2103 895 7668 3842 1.8 321 68 20 16 5 56 8 .7 1.5
hk07:49:20 26 27 25 8.100001 2.07-99-38
sla 0 469.660620 683569 205 762265 876774 1069437 1178111 1298502rat 1935.774 1315.625 432.1172 435.711
sla 0 470.340620 682519 214 762175 877003 1069435 1177247 1299439rat 1933.039 1311.203 428.8516 442.2227
sla 0 471.010620 683707 211 761172 876939 1068951 1178853 1298745rat 1944.957 1317.621 436.9688 433.7344
sla 0 471.690620 683706 203 762286 876037 1068598 1178392 1298695rat 1936.715 1320.426 436.6914 435.3086
sla 0 472.370620 683601 224 761320 877134 1069174 1177605 1297387rat 1939.379 1311.902 431.3008 433.7891
sla 0 473.040620 683435 214 761248 877117 1068875 1178654 1299223rat 1943.762 1315.969 436.5274 436.1446
sla 0 473.720620 683643 205 761933 876928 1069177 1177549 1299269rat 1935.574 1312.719 431.0742 440.4922
summary07:51:41JUN 19/19 101.134 4.774 26sl 0 1938 1315 433 437 541 356 761771.3 1298752 5 3 3 3 14 7 547.4 774.1
hk07:54:19 27 28 26 13.8 3.74-99-38
dsa128 474.730620 36132 101 109333 298063 855417 1459865 1914540rat 10117.52 6234.266 2011.274 872.1953
dsa128 475.430620 37344 92 111988 303857 869077 1479963 1938559rat 10079.46 6214.735 2004.094 868.9219
dsa128 476.120620 38165 90 114487 309171 883424 1501060 1965448rat 10052.26 6205.875 1996.774 869.4297
dsa128 476.810620 39365 106 117324 315426 897122 1524080 1990462rat 10019.36 6189.852 1998.5 859.8281
dsa128 477.510620 40318 97 119727 320598 911286 1541632 2013411rat 9987.594 6173.461 1982.133 861.9844
summary07:56:07JUN 19/19 59.064 1.928 27ds 2 10051 6204 1999 866 7279 3731 1.6 321.1 51 23 11 5 37 11 .1 .6
co07:57:52skc: Waiting until ZA = -58.5 now -58.8
co07:59:01td: Running td from o30619a line -58.5
co07:59:02td: Time correction  0 seconds
co07:59:03ua: Running ua from o30619a line -58.5
hk07:59:07 27 28 26 13.8 3.74-99-38
co08:00:00ua: UV timed  scan started
co08:08:38ua: UV timed  scan finished, incident DUV =  45.27785 mW/m^2
co08:08:39af: Running af from o30619a line -58.5
co08:08:39af: Auto FR/HP/HG is now OFF
hk08:08:43 27 27 26 7.1 1.83-99-38
hpscan08:09:15 0 69258 10 101772 20 134889 30 169814 40 201699 50 228516 60 243064 70 246345 80 246420 90 247062 100 244971 110 233752 120 206278 130 173241 140 140731 150 108198 160 72807
hp08:10:11 .9957049 254524 81 27
co08:10:28b1: Running b1 from o30619a line -58.5
hk08:10:44 27 28 26 10.6 2.88-99-38
dsa128 491.150620 63853 114 172446 423915 1151862 1874088 2409479rat 9371.938 5889.821 1850.164 826.9766
dsa128 491.840620 65206 115 175469 429453 1163070 1889295 2426758rat 9336.868 5872.094 1844.852 824.2969
dsa128 492.530620 66729 118 178560 434895 1176444 1907735 2447703rat 9308.922 5863.516 1839.156 820.8828
dsa128 493.220620 67986 117 181480 440154 1188285 1922112 2466728rat 9276.938 5847.813 1829.953 823.75
dsa128 493.910620 69302 113 184041 444909 1199478 1938793 2483215rat 9259.047 5842.446 1828.578 816.2735
summary08:12:31JUN 19/19 55.816 1.768 27ds 2 9311 5863 1839 822 6679 3546 2.3 319.4 46 19 9 4 36 10 .2 .9
hk08:14:23 27 28 26 7 1.9-99-38
fv08:15:20192az 85.27346 20 39201.4ze 55.057-2 39371
hk08:16:29 27 28 26 8.3 2.24-99-38
co08:16:38hgfw2: HG FW#2 at step  0
hk08:16:48 27 28 26 13.5 3.65-99-38
hgscan 0wide 296warm= 6.16833408:16:48JUN 19/19 492 884 4478 19008 36107 54820 70614 88502 106240 116533 117132 108248 90777 73621 55754 36051 17396 2668 481 176 188 456 2700 17198 35980 55951 73749 91518 109133 118319 117358 107785 89878 72463 56270 36621 20119 5077 924 550
hg08:18:13 .9986 1018.792 1019 235451 27-1
co08:18:15an: Running an from o30619a line -58.5
co08:18:15an: Auto FR/HP/HG is now ON
hk08:18:30 28 28 26 7.6 2.07-99-38
dsa192 4990620 22825 58 59786 141442 383371 624444 808136rat 9121.734 5805.625 1814.031 826.6094
dsa192 499.690620 23020 65 60211 142448 386523 628282 809434rat 9121.656 5803.93 1806.133 807.6094
dsa192 500.380620 23357 65 60949 143645 388745 630963 815431rat 9091.336 5788.657 1800.938 822.6094
dsa192 501.080620 23875 69 61924 145792 392950 635509 822462rat 9058.086 5758.141 1786.594 830.1016
dsa192 501.770620 24347 69 63074 147782 397318 643030 831330rat 9033.133 5752.938 1790.961 826.6485
summary08:20:22JUN 19/19 54.256 1.701 28ds 3 9085 5782 1800 823 6452 3483 2 321.2 39 25 11 9 60 32 1 4.3
hk08:22:13 28 28 26 13.5 3.65-99-38
dsa192 502.630620 24927 60 64353 149673 402462 648628 838133rat 8988.016 5738.367 1774.102 825.7656
dsa192 503.320620 25342 68 65029 150976 405773 654418 843167rat 8986.156 5742.391 1778.57 814.211
dsa192 504.010620 25903 66 66042 152339 409195 659262 850326rat 8954.547 5737.711 1775.219 820.0703
dsa192 504.710620 26309 61 66551 153331 412598 662486 853670rat 8946.305 5733.258 1761.563 817.0156
dsa192 505.40620 26560 70 67505 154626 414283 664375 856477rat 8900.696 5711.367 1757.25 819.9297
summary08:24:00JUN 19/19 53.534 1.672 28ds 3 8955 5733 1769 819 6333 3455 1.5 321.7 36 12 9 4 37 12 .5 2.3
hk08:25:51 28 28 26 14.6 3.95-99-38
dsa192 506.260620 27079 61 68353 156787 418738 670651 862682rat 8891.93 5694.985 1753.133 811.7031
dsa192 506.950620 27469 77 69328 158013 421621 673822 865858rat 8855.258 5684.18 1744.852 808.1172
dsa192 507.650620 28092 65 70362 159884 425714 679325 874462rat 8829.312 5670.524 1739.289 816.961
dsa192 508.340620 28301 56 71162 161245 429236 684351 880583rat 8815.422 5667.938 1736.609 816.2578
dsa192 509.030620 28892 61 72044 163259 433127 689810 886308rat 8800.446 5651.016 1733.078 810.836
summary08:27:38JUN 19/19 52.811 1.645 28ds 3 8838 5674 1741 813 6238 3421 1.9 321.1 36 17 8 4 42 16 .4 1.5
hk08:29:29 28 28 26 7.8 2.11-99-38
dsa192 509.890620 29404 72 72977 164545 435920 693264 889937rat 8771.649 5641.899 1728.305 808.211
dsa192 510.580620 29922 67 74113 165902 438937 697298 894255rat 8733.031 5633.633 1724.602 804.9688
dsa192 511.270620 30349 69 74676 166764 442067 700213 898093rat 8721.891 5631.516 1712.805 806.4531
dsa192 511.960620 30909 69 75617 169181 446223 707190 907046rat 8714.446 5614.571 1716.484 807.6016
dsa192 512.65010620 31457 66 76631 170775 450108 713572 913902rat 8699.266 5615.313 1719.086 802.2422
summary08:31:16JUN 19/19 52.09 1.618 28ds 3 8728 5627 1720 806 6149 3397 1.8 321.9 27 12 6 2 23 9 .5 1.2
hk08:33:06 28 28 26 7.6 2.07-99-38
dsa192 513.510620 31950 79 78134 172628 455064 718508 920061rat 8649.727 5601.367 1702.649 802.7266
dsa192 514.20620 32575 70 78964 175126 459329 725054 928439rat 8646.625 5580.617 1702.695 803.8125
dsa192 514.890620 33047 78 80257 176448 462391 729372 932301rat 8605.812 5576.227 1700.742 796.9297
dsa192 515.58010620 33393 72 80591 177002 464382 730985 934365rat 8599.828 5573.813 1692.391 797.7031
dsa192 516.27010620 33964 81 81538 178546 467944 736177 940670rat 8583.953 5569.391 1691.109 797.2188
summary08:34:53JUN 19/19 51.369 1.593 28ds 3 8617 5580 1698 800 6058 3372 1.7 322.3 29 13 6 3 20 8 .6 1.6
hk08:36:43 28 28 26 7.6 2.07-99-38
dsa192 517.140620 34389 72 82978 180447 472241 741465 946285rat 8542.868 5557.102 1683.719 793.0938
dsa192 517.83010620 34980 72 83613 182263 475449 745896 951884rat 8539.297 5541.774 1681.281 793.8828
dsa192 518.52010620 35214 74 84351 183028 477427 747871 952777rat 8515.438 5536.844 1675.516 787.0781
dsa192 519.21010620 35849 82 85448 185116 482047 753313 961299rat 8494.868 5521.555 1666.258 795.5235
dsa192 519.90010620 36221 75 86255 186319 485164 757703 966742rat 8481.93 5520.492 1664.375 795.6406
summary08:38:31JUN 19/19 50.646 1.569 28ds 3 8515 5536 1674 793 5977 3350 1.5 323.2 27 15 9 4 32 14 .5 1.5
hk08:40:21 28 28 26 16.3 4.43-99-38
dsa192 520.77010620 37004 78 87297 187958 487190 760023 968922rat 8447.227 5498.274 1660.75 793.2344
dsa192 521.46010620 37459 66 88536 190385 493173 767266 977687rat 8430.578 5486.063 1650.008 792.211
dsa192 522.15010620 38098 68 89695 191940 497370 773952 986364rat 8415.031 5490.61 1651.922 793.8516
dsa192 522.84010620 38490 75 90143 192454 497862 774911 985240rat 8401.727 5486.141 1653.836 784.0469
dsa192 523.53010620 39309 86 91546 194934 504317 781400 995762rat 8375.11 5469.391 1635.109 795.3203
summary08:42:09JUN 19/19 49.923 1.546 28ds 3 8414 5486 1650 792 5880 3315 2.1 321.4 28 11 9 4 31 10 .4 1.8
hk08:43:59 28 28 26 8.100001 2.2-99-38
dsa192 524.40620 39879 67 93668 198624 511981 793536 1008792rat 8346.016 5457.461 1637.922 785.836
dsa192 525.090620 40681 64 95046 200626 517669 800812 1017461rat 8325.328 5455.672 1630.531 784.2344
dsa192 525.780620 41140 78 96100 202273 520952 806535 1024115rat 8312.665 5453.758 1635.25 782.6563
dsa192 526.470620 41868 80 96649 203643 525174 811070 1028672rat 8315.391 5450.774 1625.352 778.3281
dsa192 527.150620 42607 72 98024 206017 529091 816103 1036110rat 8283.555 5429.063 1620.813 783.7344
summary08:45:46JUN 19/19 49.201 1.524 28ds 3 8317 5449 1630 783 5811 3303 1.4 323.9 23 12 7 3 22 10 .5 2
hk08:47:36 28 28 26 13.6 3.7-99-38
dsa192 528.020620 43118 76 99197 208103 533145 821327 1041120rat 8263.438 5415.422 1616.477 777.8672
dsa192 528.710620 43849 83 100542 210054 537251 826678 1048596rat 8236.446 5405.188 1612.297 781.711
dsa192 529.40620 44420 71 101411 211553 540896 832636 1054829rat 8233.594 5407.797 1615.281 777.1875
dsa192 530.090620 45134 95 102961 213960 546722 840887 1064561rat 8214.743 5404.094 1612.68 775.1641
dsa192 530.790620 45805 79 104205 216351 550852 845914 1070486rat 8190.875 5383.36 1606.711 774.1953
summary08:49:24JUN 19/19 48.478 1.502 28ds 3 8228 5403 1613 777 5741 3276 2 323.2 27 12 4 3 22 9 .4 1.4
hk08:51:15 28 28 26 7.5 2.03-99-38
dsa192 531.660620 46294 76 105212 217591 553364 848410 1073017rat 8165.211 5373.438 1600.688 772.5781
dsa192 532.350620 46870 77 105931 218663 555866 850460 1076546rat 8148.883 5364.297 1592.289 777.25
dsa192 533.040620 47467 79 107047 219827 558817 855222 1081797rat 8130.688 5367.532 1594.531 774.9063
dsa192 533.730620 47987 70 108311 221844 562689 859753 1087947rat 8105.289 5352.563 1588.305 777.4766
dsa192 534.420620 48791 75 109649 224069 567965 865481 1094469rat 8083.383 5339.703 1577.258 775.2422
summary08:53:02JUN 19/19 47.754 1.481 28ds 3 8127 5360 1591 775 5645 3246 2.1 321.7 33 14 9 2 36 11 .3 1.1
hk08:54:52 28 28 26 14.1 3.83-99-38
dsa192 535.290620 49148 79 110119 225635 571814 871393 1099922rat 8098.367 5341.563 1578.688 768.125
dsa192 535.980620 49596 77 112232 228556 577014 879561 1109492rat 8059.492 5328.36 1580.984 766.1172
dsa192 536.670620 50905 82 113691 229809 580758 883810 1114543rat 8027.391 5327.547 1574.649 765.7422
dsa192 537.360620 51176 74 114187 230633 582626 885465 1115877rat 8019.086 5321.735 1569.555 763.4922
dsa192 538.050620 52011 92 115336 233246 586943 891488 1123018rat 8008.094 5304.039 1567.742 762.4531
summary08:56:39JUN 19/19 47.031 1.461 28ds 3 8042 5325 1574 765 5594 3237 1.6 324.4 37 14 6 2 30 8 .6 .9
co08:58:24skc: Waiting until ZA = -46.6 now -46.7
co08:59:01td: Running td from o30619a line -46.57
co08:59:02td: Time correction  0 seconds
co08:59:03ua: Running ua from o30619a line -46.57
hk08:59:08 28 28 26 14.3 3.87-99-38
co09:00:00ua: UV timed  scan started
co09:08:39ua: UV timed  scan finished, incident DUV =  88.41772 mW/m^2
co09:08:39af: Running af from o30619a line -46.57
co09:08:39af: Auto FR/HP/HG is now OFF
hk09:08:44 28 28 26 13.6 3.7-99-38
hpscan09:09:15 0 70812 10 103044 20 136763 30 171829 40 204154 50 230877 60 243764 70 245692 80 247117 90 246972 100 244453 110 231908 120 205269 130 172086 140 141043 150 108272 160 71813
hp09:10:11 .9956788 254424 80.4 28
co09:10:29b1: Running b1 from o30619a line -46.57
hk09:10:45 28 29 26 13.8 3.96-99-38
dsa192 551.170620 64246 72 137397 266737 657892 981146 1227943rat 7713.75 5169.93 1503.047 747.9219
dsa192 551.860620 65160 84 138278 268187 660813 984691 1232461rat 7704.219 5163.61 1500.133 748.875
dsa192 552.560620 65981 81 139853 270982 668156 993761 1243501rat 7698.188 5160.664 1492.922 748.7344
dsa192 553.240620 66771 82 141351 272946 671924 999067 1248491rat 7677.422 5154.008 1492.383 743.5156
dsa192 553.930620 67750 77 142887 275042 676738 1006329 1257222rat 7664.367 5153.946 1493.656 743.0391
summary09:12:33JUN 19/19 43.869 1.383 28ds 3 7692 5160 1496 746 5303 3143 2.4 323 20 7 5 3 12 3 .3 1.2
hk09:14:24 28 29 26 13.7 3.92-99-38
fv09:15:22192az 94.3208 20 63356.6ze 43.107-2 63422.8
hk09:16:32 28 29 26 13.7 3.91-99-38
co09:16:41hgfw2: HG FW#2 at step  0
hk09:16:52 28 29 26 13.7 3.91-99-38
hgscan 0wide 296warm= 6.2109:16:52JUN 19/19 491 884 4326 18705 35641 54743 70784 88745 107511 117811 118434 110121 92784 75095 57233 37298 18074 2970 488 179 200 472 2904 18012 37192 57050 75719 93211 111111 119743 118886 109057 90906 72858 56609 37248 19862 4820 922 566
hg09:18:17 .9986 1019.079 1019 238177 28-1
co09:18:19an: Running an from o30619a line -46.57
co09:18:19an: Auto FR/HP/HG is now ON
hk09:18:35 28 29 26 16.8 4.82-99-38
dsa192 5590620 72277 87 150485 285712 699085 1032390 1288109rat 7567.008 5110.344 1468.289 741.961
dsa192 559.690620 73288 86 152306 288243 703362 1038354 1295406rat 7542.157 5098.633 1467.57 742.1953
dsa192 560.380620 73659 94 153448 289652 707893 1044059 1301681rat 7536.157 5103.016 1464.195 740
dsa192 561.070620 74325 83 155039 291667 710931 1047596 1306394rat 7507.93 5088.836 1460.899 741.6719
dsa192 561.760620 75311 80 155528 292890 714807 1051649 1310194rat 7513.313 5088.93 1454.656 738.0391
summary09:20:22JUN 19/19 42.314 1.348 28ds 3 7533 5098 1463 741 5163 3107 1.9 323.3 24 9 6 2 22 7 .4 1.4
hk09:22:13 28 29 26 7.2 2.05-99-38
dsa192 562.630620 75679 86 156818 294213 717112 1054266 1314259rat 7491.133 5081.969 1452.289 741.586
dsa192 563.320620 76257 89 157092 295128 717355 1054839 1314637rat 7487.969 5072.047 1453.781 741.0078
dsa192 564.010620 76799 97 158025 295976 720356 1057712 1316167rat 7475.766 5072.516 1447.867 734.4844
dsa192 564.710620 76964 84 157284 293624 715612 1050756 1306627rat 7468.524 5079.078 1448.195 731.7891
dsa192 565.40620 77737 84 159464 296469 721789 1057069 1315094rat 7437.157 5064.813 1437.492 734.6016
summary09:24:00JUN 19/19 41.594 1.333 28ds 3 7472 5074 1448 737 5115 3098 1.5 324.9 22 7 6 4 16 9 .9 2.8
hk09:25:51 28 28 26 16.8 4.56-99-38
dsa192 566.260620 77995 93 159755 296862 720412 1054509 1312283rat 7421.219 5049.914 1435.899 736.5547
dsa192 566.960620 79525 79 162457 301468 731137 1069174 1329806rat 7410.625 5044.774 1432.508 734.8594
dsa192 567.650620 80163 87 163262 302012 732761 1071955 1331608rat 7402.797 5049.766 1434.867 729.9063
dsa192 568.340620 80594 95 163974 303000 735205 1074811 1335676rat 7397.828 5048.633 1432.602 732.2813
dsa192 569.030620 81126 98 165328 304656 736919 1077324 1338464rat 7373.758 5036.047 1433.109 731.6016
summary09:27:38JUN 19/19 40.874 1.319 28ds 3 7401 5046 1434 733 5056 3083 1.3 325.1 18 6 2 3 14 7 .5 1.8
hk09:29:29 28 28 26 7.5 2.03-99-38
dsa192 569.890620 81536 92 165529 303790 734203 1072468 1332121rat 7350.797 5029.891 1430.031 731.1485
dsa192 570.580620 80561 85 162829 299385 723740 1056342 1311298rat 7356.141 5027 1426.32 728.3516
dsa192 571.270620 83462 86 168666 309984 748246 1091477 1353226rat 7350.399 5021.883 1425.578 724.2656
dsa192 571.960620 77887 72 156839 287687 694978 1012558 1259794rat 7334.696 5015.086 1418.063 738.3516
dsa192 572.650620 58742 68 118267 216532 522695 762027 947020rat 7305.078 4996.196 1412.609 726.8203
summary09:31:16JUN 19/19 40.156 1.305 28ds 3 7339 5018 1423 730 5004 3066 1.4 324.9 21 13 7 5 27 13 .4 2.2
hk09:33:06 28 28 26 7.8 2.11-99-38
dsa192 573.520620 56451 72 113935 208209 502581 731499 907145rat 7289.625 4988.196 1405.133 717.2656
dsa192 574.210620 79062 99 158915 289481 695193 1010642 1254234rat 7274.789 4982.985 1409.852 728.4531
dsa192 574.90620 85927 85 172357 313962 754712 1097424 1359046rat 7289.367 4995.961 1414.43 721.8438
dsa192 575.590620 87401 88 174810 318304 763368 1107996 1373517rat 7271.875 4979.485 1407.164 727.0156
dsa192 576.270620 88369 101 176260 320202 768190 1114179 1380826rat 7262.907 4979.633 1404.742 726.5781
summary09:34:53JUN 19/19 39.44 1.292 28ds 3 7278 4985 1408 724 4960 3050 1.7 324.5 12 7 4 5 25 13 .6 2.5
hk09:36:43 28 28 26 13.6 3.7-99-38
dsa192 577.140620 88903 93 176950 321046 770850 1115205 1382674rat 7251.766 4973.344 1394.117 729.0235