version=2dh260619ElArenosillo 37.1  6.73  3.072425pr1023
co00:31:00dh: day header
co00:31:00main: version 4.1024/06/2014 01:00:00
co00:31:00skc: uv0625a
co00:31:00autohg:  1 
co00:31:00hifw2:  0 
co00:31:00attn:  35000  120000 
co00:31:00lowds:  1 
co00:31:00cubdsp:  1 

inst0000000.3412.351.1495162080.000000027102014242304370102501415021800264002972mkiii1000000000242-3770740802817825260.99538.21733250.46425600-202205Feb 14/18EXTRAS10035000120000110006-14-2019@
disp32856.540.077483-9.26489e-071.35619e-112896.360.0766178-9.26559e-071.34773e-112933.140.0757811-9.26375e-071.3394e-112968.430.0749412-9.25955e-071.33087e-113002.750.0740866-9.25295e-071.32205e-112823.540.0781704-9.26235e-071.36278e-114284.810.116224-1.38973e-062.03428e-114344.540.114927-1.38984e-062.0216e-114399.710.113672-1.38956e-062.00909e-114452.650.112412-1.38893e-061.99631e-114504.120.11113-1.38794e-061.98308e-114235.310.117256-1.38935e-062.04417e-11marabr 09/19173310202440@
zeni-0.006400-0.0196800.0165400.1665220.280198-0.061343-0.4894390.455409-0.045242June 27/02@
op_st185c:\Brw#185\bdata185\icf09319zsf17802dcf05119uvr11718260619ElArenosillo37.106.7310233.072425444-914661111110110110111skco3uv0625a@
uvr2865          4806.8462870          4814.5362875          4822.0782880          4829.4662885          4836.6942890          4843.7572895          4850.6492900          4857.3652905          4864.0562910          4870.7862915          4877.4182920          4883.8162925          4889.8432930          4895.3632935          4900.2382940          4904.9322945          4909.7872950          4914.4792955          4918.6882960          4922.0922965          4924.3702970          4925.2012975          4925.1682980          4925.0802985          4924.9612990          4924.8312995          4924.7123000          4924.6253005          4924.5913010          4926.5463015          4931.7783020          4939.3433025          4948.2923030          4957.6813035          4966.5613040          4973.9883045          4980.1953050          4986.1143055          4991.8423060          4997.4763065          5003.1133070          5008.8523075          5014.7893080          5021.7013085          5029.7643090          5038.1703095          5046.1133100          5052.7853105          5057.3803110          5059.0913115          5058.9343120          5058.5303125          5057.9773130          5057.3743135          5056.8213140          5056.4173145          5056.2603150          5058.0643155          5062.7903160          5069.4073165          5076.8833170          5084.1883175          5090.2923180          5094.1623185          5096.5353190          5098.7743195          5100.7963200          5102.5163205          5103.8483210          5104.7103215          5105.0163220          5104.8253225          5104.3323230          5103.6573235          5102.9223240          5102.2473245          5101.7543250          5101.5633255          5102.3853260          5104.5823265          5107.7493270          5111.4813275          5115.3743280          5119.0243285          5122.0253290          5124.7643295          5127.7403300          5130.7113305          5133.4393310          5135.6833315          5137.2063320          5137.7673325          5137.6063330          5137.1763335          5136.5533340          5135.8123345          5135.0303350          5134.2833355          5133.6473360          5133.1153365          5132.6143370          5132.1283375          5131.6393380          5131.1293385          5130.5823390          5129.9793395          5129.3473400          5128.7043405          5128.0213410          5127.2693415          5126.4203420          5125.4433425          5124.3123430          5122.5553435          5119.9633440          5116.8953445          5113.7113450          5110.7693455          5108.4313460          5107.0563465          5106.3083470          5105.6283475          5105.0313480          5104.5363485          5104.1613490          5103.9233495          5103.8393500          5103.9293505          4996.7313510          4990.8643515          4985.4873520          4980.6803525          4976.5203530          4973.0873535          4970.3883540          4968.2363545          4966.4123550          4964.6993555          4962.8783560          4960.7343565          4958.0463570          4954.5043575          4950.0773580          4944.9773585          4939.4143590          4933.5973595          4927.7393600          4922.0483605          4916.4413610          4910.6973615          4904.8213620          4898.8163625          4892.6863630          4886.4353635          4880.068@
schedule-119.07pdckhgsldtrsappob2w1cihphghltdpdhshgfite-95.07hphguxhphgb2zsslzszs-87.24tduahpafb1dshgandsdsds-81.98tduahpafb1dshgandsdsds-76.45tduahpafb1dshgandsdsds-70.76tduahpafb1dshgandsdsds-64.96tduahpafb1dshgandsdsds-59.06tduahpafb1dshganb2dssl-53.11tduahpafb1dshgandsdsds-47.14tduahpafb1dshgandsdsds-41.18tduahpafb1dshgandsdsds-35.27tduahpafb1dshgandsdsds-29.51tduahpafb1dshgandsdsds-24.03tduahpafb1dshganb2dssl-19.11tduahpafb1dshgandsdsds-15.34tduahpafb1dshgandsdsds-13.71tduahpafb1dshgandsdsds14.97tduahpafb1dshgandsdsds18.52tduahpafb1dshgandsdsds23.32tduahpafb1dshganb2dssl28.75tduahpafb1dshgandsdsds34.49tduahpafb1dshgandsdsds40.38tduahpafb1dshgandsdsds46.33tduahpafb1dshgandsdsds52.31tduahpafb1dshgandsdsds58.27tduahpafb1dshganb2dssl64.17tduahpafb1dshgandsdsds69.99tduahpafb1dshgandsdsds75.70tduahpafb1dshgandsdsds81.25tduahpafb1dshgandsdsds86.48tdafhpb1dsfvhganb2dsdsslds91.39pdckhgsldtrsappob2w1cihphghltdpdhshgfite180uv0626a@
co00:31:00checkaz: Running checkaz from uv0625a line -200
co00:31:04po: Running po from uv0625a line -200
co00:31:04af: Running af from uv0625a line -200
co00:31:04af: Auto FR/HP/HG is now OFF
co00:31:04re: Running re from uv0625a line -200
co00:32:21re: Zenith discrepancy =  0
co00:32:25re: Azimuth discrepancy =  1
co00:32:27az: Running az from uv0625a line -200
co00:32:43az: Azimuth discrepancy =  0
co00:32:46w1: Running w1 from uv0625a line -200
co00:37:47fr: Running fr from uv0625a line -200
hk00:37:51 22 22 22 7.2 1.4-99-38
co00:38:21fr: Micrometer #1 discrepancy= 0 Now set to o3 offset = 0
co00:38:54fr: Micrometer #2 discrepancy= 0 Now set to offset = 0
hk00:39:03 22 22 22 6.9 1.34-99-38
hpscan00:39:23 0 19700 10 43935 20 76336 30 111711 40 145309 50 177936 60 211644 70 236945 80 247412 90 248735 100 248865 110 248548 120 245326 130 229544 140 200928 150 168209 160 133988
hp00:40:19 .9963959 257853.2 98.8 22
hpscan00:40:20 0 76858 10 110319 20 143694 30 176552 40 210109 50 237824 60 249063 70 250910 80 251276 90 250739 100 247838 110 233236 120 205883 130 172058 140 138458 150 102096 160 68070
hp00:41:16 .9956606 259130.5 79.3 22
hk00:41:38 22 22 22 7.5 1.46-99-38
co00:41:40hgfw2: HG FW#2 at step  0
hk00:43:47 22 22 22 13.3 2.58-99-38
hgscan 0wide 296warm= 200:43:47JUN 26/19 4301 15317 27469 39510 51462 63443 74442 79763 79456 69956 58461 47208 35179 21302 10076 1104 272 124 87 89 82 81 110 271 1177 10444 22345 36952 49794 62382 74931 85719 86304 81212 70005 56425 43869 30896 17221 5029
hg00:45:11 .997 996.8052 997 120843 22-23
hgscan 0wide 296warm= 200:45:11JUN 26/19 383 676 2445 13768 28082 42033 55703 69636 83029 91259 92327 84831 70979 58079 44347 29195 15531 2749 404 169 172 411 2750 15650 29457 45395 59223 72645 87598 95693 94960 86133 72324 58249 44496 29520 14702 2741 732 449
hg00:46:36 .9985 1019.004 1019 188020 22-1
ap00:46:39 22.04 22.14 22.14 1122.64 12.02 5.05-11.51 24.24 0 20.71 20.81-37.77 5-4.4 0 0 0 0 0 0 7.37 1.43 .02 .01 22.14 22.14 22.14 1120.68 12.02 5.04-11.52 23.76 .87 21 20.81-37.77 5-4.37 1.68 10.52 .35 13.36 1.63 .63 13.3 2.58 .07 .04
hk00:47:22 22 22 22 6.9 1.34-99-38
dto3JUN 26/1900:58:17 22 0 1752626 29.49 28.94 29.08 27.92 28.34 1 737232.8 24.6 26.68 22.53 32.61 31.55 29.74 28.84 35.03 26.76 31.67    28.755 .6        29 3.9
co00:58:17an: Running an from uv0625a line -200
co00:58:17an: Auto FR/HP/HG is now ON
hk00:58:22 23 23 23 13.2 2.7-99-38
rso3JUN 26/1901:07:08 23 1030785 323 1149214 1321200 1611653 1774981 1955960 3017781 1030542 215 1149456 1321861 1612171 1775794 1956003 3017174 1.0002 1.5023 .9997 .9994 .9996 .9995 .9999 1.0002 .1888 .1283 .0419 .0422 .0539 .0356-.0176 .1889 .1282 .042 .042 .0546 .0359-.0177
co01:07:08fi: Running fi from uv0625a line -200
hk01:12:12 23 24 23 13.4 2.9-99-38
co01:22:56b2: Running b2 from uv0625a line -200
co01:22:57cj: Running cj from uv0625a line -200
hk01:23:12 24 24 24 7.4 1.61-99-38
co01:23:29cj: CJ scan started at 01:23:29
hk01:27:22 24 24 24 13.1 2.83-99-38
co01:27:22cj: Stitching FW2 to position  64
co01:27:25cj: CJ scan started at 01:27:25
co01:33:35cj: Still doing CJ
co01:35:55cj: CJ scan finished at 01:35:55
co01:35:57ck: Running ck from uv0626a line -119.08
hk01:36:02 24 25 24 6.8 1.56-99-38
hpscan01:36:20 0 73418 10 107023 20 140716 30 175716 40 208727 50 235697 60 248700 70 251727 80 252055 90 252153 100 250283 110 236976 120 208363 130 174205 140 140872 150 106613 160 72087
hp01:37:16 .9956022 260208 80.1 24
hk01:37:38 24 25 24 13.4 3.07-99-38
co01:37:40hgfw2: HG FW#2 at step  0
hk01:39:47 24 24 24 7.1 1.54-99-38
hgscan 0wide 296warm= 201:39:47JUN 26/19 411 782 2823 16657 34774 52561 69947 87820 104410 116162 117738 108681 91430 74989 57445 38072 20912 4187 560 191 212 543 4118 21055 38165 57847 75604 91894 109816 118827 117808 105475 88779 70972 53748 35385 17180 2867 863 466
hg01:41:12 .9985 1019.636 1020 236565 24 0
hk01:46:18 24 24 24 13.4 2.9-99-38
sla 0 106.630620 687713 209 767095 881962 1074900 1184556 1306235rat 1932.227 1313.84 433.8008 437.9453
sla 0 107.310620 687749 232 766325 882248 1075282 1186171 1305719rat 1942.816 1318.531 438.3242 430.086
sla 0 107.990620 687240 216 767206 881465 1075125 1185688 1306240rat 1935.867 1320.625 437.1367 433.6992
sla 0 108.660620 688829 232 767164 881777 1076140 1185404 1305826rat 1935.078 1318.012 431.8672 433.3477
sla 0 109.340620 687719 231 767654 882113 1076547 1185756 1307522rat 1933.578 1317.649 431.5117 437.8438
sla 0 110.010620 687652 211 767706 883166 1076000 1186711 1305933rat 1936.84 1315.93 437.3672 428.7813
sla 0 110.690620 688159 211 767562 882816 1076636 1185836 1306355rat 1934.371 1314.383 431.4336 433.5313
summary01:48:39JUN 26/19 81.658 6.059 24sl 0 1936 1317 434 434 548 363 767244.6 1306261 3 2 3 4 14 6 446.9 632
hk01:51:06 24 25 24 6.9 1.59-99-38
dto3JUN 26/1901:57:13 24 0 1757827 29.38 28.79 29.17 29.22 27.76 1 739142.1 23.17 30.21 54.45 32.6 34.09 34.28 26.12 23.9 27.08 27.58    28.862 .7    31.349 9
hk01:57:18 24 25 24 8.5 1.96-99-38
rso3JUN 26/1902:01:14 24 1033915 331 1151979 1325619 1616539 1781388 1962686 3024776 1033339 210 1151830 1325773 1617427 1782207 1963886 3025638 1.0006 1.5762 1 .9998 .9994 .9995 .9993 .9997 .1894 .1284 .0422 .0421 .0546 .0357-.0176 .1896 .1285 .0421 .0422 .0547 .0358-.0177
ap02:01:15 24.22 24.79 24.41 1122.64 12.02 5.05-11.51 24.24 0 22.52 23.18-37.77 4.99-4.38 0 0 0 0 .01 .01 14.47 3.32 .06 0 24.22 24.7 24.41 1120.68 12.02 5.04-11.51 23.76 1.02 22.8 23.18-37.77 4.99-4.44 1.68 10.65 .35 13.49 1.43 .48 7.1 1.63 .05 .05
co02:01:54po: Running po from uv0626a line -119.08
co02:01:54b2: Running b2 from uv0626a line -119.08
co02:01:55w1: Running w1 from uv0626a line -119.08
co02:06:57ci: Running ci from uv0626a line -119.08
hk02:07:12 24 25 24 8 1.85-99-38
hk02:14:47 24 25 24 7.7 1.78-99-38
hpscan02:15:05 0 71733 10 104491 20 139049 30 175052 40 207122 50 235640 60 248976 70 251371 80 252181 90 252188 100 249378 110 237022 120 210156 130 176305 140 143951 150 110514 160 73322
hp02:16:01 .9957356 259868.2 80.5 24
hk02:16:23 24 25 25 7.3 1.67-99-38
co02:16:25hgfw2: HG FW#2 at step  0
hk02:18:32 24 25 25 7.9 1.81-99-38
hgscan 0wide 296warm= 202:18:32JUN 26/19 475 854 2866 17127 35310 53544 70678 88322 105831 117027 118737 109840 92084 74841 57392 37935 20343 4311 510 185 173 489 4251 20425 38292 57909 75625 92724 110524 119657 118556 107284 89266 71938 55012 36235 17573 2912 905 532
hg02:19:57 .9985 1019.476 1019 238394 24-1
co02:19:59hl: Running hl from uv0626a line -119.08
hk02:20:18 24 25 24 13.4 3.07-99-38
co02:29:20td: Running td from uv0626a line -119.08
co02:29:22td: Time correction  0 seconds
co02:29:22hs: Running hs from uv0626a line -119.08
hk02:29:42 24 24 23 7.4 1.61-99-38
hk02:39:37 24 23 23 14.3 2.93-99-38
co02:39:40hgfw2: HG FW#2 at step  0
hk02:41:47 24 23 23 13.5 2.77-99-38
hgscan 0wide 296warm= 2.00333302:41:47JUN 26/19 410 787 2045 14031 30797 47824 64043 80659 96362 108499 109646 103085 87452 71704 55713 37107 21286 4823 530 200 199 499 4783 21244 37011 55732 71659 87320 103375 109989 108296 96423 80423 64011 48100 30957 14248 2109 807 475
hg02:43:11 .9985 1020.564 1021 219635 24 1
co02:43:13fi: Running fi from uv0626a line -119.08
hk02:48:17 24 24 23 18.7 4.05-99-38
co02:59:03te: Running te from uv0626a line -119.08
hk02:59:07 24 24 24 13.4 2.9-99-38
co02:59:07skc: Waiting until ZA = -95 now -110.1
co03:09:07skc: Waiting until ZA = -95 now -108.9
co03:19:07skc: Waiting until ZA = -95 now -107.6
co03:29:07skc: Waiting until ZA = -95 now -106.3
co03:39:08skc: Waiting until ZA = -95 now -104.9
co03:49:08skc: Waiting until ZA = -95 now -103.5
co03:59:08skc: Waiting until ZA = -95 now -102
co04:09:08skc: Waiting until ZA = -95 now -100.5
co04:19:08skc: Waiting until ZA = -95 now -99
co04:29:09skc: Waiting until ZA = -95 now -97.4
co04:39:09skc: Waiting until ZA = -95 now -95.8
hk04:44:05 22 22 21 13.1 2.54-99-38
hpscan04:44:23 0 74851 10 106900 20 140255 30 176489 40 208895 50 233932 60 245492 70 247877 80 247859 90 248251 100 245806 110 231752 120 202613 130 168671 140 136522 150 103185 160 69093
hp04:45:19 .9950949 256267.7 79.2 22
hk04:45:41 22 22 22 7.1 1.37-99-38
co04:45:43hgfw2: HG FW#2 at step  0
hk04:47:50 22 22 22 7.2 1.4-99-38
hgscan 0wide 296warm= 204:47:50JUN 26/19 301 541 1648 10161 21556 33158 44455 56673 67129 75789 76321 71636 60937 49976 38470 25560 14500 2850 390 160 168 380 2913 14894 26642 40378 52806 64852 76649 82983 82266 73774 62326 49285 37277 24522 11726 1964 631 356
hg04:49:15 .9986 1020.034 1020 159304 22 0
co04:49:16ux: Running ux from uv0626a line -94.96
hk04:49:21 22 22 22 13.5 2.61-99-38
co04:50:01ux: UV extended  scan started
co04:55:38ux: UV extended  scan finished, incident DUV =  2.098957E-02 mW/m^2
hk04:55:43 22 22 22 14.9 2.88-99-38
hpscan04:56:15 0 72308 10 104337 20 137597 30 173056 40 205678 50 232519 60 246334 70 248565 80 249156 90 249832 100 247555 110 234788 120 207951 130 172981 140 139021 150 106414 160 71143
hp04:57:11 .995212 257534.9 80.5 22
hk04:57:33 22 22 22 13.3 2.58-99-38
co04:57:35hgfw2: HG FW#2 at step  0
hk04:59:42 22 22 22 14.2 2.76-99-38
hgscan 0wide 296warm= 204:59:42JUN 26/19 333 607 1884 11343 24101 36849 48974 61574 73645 82365 83597 77660 65639 53872 41560 27307 15328 2929 384 153 165 387 2975 15711 28518 43263 56735 69330 82667 89416 88841 79921 67505 53871 40990 26942 13030 2235 692 410
hg05:01:06 .9986 1019.741 1020 173013 22 0
co05:01:08b2: Running b2 from uv0626a line -94.96
co05:01:25zs: ZS intensity too low ( 52/cy), skipping.
hk05:06:12 22 23 23 15.7 3.21-99-38
sla 0 306.520620 688805 208 768073 884833 1078742 1188539 1309301rat 1941.602 1314.438 432.8985 433.4532
sla 0 307.20620 689387 204 768204 884000 1079595 1188969 1309634rat 1942.453 1320.227 430.9844 432.9805
sla 0 307.880620 689641 221 768032 884888 1080413 1189507 1311166rat 1945.504 1317.816 429.6407 436.2071
sla 0 308.550620 690038 219 769090 885625 1079562 1188576 1309434rat 1935.914 1310.621 429.6602 433.7657
sla 0 309.230620 689113 208 769464 884592 1080258 1190344 1310103rat 1940.383 1322.438 433.4258 429.4102
sla 0 309.90620 690811 224 769827 885262 1079656 1189904 1310453rat 1936.672 1317.438 434.2578 432.2735
sla 0 310.580620 690876 229 769691 885145 1080699 1190899 1311421rat 1941.199 1321.77 433.6992 431.8438
summary05:08:33JUN 26/19 46.519 1.448 22sl 0 1941 1318 432 433 555 366 768911.6 1310216 3 4 2 2 6 6 805.7 893.8
co05:11:13zs: ZS intensity too low ( 146/cy), skipping.
co05:11:20zs: ZS intensity too low ( 138/cy), skipping.
co05:11:21skc: Waiting until ZA = -87.3 now -89.9
co05:21:21skc: Waiting until ZA = -87.3 now -88.4
co05:27:32td: Running td from uv0626a line -87.29
co05:27:33td: Time correction  0 seconds
co05:27:34ua: Running ua from uv0626a line -87.29
hk05:27:39 23 22 22 7.4 1.43-99-38
co05:30:00ua: UV timed  scan started
co05:38:38ua: UV timed  scan finished, incident DUV =  .6020048 mW/m^2
hk05:38:43 22 22 22 13.3 2.58-99-38
hpscan05:39:15 0 74800 10 106064 20 141214 30 176068 40 208800 50 234923 60 246396 70 249138 80 248900 90 249308 100 246987 110 233367 120 204764 130 171542 140 139433 150 107086 160 71222
hp05:40:11 .9952213 257219.8 79.5 22
co05:40:28af: Running af from uv0626a line -87.29
co05:40:28af: Auto FR/HP/HG is now OFF
co05:40:28b1: Running b1 from uv0626a line -87.29
hk05:40:41 22 23 22 6.8 1.39-99-38
co05:40:45ds: DS intensity too low ( 6/cy), skipping.
hk05:41:02 22 23 22 6.8 1.39-99-38
zsa0 341.370620 161 35 356 1167 4436 14083 23435rat 16412.5 10939 5041.617 2216.973
zsa0 342.060620 152 30 347 1120 4257 13462 22412rat 16272.15 10908.4 5022.028 2218.5
zsa0 342.750620 158 41 387 1215 4804 15408 25366rat 16476.66 11170.66 5088.168 2170.625
zsa0 343.430620 172 25 414 1318 5259 17016 27648rat 16404.39 11187.81 5115.055 2111.606
zsa0 344.120620 176 32 395 1341 5408 17126 28208rat 16731.08 11160.66 5025.043 2171.488
zsa0 344.130620 0 0 0 0 0 0 0rat 0 0 0 0
zsa0 344.140620 0 0 0 0 0 0 0rat 0 0 0 0
summary05:43:08JUN 26/19 84.596 8.111 22zs 0 11757 7910 3613 1556 6779 3458-2943 6987.5 8033 5404 2469 1063 4635 2368 1102.6 2617.1
hk05:44:34 23 23 22 18.8 3.85-99-38
co05:44:45hgfw2: HG FW#2 at step  0
hk05:44:54 23 23 22 13.6 2.8-99-38
hgscan 0wide 296warm= 4.27666705:44:54JUN 26/19 421 728 2113 13019 27690 42507 56584 71148 84612 94888 96083 89312 75245 61840 47876 31659 17535 3687 430 162 174 429 3687 17809 32199 48636 63008 76893 91803 98869 97507 87537 73698 58461 44647 29096 13849 2227 754 466
hg05:46:18 .9985 1019.932 1020 194952 23 0
co05:46:20an: Running an from uv0626a line -87.29
co05:46:20an: Auto FR/HP/HG is now ON
hk05:46:32 23 23 22 7.4 1.51-99-38
co05:46:37ds: DS intensity too low ( 12/cy), skipping.
hk05:46:53 23 23 22 14.1 2.89-99-38
zsa0 347.230620 190 33 469 1659 6940 22015 35882rat 17028.01 11311.55 5029.321 2125.524
zsa0 347.920620 191 31 438 1615 6581 20976 33892rat 17116.96 11215.23 5049.864 2087.516
zsa0 348.60620 205 39 457 1694 7135 22403 36237rat 17285.98 11309.64 4986.926 2092.77
zsa0 349.290620 212 36 479 1703 7388 22656 36492rat 17083.15 11327.71 4882.43 2074.18
zsa0 349.980620 194 28 477 1786 7485 23484 37680rat 17182.43 11254.57 4978.535 2056.797
zsa0 349.980620 0 0 0 0 0 0 0rat 0 0 0 0
zsa0 349.990620 0 0 0 0 0 0 0rat 0 0 0 0
summary05:48:59JUN 26/19 83.558 7.279 23zs 0 12242 8060 3561 1491 7471 3745-758.5 1870.3 8364 5506 2433 1019 5105 2559 254.6 647.2
hk05:50:33 23 23 22 14.6 2.99-99-38
co05:50:38ds: DS intensity too low ( 11/cy), skipping.
hk05:50:54 23 23 22 13.5 2.76-99-38
zsa0 351.250620 203 31 504 1989 8496 26151 42050rat 17423.74 11254.08 4895.274 2066.356
zsa0 351.940620 205 35 544 2173 9260 28600 45592rat 17494.03 11260.97 4910.66 2028.949
zsa0 352.630620 222 26 544 2335 10170 31318 49759rat 17814.18 11323.06 4894.407 2014.004
zsa0 353.330620 223 31 590 2404 10393 31897 50354rat 17562.36 11283.32 4881.043 1986.277
zsa0 354.010620 225 27 596 2411 10452 31955 50520rat 17493.8 11271.68 4863.16 1992.496
zsa0 354.020620 0 0 0 0 0 0 0rat 0 0 0 0
zsa0 354.030620 0 0 0 0 0 0 0rat 0 0 0 0
summary05:53:01JUN 26/19 82.837 6.772 23zs 0 12541 8056 3492 1441 7929 3860-355 934.5 8568 5503 2386 985 5420 2638 100.2 278.3
hk05:54:36 23 22 22 13.3 2.58-99-38
co05:54:40ds: DS intensity too low ( 16/cy), skipping.
hk05:54:56 23 22 22 13.2 2.55-99-38
zsa0 355.280620 207 23 596 2450 10557 31834 50560rat 17447.43 11178.08 4802.02 2012.238
zsa0 355.970620 219 40 577 2484 10870 32841 51179rat 17862.43 11280.97 4814.836 1930.524
zsa0 356.650620 206 27 567 2384 10440 31153 48720rat 17610.43 11210.58 4757.598 1945.227
zsa0 357.340620 218 24 602 2537 11004 32881 51155rat 17550.3 11167.46 4762.496 1922.441
zsa0 358.030620 231 35 658 2900 12626 37465 58542rat 17791.08 11164.49 4734.137 1942.043
zsa0 358.040620 0 0 0 0 0 0 0rat 0 0 0 0
zsa0 358.050620 0 0 0 0 0 0 0rat 0 0 0 0
summary05:57:03JUN 26/19 82.113 6.317 23zs 0 12609 8000 3410 1393 8151 3927-141.1 442.1 8615 5465 2330 952 5572 2683 28.6 63.5
co05:58:25td: Running td from uv0626a line -82.03
co05:58:26td: Time correction  0 seconds
co05:58:27ua: Running ua from uv0626a line -82.03
hk05:58:32 22 22 22 7.4 1.43-99-38
co06:00:00ua: UV timed  scan started
co06:08:38ua: UV timed  scan finished, incident DUV =  2.627272 mW/m^2
hk06:08:43 22 22 22 12.2 2.37-99-38
hpscan06:09:15 0 74733 10 106812 20 140462 30 175178 40 207447 50 233277 60 245480 70 248406 80 247866 90 248640 100 245745 110 232790 120 203949 130 168340 140 137534 150 103459 160 67523
hp06:10:11 .9953136 256336.2 79.6 22
co06:10:28af: Running af from uv0626a line -82.03
co06:10:28af: Auto FR/HP/HG is now OFF
co06:10:28b1: Running b1 from uv0626a line -82.03
hk06:10:41 23 23 22 7.1 1.45-99-38
co06:10:46ds: DS intensity too low ( 37/cy), skipping.
hk06:11:02 22 23 22 6.9 1.42-99-38
zsa0 371.380620 344 42 1188 6157 25349 67279 100128rat 17691 10418.37 4247.969 1731.027
zsa0 372.060620 300 37 1038 5437 22757 59360 88232rat 17733.86 10413.81 4171.895 1725.172
zsa0 372.750620 312 33 1036 5583 23031 59771 88676rat 17755.51 10325.13 4149.363 1716.906
zsa0 373.440620 321 37 1064 5803 23875 62032 91538rat 17814.11 10320.58 4154.777 1693.719
zsa0 374.120620 320 34 1106 5772 23630 60703 90080rat 17533.82 10247.69 4105.086 1717.984
zsa0 374.130620 0 0 0 0 0 0 0rat 0 0 0 0
zsa0 374.140620 0 0 0 0 0 0 0rat 0 0 0 0
summary06:13:08JUN 26/19 79.17401 4.916 22zs 0 12647 7389 2976 1226 8722 3817-16.6 191.1 8640 5048 2033 838 5960 2608 29.5 174.3
hk06:14:35 23 23 22 7.4 1.51-99-38
co06:14:46hgfw2: HG FW#2 at step  0
hk06:14:55 23 23 22 13.6 2.8-99-38
hgscan 0wide 296warm= 4.29166706:14:55JUN 26/19 388 681 1920 12704 27612 42084 56284 70111 84285 94346 95956 89735 75624 61479 47877 32240 17650 3997 458 168 167 440 4019 17865 32439 48526 62894 77138 91902 98810 97558 87311 72997 58325 44104 28966 13605 2004 754 417
hg06:16:20 .9985 1020.101 1020 194766 23 0
co06:16:21an: Running an from uv0626a line -82.03
co06:16:21an: Auto FR/HP/HG is now ON
hk06:16:34 23 23 22 13.3 2.73-99-38
co06:16:38ds: DS intensity too low ( 37/cy), skipping.
hk06:16:54 23 23 22 13.3 2.73-99-38
zsa0 377.250620 361 40 1297 6812 27370 68867 100179rat 17391.15 10076.77 4015.445 1631.652
zsa0 377.930620 395 39 1537 8355 33308 82733 120640rat 17427.94 9983.211 3959.406 1642.66
zsa0 378.620620 442 27 1664 8880 35343 86986 126270rat 17261.4 9930.246 3918.727 1622.965
zsa0 379.30620 422 27 1563 8337 33115 81275 118158rat 17242.39 9909.594 3906.367 1629.293
zsa0 379.990620 378 30 1473 8055 31591 77672 112558rat 17316.11 9863.652 3914.18 1615.223
zsa0 3800620 0 0 0 0 0 0 0rat 0 0 0 0
zsa0 380.010620 0 0 0 0 0 0 0rat 0 0 0 0
summary06:19:00JUN 26/19 78.088 4.533 23zs 0 12377 7109 2816 1163 8655 3724-4.9 175.2 8455 4857 1924 795 5913 2544 46.5 222
hk06:20:34 23 23 22 8.2 1.67-99-38
co06:20:38ds: DS intensity too low ( 46/cy), skipping.
hk06:20:54 23 23 22 14.4 2.96-99-38
zsa0 381.250620 413 25 1736 9057 35719 85480 123237rat 16993.46 9767.368 3796.524 1593.035
zsa0 381.940620 446 31 1874 9891 38839 93299 134246rat 17051.44 9767.106 3813.695 1584.895
zsa0 382.620620 518 30 2029 10769 41908 99757 144222rat 16990.01 9687.609 3774.203 1605.852
zsa0 383.310620 520 31 2129 11296 43997 104444 149915rat 16979.98 9679.778 3762.578 1574.684
zsa0 383.990620 552 41 2217 11797 45612 108008 154586rat 16967.16 9640.18 3752.422 1562.43
zsa0 3840620 0 0 0 0 0 0 0rat 0 0 0 0
zsa0 384.010620 0 0 0 0 0 0 0rat 0 0 0 0
summary06:23:01JUN 26/19 77.343 4.302 23zs 0 12140 6935 2700 1132 8519 3661 2.1 164.9 8293 4737 1845 773 5820 2501 55.9 248.4
hk06:24:34 23 23 22 13.6 2.8-99-38
co06:24:38ds: DS intensity too low ( 57/cy), skipping.
hk06:24:54 23 23 22 13.3 2.73-99-38
zsa0 385.250620 417 30 1642 8322 32115 75371 107726rat 16704.21 9590.586 3711.723 1555.004
zsa0 385.940620 394 37 1540 8135 30847 72316 103626rat 16827.78 9512.918 3707.457 1566.223
zsa0 386.640620 402 33 1633 8383 31854 73855 105324rat 16648.06 9471.703 3659.027 1545.281
zsa0 387.320620 470 32 1824 9289 35311 81956 116426rat 16608.94 9476.852 3663.731 1528.731
zsa0 388.010620 460 34 1901 9597 36254 83173 118223rat 16494.93 9399.641 3613.367 1531.32
zsa0 388.020620 0 0 0 0 0 0 0rat 0 0 0 0
zsa0 388.030620 0 0 0 0 0 0 0rat 0 0 0 0
summary06:27:01JUN 26/19 76.594 4.091 23zs 0 11898 6779 2622 1104 8366 3591 9.100001 154 8128 4631 1792 754 5715 2454 63.8 271
co06:28:24td: Running td from uv0626a line -76.51
co06:28:25td: Time correction  0 seconds
co06:28:26ua: Running ua from uv0626a line -76.51
hk06:28:30 23 23 22 13.9 2.86-99-38
co06:30:00ua: UV timed  scan started
co06:38:39ua: UV timed  scan finished, incident DUV =  3.459337 mW/m^2
hk06:38:44 23 23 22 13.2 2.7-99-38
hpscan06:39:15 0 74595 10 107373 20 141515 30 176377 40 209503 50 233876 60 245765 70 247767 80 247942 90 248024 100 245238 110 231279 120 203212 130 169637 140 137709 150 105204 160 67823
hp06:40:11 .9956593 255801 79.2 23
co06:40:29af: Running af from uv0626a line -76.51
co06:40:29af: Auto FR/HP/HG is now OFF
co06:40:29b1: Running b1 from uv0626a line -76.51
hk06:40:42 23 23 23 8 1.64-99-38
co06:40:47ds: DS intensity too low ( 70/cy), skipping.
hk06:41:03 23 23 23 7.1 1.45-99-38
zsa0 401.390620 924 41 4077 18504 64547 135503 187188rat 15272.14 8667.156 3229.457 1408.981
zsa0 402.070620 933 37 4233 19133 66043 138365 190538rat 15194.5 8611.914 3220.692 1395.246
zsa0 402.760620 1060 46 4570 21158 72208 150871 207914rat 15244.52 8552.754 3209.735 1399.027
zsa0 403.450620 1084 48 4642 21083 71948 149394 205365rat 15134.88 8525.68 3182.606 1388.082
zsa0 404.140620 1188 32 5156 23066 77871 161435 222082rat 14999.07 8469.629 3175.735 1391.649
zsa0 404.150620 0 0 0 0 0 0 0rat 0 0 0 0
zsa0 404.150620 0 0 0 0 0 0 0rat 0 0 0 0
summary06:43:09JUN 26/19 73.554 3.41 23zs 0 10835 6118 2288 998 7643 3278 35.2 109.4 7402 4180 1563 682 5222 2240 88.3 340
hk06:44:35 23 23 23 13.3 2.73-99-38
co06:44:46hgfw2: HG FW#2 at step  0
hk06:44:55 23 23 23 13.8 2.83-99-38
hgscan 0wide 296warm= 4.2806:44:55JUN 26/19 380 681 1895 12828 27780 42436 56720 70675 85051 95181 96768 90352 75938 62035 48035 32296 17646 4023 487 168 173 453 4099 17770 32607 48679 63405 77499 92597 99393 98093 87897 73172 58786 44660 29078 13575 2005 751 420
hg06:46:19 .9985 1020.081 1020 196161 23 0
co06:46:21an: Running an from uv0626a line -76.51
co06:46:21an: Auto FR/HP/HG is now ON
hk06:46:34 23 23 23 15.2 3.12-99-38
co06:46:38ds: DS intensity too low ( 110/cy), skipping.
hk06:46:54 23 23 23 8 1.64-99-38
zsa0 407.240620 1290 47 5639 24771 82961 170293 233423rat 14852 8394.531 3133.473 1376.313
zsa0 407.930620 1373 41 5939 25849 86344 175254 239524rat 14746 8333.469 3084.551 1363.719
zsa0 408.610620 1459 55 6295 26912 90289 182820 250213rat 14685.21 8344.371 3074.75 1370.172
zsa0 409.30620 1474 39 6468 27676 91933 185710 253224rat 14624.41 8288.766 3064.211 1353.918
zsa0 409.980620 1498 38 6348 26994 88414 176883 240804rat 14493.14 8184.774 3021.688 1346.621
zsa0 409.990620 0 0 0 0 0 0 0rat 0 0 0 0
zsa0 4100620 0 0 0 0 0 0 0rat 0 0 0 0
summary06:49:00JUN 26/19 72.441 3.214 23zs 0 10486 5935 2197 973 7372 3183 43 95.5 7164 4055 1501 665 5037 2174 96.5 362.6
hk06:50:33 23 23 23 8 1.64-99-38
co06:50:37ds: DS intensity too low ( 164/cy), skipping.
hk06:50:54 23 23 23 22.1 4.53-99-38
zsa0 411.230620 1594 48 6673 27504 88392 173795 234301rat 14204.47 8027.828 2946.188 1303.93
zsa0 411.920620 1620 52 6746 26893 86024 166742 223322rat 13978.66 7945.465 2883.824 1275.043
zsa0 412.610620 1627 60 6695 26467 82741 159276 212361rat 13817.12 7816.313 2853.676 1255.129
zsa0 413.30620 1653 26 6575 25693 79881 151959 202209rat 13669.69 7735.731 2800.91 1246.106
zsa0 413.980620 1661 44 6551 25388 78481 148259 196217rat 13589.65 7682.785 2770.887 1222.41
zsa0 413.990620 0 0 0 0 0 0 0rat 0 0 0 0
zsa0 4140620 0 0 0 0 0 0 0rat 0 0 0 0
summary06:53:00JUN 26/19 71.678 3.093 23zs 0 9894 5601 2036 900 7013 3052 49.9 76.9 6762 3828 1392 616 4792 2086 100.9 371.4
hk06:54:33 23 23 23 13.2 2.7-99-38
dsa0 414.970620 1610 53 8741 43224 163124 360433 520200rat 14176.51 7994.164 2868.488 1045.914
dsa0 415.660620 4138 68 22414 110431 413739 906344 1300947rat 14147.97 7981.571 2866.11 1051.547
dsa0 416.340620 4413 81 23757 115837 433147 944278 1353178rat 14092.61 7964.375 2851.195 1049.906
dsa0 417.040620 8605 114 46639 223065 826700 1770662 2510755rat 13990.37 7935.508 2826.985 1047.727
dsa0 417.720620 11401 116 60980 288578 1061568 2254141 3179188rat 13938.49 7921.211 2822.758 1052.461
summary06:56:20JUN 26/19 71.039 2.998 23ds 0 14069 7959 2847 1050 10711 4752 .9 306.3 102 31 21 3 106 23 .4 .9
co06:58:05td: Running td from uv0626a line -70.82
co06:58:06td: Time correction  0 seconds
co06:58:07ua: Running ua from uv0626a line -70.82
hk06:58:11 23 23 23 13.3 2.74-99-38
co07:00:00ua: UV timed  scan started
co07:08:41ua: UV timed  scan finished, incident DUV =  16.88814 mW/m^2
hk07:08:51 24 24 24 7.3 1.57-99-38
hpscan07:09:24 0 73000 10 105219 20 138552 30 173155 40 205110 50 232089 60 244966 70 247640 80 247851 90 248264 100 246663 110 233642 120 205983 130 172465 140 139211 150 107227 160 71594
hp07:10:20 .9954908 256099.9 80.3 24
co07:10:38af: Running af from uv0626a line -70.82
co07:10:38af: Auto FR/HP/HG is now OFF
co07:10:38b1: Running b1 from uv0626a line -70.82
hk07:10:51 24 25 24 6.8 1.56-99-38
dsa64 431.360620 13696 94 60086 236505 801255 1592917 2206767rat 12646.02 7348.227 2556.445 997.9219
dsa64 432.050620 14382 107 61657 241344 815787 1613995 2232983rat 12603.76 7325.414 2539.18 995.5078
dsa64 432.740620 14858 100 64239 248943 836698 1649117 2277439rat 12532.46 7293.688 2527.461 991.7344
dsa64 433.430620 15562 109 66725 256330 857655 1683418 2320548rat 12470.69 7265.289 2513.906 987.6406
dsa64 434.120620 16490 109 69485 265170 883427 1727009 2377166rat 12419.17 7238.602 2501.117 985.5156
summary07:12:44JUN 26/19 67.881 2.606 24ds 1 12534 7294 2528 992 9361 4345 1.4 306.6 93 44 22 5 76 25 .1 .3
hk07:14:32 25 25 25 8.100001 1.85-99-38
co07:14:40hgfw2: HG FW#2 at step  0
hk07:14:50 25 25 25 16.1 3.69-99-38
hgscan 0wide 296warm= 4.03507:14:50JUN 26/19 357 716 2159 13696 29268 44759 59612 74150 88935 99386 100832 94157 79385 64490 49765 33246 18229 4026 511 195 196 497 3997 18406 33863 50611 65966 80510 96504 104050 102725 92294 77040 62012 46952 30753 14380 2250 786 421
hg07:16:14 .9985 1019.883 1020 204882 25 0
co07:16:16an: Running an from uv0626a line -70.82
co07:16:16an: Auto FR/HP/HG is now ON
hk07:16:30 25 26 25 15.3 3.71-99-38
dsa128 4370620 7544 70 30764 114155 379446 742786 1030736rat 12232.73 7168.242 2464.86 988.6953
dsa128 437.690620 7847 61 32556 118860 392903 766599 1061580rat 12133.74 7137.196 2454.305 983.0312
dsa128 438.380620 8422 84 33788 123347 406847 790690 1093318rat 12120.97 7119.016 2441.125 980.0234
dsa128 439.070620 8750 85 34743 126155 414537 803952 1109196rat 12082.51 7100.258 2435.344 973.2344
dsa128 439.760620 9146 68 35893 128153 420651 813091 1121528rat 11997.24 7086.578 2423.563 974.875
summary07:18:22JUN 26/19 66.787 2.494 25ds 2 12113 7122 2444 980 8978 4234 1.3 307.4 85 32 16 6 68 14 .4 1.1
hk07:20:13 25 26 25 13.4 3.26-99-38
dsa128 440.620620 9444 64 37148 132679 432539 830361 1143331rat 11951.41 7035.188 2397.649 970.8125
dsa128 441.310620 9817 88 38277 135267 439702 842476 1157582rat 11896.41 7021.086 2392.375 964.3438
dsa128 4420620 10179 72 39608 138214 447965 854136 1168017rat 11815.27 6992.891 2373.985 945.8516
dsa128 442.690620 10587 75 40958 141304 456441 867525 1190660rat 11747.14 6970.813 2363.188 965.0703
dsa128 443.390620 11166 80 42495 145801 468805 888620 1217938rat 11702.31 6946.18 2354.899 962.1875
summary07:22:00JUN 26/19 66.082 2.427 25ds 2 11823 6993 2376 962 8745 4170 1 308 103 36 18 9 98 28 .5 2
hk07:23:50 26 26 26 9.5 2.3-99-38
dsa128 444.260620 11739 74 44160 150502 481271 909368 1241578rat 11646.67 6916.196 2344.922 948.5
dsa128 444.950620 12080 77 45428 153223 488961 919720 1255326rat 11582.45 6893.633 2328.031 949.9297
co07:25:38ds: HOME key pressed
co07:25:40ds: DS aborted
summary07:24:36JUN 26/19 65.576 2.382 26ds 2 11615 6905 2336 949 8577 4123 .9 308.2 45 16 12 1 49 12 .1 .4
co07:25:40skc: Going to menu
co07:25:48pdsi: Running pdsi from menu line -200
co07:25:55si: Running si from menu line -200
co07:26:35skc: Starting schedule uv0626a
co07:26:35td: Running td from uv0626a line -70.82
co07:26:36td: Time correction  0 seconds
co07:26:37ua: Running ua from uv0626a line -70.82
hk07:26:42 26 26 25 7 1.69-99-38
co07:30:00ua: UV timed  scan started