0            
-.4009       
-1.0721      
-1.9735      
-3.417       
0            
.3385
2.35         
1.1322       
2950         
2800 
.000000041  
162          
74           
1662         
0            
3810         
9310        
15090        
18815        
26950        
2972         
mkiv        
1            
0            
0            
0            
0            
0            
0            
0            
2579         
0            
240          
-3           
650          
595          
5252         
176          
2700         
0            
0            
3469         
75           
0.4          
64           
256          
0            
64           
56           
2238         
Jun 10/13   

