0.00000      
-0.79     
-1.62     
-3.19     
-5.27     
0.0          
0.3380      
2.35000      
1.13220      
2933         
2730         
0.0000000410 
162          
74           
1688         
0.0000       
3810         
9310        
15090        
18815        
26950           
2972         
mkiv        
1            
0            
0            
0            
0            
0            
0            
0            
2579         
0            
240          
-3.00000     
650          
595          
5252         
176          
2700         
0.00000      
0.00000      
3469         
75           
0.200        
64           
256          
0            
64           
56           
2216         
June 29/2015 
