0.00000
-0.39000
-0.94000
-1.68000
-2.72000
0.0          
0.3383       
2.35000      
1.13900      
3030         
3115         
0.0000000350 
291          
76           
1766         
0.0000       
4290.0000    
9120.0000    
14315.0000   
19790.0000   
25000.0000   
2816         
mkiv        
1            
0            
0            
0            
0            
0            
0            
0            
2984         
0            
242          
-3.00000     
772          
770          
5642         
178          
2650         
0.00000      
0.00000      
3469         
75           
0.000        
64           
256          
0            
64           
52           
2112         
July 11/2011       
