 3261.055 
3491         4043
3501         4650
3511         5208
3521         5060
3531         4478
3541         3920
3551         3108
3561         3844
3571        19106
3581        39004
3591        61138
3601        82083
3611       102512
3621       124126
3631       144543
3641       150434
3651       140957
3661       118965
3671        97162
3681        74462
3691        54666
3701        32472
3711        11067
3721          428
3731          224
3741          152
3751          107
3761           92
3771           75
3781           75
3791           72
3791           68
3781           66
3771           74
3761           86
3751           97
3741          139
3731          219
3721          406
3711        10378
3701        32120
3691        54335
3681        74494
3671        95953
3661       118548
3651       141266
3641       150521
3631       144871
3621       124178
3611       102416
3601        81750
3591        60343
3581        39393
3571        19433
3561         4069
3551         3118
3541         3842
3531         4480
3521         5082
3511         5214
3501         4739
3491         3974
eof
158 mkiii
slit  5 
ZERO  1738 
CalStep 1017
TE  32 
ND  3 
