version=2dh190119Manchester 53.47  2.23  2.750537pr1000
co00:20:24dh: day header
co00:20:24main: version 4.1024/06/2014 01:00:00
co00:20:24skc: mcr-172
co00:20:24autohg:  1 
co00:20:24hifw2:  0 
co00:20:24attn:  25000  80000 
co00:20:24lowds:  1 cubdsp:  1 
inst6.23695.83515.71295.45005.08930.00.34242.35001.158517004400.00000003028614169704400103301402021560259502972mkiii1000000066316793242-3655630250817825080.99860-3.0000024692500.400025606402224June 12/2013EXTRAS1002500080000111260-42504-10-2018@
disp32856.610.0775748-9.82043e-071.55639e-112896.430.0767082-9.81489e-071.54649e-112933.230.0758699-9.80701e-071.53674e-112968.520.075029-9.79674e-071.52678e-113002.840.0741732-9.78398e-071.51648e-112823.440.0782666-9.82286e-071.56415e-114284.910.116362-1.47306e-062.33459e-114344.650.115062-1.47223e-062.31974e-114399.850.113805-1.47105e-062.30511e-114452.780.112543-1.46951e-062.29017e-114504.250.11126-1.4676e-062.27472e-114235.150.1174-1.47343e-062.34623e-11ThuJun 04/1524692861713@
zeni-0.006400-0.0196800.0165400.1802390.282864-0.060766-0.5063100.461242-0.044076june6/00@
op_st172c:\Bdata172\icf15515zsf15800dcf15215uvr15217190119Manchester53.472.2310002.750537220-114693111110110110111skco3mcr-172@
uvr2865  4485.7242870  4531.7742875  4578.8112880  4626.8072885  4675.7392890  4725.5782895  4776.3002900  4827.8792905  4882.1142910  4939.6712915  4998.8182920  5057.8232925  5114.9542930  5168.4792935  5216.6682940  5259.6362945  5299.2862950  5336.5622955  5372.4122960  5407.7802965  5443.6112970  5480.8522975  5519.6102980  5559.0822985  5598.8482990  5638.4852995  5677.5743000  5715.6933005  5752.4213010  5789.4053015  5827.6083020  5865.5813025  5901.8733030  5935.0363035  5963.6203040  5986.1783045  6003.0083050  6016.3193055  6027.5243060  6038.0353065  6049.2653070  6062.6273075  6079.5343080  6104.3513085  6138.1353090  6177.3323095  6218.3853100  6257.7423105  6291.8483110  6317.1483115  6336.2903120  6354.1183125  6370.3703130  6384.7833135  6397.0953140  6407.0443145  6414.3673150  6419.5643155  6423.5873160  6426.8543165  6429.7823170  6432.7913175  6436.2963180  6440.7163185  6447.3173190  6456.2703195  6466.3463200  6476.3203205  6484.9633210  6491.0483215  6493.3503220  6492.9403225  6491.8273230  6490.1873235  6488.1943240  6486.0253245  6483.8533250  6481.8563255  6480.0893260  6478.4103265  6476.6953270  6474.8183275  6472.6573280  6470.0853285  6466.9793290  6461.9323295  6454.2073300  6444.6843305  6434.2403310  6423.7563315  6414.1113320  6406.1833325  6400.0213330  6394.7923335  6390.0593340  6385.3823345  6380.3223350  6374.4423355  6367.3033360  6357.7183365  6345.3493370  6331.0313375  6315.5963380  6299.8803385  6284.7153390  6270.9363395  6258.4983400  6246.6343405  6235.0933410  6223.6223415  6211.9693420  6199.8843425  6187.1143430  6173.7783435  6160.1103440  6146.0393445  6131.4903450  6116.3933455  6100.6723460  6084.2563465  6067.0263470  6048.9433475  6030.0483480  6010.3843485  5989.9943490  5968.9203495  5947.2063495  5439.6143500  5418.9143505  5398.1693510  5377.3783515  5356.5423520  5335.6603525  5314.7333530  5293.7613535  5273.1083540  5252.8933545  5232.7543550  5212.3273555  5191.2473560  5169.1503565  5145.6743570  5120.1963575  5092.7283580  5063.8583585  5034.1743590  5004.2633595  4974.7133600  4946.1123605  4918.2593610  4890.5623615  4863.0233620  4835.6443625  4808.4253630  4781.3693635  4754.476@
schedule-170pdjdtd-120pdtdaphphgslb0b2w1cib0b1w1hssraz-92.82pdtduahpafb1kbumhgankbumkbum-88.92pdtduahpafb1kbumhgankbumkbum-85.75pdtduahpafb1kbumhgankbumkbum-82.73pdtduadszsdskbum-80.04pdtduahpafb1dshganb2dssl-77.77pdtduadszsdskbum-75.97pdtduahpafb1dshganzskbum-74.68pdtduadszsdskbum-73.93pduahpafb1dshganzsds375.07pdtduadszsdskbum76.54pdtduahpafb1dshganb2dssl78.51pdtduadszsdskbum80.93pdtduahpafb1kbumhgankbumkbum83.74pdtduahpafb1kbumhgankbumkbum86.86pdtduahpafb1kbumhgankbumkbum90.36pdtduaaphphgslb0b2w1cib0b1w1hsrsdt180mcr-172@
co00:20:24checkaz: Running checkaz from mcr-172 line -200
co00:20:26po: Running po from mcr-172 line -200
co00:20:26af: Running af from mcr-172 line -200
co00:20:26af: Auto FR/HP/HG is now OFF
co00:20:26re: Running re from mcr-172 line -200
co00:21:31re: Zenith discrepancy =  0
co00:21:34re: Azimuth discrepancy = -8
co00:21:36az: Running az from mcr-172 line -200
co00:21:46az: Azimuth discrepancy =  0
co00:21:48w1: Running w1 from mcr-172 line -200
co00:26:50fr: Running fr from mcr-172 line -200
hk00:26:55 18 19 13 8.600001 1.4-99-24
co00:29:57fr: Micrometer #1 reference found at step 6346 (+CAL)= 6632 Now set to o3 offset = 6631
co00:33:22fr: Micrometer #2 reference found at step 6795= 6795 Now set to o3 offset = 6793
hk00:33:29 18 19 12 9.399999 1.53-99-24
hpscan00:33:38 0 98132 10 137555 20 204072 30 257495 40 296403 50 315131 60 333749 70 339470 80 340090 90 340607 100 339991 110 326780 120 280823 130 227388 140 185847 150 155462 160 100836
hp00:34:34 .9886853 351169.5 78 18
hk00:34:46 18 19 12 8.600001 1.4-99-24
co00:34:49hgfw2: HG FW#2 at step  0
hk00:36:55 18 19 12 9.399999 1.53-99-24
hgscan 0wide 302warm= 200:36:55JAN 19/19 146 211 275 1317 3684 6318 9074 12006 14877 17663 18589 18818 17090 14878 12409 9606 6819 3828 1854 1362 1339 1882 3902 6915 9991 12965 15496 18004 19947 19610 18658 15904 12851 9832 6856 4020 1479 299 237 175
hg00:38:11 .9955 293.3938 293 38199 18 7
hgscan 0wide 302warm= 200:38:11JAN 19/19 217 276 815 3531 6389 9500 12782 15978 19264 21172 21499 20271 17640 14872 11712 8653 5233 2395 1742 1140 1150 1808 2420 5389 8716 12060 15390 18235 21220 22644 22196 20334 16963 13618 10186 6709 3776 893 314 247
hg00:39:25 .999 286.3067 286 44143 18 0
ap00:39:28 18.24 18.62 12.36 1171.62 11.95 4.79-11.21 24.09 0 15.4 17.96-24.29 5.01-5.43 0 .04 .02 .03 .07 .06 9.399999 1.53 .03 .03 18.24 18.62 12.45 1169.66 11.94 4.77-11.21 23.69 1.15 15.4 18.15-24.19 5.01-5.43 1.53 9.979999 .37 11.22 1.36 .69 9.399999 1.53 .06 .07
hk00:40:13 18 19 13 9.399999 1.53-99-24
dto3JAN 19/1900:51:10 18 0 2414115 28.39 27.59 27.87 29.01 28.63 1 921796 23.93 27.49 30.28 31.1 29.51 27.07 29.57 26.66 30.01 27.87    28.298 .6    28.349 2.2
co00:51:10an: Running an from mcr-172 line -200
co00:51:10an: Auto FR/HP/HG is now ON
hk00:51:15 18 19 13 9.399999 1.53-99-24
rso3JAN 19/1901:00:08 18 1407981 273 1606192 1838602 2221278 2464026 2681267 4149350 1409243 199 1605490 1840201 2220354 2463575 2681337 4150466 .9991 1.3719 1.0004 .9991 1.0004 1.0002 .9999 .9997 .1859 .1272 .045 .0367 .0684 .0423-.0214 .186 .1267 .0451 .0368 .0683 .0416-.021
co01:00:08hl: Running hl from mcr-172 line -200
hk01:00:28 18 19 13 10.2 1.66-99-24
co01:05:30hl: HL scan started at 01:05:30
co01:09:22jd: Running jd from mcr-172 line -170
co01:09:23td: Running td from mcr-172 line -170
co01:09:25td: Time correction  .6 seconds
co04:46:37td: Running td from mcr-172 line -120
co04:46:38td: Time correction  .2 seconds
ap04:46:40 18.43 18.62 13.4 1171.62 11.95 4.79-11.36 24.07 0 16.16 18.15-22.67 5.01-5.43 0 .03 .02 .06 .07 .05 10.21 1.66 .03 .07 18.43 18.72 13.4 1169.66 11.94 4.77-11.36 23.69 1.29 16.16 18.15-22.77 5.01-5.43 1.53 9.96 .37 11.56 1.38 .78 9.399999 1.53 .07 .04
hk04:47:24 18 19 13 9.399999 1.53-99-23
hpscan04:47:32 0 94620 10 144899 20 200034 30 252637 40 289352 50 310354 60 334852 70 340418 80 340758 90 341409 100 341132 110 330922 120 284594 130 241232 140 215019 150 166781 160 104958
hp04:48:28 .9939172 349049.7 80.6 18
hk04:48:40 19 19 13 9.399999 1.53-99-23
co04:48:42hgfw2: HG FW#2 at step  0
hk04:50:49 19 19 14 10.2 1.66-99-23
hgscan 0wide 302warm= 204:50:49JAN 19/19 182 222 573 2973 5435 8189 11021 14053 16851 18451 18961 17709 15295 13124 10432 7465 4598 2123 1488 992 1007 1574 2187 4845 7833 11063 13985 16665 18958 20278 19961 18145 15375 12247 9015 6091 3374 719 309 223
hg04:52:05 .999 286.4855 286 39239 19 0
hk04:57:11 19 19 14 9.399999 1.53-99-23
sla 0 297.520620 939394 175 1071786 1226849 1481269 1645156 1789959rat 1916.453 1318.414 471.0703 377.6367
sla 0 298.20620 939363 177 1071561 1227184 1481266 1643182 1788280rat 1911.934 1311.734 465.625 378.8125
sla 0 298.880620 938829 165 1070705 1226211 1481511 1642719 1788125rat 1914.215 1314.012 463.5977 379.6875
sla 0 299.550620 938806 165 1070613 1226334 1480318 1642793 1788698rat 1914.805 1313.762 467.4532 380.9531
sla 0 300.230620 939023 161 1071729 1226062 1481086 1643195 1787362rat 1911.25 1315.863 466.211 376.4258
sla 0 300.910620 938465 175 1071146 1225928 1479679 1643097 1787224rat 1913.434 1316.098 470.2461 376.3477
sla 0 301.580620 938249 159 1070193 1225317 1480676 1642409 1786596rat 1915.484 1316.422 465.2891 376.6445
summary04:59:33JAN 19/19 79.725 5.134 19sl 0 1914 1315 467 378 704 439 1071105 1788035 2 2 3 2 6 4 632 1094.7
co05:01:56b0: Running b0 from mcr-172 line -120
co05:01:57b2: Running b2 from mcr-172 line -120
co05:01:58w1: Running w1 from mcr-172 line -120
co05:06:58ci: Running ci from mcr-172 line -120
hk05:07:13 19 19 16 10.2 1.66-99-22
co05:07:28ci: CI scan started at 05:07:28
co05:14:22b0: Running b0 from mcr-172 line -120
co05:14:23b1: Running b1 from mcr-172 line -120
co05:14:23w1: Running w1 from mcr-172 line -120
co05:19:25hs: Running hs from mcr-172 line -120
hk05:19:45 19 19 16 10.2 1.66-99-22
co05:19:58hs: HS scan started at 05:19:58
co05:24:49sr: Running sr from mcr-172 line -120
co05:24:59sr: Azimuth discrepancy =  0
co05:26:10sr: Azimuth Steps per revolution measured =  14688
co05:26:54az: Running az from mcr-172 line -120
co05:27:03az: Azimuth discrepancy = -2
co07:57:07td: Running td from mcr-172 line -92.82
co07:57:09td: Time correction  .4 seconds
co07:57:10ua: Running ua from mcr-172 line -92.82
hk07:57:14 18 19 14 8.600001 1.4-99-22
co08:00:00ua: UV timed  scan started
co08:08:29ua: UV timed  scan finished, incident DUV =  .0501146 mW/m^2
hk08:08:33 18 19 14 9.399999 1.53-99-22
hpscan08:08:56 0 92547 10 142866 20 199802 30 248637 40 285997 50 310524 60 336478 70 341601 80 341985 90 341484 100 341768 110 329806 120 281751 130 242559 140 212677 150 165112 160 98266
hp08:09:52 .9949395 349638.2 80.9 18
co08:09:59af: Running af from mcr-172 line -92.82
co08:09:59af: Auto FR/HP/HG is now OFF
co08:09:59b1: Running b1 from mcr-172 line -92.82
co08:10:00kb: Running kb from mcr-172 line -92.82
hk08:10:05 18 19 14 9.399999 1.53-99-22
hk08:10:43 18 19 14 9.399999 1.53-99-22
um190119Manchester 53.47 2.23 2.750537pr10000 491.291640 76 377 1014 3119 7577 11166rat 13951.77 9022.604 3913.692 1691.832
hk08:13:27 18 19 14 9.399999 1.53-99-22
um190119Manchester 53.47 2.23 2.750537pr10000 492.621640 76 6563 11973 24433 55746 78450rat 9324.41 6697.403 3587.027 1480.297
hk08:16:11 18 19 14 9.399999 1.53-99-22
co08:16:22hgfw2: HG FW#2 at step  0
hk08:16:31 18 19 14 9.399999 1.53-99-22
hgscan 0wide 302warm= 494.361708:16:31JAN 19/19 245 324 1047 4257 7706 11506 15444 19690 23528 25692 26134 24405 21250 18025 14298 10225 6272 2957 2128 1357 1342 2178 2981 6242 10278 14386 18097 21385 24658 26703 25853 24030 20123 15871 11866 8034 4542 1301 381 273
hg08:17:46 .999 286.1881 286 52837 18 0
co08:17:48an: Running an from mcr-172 line -92.82
co08:17:48an: Auto FR/HP/HG is now ON
co08:17:48kb: Running kb from mcr-172 line -92.82
hk08:17:53 18 19 14 9.399999 1.53-99-22
hk08:18:44 19 19 14 9.399999 1.53-99-22
um190119Manchester 53.47 2.23 2.804185pr10000 499.31640 78 415 1164 3641 8854 13302rat 14142.2 9067.791 3910.113 1774.059
hk08:21:28 18 19 13 9.399999 1.53-99-22
um190119Manchester 53.47 2.23 2.750537pr10000 500.641640 58 7025 13129 27740 63102 87960rat 9555.004 6829.258 3571.742 1438.469
co08:24:08kb: Running kb from mcr-172 line -92.82
hk08:24:12 18 19 14 9.399999 1.53-99-22
hk08:24:55 18 19 14 9.399999 1.53-99-23
um190119Manchester 53.47 2.23 2.750537pr10000 505.481640 52 530 1560 5046 12948 19627rat 14296.82 9314.254 4115.781 1806.352
hk08:27:38 18 19 14 9.399999 1.53-99-23
um190119Manchester 53.47 2.23 2.750537pr10000 506.811640 71 11590 22332 48250 110317 151590rat 9800.938 6946.258 3593.856 1376.895
co08:27:40td: Running td from mcr-172 line -88.92
co08:27:42td: Time correction  .2 seconds
co08:27:42ua: Running ua from mcr-172 line -88.92
hk08:27:47 18 19 14 9.399999 1.53-99-22
co08:30:00ua: UV timed  scan started
co08:38:29ua: UV timed  scan finished, incident DUV =  .2456935 mW/m^2
hk08:38:35 18 19 14 9.399999 1.53-99-22
hpscan08:38:57 0 106592 10 157553 20 210422 30 259275 40 289848 50 316477 60 338043 70 341050 80 341641 90 341608 100 341912 110 324935 120 273111 130 232717 140 202454 150 149666 160 84290
hp08:39:52 .9944052 349704.2 78.9 18
co08:40:00af: Running af from mcr-172 line -88.92
co08:40:00af: Auto FR/HP/HG is now OFF
co08:40:00b1: Running b1 from mcr-172 line -88.92
co08:40:01kb: Running kb from mcr-172 line -88.92
hk08:40:05 18 19 14 9.399999 1.53-99-22
hk08:40:43 18 19 14 9.399999 1.53-99-22
um190119Manchester 53.47 2.23 2.750537pr10000 521.31640 73 966 3101 10626 30365 47616rat 15292.27 9996.338 4575.91 1952.07
hk08:43:28 18 19 14 9.399999 1.53-99-22
um190119Manchester 53.47 2.23 2.750537pr10000 522.631640 86 23985 47976 105576 231058 310491rat 9849.434 6836.653 3405.91 1281.742
hk08:46:12 18 19 14 9.399999 1.53-99-21
co08:46:23hgfw2: HG FW#2 at step  0
hk08:46:32 18 19 14 9.399999 1.53-99-22
hgscan 0wide 302warm= 32.0208:46:32JAN 19/19 233 316 891 4282 7688 11414 15357 19336 23297 25300 26059 24234 20901 17628 13899 10083 6236 2936 2100 1334 1340 2102 2980 6180 10094 13983 18009 21090 24332 26429 25837 23978 19801 15999 11870 8071 4558 1320 358 263
hg08:47:47 .999 286.0407 286 52488 18 0
co08:47:49an: Running an from mcr-172 line -88.92
co08:47:49an: Auto FR/HP/HG is now ON
co08:47:49kb: Running kb from mcr-172 line -88.92
hk08:47:54 19 19 14 9.399999 1.53-99-22
hk08:48:45 18 19 14 10.2 1.66-99-22
um190119Manchester 53.47 2.23 2.750537pr10000 529.321640 84 1263 4280 15529 45790 72559rat 15872.96 10366.8 4708.84 1997.18
hk08:51:28 18 19 14 9.399999 1.53-99-22
um190119Manchester 53.47 2.23 2.750537pr10000 530.651640 72 36605 73896 159403 341918 451128rat 9714.711 6664.703 3321.004 1203.777
co08:54:08kb: Running kb from mcr-172 line -88.92
hk08:54:13 18 19 14 10.2 1.66-99-22
hk08:54:55 18 19 14 9.399999 1.53-99-22
um190119Manchester 53.47 2.23 2.750537pr10000 535.51640 54 1372 4869 17879 54269 86412rat 16130.88 10511.11 4828.235 2017.164
hk08:57:39 19 19 14 9.399999 1.53-99-22
um190119Manchester 53.47 2.23 2.804185pr10000 536.831640 73 43884 88710 187156 394254 516039rat 9546.188 6490.953 3243.465 1169.402
co08:57:41td: Running td from mcr-172 line -85.75
co08:57:43td: Time correction  .5 seconds
co08:57:43ua: Running ua from mcr-172 line -85.75
hk08:57:48 19 19 14 9.399999 1.53-99-22
co09:00:00ua: UV timed  scan started
co09:08:29ua: UV timed  scan finished, incident DUV =  .7963799 mW/m^2
hk09:08:34 19 19 14 9.399999 1.53-99-21
hpscan09:08:56 0 102692 10 152574 20 208730 30 258204 40 292525 50 314466 60 337405 70 341116 80 341629 90 342242 100 341668 110 327260 120 279412 130 239644 140 206139 150 156506 160 91867
hp09:09:52 .9949802 349775.4 79.5 19
co09:10:00af: Running af from mcr-172 line -85.75
co09:10:00af: Auto FR/HP/HG is now OFF
co09:10:00b1: Running b1 from mcr-172 line -85.75
co09:10:00kb: Running kb from mcr-172 line -85.75
hk09:10:05 19 19 14 9.399999 1.53-99-21
hk09:10:43 19 19 14 9.399999 1.53-99-21
um190119Manchester 53.47 2.23 2.804185pr10000 551.291640 61 2569 9712 38672 122675 192901rat 16884 11038.79 5018.074 1963.723
hk09:13:27 19 19 14 10.2 1.66-99-21
um190119Manchester 53.47 2.23 2.804185pr10000 552.621640 110 115171 230775 454676 919122 1171770rat 9055.274 6035.774 3079.11 1062.695
hk09:16:12 19 19 14 9.399999 1.53-99-21
co09:16:22hgfw2: HG FW#2 at step  0
hk09:16:32 19 19 14 9.399999 1.53-99-21
hgscan 0wide 302warm= 524.3509:16:32JAN 19/19 219 292 928 4221 7630 11416 15462 19385 23022 25340 25884 24073 21113 17772 13982 10201 6390 3037 2120 1382 1416 2129 3014 6277 10134 13967 17862 21217 24403 26298 25787 23666 19901 15927 11829 7896 4467 1218 357 256
hg09:17:46 .9991 286.1817 286 52182 19 0
co09:17:48an: Running an from mcr-172 line -85.75
co09:17:48an: Auto FR/HP/HG is now ON
co09:17:49kb: Running kb from mcr-172 line -85.75
hk09:17:53 19 19 14 9.399999 1.53-99-21
hk09:18:45 19 19 14 9.399999 1.53-99-21
um190119Manchester 53.47 2.23 2.804185pr10000 559.321640 70 2671 10594 43314 138676 216691rat 17259.21 11195.99 5058.992 1936.774
hk09:21:29 19 19 14 9.399999 1.53-99-22
um190119Manchester 53.47 2.23 2.804185pr10000 560.651640 125 125830 249794 476385 946285 1198435rat 8798.441 5818.879 3003.406 1033.922
co09:24:08kb: Running kb from mcr-172 line -85.75
hk09:24:13 19 19 14 8.600001 1.4-99-23
hk09:24:56 19 19 14 9.399999 1.53-99-23
um190119Manchester 53.47 2.23 2.804185pr10000 565.51640 74 3837 15855 66117 209806 324376rat 17458.08 11239.03 5021.571 1892.543
hk09:27:40 19 19 14 9.399999 1.53-99-27
um190119Manchester 53.47 2.23 2.804185pr10000 566.831640 115 161115 316535 588504 1153365 1448414rat 8593.375 5657.746 2950.426 999.8399
co09:27:41td: Running td from mcr-172 line -82.73001
co09:27:43td: Time correction  .6 seconds
co09:27:44ua: Running ua from mcr-172 line -82.73001
hk09:27:49 19 19 14 9.399999 1.53-99-26
co09:30:00ua: UV timed  scan started
co09:38:29ua: UV timed  scan finished, incident DUV =  1.403936 mW/m^2
hk09:38:47 19 19 14 8.600001 1.4-99-22
co09:38:52ds: DS intensity too low ( 28/cy), skipping.
hk09:39:08 19 19 14 9.399999 1.53-99-23
zsa0 579.480620 386 33 1257 5756 25380 79797 121551rat 18134.24 11442.94 4980.004 1826.25
zsa0 580.170620 387 27 1200 5586 24590 76921 117561rat 18159.62 11409.77 4957.078 1840.492
zsa0 580.860620 372 27 1120 5387 23760 73862 112678rat 18289.75 11391.46 4929.813 1832.301
zsa0 581.550620 366 37 1207 5664 24940 78017 119114rat 18231.76 11417.98 4958.36 1836.289
zsa0 582.240620 447 29 1507 7045 30801 96017 146674rat 18121.24 11364.09 4943.047 1839.441
zsa0 582.930620 443 35 1501 7222 31630 98694 150274rat 18276.15 11379 4947.832 1825.504
zsa0 583.620620 496 36 1653 7900 34665 107468 163236rat 18221.34 11358.93 4920.242 1815.391
summary09:41:32JAN 19/19 81.212 5.818 19zs 0 18205 11395 4948 1831 12346 5808 .4 175.8 67 31 20 9 82 25 8.5 18.4
hk09:44:09 19 19 14 9.399999 1.53-99-23
zsa0 584.50620 525 32 1827 8741 38778 120232 182970rat 18256.94 11404.76 4921.074 1824.316
zsa0 585.180620 601 30 2035 9812 43257 133753 203002rat 18240.98 11364.6 4909.836 1813.379
zsa0 585.870620 499 37 1650 7937 35020 108348 164629rat 18267.59 11374.58 4911.524 1816.938
zsa0 586.560620 506 35 1751 8644 38108 117894 178145rat 18366.74 11369.24 4911.559 1793.301
zsa0 587.250620 538 41 1795 8819 39077 120318 181567rat 18360.09 11373.26 4891.446 1787.715
zsa0 587.940620 558 36 1884 9302 40890 125064 189788rat 18302.13 11307.03 4862.328 1812.356
zsa0 588.630620 528 33 1920 9335 41381 127063 192048rat 18280.65 11359.4 4879.297 1794.879
summary09:46:33JAN 19/19 80.77101 5.599 19zs 0 18296 11365 4898 1806 12517 5845-34.4 267.2 50 29 21 14 89 31 8.2 22
hk09:49:11 19 19 14 9.399999 1.53-99-22
co09:49:15ds: DS intensity too low ( 31/cy), skipping.
hk09:49:32 19 19 14 9.399999 1.53-99-23
zsa0 589.880620 630 34 2146 10703 47656 145397 218515rat 18378.99 11351.35 4852.625 1771.125
zsa0 590.570620 577 36 1950 9943 44249 134913 202758rat 18480.16 11346.89 4849.231 1770.555
zsa0 591.250620 589 32 1988 10136 45042 136518 205357rat 18437.57 11313.04 4823.231 1774.57
zsa0 591.940620 577 36 1966 10165 44896 136537 204749rat 18496.18 11302.79 4838.231 1761.055
zsa0 592.630620 572 30 2026 10309 45786 138996 208736rat 18428.14 11316.94 4830.25 1767.399
zsa0 593.320620 527 40 1834 9371 41622 126070 189579rat 18465.72 11311.44 4820.321 1772.668
zsa0 594.010620 538 55 1915 9731 43130 129770 195121rat 18434.39 11279.32 4792.535 1772.547
summary09:51:56JAN 19/19 80.311 5.385 19zs 0 18446 11317 4829 1770 12782 5894-51.2 318 40 25 20 5 47 16 1 3.2
co09:54:22kb: Running kb from mcr-172 line -82.73001
hk09:54:26 19 19 14 8.600001 1.4-99-23
hk09:54:55 19 19 14 9.399999 1.53-99-23
um190119Manchester 53.47 2.23 2.804185pr10000 595.491640 84 3764 19342 85210 255833 382404rat 18419.08 11238.19 4782.258 1746.527
hk09:57:39 19 19 14 9.399999 1.53-99-22
um190119Manchester 53.47 2.23 2.804185pr10000 596.821640 134 218930 415057 692704 1297833 1593960rat 7778.922 4996.051 2757.402 903.293
co09:57:41td: Running td from mcr-172 line -80.04
co09:57:43td: Time correction  .6 seconds
co09:57:44ua: Running ua from mcr-172 line -80.04
hk09:57:48 19 19 14 9.399999 1.53-99-22
co10:00:00ua: UV timed  scan started
co10:08:29ua: UV timed  scan finished, incident DUV =  2.010827 mW/m^2
hk10:08:34 19 19 14 9.399999 1.53-99-22
hpscan10:08:57 0 93574 10 143525 20 195507 30 248392 40 282622 50 309749 60 336424 70 341366 80 341276 90 341686 100 342222 110 330061 120 284557 130 248200 140 213444 150 166724 160 99678
hp10:09:53 .9956227 349639.9 81.8 19
co10:10:00af: Running af from mcr-172 line -80.04
co10:10:00af: Auto FR/HP/HG is now OFF
co10:10:00b1: Running b1 from mcr-172 line -80.04
hk10:10:14 19 19 14 9.399999 1.53-99-22
co10:10:18ds: DS intensity too low ( 27/cy), skipping.
hk10:10:35 19 19 14 9.399999 1.53-99-22
zsa0 610.930620 397 36 1440 7676 33785 96656 142350rat 18372.89 11022.56 4570.235 1680.168
zsa0 611.620620 421 33 1455 8005 34756 99865 146927rat 18459.96 10980.17 4588.953 1675.871
zsa0 612.310620 386 40 1464 7943 34633 98723 145393rat 18403.45 10967.52 4554.844 1680.297
zsa0 6130620 428 25 1509 8412 36607 104858 154522rat 18487.46 10972.58 4575.086 1683.051
zsa0 613.690620 404 35 1584 8644 37578 107195 158006rat 18396.89 10954.72 4557.981 1684.399
zsa0 614.380620 400 43 1480 8143 35435 101190 149015rat 18471.37 10967.97 4562.985 1680.121
zsa0 615.070620 384 29 1437 7931 34845 99052 145233rat 18467.49 10983.05 4541.891 1660.859
summary10:13:00JAN 19/19 78.64 4.719 19zs 0 18437 10978 4565 1678 13068 5844-53.4 356.6 45 22 15 8 59 29 1.8 4.9
hk10:15:30 19 19 14 9.399999 1.53-99-21
co10:15:40hgfw2: HG FW#2 at step  0
hk10:15:50 19 19 14 9.399999 1.53-99-21
hgscan 0wide 302warm= 91.3216610:15:50JAN 19/19 245 327 804 3896 7171 11090 15018 19089 22578 25024 25571 24062 20927 17915 14101 10189 6575 3022 2124 1387 1415 2158 3048 6564 10445 14480 18156 21331 24349 25992 25332 23199 19276 15494 11356 7360 4015 915 355 271
hg10:17:05 .9989 286.9213 287 51563 19 1
co10:17:07an: Running an from mcr-172 line -80.04
co10:17:07an: Auto FR/HP/HG is now ON
co10:17:07b2: Running b2 from mcr-172 line -80.04
hk10:17:20 19 19 14 9.399999 1.53-99-21
co10:17:24ds: DS intensity too low ( 31/cy), skipping.
hk10:17:41 19 19 14 9.399999 1.53-99-21
zsa0 618.030620 419 30 1521 8509 36760 103321 151576rat 18402.49 10860.67 4493.012 1663.473
zsa0 618.720620 408 34 1624 9044 39295 110357 161966rat 18410.12 10883.64 4490.153 1665.715
zsa0 619.410620 404 31 1638 8869 38615 107950 158307rat 18267.98 10871.41 4469.817 1662.082
zsa0 620.10620 387 31 1516 8631 37362 104826 153317rat 18482.96 10862.07 4485.403 1650.309
zsa0 620.790620 350 35 1457 8054 35151 97978 143569rat 18376.78 10871.46 4456.848 1658.176
zsa0 621.480620 379 35 1443 8287 35799 99656 145770rat 18493.71 10821 4451.328 1650.547
zsa0 622.170620 426 33 1600 9263 40030 110885 161958rat 18494.25 10799.68 4430.246 1644.684
summary10:20:05JAN 19/19 78.125 4.545 19zs 0 18418 10853 4468 1656 13118 5803-51.1 360.8 82 31 23 8 102 15 1.4 2.9
hk10:22:52 19 19 15 10.2 1.66-99-22
sla 0 623.20620 940678 156 1072750 1226805 1481938 1644706 1790396rat 1911.172 1317.32 467.7891 379.9922
sla 0 623.870620 941087 165 1070765 1227578 1481811 1644519 1789016rat 1918.945 1313.981 467.6641 376.9844
sla 0 624.550620 938868 170 1071263 1228892 1481517 1645438 1790187rat 1919.414 1311.719 471.1016 377.4414
sla 0 625.230620 940170 186 1071941 1227655 1482180 1643349 1791050rat 1910.824 1310.469 463.3008 385.4258
sla 0 625.910620 939793 164 1071226 1227274 1481086 1645072 1788989rat 1918.539 1316.621 471.4024 375.3906
sla 0 626.590620 939114 169 1070901 1227336 1481293 1643736 1791150rat 1916.211 1312.699 467.0703 384.6055
sla 0 627.260620 939696 162 1071182 1227087 1481884 1644380 1788435rat 1916.82 1315.399 467.0547 375.8828
summary10:25:13JAN 19/19 106.079 3.47 19sl 0 1916 1314 468 379 702 435 1071433 1789889 4 3 3 4 16 8 632 1094.7
co10:27:38td: Running td from mcr-172 line -77.77
co10:27:39td: Time correction  .4 seconds
co10:27:40ua: Running ua from mcr-172 line -77.77
hk10:27:45 18 19 15 9.399999 1.53-99-22
co10:30:00ua: UV timed  scan started
co10:38:29ua: UV timed  scan finished, incident DUV =  1.505564 mW/m^2
hk10:38:48 19 19 15 9.399999 1.53-99-23
co10:38:52ds: DS intensity too low ( 32/cy), skipping.
hk10:39:09 19 19 15 9.399999 1.53-99-23
zsa0 639.490620 417 42 1727 10084 42179 112910 162628rat 18257.43 10511.91 4282.149 1583.953
zsa0 640.180620 480 33 1869 10871 45607 122033 175416rat 18223.61 10519.46 4280.149 1575.531
zsa0 640.870620 446 35 1941 10997 46311 123770 177724rat 18122.63 10531.57 4275.211 1571.004
zsa0 641.560620 495 33 2034 11602 48851 130333 187361rat 18136.65 10522.71 4267.949 1576.254
zsa0 642.250620 484 32 1972 11453 47849 127763 183403rat 18184.33 10491.87 4271.262 1569.859
zsa0 642.930620 479 30 2018 12006 50102 133542 190918rat 18271.08 10478.63 4263.778 1552.297
zsa0 643.620620 508 34 2156 12416 51931 137961 196985rat 18129.57 10475.59 4249.899 1546.996
summary10:41:33JAN 19/19 76.73001 4.127 19zs 0 18189 10505 4270 1568 13172 5704-45.3 372.6 63 23 11 13 71 17 1.2 3.1
hk10:44:09 19 19 14 9.399999 1.53-99-23
zsa0 644.50620 559 48 2400 13673 57022 151348 216884rat 18086.06 10463.42 4247.407 1563.578
zsa0 645.190620 594 37 2408 14065 58765 155296 222358rat 18163.74 10449.41 4228.145 1560.074
zsa0 645.880620 587 39 2501 14794 61402 161957 232138rat 18183.32 10413.04 4220.383 1564.977
zsa0 646.590620 624 36 2686 15770 65807 173022 247701rat 18152.15 10422.36 4207.032 1560.254
zsa0 647.280620 622 39 2662 15598 65181 171157 243987rat 18149.25 10423.58 4201.461 1541.524
zsa0 647.970620 530 35 2256 13225 55478 145081 207697rat 18150.9 10420.33 4181.824 1558.836
zsa0 648.660620 490 44 2215 12774 52915 138985 198426rat 18062.36 10387.1 4200.961 1546.676
summary10:46:34JAN 19/19 76.439 4.049 19zs 0 18135 10426 4212 1557 13154 5673-43.7 373.6 43 25 21 9 44 20 1 2.7
hk10:49:13 19 19 14 9.399999 1.53-99-23
co10:49:17ds: DS intensity too low ( 38/cy), skipping.
hk10:49:34 19 19 14 9.399999 1.53-99-23
zsa0 649.910620 567 40 2599 14873 61637 161101 230075rat 17992.33 10366.98 4180.676 1549.098
zsa0 650.60620 572 46 2507 14618 60682 158127 226810rat 18080.48 10362.66 4167.625 1567.969
zsa0 651.280620 557 38 2474 14365 59815 156309 223486rat 18074.6 10386.1 4179.465 1553.844
zsa0 651.970620 563 35 2525 14564 60470 157457 224542rat 18011.39 10357.29 4163.86 1542.488
zsa0 652.660620 543 41 2425 14163 58626 152565 217291rat 18062.5 10342.9 4161.254 1536.781
zsa0 653.350620 550 39 2371 13970 57748 150667 214019rat 18103.74 10347.52 4172.242 1525.082
zsa0 654.040620 556 34 2326 13413 55854 144642 206122rat 18001.06 10345.34 4139.168 1538.797
summary10:51:58JAN 19/19 76.143 3.973 19zs 0 18047 10358 4166 1545 13103 5649-42.7 375.5 44 16 14 14 63 18 .7 3.2
co10:54:23kb: Running kb from mcr-172 line -77.77
hk10:54:28 19 19 14 9.399999 1.53-99-23
hk10:54:57 19 19 14 8.600001 1.4-99-22
um190119Manchester 53.47 2.23 2.804185pr10000 655.521640 81 4203 24598 102002 263323 374617rat 18052.29 10315.17 4125.125 1530.906
hk10:57:41 19 19 14 9.399999 1.53-99-22
um190119Manchester 53.47 2.23 2.804185pr10000 656.851640 126 259186 458723 680732 1208895 1450912rat 6729.481 4245.371 2520.246 799.9805
co10:57:42td: Running td from mcr-172 line -75.97
co10:57:44td: Time correction  .2 seconds
co10:57:45ua: Running ua from mcr-172 line -75.97
hk10:57:50 19 19 14 9.399999 1.53-99-22
co11:00:00ua: UV timed  scan started
co11:08:29ua: UV timed  scan finished, incident DUV =  1.558003 mW/m^2
hk11:08:35 19 19 14 9.399999 1.53-99-23
hpscan11:08:57 0 115883 10 164677 20 214478 30 260220 40 285217 50 319673 60 339214 70 341157 80 341394 90 342138 100 340932 110 317074 120 267852 130 229462 140 198147 150 143813 160 78832
hp11:09:52 .9950959 349290.7 78.4 19
co11:10:00af: Running af from mcr-172 line -75.97
co11:10:00af: Auto FR/HP/HG is now OFF
co11:10:00b1: Running b1 from mcr-172 line -75.97
hk11:10:14 19 19 14 10.2 1.66-99-23
co11:10:18ds: DS intensity too low ( 72/cy), skipping.
hk11:10:35 19 19 14 10.2 1.66-99-23
zsa0 670.920620 612 39 2914 16810 68307 171797 242909rat 17767.11 10113.95 4013.828 1505.887
zsa0 671.610620 565 32 2667 15576 62794 157517 222483rat 17767.3 10065.64 4001.246 1500.555
zsa0 672.30620 557 45 2703 15688 63273 158968 225117rat 17769.2 10077.7 4008.707 1512.086
zsa0 672.990620 589 36 2732 15916 63901 160148 226283rat 17740.05 10044.88 3997.61 1502.324
zsa0 673.680620 530 34 2460 14620 58612 146960 207156rat 17823.61 10039.4 3998.731 1491.324
zsa0 674.370620 553 35 2550 14719 58696 146937 207292rat 17666.41 10009.6 3991.867 1494.871
zsa0 675.070620 538 35 2601 14736 59392 148797 209460rat 17634.07 10059.42 3995.418 1485.469
summary11:12:59JAN 19/19 75.14601 3.736 19zs 0 17738 10059 4001 1499 12942 5510-36.5 374.5 66 33 8 9 58 25 1.4 2.8
hk11:15:29 19 19 14 9.399999 1.53-99-23
co11:15:40hgfw2: HG FW#2 at step  0
hk11:15:50 19 19 14 9.399999 1.53-99-22
hgscan 0wide 302warm= 584.341711:15:50JAN 19/19 248 310 997 4142 7483 11185 15362 19457 23014 24876 25458 23353 20166 17184 13360 9494 5785 2789 2021 1251 1258 2019 2819 5808 9509 13506 17535 20496 23662 25999 25516 23680 20005 16163 12151 8282 4790 1599 378 280
hg11:17:06 .9989 285.3408 285 51457 19-1
co11:17:08an: Running an from mcr-172 line -75.97
co11:17:08an: Auto FR/HP/HG is now ON
hk11:17:28 19 19 14 9.399999 1.53-99-22
zsa0 677.820620 572 41 2564 14866 59199 147934 208486rat 17681.93 9997.399 3984.477 1490.527
zsa0 678.510620 572 42 2667 15022 59913 148972 210352rat 17540.26 9982.664 3962.824 1498.965
zsa0 679.190620 560 36 2577 14467 58295 144367 203856rat 17544.77 10008.13 3944.805 1498.836
zsa0 679.880620 518 41 2377 13802 54810 136329 191774rat 17660.17 9964.731 3963.539 1481.891
zsa0 680.570620 550 38 2524 14179 56455 139999 197879rat 17505.79 9962.301 3950.512 1502.867
zsa0 681.260620 510 37 2371 13388 53360 132813 186520rat 17550.11 9982.359 3966.125 1474.492
zsa0 681.950620 586 45 2602 14909 59526 147490 207483rat 17610.57 9972.75 3947.567 1482.606
summary11:19:53JAN 19/19 74.876 3.676 19zs 0 17585 9981 3960 1490 12817 5468-35.4 373.8 66 17 14 11 88 21 1 2.8
co11:22:18kb: Running kb from mcr-172 line -75.97
hk11:22:23 19 19 14 10.2 1.66-99-22
hk11:22:51 19 19 14 9.399999 1.53-99-22
um190119Manchester 53.47 2.23 2.804185pr10000 683.431640 73 4734 27644 109663 272079 382544rat 17661.28 9947.879 3952.348 1479.676
hk11:25:36 19 19 14 8.600001 1.4-99-22
um190119Manchester 53.47 2.23 2.804185pr10000 684.771640 137 229043 399899 577114 1015896 1214733rat 6501.813 4078.219 2476.777 781.1915
co11:25:38td: Running td from mcr-172 line -74.68
co11:25:39td: Time correction  .3 seconds
co11:25:40ua: Running ua from mcr-172 line -74.68
hk11:25:45 19 19 14 9.399999 1.53-99-22
co11:30:00ua: UV timed  scan started
co11:38:29ua: UV timed  scan finished, incident DUV =  2.077807 mW/m^2
hk11:38:47 19 19 14 8.600001 1.4-99-22
co11:38:51ds: DS intensity too low ( 59/cy), skipping.
hk11:39:08 19 19 14 9.399999 1.53-99-22
zsa0 699.470620 644 49 2899 16646 65086 158284 221109rat 17447.35 9801.574 3867.074 1452.426
zsa0 700.160620 647 35 3127 17705 69339 168463 235624rat 17365.66 9801.668 3862.895 1458.266
zsa0 700.850620 686 48 3296 18393 71685 174551 243021rat 17306.46 9793.359 3873.418 1438.559
zsa0 701.540620 681 36 3227 18082 70530 171173 239260rat 17298.38 9779.785 3858.422 1455.578
zsa0 702.230620 642 38 3028 16855 65753 159475 222251rat 17272.08 9777.363 3854.965 1442.145
zsa0 702.920620 720 27 3366 18532 72862 176209 245632rat 17228.23 9797.406 3843.035 1443.879
zsa0 703.610620 760 41 3596 19755 77535 187617 261714rat 17229.44 9795.883 3846.688 1447.477
summary11:41:32JAN 19/19 74.213 3.537 19zs 0 17307 9792 3858 1448 12672 5401-33 375.9 78 10 11 7 69 15 1.1 2.1
hk11:44:08 19 19 14 9.399999 1.53-99-23
zsa0 704.480620 757 31 3551 19721 77059 186760 259816rat 17252.66 9781.422 3853.184 1435.566
zsa0 705.170620 750 41 3553 19628 76767 185169 257110rat 17224.95 9766.629 3832.695 1427.188
zsa0 705.860620 701 31 3245 18122 70828 170606 237486rat 17252.85 9754.621 3825.418 1437.477
zsa0 706.550620 737 41 3396 18750 73071 177015 246107rat 17227.04 9769.34 3850.973 1432.496
zsa0 707.240620 675 31 2995 16852 66034 158941 221130rat 17295.57 9761.887 3821.492 1434.641
zsa0 707.930620 630 39 3012 16765 65532 158101 220022rat 17259.06 9763.156 3831.902 1435.871
zsa0 708.620620 601 33 2773 15392 60067 145462 202433rat 17250.33 9770.406 3847.293 1435.274
summary11:46:33JAN 19/19 74.1 3.515 19zs 0 17252 9767 3838 1434 12663 5410-33.4 378.6 23 9 13 3 19 7 .4 .9
hk11:49:10 19 19 14 9.399999 1.53-99-23
co11:49:15ds: DS intensity too low ( 49/cy), skipping.
hk11:49:31 19 19 14 9.399999 1.53-99-23
zsa0 709.860620 596 32 2848 15831 61969 149829 209456rat 17260.51 9776.699 3840.567 1455.223
zsa0 710.550620 604 42 2795 15610 61399 148563 206359rat 17321.49 9803.399 3844.192 1427.246
zsa0 711.240620 567 34 2735 15307 60140 145143 203566rat 17302.99 9785.199 3832.477 1469.223
zsa0 711.930620 543 33 2686 14850 58027 140601 196247rat 17242.27 9778.289 3849.469 1447.957
zsa0 712.620620 547 47 2599 14772 57829 139876 195694rat 17387.87 9782.375 3842.414 1458.301
zsa0 713.310620 491 42 2484 13806 53868 130827 183082rat 17287.81 9784.16 3859.445 1459.012
zsa0 7140620 551 37 2685 15103 59081 142701 199317rat 17314.98 9770.402 3835.938 1451.125
summary11:51:55JAN 19/19 73.997 3.495 19zs 0 17303 9783 3844 1453 12654 5392-32.5 378 47 11 9 13 63 29 1.1 3.2
co11:54:21kb: Running kb from mcr-172 line -74.68
hk11:54:26 19 19 14 8.600001 1.4-99-22
hk11:54:54 19 19 15 9.399999 1.53-99-22
um190119Manchester 53.47 2.23 2.804185pr10000 715.471640 71 5348 30421 118731 287132 400001rat 17356.99 9765.477 3841.32 1439.711
hk11:57:38 19 19 14 9.399999 1.53-99-22
um190119Manchester 53.47 2.23 2.804185pr10000 716.811640 127 290211 500569 710657 1240229 1475998rat 6349.457 3976.711 2444.629 762.9453
co11:57:40ua: Running ua from mcr-172 line -73.93
hk11:57:44 19 19 14 8.600001 1.4-99-22
co12:00:00ua: UV timed  scan started
co12:08:29ua: UV timed  scan finished, incident DUV =  2.258472 mW/m^2
hk12:08:34 19 19 14 8.600001 1.4-99-22
hpscan12:08:56 0 93778 10 143700 20 197849 30 247919 40 280879 50 307845 60 335672 70 341370 80 342041 90 342288 100 342414 110 331812 120 288022 130 252759 140 218908 150 167651 160 101593
hp12:09:52 .99636 349472 82.7 19
co12:09:59af: Running af from mcr-172 line -73.93
co12:09:59af: Auto FR/HP/HG is now OFF
co12:09:59b1: Running b1 from mcr-172 line -73.93
hk12:10:13 19 19 14 9.399999 1.53-99-22
co12:10:18ds: DS intensity too low ( 48/cy), skipping.
hk12:10:34 19 19 14 9.399999 1.53-99-23
zsa0 730.910620 677 28 3308 18658 72199 173307 241407rat 17233.18 9695.672 3810.399 1440.496
zsa0 731.60620 658 37 3221 17902 69781 168016 234195rat 17226.67 9742.336 3823.711 1443.281
zsa0 732.290620 652 32 3067 17351 67386 162178 225819rat 17280.68 9723.043 3821.266 1438.379
zsa0 732.980620 631 38 3197 18058 70026 168631 234928rat 17276.83 9720.715 3824.434 1441.008
zsa0 733.670620 645 43 3279 18376 71592 172367 240184rat 17267.72 9741.383 3823.942 1442.141
zsa0 734.360620 652 35 3127 17639 68533 164776 230539rat 17269.11 9721.375 3817.242 1459.453
zsa0 735.050620 672 34 3277 18440 71831 172784 241254rat 17269.11 9734.891 3819.664 1450.961
summary12:12:58JAN 19/19 73.767 3.45 19zs 0 17260 9726 3820 1445 12636 5359-30.8 377.6 23 16 5 8 30 17 .8 2
hk12:15:28 19 19 15 9.399999 1.53-99-23
co12:15:39hgfw2: HG FW#2 at step  0
hk12:15:48 19 19 14 10.2 1.66-99-22
hgscan 0wide 302warm= 151.303312:15:48JAN 19/19 243 329 1095 4294 7537 11466 15271 19246 23000 24931 25686 23876 20876 17706 13749 9854 6125 2841 2044 1332 1348 2072 2860 6159 9849 13763 17841 20913 24057 26042 25508 23681 19724 15872 11852 7887 4447 1284 401 297
hg12:17:03 .999 285.9985 286 51728 19 0
co12:17:05an: Running an from mcr-172 line -73.93
co12:17:05an: Auto FR/HP/HG is now ON
hk12:17:25 19 19 14 9.399999 1.53-99-23
zsa0 737.770620 673 40 3304 18795 73009 176373 246602rat 17330.65 9742.848 3838.781 1457.129
zsa0 738.460620 653 37 3286 18778 72727 175832 246198rat 17337.31 9732.758 3842.113 1463.356
zsa0 739.150620 607 36 3095 17641 68617 165992 232112rat 17347.77 9753.184 3844.027 1457.109
zsa0 739.840620 618 37 3024 16988 66759 161386 225937rat 17328.43 9794.871 3840.785 1462.051
zsa0 740.530620 564 34 2831 16062 62840 151895 212196rat 17349.59 9773.844 3839.629 1452.274
zsa0 741.210620 544 28 2675 15374 60419 145631 203852rat 17405.52 9779.297 3826.723 1460.668
zsa0 741.90620 560 45 2750 15787 61382 148916 208551rat 17408.15 9765.375 3855.879 1463.063
summary12:19:50JAN 19/19 73.752 3.447 19zs 0 17358 9763 3841 1459 12688 5362-30.4 378.1 33 22 9 4 33 24 1.2 2.9
hk12:22:27 19 19 14 9.399999 1.53-99-22
co12:22:31ds: DS intensity too low ( 55/cy), skipping.
hk12:22:49 19 19 14 9.399999 1.53-99-22
zsa0 743.150620 585 43 2881 16322 63916 155296 217354rat 17382.71 9802.66 3862.668 1460.688
zsa0 743.850620 599 37 2909 16697 65148 158058 221526rat 17408.05 9779.207 3856.227 1466.805
zsa0 744.540620 628 38 3009 17045 66905 162086 226390rat 17370.61 9799.399 3850.199 1451.922
zsa0 745.220620 619 33 3012 17356 67784 163935 229370rat 17408.55 9769.016 3842.68 1459.559
zsa0 745.910620 658 31 3219 18124 71217 172123 240675rat 17326.74 9792.762 3840.195 1457.164
zsa0 746.60620 674 41 3245 18757 72898 176498 246696rat 17414.29 9754.953 3848.527 1455.715
zsa0 747.290620 667 52 3181 18155 70777 170895 238810rat 17376.11 9758.582 3836.688 1454.547
summary12:25:13JAN 19/19 73.761 3.449 19zs 0 17384 9780 3848 1458 12718 5377-30.8 379.7 30 19 9 5 29 20 1.2 2.3
co12:27:38ua: Running ua from mcr-172 line -73.93
hk12:27:43 19 19 14 9.399999 1.53-99-22
co12:30:00ua: UV timed  scan started
co12:38:29ua: UV timed  scan finished, incident DUV =  2.4458 mW/m^2
hk12:38:35 18 19 14 9.399999 1.53-99-23
hpscan12:38:58 0 122284 10 172097 20 223174 30 266720 40 292207 50 323226 60 339770 70 341996 80 342087 90 342143 100 340687 110 312549 120 265300 130 228307 140 197438 150 141911 160 75238
hp12:39:53 .9954722 349190 77 18
co12:40:01af: Running af from mcr-172 line -73.93
co12:40:01af: Auto FR/HP/HG is now OFF
co12:40:01b1: Running b1 from mcr-172 line -73.93
hk12:40:23 18 19 14 8.600001 1.4-99-22
zsa0 760.720620 925 43 4364 23978 93371 226156 313742rat 17198.6 9769.113 3853.617 1425.469
zsa0 761.410620 926 45 4399 24316 94784 228618 317546rat 17212.82 9755.805 3835.563 1430.957
zsa0 762.090620 869 41 4166 23264 89961 217667 303292rat 17233.1 9733.219 3848.442 1444.277
zsa0 762.790620 957 39 4508 25107 97930 236584 328955rat 17249.4 9765.199 3842.863 1435.867
zsa0 763.470620 951 40 4485 24993 97375 235413 327575rat 17251.08 9763.477 3845.965 1439.145
zsa0 764.160620 955 42 4426 24996 97349 234809 327004rat 17299.84 9752.039 3835.949 1442.734
zsa0 764.850620 940 46 4459 24657 96343 233108 324670rat 17239.34 9780.324 3849.524 1443.156
summary12:42:47JAN 19/19 73.919 3.479 18zs 0 17241 9760 3845 1437 12641 5394-32.7 379.4 33 15 7 7 23 21 1 2.6
hk12:45:16 18 19 14 9.399999 1.53-99-22
co12:45:27hgfw2: HG FW#2 at step  0
hk12:45:36 18 19 14 8.600001 1.4-99-22
hgscan 0wide 302warm= 614.14512:45:36JAN 19/19 227 303 973 4053 7333 10872 14803 18692 22528 24497 25192 23784 20910 17794 14026 10371 6423 3009 2091 1396 1382 2146 3041 6413 10357 14225 18152 21214 24078 25681 24952 22826 18827 15024 11009 7414 4211 996 356 263
hg12:46:51 .999 287.0592 287 50873 18 1
co12:46:53an: Running an from mcr-172 line -73.93
co12:46:53an: Auto FR/HP/HG is now ON
hk12:47:14 18 19 14 9.399999 1.53-99-22
zsa0 767.570620 828 36 3905 22217 87278 211563 294984rat 17387.22 9808.555 3855.891 1446.91
zsa0 768.260620 851 54 4060 22987 89452 217264 302933rat 17351.88 9779.469 3865.426 1447.266
zsa0 768.950620 964 41 4363 24811 96812 235152 327844rat 17368.11 9790.602 3866.406 1447.59
zsa0 769.640620 901 27 4260 24197 94564 230420 321264rat 17369.9 9808.578 3879.508 1447.539
zsa0 770.330620 920 48 4280 24377 94689 230873 321755rat 17379.11 9788.269 3882.91 1445.75
zsa0 771.020620 876 42 4149 23531 91137 222552 310152rat 17349.05 9780.676 3888.871 1445.254
zsa0 771.710620 853 54 4028 22576 88066 214253 298830rat 17325.75 9797.082 3872.477 1448.52
summary12:49:38JAN 19/19 74.032 3.502 18zs 0 17362 9793 3873 1447 12731 5397-32 378.1 20 11 11 1 22 14 .6 1.9
hk12:52:16 18 19 14 8.600001 1.4-99-22
zsa0 772.620620 869 35 4149 23199 91279 222436 310019rat 17339.51 9839.082 3879.617 1445.617
zsa0 773.30620 850 43 4071 22800 89372 217428 303628rat 17331.62 9816.465 3872.309 1453.93
zsa0 773.990620 829 35 3928 21801 85967 209499 292885rat 17317.57 9847.828 3878.953 1458.457
zsa0 774.680620 780 33 3775 21583 84028 205282 286182rat 17400.62 9802.394 3889.422 1445.934
zsa0 775.370620 804 38 3728 21078 82564 201612 280492rat 17382.52 9827.582 3887.328 1436.856
zsa0 776.060620 741 35 3538 19863 77907 189955 264846rat 17348.42 9825.414 3879.977 1445.774
zsa0 776.750620 745 33 3567 19886 78130 190439 266216rat 17321.31 9831.094 3878.582 1457.215
summary12:54:41JAN 19/19 74.135 3.522 18zs 0 17349 9827 3881 1449 12712 5423-33.6 379.7 30 14 6 8 53 16 .9 2
co12:57:06ua: Running ua from mcr-172 line -73.93
hk12:57:11 18 19 14 9.399999 1.53-99-22
co13:00:00ua: UV timed  scan started
co13:08:29ua: UV timed  scan finished, incident DUV =  2.415882 mW/m^2
hk13:08:35 18 19 14 8.600001 1.4-99-24
hpscan13:08:57 0 98081 10 148103 20 204493 30 255661 40 286034 50 313434 60 338549 70 341669 80 342099 90 341916 100 342247 110 328965 120 281325 130 243622 140 213602 150 162975 160 95696
hp13:09:53 .9948026 349737.3 80.5 18
co13:10:00af: Running af from mcr-172 line -73.93
co13:10:00af: Auto FR/HP/HG is now OFF
co13:10:00b1: Running b1 from mcr-172 line -73.93
hk13:10:22 18 19 14 8.600001 1.4-99-23
zsa0 790.710620 710 40 3268 18607 74304 183474 256480rat 17551.87 9959.278 3934.77 1456.953
zsa0 791.40620 695 52 3302 18700 74300 183326 257333rat 17518.56 9936.559 3931.899 1475.07
zsa0 792.090620 728 38 3291 19058 76003 187784 263006rat 17619.77 9955.946 3937.625 1465.465
zsa0 792.780620 736 53 3449 19664 78785 195044 273335rat 17598.18 9988.254 3947.203 1468.473
zsa0 793.470620 790 31 3627 20791 82633 205265 287476rat 17573.16 9964.371 3961.899 1466.016
zsa0 794.160620 796 40 3714 21182 84568 209896 293543rat 17577.21 9982.391 3958.82 1460.043
zsa0 794.850620 791 36 3715 21383 85137 211800 296852rat 17610.83 9979.988 3968.945 1469.649
summary13:12:46JAN 19/19 74.63201 3.624 18zs 0 17579 9967 3949 1466 12887 5500-36.1 381.2 35 19 15 6 42 20 .8 2.4
hk13:15:16 18 19 15 9.399999 1.53-99-23
co13:15:27hgfw2: HG FW#2 at step  0
hk13:15:36 18 19 15 9.399999 1.53-99-23
hgscan 0wide 302warm= 181.30513:15:36JAN 19/19 237 310 1141 4183 7546 11099 15397 19212 23144 24696 25385 23403 20270 17351 13404 9686 5914 2776 2001 1283 1289 2085 2803 5906 9801 13703 17501 20542 23619 25642 25128 23549 19692 15893 11673 7795 4588 1496 372 280
hg13:16:51 .999 285.6525 286 51027 18 0
co13:16:53an: Running an from mcr-172 line -73.93
co13:16:53an: Auto FR/HP/HG is now ON
hk13:17:13 18 19 14 9.399999 1.53-99-23
zsa0 797.570620 793 44 3725 21320 84589 210097 294656rat 17573.04 9959.031 3962.047 1472.457
zsa0 798.260620 804 40 3730 21403 85436 211986 297094rat 17601.61 9980.481 3957.637 1469.406
zsa0 798.950620 772 43 3651 20823 82744 205684 289115rat 17567.34 9968.836 3965.328 1482.07
zsa0 799.640620 766 48 3480 19936 79882 197980 277595rat 17617.73 9992.656 3952.063 1470.875
zsa0 800.330620 756 35 3476 19553 77846 193896 271774rat 17515.64 9983.535 3973.039 1469.078
zsa0 801.020620 736 36 3479 19805 78700 195779 275103rat 17555.29 9970.191 3967.77 1480.149
zsa0 801.70620 794 48 3591 20597 81939 203821 286763rat 17606.46 9977.562 3968.324 1486.086
summary13:19:38JAN 19/19 74.872 3.675 18zs 0 17577 9976 3964 1476 12854 5485-35.9 375.9 36 11 7 7 39 20 .8 2.8
hk13:22:14 18 19 14 9.399999 1.53-99-23
zsa0 802.580620 865 29 3995 22769 90612 225626 316067rat 17560.97 9981.684 3973.602 1467.988
zsa0 803.270620 945 39 4275 24319 97227 241996 339322rat 17580.84 10002.87 3973.117 1472.973
zsa0 803.960620 983 32 4591 25854 102640 256173 359389rat 17510.7 9984.309 3985.844 1475.891
zsa0 804.660620 1013 41 4642 26314 105283 262768 368291rat 17581.9 10020.09 3986.492 1472.07
zsa0 805.350620 972 40 4494 25490 102236 254965 357941rat 17591.11 10026.57 3982.57 1478.899
zsa0 806.040620 918 36 4144 23704 94492 236078 331404rat 17605.94 10005.64 3989.094 1477.703
zsa0 806.730620 948 32 4464 25385 101511 253491 355522rat 17587.4 10017.95 3988.008 1474.481
summary13:24:39JAN 19/19 75.066 3.718 18zs 0 17574 10006 3983 1474 12856 5508-37.1 375.5 32 18 7 4 31 15 .6 1.7
co13:27:05td: Running td from mcr-172 line  75.07
co13:27:07td: Time correction  .3 seconds
co13:27:07ua: Running ua from mcr-172 line  75.07
hk13:27:12 18 19 14 9.399999 1.53-99-23
co13:30:00ua: UV timed  scan started
co13:38:28ua: UV timed  scan finished, incident DUV =  2.504952 mW/m^2
hk13:38:47 19 19 15 9.399999 1.53-99-23
co13:38:52ds: DS intensity too low ( 65/cy), skipping.
hk13:39:09 18 19 15 9.399999 1.53-99-23
zsa0 819.490620 799 49 3573 20652 83538 213600 302378rat 17834.49 10170.84 4088.891 1513.5
zsa0 820.170620 852 42 3764 21651 87884 224686 317867rat 17818.27 10184.88 4088.86 1511.176
zsa0 820.860620 824 33 3762 21550 87479 224489 317120rat 17806.45 10199.76 4104.871 1504.652
zsa0 821.550620 841 41 3725 21389 87293 223384 316287rat 17837.47 10212.31 4092.824 1514.731
zsa0 822.240620 833 46 3592 20968 85064 218867 309057rat 17913.94 10210.55 4116.375 1502.746
zsa0 822.930620 773 33 3434 19894 81247 208486 295697rat 17883.27 10224.69 4103.606 1521.445
zsa0 823.620620 805 36 3553 20231 82452 211831 299807rat 17807.06 10221.68 4109.121 1512.375
summary13:41:33JAN 19/19 75.828 3.895 18zs 0 17843 10204 4101 1512 13006 5584-40.1 372.6 41 20 11 6 46 16 .8 1.2
hk13:44:09 19 19 15 9.399999 1.53-99-23
zsa0 824.50620 781 39 3374 19515 79597 204498 289455rat 17883.13 10224.88 4108.524 1512.082
zsa0 825.180620 722 46 3130 17991 74066 189770 268801rat 17896.44 10254.09 4095.969 1514.574
zsa0 825.870620 735 40 3126 17668 72062 186111 263341rat 17808.77 10246.68 4130.184 1509.762
zsa0 826.560620 754 41 3092 17773 72803 187663 265728rat 17894.53 10257.34 4121.926 1512.992
zsa0 827.250620 760 39 3242 18525 75589 195338 275818rat 17858.41 10251.45 4133.356 1501.012
zsa0 827.940620 819 45 3510 19992 81935 211749 299897rat 17869.09 10273.11 4134.84 1515.07
zsa0 828.630620 921 38 3993 22931 94378 243688 345696rat 17908.65 10288.57 4132.813 1523.723
summary13:46:33JAN 19/19 76.085 3.959 19zs 0 17874 10257 4123 1513 13033 5624-42 373.3 33 20 15 7 28 12 .7 1.1
hk13:49:12 19 19 14 9.399999 1.53-99-23
co13:49:16ds: DS intensity too low ( 73/cy), skipping.
hk13:49:33 19 19 14 8.600001 1.4-99-23
zsa0 829.890620 977 48 4261 24781 101428 263904 374104rat 17982.51 10300.96 4167.793 1521.57
zsa0 830.580620 1005 41 4300 25006 102614 267459 379024rat 17993.99 10319.04 4175.496 1520.324
zsa0 831.270620 980 43 4208 24079 99169 258856 367321rat 17947.89 10340.79 4181.301 1525.762
zsa0 831.960620 1047 45 4420 25348 104844 274007 389583rat 17983.02 10366.34 4187.75 1535.098
zsa0 832.650620 1101 36 4696 27278 112748 294531 418277rat 18025.16 10361.69 4186.953 1530.953
zsa0 833.340620 1018 40 4132 23781 98828 258999 367609rat 18027.15 10396.92 4198.633 1526.766
zsa0 834.030620 1069 42 4521 25693 106450 278672 395983rat 17954.89 10380.88 4195.301 1532.742
summary13:51:57JAN 19/19 76.379 4.034 19zs 0 17988 10352 4185 1528 13099 5663-43.6 373.3 30 34 11 6 37 23 1.3 1.7
co13:54:22kb: Running kb from mcr-172 line  75.07
hk13:54:27 19 19 14 9.399999 1.53-99-24
hk13:54:56 18 19 14 9.399999 1.53-99-25
um190119Manchester 53.47 2.23 2.750537pr10000 835.51640 95 9576 54020 222604 583434 828893rat 17909.35 10364.7 4201.715 1532.977
hk13:57:39 18 19 14 9.399999 1.53-99-24
um190119Manchester 53.47 2.23 2.750537pr10000 836.831640 170 447392 792821 1189808 2114632 2546982rat 6830.614 4332.313 2548.031 827.6406
co13:57:41td: Running td from mcr-172 line  76.54
co13:57:43td: Time correction  .3 seconds
co13:57:43ua: Running ua from mcr-172 line  76.54
hk13:57:48 18 19 14 9.399999 1.53-99-25
co14:00:00ua: UV timed  scan started
co14:08:29ua: UV timed  scan finished, incident DUV =  3.657885 mW/m^2
hk14:08:34 18 19 15 8.600001 1.4-99-24
hpscan14:08:56 0 107518 10 157312 20 208179 30 256263 40 284666 50 314006 60 338616 70 341443 80 341953 90 342654 100 342101 110 326991 120 279506 130 243427 140 211652 150 156163 160 93112
hp14:09:52 .9957724 349654 80.6 18
co14:09:59af: Running af from mcr-172 line  76.54
co14:09:59af: Auto FR/HP/HG is now OFF
co14:09:59b1: Running b1 from mcr-172 line  76.54
hk14:10:13 18 19 15 9.399999 1.53-99-23
co14:10:17ds: DS intensity too low ( 66/cy), skipping.
hk14:10:34 19 19 14 10.2 1.66-99-23
zsa0 850.910620 1106 42 4578 25907 109871 298611 428705rat 18202.44 10647.25 4359.957 1578.922
zsa0 851.60620 1083 35 4299 24374 103671 282025 405540rat 18221 10661.49 4362.699 1585.063
zsa0 852.280620 1019 57 4201 24103 101774 277726 399797rat 18277.43 10646.57 4376.528 1589.77
zsa0 852.970620 999 59 3963 22493 95673 261494 376699rat 18273.06 10684.61 4382.446 1592.074
zsa0 853.660620 847 58 3428 19583 83171 227285 328062rat 18298.93 10675.11 4379.41 1598.957
zsa0 854.350620 739 36 2948 16678 70591 193771 279123rat 18237 10672.93 4395.895 1588.281
zsa0 855.040620 708 39 2845 15633 66322 182255 262976rat 18130.51 10687.99 4400.09 1595.078
summary14:12:58JAN 19/19 77.67401 4.401 19zs 0 18234 10668 4380 1590 13147 5776-49.5 365.5 57 17 15 7 56 11 .9 2.6
hk14:15:27 18 19 14 9.399999 1.53-99-24
co14:15:38hgfw2: HG FW#2 at step  0
hk14:15:47 18 19 15 9.399999 1.53-99-24
hgscan 0wide 302warm= 674.328314:15:47JAN 19/19 240 326 1247 4635 7785 11466 15531 19277 23024 25078 25647 23593 20507 17204 13392 9647 5786 2729 1934 1272 1269 2048 2774 5715 9574 13576 17232 20599 23765 25861 25581 24013 20018 16142 12172 8260 4937 1511 384 305
hg14:17:03 .999 285.2362 285 51508 18-1
co14:17:05an: Running an from mcr-172 line  76.54
co14:17:05an: Auto FR/HP/HG is now ON
co14:17:05b2: Running b2 from mcr-172 line  76.54
hk14:17:19 18 19 15 9.399999 1.53-99-25
co14:17:23ds: DS intensity too low ( 44/cy), skipping.
hk14:17:40 18 19 15 9.399999 1.53-99-25
zsa0 858.010620 593 42 2277 12591 53927 149581 216504rat 18257.4 10770.15 4439.059 1607.449
zsa0 858.70620 589 36 2179 12255 52294 145862 211275rat 18330.34 10776.3 4462.77 1610.402
zsa0 859.380620 565 34 2050 11758 50107 139319 201785rat 18395.63 10755.91 4448.465 1609.774
zsa0 860.070620 540 31 2041 11570 49522 137360 199603rat 18346.92 10763.36 4437.653 1624.008
zsa0 860.760620 503 37 1961 10841 47153 131022 189757rat 18330.72 10843.15 4445.375 1609.149
zsa0 861.450620 448 36 1661 9143 39369 109801 158870rat 18294.26 10815.42 4460.367 1603.918
zsa0 862.140620 450 33 1719 9358 40126 111917 163558rat 18217.49 10795.95 4460.453 1647.574
summary14:20:04JAN 19/19 78.164 4.558 18zs 0 18310 10789 4451 1616 13139 5816-51.7 361.9 60 32 11 15 94 42 2.3 6.3
hk14:22:51 18 19 14 9.399999 1.53-99-24
sla 0 863.170620 941209 170 1071469 1227692 1483113 1645390 1791748rat 1919.207 1316.356 466.3555 381.9063
sla 0 863.850620 939657 154 1072115 1227307 1482064 1644639 1791435rat 1914.406 1315.68 467.4727 383.1875
sla 0 864.530620 939946 167 1071887 1227765 1482623 1644356 1790116rat 1914.59 1313.231 464.9922 380.6055
sla 0 865.20620 939878 162 1072020 1227344 1481754 1645449 1789427rat 1917.055 1317.785 470.6641 375.8281
sla 0 865.880620 940032 178 1071602 1227099 1482086 1643748 1789691rat 1914.129 1314.004 464.9649 381.1992
sla 0 866.560620 940256 158 1071911 1227922 1482383 1644089 1789560rat 1913.746 1311.91 464.9922 379.918
sla 0 867.230620 939559 161 1072101 1228030 1483152 1643370 1789534rat 1910.973 1309.539 460.6602 381.8438
summary14:25:12JAN 19/19 92.043 11.087 18sl 0 1915 1314 466 381 697 434 1071872 1790216 3 3 3 2 9 5 0 893.8
co14:27:36td: Running td from mcr-172 line  78.51
co14:27:38td: Time correction  .3 seconds
co14:27:38ua: Running ua from mcr-172 line  78.51
hk14:27:43 18 19 15 9.399999 1.53-99-24
co14:30:00ua: UV timed  scan started
co14:38:29ua: UV timed  scan finished, incident DUV =  1.72773 mW/m^2
hk14:38:48 18 19 14 10.2 1.66-99-24
co14:38:52ds: DS intensity too low ( 7/cy), skipping.
hk14:39:09 18 19 14 10.2 1.66-99-23
zsa0 879.50620 520 32 1809 9047 39332 114241 168666rat 18078.78 11032.41 4636.891 1692.184
zsa0 880.190620 549 38 1815 9149 39817 116262 171301rat 18154.96 11062.57 4660.407 1683.481
zsa0 880.880620 518 37 1740 8688 37799 110805 163487rat 18130.26 11078.18 4677.192 1689.242
zsa0 881.570620 489 40 1717 8714 37606 109983 163065rat 18164.52 11034.09 4667.25 1710.445
zsa0 882.260620 499 30 1749 8746 37771 111116 164664rat 18102.14 11058.15 4692.094 1708.231
zsa0 882.940620 498 29 1716 8474 36963 108931 161349rat 18097.26 11108.88 4699.567 1706.027
zsa0 883.630620 483 85 1667 8222 35880 105577 156554rat 18237.81 11131.72 4697.188 1711.418
summary14:41:33JAN 19/19 79.804 5.165 18zs 0 18138 11072 4676 1700 12697 5844-51.7 326.3 54 37 23 12 55 33 2.8 7.7
hk14:44:10 18 19 14 10.2 1.66-99-21
zsa0 884.510620 523 38 1770 8830 38092 112377 166842rat 18118.26 11069.3 4705.035 1716.5
zsa0 885.20620 554 41 1926 9384 40273 119218 176911rat 18008.02 11062.65 4720.481 1714.719
zsa0 885.890620 555 39 1933 9330 40464 119744 177504rat 18006.58 11106.15 4718.93 1710.121
zsa0 886.580620 611 41 2014 9961 43061 127461 189511rat 18101.24 11093.72 4720.567 1723.645
zsa0 887.270620 617 38 2008 9794 42770 126751 189189rat 18083.6 11141.9 4725.528 1740.531
zsa0 887.960620 576 34 1883 9423 40714 121688 181140rat 18181.38 11130.94 4761.957 1728.375
zsa0 888.650620 508 48 1792 8736 37713 112163 167553rat 18079.58 11112.29 4741.016 1743.477
summary14:46:34JAN 19/19 80.218 5.343 18zs 0 18083 11102 4728 1725 12562 5806-43.9 299.1 62 29 18 13 59 21 3.4 9.7
hk14:49:12 19 19 14 9.399999 1.53-99-21
co14:49:16ds: DS intensity too low ( 6/cy), skipping.
hk14:49:33 18 19 14 9.399999 1.53-99-20
zsa0 889.890620 529 47 1714 8264 36267 108934 161969rat 18148.46 11227.17 4783.832 1722.867
zsa0 890.580620 501 46 1663 7901 34406 103171 154175rat 18043.94 11186.1 4776.215 1744.535
zsa0 891.270620 529 36 1723 8063 35289 106494 159426rat 17998.41 11230.54 4803.215 1752.383
zsa0 891.960620 491 32 1681 7762 33690 101505 152148rat 17888.5 11185.46 4795.621 1757.539
zsa0 892.650620 513 39 1604 7448 32832 99071 148163rat 18009.55 11263.66 4802.766 1747.613
zsa0 893.340620 463 40 1521 7128 30983 94216 141175rat 18030.25 11237.16 4836.258 1755.813
zsa0 894.030620 445 33 1466 6877 30128 90886 136436rat 18016.95 11232.93 4800.637 1763.551
summary14:51:57JAN 19/19 80.676 5.553 18zs 0 18019 11223 4800 1749 12422 5850-39.6 279.4 77 28 19 13 112 37 7.5 20.6
co14:54:23kb: Running kb from mcr-172 line  78.51
hk14:54:27 19 19 15 9.399999 1.53-99-21
hk14:54:56 19 19 14 9.399999 1.53-99-21
um190119Manchester 53.47 2.23 2.804185pr10000 895.51640 68 2793 12941 55552 168169 252518rat 17896.5 11160.43 4815.446 1764.012
hk14:57:40 19 19 14 9.399999 1.53-99-21
um190119Manchester 53.47 2.23 2.804185pr10000 896.841640 97 134261 255498 441544 836246 1033168rat 7971.907 5176.75 2791.848 923.0781
co14:57:42td: Running td from mcr-172 line  80.93
co14:57:44td: Time correction  .4 seconds
co14:57:44ua: Running ua from mcr-172 line  80.93
hk14:57:49 19 19 14 9.399999 1.53-99-22
co15:00:00ua: UV timed  scan started
co15:08:29ua: UV timed  scan finished, incident DUV =  1.318151 mW/m^2
hk15:08:34 19 19 15 9.399999 1.53-99-22
hpscan15:08:56 0 109212 10 155228 20 211374 30 261506 40 288414 50 317901 60 338454 70 341470 80 341436 90 341577 100 341985 110 323217 120 273598 130 236021 140 205534 150 152717 160 87027
hp15:09:52 .9943489 349555.1 79 19
co15:09:59af: Running af from mcr-172 line  80.93
co15:09:59af: Auto FR/HP/HG is now OFF
co15:09:59b1: Running b1 from mcr-172 line  80.93
co15:10:00kb: Running kb from mcr-172 line  80.93
hk15:10:05 19 19 15 9.399999 1.53-99-23
hk15:10:43 19 19 15 10.2 1.66-99-22
um190119Manchester 53.47 2.23 2.804185pr10000 911.291640 70 2591 10756 45235 141355 217706rat 17478.18 11212.93 4953.422 1873.844
hk15:13:27 19 19 15 9.399999 1.53-99-21
um190119Manchester 53.47 2.23 2.804185pr10000 912.621640 103 106672 207702 380291 740242 925133rat 8438.266 5544.196 2908.906 972.3047
hk15:16:12 19 19 15 9.399999 1.53-99-21
co15:16:23hgfw2: HG FW#2 at step  0
hk15:16:32 19 19 15 9.399999 1.53-99-21
hgscan 0wide 302warm= 242.05515:16:32JAN 19/19 246 327 857 3961 7400 11129 15031 19171 22972 25318 25987 24277 21287 17929 14069 10282 6540 3081 2185 1444 1449 2212 3119 6450 10242 14192 18082 21388 24454 26326 25557 23610 19551 15557 11416 7779 4248 992 364 270
hg15:17:47 .9989 286.7153 287 52313 19 1
co15:17:49an: Running an from mcr-172 line  80.93
co15:17:49an: Auto FR/HP/HG is now ON
co15:17:49kb: Running kb from mcr-172 line  80.93
hk15:17:54 19 19 15 10.2 1.66-99-21
hk15:18:45 19 19 15 9.399999 1.53-99-21
um190119Manchester 53.47 2.23 2.804185pr10000 919.331640 73 2363 9265 37913 118945 184683rat 17144.12 11115.62 4970.899 1908.652
hk15:21:29 19 19 15 9.399999 1.53-99-21
um190119Manchester 53.47 2.23 2.804185pr10000 920.671640 114 102593 201553 380047 748524 943550rat 8657.199 5724.106 2960.574 1010.199
co15:24:10kb: Running kb from mcr-172 line  80.93
hk15:24:14 19 19 15 9.399999 1.53-99-21
hk15:24:57 19 19 15 9.399999 1.53-99-20
um190119Manchester 53.47 2.23 2.804185pr10000 925.521640 61 2527 9513 37412 116840 181183rat 16745.27 10917.2 4950.145 1902.883
hk15:27:41 19 19 15 9.399999 1.53-99-21
um190119Manchester 53.47 2.23 2.804185pr10000 926.851640 107 94180 186003 361205 720738 914361rat 8863.5 5907.848 3016.594 1037.93
co15:27:43td: Running td from mcr-172 line  83.74
co15:27:44td: Time correction  .3 seconds
co15:27:45ua: Running ua from mcr-172 line  83.74
hk15:27:50 19 19 15 9.399999 1.53-99-21
co15:30:00ua: UV timed  scan started
co15:38:29ua: UV timed  scan finished, incident DUV =  .8941635 mW/m^2
hk15:38:35 19 19 14 9.399999 1.53-99-23
hpscan15:38:57 0 101468 10 152458 20 203931 30 250718 40 281045 50 312499 60 337734 70 341560 80 342099 90 342458 100 342352 110 327283 120 283158 130 245375 140 212118 150 157546 160 90324
hp15:39:52 .9965211 349613.6 81.5 19
co15:40:00af: Running af from mcr-172 line  83.74
co15:40:00af: Auto FR/HP/HG is now OFF
co15:40:00b1: Running b1 from mcr-172 line  83.74
co15:40:00kb: Running kb from mcr-172 line  83.74
hk15:40:05 19 19 14 9.399999 1.53-99-22
hk15:40:43 19 19 14 9.399999 1.53-99-22
um190119Manchester 53.47 2.23 2.804185pr10000 941.291640 63 2272 7540 27279 81075 127045rat 15633.07 10345.09 4735.313 1947.688
hk15:43:27 19 19 14 10.2 1.66-99-23
um190119Manchester 53.47 2.23 2.804185pr10000 942.621640 88 61458 121856 251262 520364 675189rat 9294.098 6322.524 3173.043 1133.422
hk15:46:11 19 19 14 10.2 1.66-99-21
co15:46:22hgfw2: HG FW#2 at step  0
hk15:46:31 19 19 14 9.399999 1.53-99-23
hgscan 0wide 302warm= 704.308415:46:31JAN 19/19 267 344 1079 4353 7763 11409 15536 19616 23408 25458 25866 23988 20782 17689 13969 9998 6195 2945 2097 1325 1347 2092 2882 5957 9898 13854 17590 20825 24129 26370 25845 24025 20028 15982 12140 8065 4715 1250 379 285
hg15:47:46 .999 285.7026 286 52236 19 0
co15:47:48an: Running an from mcr-172 line  83.74
co15:47:48an: Auto FR/HP/HG is now ON
co15:47:48kb: Running kb from mcr-172 line  83.74
hk15:47:52 19 19 14 9.399999 1.53-99-21
hk15:48:44 19 19 15 9.399999 1.53-99-22
um190119Manchester 53.47 2.23 2.804185pr10000 949.31640 66 1474 4740 16706 48528 76024rat 15355.71 10152.3 4639.297 1946.434
hk15:51:27 19 19 14 9.399999 1.53-99-21
um190119Manchester 53.47 2.23 2.804185pr10000 950.631640 293 38012 75505 160239 341004 449181rat 9560.609 6568.84 3289.469 1196.871
co15:54:07kb: Running kb from mcr-172 line  83.74
hk15:54:12 19 19 14 9.399999 1.53-99-21
hk15:54:54 19 19 14 9.399999 1.53-99-22
um190119Manchester 53.47 2.23 2.804185pr10000 955.481640 78 1312 4099 13851 38897 60445rat 14964.48 9841.76 4496.586 1911.926
hk15:57:38 19 19 14 10.2 1.66-99-21
um190119Manchester 53.47 2.23 2.804185pr10000 956.811640 83 29074 57483 124379 269085 358657rat 9673.652 6713.184 3356.25 1246.512
co15:57:40td: Running td from mcr-172 line  86.86
co15:57:42td: Time correction  .4 seconds
co15:57:42ua: Running ua from mcr-172 line  86.86
hk15:57:47 19 19 14 9.399999 1.53-99-21
co16:00:00ua: UV timed  scan started
co16:08:29ua: UV timed  scan finished, incident DUV =  .3103159 mW/m^2
hk16:08:34 19 19 15 9.399999 1.53-99-25
hpscan16:08:56 0 118248 10 169042 20 220483 30 264040 40 290708 50 321567 60 339944 70 341416 80 341955 90 342353 100 339901 110 312756 120 268541 130 232189 140 196775 150 144890 160 75380
hp16:09:52 .9964051 348770 77.5 19
co16:10:00af: Running af from mcr-172 line  86.86
co16:10:00af: Auto FR/HP/HG is now OFF
co16:10:00b1: Running b1 from mcr-172 line  86.86
co16:10:00kb: Running kb from mcr-172 line  86.86
hk16:10:05 19 19 14 9.399999 1.53-99-24
hk16:10:43 19 19 14 9.399999 1.53-99-24
um190119Manchester 53.47 2.23 2.804185pr10000 971.291640 66 897 2648 8596 21908 33193rat 14183.16 9267.139 4079.195 1802.68
hk16:13:27 19 19 15 9.399999 1.53-99-24
um190119Manchester 53.47 2.23 2.804185pr10000 972.621640 73 18383 34913 75517 170080 233652rat 9671.477 6884.27 3528.817 1376.445
hk16:16:11 19 19 15 10.2 1.66-99-25
co16:16:22hgfw2: HG FW#2 at step  0
hk16:16:31 19 19 14 9.399999 1.53-99-26
hgscan 0wide 302warm= 272.056716:16:31JAN 19/19 260 345 1228 4419 7757 11704 15735 19835 23486 25310 26003 24144 21037 17728 13837 9974 6180 2931 2094 1388 1334 2138 2959 6142 10007 13959 17920 21161 24251 26340 25704 23883 20010 16017 11898 7803 4466 1306 379 281
hg16:17:46 .999 285.8378 286 52343 19 0
co16:17:48an: Running an from mcr-172 line  86.86
co16:17:48an: Auto FR/HP/HG is now ON
co16:17:48kb: Running kb from mcr-172 line  86.86
hk16:17:53 19 19 15 9.399999 1.53-99-25
hk16:18:44 19 19 14 9.399999 1.53-99-20
um190119Manchester 53.47 2.23 2.804185pr10000 979.31640 69 601 1764 5560 13660 20398rat 14059.19 9034.178 3931.465 1742.172
hk16:21:28 19 19 14 9.399999 1.53-99-22
um190119Manchester 53.47 2.23 2.804185pr10000 980.641640 73 10009 18595 39037 88854 123515rat 9500.621 6802.996 3574.402 1426.547
co16:24:09td: Running td from mcr-172 line  90.36
co16:24:10td: Time correction  .4 seconds
co16:24:11ua: Running ua from mcr-172 line  90.36
hk16:24:16 19 19 14 9.399999 1.53-99-21
co16:30:00ua: UV timed  scan started
co16:38:29ua: UV timed  scan finished, incident DUV =  4.644752E-02 mW/m^2
ap16:38:29 18.62 18.81 14.26 1173.58 11.95 4.77-11.65 24.07 .01 15.49 18.15-22.96 5.03-5.42 0 .04 .02 .03 .01 .03 9.399999 1.53 .03 .06 18.62 18.81 14.26 1171.62 11.95 4.76-11.65 23.69 0 15.59 18.24-22.1 5.03-5.42 1.53 9.93 .37 11.51 1.37 .6 9.399999 1.53 .05 .05
hk16:39:14 19 19 14 9.399999 1.53-99-22
hpscan16:39:36 0 106866 10 152470 20 203580 30 253791 40 282931 50 313545 60 338266 70 342089 80 342392 90 342967 100 343136 110 326753 120 279997 130 242948 140 210797 150 159727 160 90864
hp16:40:33 .9952876 350303.5 81.1 19
hk16:40:44 19 19 15 8.600001 1.4-99-21
co16:40:47hgfw2: HG FW#2 at step  0
hk16:42:53 19 19 15 10.2 1.66-99-22
hgscan 0wide 302warm= 216:42:54JAN 19/19 202 265 1104 3606 6094 8908 11847 15233 18100 19232 19588 17840 15496 12835 9987 7172 4293 2039 1458 919 885 1481 2065 4361 7350 10498 13558 16337 19066 21023 20804 19971 16809 13749 10368 7074 4456 1739 343 235
hg16:44:08 .9987 284.1482 284 40611 19-2
hgscan 0wide 302warm= 216:44:08JAN 19/19 213 276 1114 4009 6915 10294 13694 17423 20828 22240 22934 21071 18319 15286 12157 8746 5418 2532 1809 1154 1181 1838 2555 5537 8964 12548 15887 19069 21951 23931 23459 21749 17984 14461 10689 7282 4275 1292 354 248
hg16:45:23 .9989 285.6097 286 46865 19 0
hk16:50:29 19 19 14 9.399999 1.53-99-22
sla 0 1010.820620 940397 172 1072033 1228282 1482537 1646830 1790770rat 1920.047 1317.801 471.8282 375.082
sla 0 1011.490620 940070 171 1072705 1227766 1481645 1645486 1789357rat 1913.527 1315.973 470.8399 375.1875
sla 0 1012.170620 939587 175 1071819 1226676 1481599 1643723 1789440rat 1912.356 1315.094 466.1094 380.2735
sla 0 1012.850620 938249 166 1071831 1226377 1480665 1644535 1789679rat 1914.535 1318.414 471.2032 378.6367
sla 0 1013.530620 938948 161 1071097 1227265 1481192 1643626 1789147rat 1915.082 1312.652 467.0782 379.793
sla 0 1014.210620 938998 177 1070961 1227593 1479962 1644689 1790353rat 1918.606 1314.402 473.7852 379.9375
sla 0 1014.890620 938576 168 1071538 1226353 1480033 1643072 1787822rat 1911.715 1314.461 469.0899 377.9492
summary16:52:51JAN 19/19 73.163 3.338 19sl 0 1915 1316 470 378 705 438 1071712 1789510 3 2 3 2 8 5 706.6 893.8
co16:55:15b0: Running b0 from mcr-172 line  90.36
co16:55:15b2: Running b2 from mcr-172 line  90.36
co16:55:16w1: Running w1 from mcr-172 line  90.36
co17:00:16ci: Running ci from mcr-172 line  90.36
hk17:00:32 19 19 15 9.399999 1.53-99-23
co17:00:47ci: CI scan started at 17:00:47
co17:07:43b0: Running b0 from mcr-172 line  90.36
co17:07:44b1: Running b1 from mcr-172 line  90.36
co17:07:44w1: Running w1 from mcr-172 line  90.36
co17:12:46hs: Running hs from mcr-172 line  90.36
hk17:13:06 19 19 15 10.2 1.66-99-23
co17:13:19hs: HS scan started at 17:13:19
hk17:18:23 19 19 14 9.399999 1.53-99-23
rso3JAN 19/1917:27:15 19 1407750 245 1605686 1839266 2221148 2463137 2681976 4151863 1407978 165 1606061 1839703 2220444 2464642 2682743 4152677 .9998 1.4848 .9997 .9997 1.0003 .9994 .9997 .9998 .1859 .1269 .0449 .037 .0675 .0416-.021 .186 .127 .0453 .0368 .0682 .0418-.0212
hk17:27:20 19 19 15 9.399999 1.53-99-23
dto3JAN 19/1917:33:28 19 0 2412274 28.37 27.31 27.63 27.79 28.62 1 921642.6 26.49 25.01 29.04 26.92 32.72 28.08 30.54 30.02 23.33 26.74    27.944 .5    27.888 2.8ed
co00:19:44o3: Running o3 from mcr-172 line -200
co00:19:47af: Running af from mcr-172 line -200
co00:19:47af: Auto FR/HP/HG is now OFF
co00:19:47ozsum: Running ozsum from mcr-172 line -200
co00:19:48aodsum: Running aodsum from mcr-172 line -200
co00:19:49uvsum: Running uvsum from mcr-172 line -200
co00:19:50fmsum: Running fmsum from mcr-172 line -200
co00:19:52fzsum: Running fzsum from mcr-172 line -200
co00:19:54slsum: Running slsum from mcr-172 line -200
co00:19:54rl: Running rl from mcr-172 line -200
co00:19:56rl:  2019  019  00 20 37   Reset Warm -> Tepid  from  2019  019  00 20 32   until  2019  019  00 20 32  . Counts: 1,0
co00:19:58rl:  2019  019  00 21 19   New value set for watermark SUPPLY.VOLTAGE.LOW[-5VSEC]: -5.441322 Volts.
co00:19:59rl:  2019  019  00 51 12   New value set for watermark SUPPLY.VOLTAGE.HIGH[-12V]: -10.973561 Volts.
co00:20:00rl:  2019  019  05 08 26   New value set for watermark SUPPLY.VOLTAGE.HIGH[-12V]: -10.961341 Volts.
co00:20:01rl:  2019  019  05 13 22  Attempt to exceed max boundary
co00:20:02rl:  2019  019  05 13 22         <M,10, 9695&M,9, 9678;R, 6, 6,4;O>
co00:20:03rl:  2019  019  08 38 27   New value set for watermark SUPPLY.VOLTAGE.LOW[-5VSEC]: -5.452075 Volts.
co00:20:04rl:  2019  019  17 06 42  Attempt to exceed max boundary
co00:20:05rl:  2019  019  17 06 42         <M,10, 9695&M,9, 9678;R, 6, 6,4;O>
co00:20:06rl:  All log items reported.
co00:20:10chk_cfg: Running chk_cfg from mcr-172 line -200
co00:20:11chk_cfg: VERSION.FW[VERS]=1
co00:20:11chk_cfg: VERSION.FW[REL]=3
co00:20:12chk_cfg: MOTOR.MAX.ACC[10]=19
co00:20:13chk_cfg: MOTOR.MAX.ACC[9]=19
co00:20:14chk_cfg: MOTOR.MAX.VEL[10]=32
co00:20:14chk_cfg: MOTOR.MAX.VEL[9]=32
co00:20:15chk_cfg: MOTOR.MAX.JERK[10]=16
co00:20:16chk_cfg: MOTOR.MAX.JERK[9]=16
co00:20:16chk_cfg: MOTOR.MAX.POS[10]=600
co00:20:17chk_cfg: MOTOR.MAX.POS[9]=600
co00:20:18chk_cfg: MOTOR.MIN.POS[10]=-10781
co00:20:18chk_cfg: MOTOR.MIN.POS[9]=-10601
co00:20:19chk_cfg: MOTOR.SLOPE[10]=1
co00:20:20chk_cfg: MOTOR.SLOPE[9]=1
co00:20:20chk_cfg: MOTOR.REF.PLAY[10]=-100
co00:20:21chk_cfg: MOTOR.REF.PLAY[9]=-100
co00:20:22chk_cfg: MOTOR.MAX.SEARCH[10]=12500
co00:20:23chk_cfg: MOTOR.MAX.SEARCH[9]=12500
co00:20:23chk_cfg: MOTOR.INITIAL[10]=286
co00:20:24chk_cfg: MOTOR.INITIAL[9]=286
co00:20:25chk_cfg: MOTOR.ORIGIN[10]=-6631
co00:20:25chk_cfg: MOTOR.ORIGIN[9]=-7079
co00:20:26chk_cfg: MOTOR.SLOW.VEL[10]=1
co00:20:27chk_cfg: MOTOR.SLOW.VEL[9]=1
co00:20:27chk_cfg: MOTOR.RESET.POS[10]=-1440
co00:20:28chk_cfg: MOTOR.RESET.POS[9]=-1440
co00:20:31rtn_date: Running rtn_date from mcr-172 line -200
vers00:20:32a0.rtn10000 REM ************ checkaz.rtn 02/12/2010 09:50:00 ************
vers00:20:32ab_sk.rtn10000 REM ************ ab_sk.rtn 02/12/2010 09:50:00 ************
vers00:20:32af.rtn10000 REM ************ af.rtn 02/12/2010 09:50:34 ************
vers00:20:32an.rtn10000 REM ************ an.rtn 02/12/2010 09:50:34 ************
vers00:20:32aodsum.rtn10000 REM ************ aodsum.rtn 02/12/2010 09:50:00 ************
vers00:20:32ap.rtn10000 REM ************ ap.rtn 22/03/2013 09:50:00 ************
vers00:20:32apsum.rtn10000 REM ************ apsum.rtn 02/12/2010 09:50:00 ************
vers00:20:32ar.rtn10000 REM ************ ar.rtn 02/12/2010 09:50:00 ************
vers00:20:32as.rtn10000 REM ************ as.rtn 02/12/2010 09:50:00 ************
vers00:20:32au.rtn10000 REM ************ au.rtn 02/12/2010 09:50:00 ************
vers00:20:32auto-off.rtn10000 REM ************ auto-off.rtn 05/03/2011 19:47:08 ************
vers00:20:32auto-on.rtn10000 REM ************ auto-on.rtn 05/03/2011 19:47:08 ************
vers00:20:32az.rtn10000 REM ************ az.rtn 02/12/2010 09:50:00 ************
vers00:20:32bp.rtn10000 REM ********************** bp routine 26/11/97 ********************
vers00:20:32ca.rtn10000 REM ************ ca.rtn 09/04/2011 09:50:00 ************
vers00:20:32cal.rtn10000 REM ************ cal.rtn 22/04/2012 09:50:00 ************
vers00:20:32calds.rtn10000 REM ************ cal.rtn 22/04/2012 09:50:00 ************
vers00:20:32calsc.rtn10000 REM ************ cal.rtn 22/04/2012 09:50:00 ************
vers00:20:32caluv.rtn10000 REM ************ cal.rtn 22/04/2012 09:50:00 ************
vers00:20:32cb.rtn10000 REM ************ cb.rtn 02/12/2010 09:50:00 ************
vers00:20:32cc.rtn10000 REM ************ cal.rtn 22/04/2012 09:50:00 ************
vers00:20:32cd.rtn10000 REM ************ cal.rtn 22/04/2012 09:50:00 ************
vers00:20:32cf.rtn10000 REM ************ cf.rtn 02/12/2010 09:50:00 ************
vers00:20:32checkaz.rtn10000 REM ************ checkaz.rtn 02/12/2010 09:50:00 ************
vers00:20:32checkhg.rtn10000 REM ************ checkhg.rtn 02/12/2010 09:50:00 ************
vers00:20:32chk_cfg.rtn10000 REM ************ chk_cfg.rtn 31/01/2013 21:00:00 ************
vers00:20:32chk_cod.rtn10000 REM ************ chk_cod.rtn 08/11/2013 21:00:00 ************
vers00:20:32ci.rtn10000 REM ************ ci.rtn 02/12/2010 09:50:00 ************
vers00:20:32cj.rtn10000 REM ************ cj.rtn 05/02/2013 11:00:00 ************
vers00:20:32cl.rtn10000 REM ************ cal.rtn 22/04/2012 09:50:00 ************
vers00:20:33cm.rtn10000 REM ********************* ci routine 19/11/08 *******************
vers00:20:33cn.rtn10000 REM ************ cn.rtn 02/12/2010 09:50:00 ************
vers00:20:33copyof~1.rtn10000 REM ************ re_mb_no_cod.rtn 02/12/2010 09:50:00 ************
vers00:20:33cr.rtn10000 REM ************ cr.rtn 02/12/2010 09:50:00 ************
vers00:20:33crv.rtn10000 REM *************** cr routine 23/09/98 *****************
vers00:20:33cs.rtn10000 REM ************ cs.rtn 02/12/2010 09:50:00 ************
vers00:20:33cu.rtn10000 REM ************ cal.rtn 22/04/2012 09:50:00 ************
vers00:20:33cx.rtn10000 REM ************ cx.rtn 02/12/2010 09:50:00 ************
vers00:20:33cz_.rtn10000 REM ************ cz.rtn 02/12/2010 09:50:00 ************
vers00:20:33cz__.rtn10000 REM ************ cz.rtn 02/12/2010 09:50:00 ************
vers00:20:33da_lo.rtn10000 REM ************ da_lo.rtn 28/03/2011 16:01:18 ************
vers00:20:33db.rtn10000 REM ************ db.rtn 02/12/2010 09:50:00 ************
vers00:20:33di.rtn10000 REM ************ di.rtn 02/12/2010 09:50:00 ************
vers00:20:33dimds-on.rtn10000 REM ************ auto-off.rtn 05/03/2011 19:47:08 ************
vers00:20:33dimds-~1.rtn10000 REM ************ auto-off.rtn 05/03/2011 19:47:08 ************
vers00:20:33dk.rtn10000 REM ************ dk.rtn 05/02/2013 11:00:00 ************
vers00:20:33dontus~1.rtn10000 REM ************ ni.rtn 02/12/2010 09:50:00 ************
vers00:20:33dp.rtn10000 REM ************ dp.rtn 02/12/2010 09:50:00 ************
vers00:20:33dpc.rtn10000 REM ************ dp.rtn 02/12/2010 09:50:00 ************
vers00:20:33dq.rtn10000 REM ****************** dq routine 21/01/12 **********************
vers00:20:33ds.rtn10000 REM ************ ds.rtn 06/07/2012 09:50:00 ************
vers00:20:33dsp.rtn10000 REM ************ dsp.rtn 28/04/2014 11:25:00 ************
vers00:20:33dsp1.rtn10000 REM ************ dsp1.rtn 04/04/2012 19:47:08 ************
vers00:20:33dspn2.rtn10000 REM ************ dsp.rtn 28/04/2014 11:25:00 ************
vers00:20:33dssum.rtn10000 REM ************ dssum.rtn 02/12/2010 09:50:00 ************
vers00:20:33dt.rtn10000 REM ************ dt.rtn 20/06/2014 09:50:00 ************
vers00:20:34dusum.rtn10000 REM ************ dusum.rtn 02/12/2010 09:50:00 ************
vers00:20:34dz.rtn10000 REM ****************** dz routine 15/March/2011 **********************
vers00:20:34dz_0531.rtn10000 REM ****************** dz routine 15/March/2011 **********************
vers00:20:34ed.rtn10000 REM ************ ed.rtn 24/03/2011 19:47:10 ************
vers00:20:34ed_orig.rtn10000 REM ************ ed.rtn 24/03/2011 19:47:10 ************
vers00:20:34endday.rtn10000 REM ************ endday.rtn 02/12/2010 09:50:00 ************
vers00:20:34end_day.rtn10000 REM ************ end_day.rtn 10/05/2011 14:00:00 ************
vers00:20:34fc.rtn10000 REM ************ fc.rtn 05/04/2013 09:50:00 ************
vers00:20:34fi.rtn10000 REM ************ fi.rtn 02/12/2010 09:50:00 ************
vers00:20:34fi-nor.rtn10000 REM ************ fi.rtn 02/12/2010 09:50:00 ************
vers00:20:34fi_are~1.rtn10000 REM ************ fi.rtn 02/12/2010 09:50:00 ************
vers00:20:34fi_spe~1.rtn10000 REM ************ fi.rtn 11/11/2011 For Andover Filters 1-4 testing line 11019 chg for 1-5 postion to 10 cycles *
vers00:20:34fj.rtn10000 REM ****************** ds routine 15/09/05 **********************
vers00:20:34fl.rtn10000 REM ************ fl.rtn 02/12/2010 09:50:00 ************
vers00:20:34fm.rtn10000 REM ************ fm.rtn 01/02/2013 19:47:10 ************
vers00:20:34fmsum.rtn10000 REM ************ fmsum.rtn 02/12/2010 09:50:00 ************
vers00:20:34fr.rtn10000 REM ************ fr.rtn 09/04/2012 09:50:00 ************
vers00:20:34fr--.rtn10000 REM ************ fr.rtn 02/12/2010 09:50:00 ************
vers00:20:34fv.rtn10000 REM ************ fv.rtn 02/12/2010 09:50:00 ************
vers00:20:34fv-.rtn10000 REM ************ fv.rtn 02/12/2010 09:50:00 ************
vers00:20:34fw.rtn10000 REM ************ fw.rtn 02/12/2010 09:50:00 ************
vers00:20:34fw3test.rtn10000 REM ************ cal.rtn 22/04/2012 09:50:00 ************
vers00:20:34fz.rtn10000 REM ************ fz.rtn 02/12/2010 09:50:00 ************
vers00:20:34fzsum.rtn10000 REM ************ fzsum.rtn 02/12/2010 09:50:00 ************
vers00:20:34g1.rtn10000 REM ************ g1.rtn 02/12/2010 09:50:00 ************
vers00:20:34g5.rtn10000 REM ************ g5.rtn 02/12/2010 09:50:00 ************
vers00:20:34ga.rtn10000 REM ************ ga.rtn 02/12/2010 09:50:00 ************
vers00:20:35gi.rtn10000 REM ************ gi.rtn 02/12/2010 09:50:00 ************
vers00:20:35gs.rtn10000 REM ************ gs.rtn 02/12/2010 09:50:00 ************
vers00:20:35hg.rtn10000 REM ************ hg.rtn 29/03/2011 10:05:48 ************
vers00:20:35hgn.rtn10000 REM ************ hgn.rtn 02/12/2010 09:50:00 ************
vers00:20:35hgsum.rtn10000 REM ************ hgsum.rtn 24/11/2013 09:50:00 ************
vers00:20:35hl.rtn10000 REM ************ hl.rtn 24/06/2014 19:47:10 ************
vers00:20:35hp.rtn10000 REM ************ hp.rtn 29/03/2011 09:33:00 ************
vers00:20:35hs.rtn10000 REM ************ hs.rtn 26/09/2012 19:47:10 ************
vers00:20:35hv.rtn10000 REM ************ hv.rtn 02/12/2010 09:50:00 ************
vers00:20:35hvb.rtn10000 REM ************ hvb.rtn 19/07/2014 15:00:00 ************
vers00:20:35hvset.rtn10000 REM ************ hvset.rtn 02/12/2010 09:50:00 ************
vers00:20:35ic.rtn10000 REM ************ ic.rtn 02/12/2010 09:50:00 ************
vers00:20:35init.rtn10000 REM ************ init.rtn 02/12/2010 09:50:00 ************
vers00:20:35jd.rtn10000 REM ************ jd.rtn 02/12/2010 09:50:00 ************
vers00:20:35jg.rtn10000 REM ****************** jg routine 04/02/14 **********************
vers00:20:35ka.rtn10000 REM ********************* ka routine 12/13/06 *******************
vers00:20:35kb.rtn10000 REM ********************* kb routine 12/13/06 *******************
vers00:20:35kc.rtn10000 REM ********************* kc routine 12/13/06 *******************
vers00:20:35kd.rtn10000 REM ********************* kd routine 12/13/06 *******************
vers00:20:35ke.rtn10000 REM ********************* ke routine 12/13/06 *******************
vers00:20:35kf.rtn10000 REM ********************* kf routine 12/13/06 *******************
vers00:20:35kg.rtn10000 REM ********************* kg routine 12/13/06 *******************
vers00:20:35kh.rtn10000 REM ********************* kh routine 12/13/06 *******************
vers00:20:35lf.rtn10000 REM ************ lf.rtn 02/12/2010 09:50:00 ************
vers00:20:35ll.rtn10000 REM ********************** ll routine 29/07/10 ********************
vers00:20:35lz.rtn10000 REM ************ lz.rtn 02/12/2010 09:50:00 ************
vers00:20:36mm.rtn10000 REM ********************* mm routine 03/09/10 *******************
vers00:20:36nc.rtn10000 REM ************ nc.rtn 02/12/2010 09:50:00 ************
vers00:20:36newinst.rtn10000 REM ************ newinst.rtn 02/12/2010 09:50:00 ************
vers00:20:36nosum.rtn10000 REM ************ nosum.rtn 02/12/2010 09:50:00 ************
vers00:20:36nt.rtn10000 REM ******************* nt routine 26/11/03 ***********************
vers00:20:36ozsum.rtn10000 REM ************ ozsum.rtn 02/12/2010 09:50:00 ************
vers00:20:36pb.rtn10000 REM ************ pb.rtn 02/12/2010 09:50:00 ************
vers00:20:36pc.rtn10000 REM ************ pc.rtn 02/12/2010 09:50:00 ************
vers00:20:36po.rtn10000 REM ************ po.rtn 24/06/2014 09:50:00 ************
vers00:20:36ql.rtn10000 REM ************ ql.rtn 07/04/2011 14:00:00 ************
vers00:20:36re.rtn10000 REM ************ re-sb.rtn 21/04/2012 19:47:08 ************
vers00:20:36re-mb.rtn10000 REM ************ re-mb.rtn 21/04/2012 19:47:08 ************
vers00:20:36re-mb_.rtn10000 REM ************ re-mb.rtn 21/04/2012 19:47:08 ************
vers00:20:36re-sb.rtn10000 REM ************ re-sb.rtn 21/04/2012 19:47:08 ************
vers00:20:36rep.rtn10000 REM ************ rep.rtn 02/12/2010 09:50:00 ************
vers00:20:36re_mb_~1.rtn10000 REM ************ re_mb_no_cod.rtn 02/12/2010 09:50:00 ************
vers00:20:36rl.rtn10000 REM ************ rl.rtn 21/04/2012 11:00:00 ************
vers00:20:36rs.rtn10000 REM ************ rs.rtn 02/12/2010 09:50:00 ************
vers00:20:36sa.rtn10000 REM ************ sa.rtn 02/12/2010 09:50:00 ************
vers00:20:36saveall.rtn10000 REM ************ saveall.rtn 02/12/2010 09:50:00 ************
vers00:20:36savedh.rtn10000 REM ************ savedh.rtn 02/12/2010 09:50:00 ************
vers00:20:36sc.rtn10000 REM ************ sc.rtn 22/04/2014 18:00:00 ************
vers00:20:36sc-full.rtn10000 REM ************ sc.rtn 22/04/2014 18:00:00 ************
vers00:20:36sd.rtn10000 REM ************ sd.rtn 02/12/2010 09:50:00 ************
vers00:20:36se.rtn10000 REM ************ se.rtn 02/12/2010 09:50:00 ************
vers00:20:36sh.rtn10000 REM ************ sh.rtn 02/12/2010 09:50:00 ************
vers00:20:36si.rtn10000 REM ************ si.rtn 24/06/2014 19:47:08 ************
vers00:20:36sim.rtn10000 REM ************ sim.rtn 16/01/2014 09:50:00 ************
vers00:20:36si_new.rtn10000 REM ************ si.rtn 16/12/2010 19:47:08 ************
vers00:20:36sk.rtn10000 REM ************ sk.rtn 02/12/2010 09:50:00 ************
vers00:20:36skc.rtn10000 REM ************ skc.rtn 10/04/2012 19:47:08 ************
vers00:20:37skc-nor.rtn10000 REM ************ skc.rtn 05/03/2011 19:47:08 ************
vers00:20:37skc_noaz.rtn10000 REM ******************* skc routine 23/07/98 ********************
vers00:20:37sl.rtn10000 REM ************ sl.rtn 24/06/2014 09:50:00 ************
vers00:20:37slsum.rtn10000 REM ************ slsum.rtn 02/12/2010 09:50:00 ************
vers00:20:37sq.rtn10000 REM ****************** sq routine 21/01/12 **********************
vers00:20:37sr.rtn10000 REM ************ sr.rtn 01/04/2011 12:00:00 ************
vers00:20:37st.rtn10000 REM ************ st.rtn 02/12/2010 09:50:00 ************
vers00:20:37sum.rtn10000 REM ************ sum.rtn 02/12/2010 09:50:00 ************
vers00:20:37sw.rtn10000 REM ************ sw.rtn 13/12/2010 09:50:00 ************
vers00:20:37tcsum.rtn10000 REM ************ tcsum.rtn 02/12/2010 09:50:00 ************
vers00:20:37td.rtn10000 REM ************ td.rtn 10/03/2014 09:40:00 ************
vers00:20:37td-new.rtn10000 REM ************ td.rtn 10/03/2014 09:40:00 ************
vers00:20:37testfw2.rtn10000 REM ************ testfw2.rtn 02/12/2010 09:50:00 ************
vers00:20:37tf.rtn10000 REM ************ testfw2.rtn 06/12/2012 09:50:00 ************
vers00:20:37tt.rtn10000 REM ************ tt.rtn 02/12/2010 09:50:00 ************
vers00:20:37tu.rtn10000 REM ************ tu.rtn 02/12/2010 09:50:00 ************
vers00:20:37u5.rtn10000 REM ************ u5.rtn 02/12/2010 09:50:00 ************
vers00:20:37ub.rtn10000 REM ************ ub.rtn 02/12/2010 09:50:00 ************
vers00:20:37ul.rtn10000 REM ************ ul.rtn 02/12/2010 09:50:00 ************
vers00:20:37um.rtn10000 REM ********************* um routine 19/10/98 *******************
vers00:20:37um_orig.rtn10000 REM ********************* um routine 19/10/98 *******************
vers00:20:37um_v378.rtn10000 REM ************ um.rtn 02/12/2010 09:50:00 ************
vers00:20:37uq.rtn10000 REM ************ uq.rtn 02/12/2010 09:50:00 ************
vers00:20:37uv.rtn10000 REM ************ uv.rtn 13/04/2014 20:00:00 ************
vers00:20:37uvrbcee.rtn10000 REM ************ uv.rtn 13/04/2014 20:00:00 ************
vers00:20:37uvsum.rtn10000 REM ************ uvsum.rtn 02/12/2010 09:50:00 ************
vers00:20:37uv_2905.rtn10000 REM ******************* uv routine 12/09/05 ********************
vers00:20:38uv_old.rtn10000 REM ******************* uv routine 20/10/07 ********************
vers00:20:38uv_rccb.rtn10000 REM ******************* uv routine 12/09/05 ********************
vers00:20:38ve.rtn10000 REM ************ ve.rtn 23/04/2014 11:10:00 ************
vers00:20:38w0.rtn10000 REM ************ w0.rtn 02/12/2010 09:50:00 ************
vers00:20:38w1.rtn10000 REM ************ w1.rtn 02/12/2010 09:50:00 ************
vers00:20:38w2.rtn10000 REM ************ w2.rtn 02/12/2010 09:50:00 ************
vers00:20:38w3.rtn10000 REM ************ w3.rtn 02/12/2010 09:50:00 ************
vers00:20:38w4.rtn10000 REM ************ w4.rtn 02/12/2010 09:50:00 ************
vers00:20:38xl.rtn10000 REM ************ xl.rtn 02/12/2010 09:50:00 ************
vers00:20:38zb.rtn10000 REM ************ zb.rtn 02/12/2010 09:50:00 ************
vers00:20:38zc.rtn10000 REM ************ zc.rtn 02/12/2010 09:50:00 ************
vers00:20:38ze.rtn10000 REM ************ ze.rtn 02/12/2010 09:50:00 ************
vers00:20:38zf.rtn10000 REM ************ zf.rtn 01/04/2011 12:00:00 ************
vers00:20:38zl.rtn10000 REM ************ zl.rtn 02/12/2010 09:50:00 ************
vers00:20:38zlsum.rtn10000 REM ************ zlsum.rtn 02/12/2010 09:50:00 ************
vers00:20:38zp.rtn10000 REM ************ zp.rtn 02/12/2010 09:50:00 ************
vers00:20:38zs.rtn10000 REM ************ zs.rtn 06/07/2012 09:50:00 ************
vers00:20:38zssum.rtn10000 REM ************ zssum.rtn 10/05/2011 09:50:00 ************
vers00:20:38zwsum.rtn10000 REM ************ zwsum.rtn 10/05/2011 09:50:00 ************
co00:20:38hgsum: Running hgsum from mcr-172 line -200