version=2dh200117Manchester 53.47  2.23  2.804185pr1000
co00:20:46dh: day header
co00:20:46main: version 4.1024/06/2014 01:00:00
co00:20:46skc: mcr-172
co00:20:46autohg:  1 
co00:20:46hifw2:  0 
co00:20:46attn:  25000  80000 
co00:20:46lowds:  1 cubdsp:  1 
inst6.23695.83515.71295.45005.08930.00.34242.35001.158517004400.00000003028614169704400103301402021560259502972mkiii1000000066316793242-3655630250817825080.99860-3.0000024692500.400025606402224June 12/2013EXTRAS1002500080000111260-42506-02-2015@
disp32856.610.0775748-9.82043e-071.55639e-112896.430.0767082-9.81489e-071.54649e-112933.230.0758699-9.80701e-071.53674e-112968.520.075029-9.79674e-071.52678e-113002.840.0741732-9.78398e-071.51648e-112823.440.0782666-9.82286e-071.56415e-114284.910.116362-1.47306e-062.33459e-114344.650.115062-1.47223e-062.31974e-114399.850.113805-1.47105e-062.30511e-114452.780.112543-1.46951e-062.29017e-114504.250.11126-1.4676e-062.27472e-114235.150.1174-1.47343e-062.34623e-11ThuJun 04/1524692861713@
zeni-0.006400-0.0196800.0165400.1802390.282864-0.060766-0.5063100.461242-0.044076june6/00@
op_st172c:\Bdata172\icf15515zsf15800dcf15215uvr16813200117Manchester53.472.2310002.804185220-114693111110110110111skco3mcr-172@
uvr2865  4524.1532870  4595.2512875  4663.8802880  4730.1532885  4794.1842890  4856.0842895  4915.9662900  4973.9352905  5030.0972910  5084.5512915  5137.3932920  5188.7132925  5238.5962930  5287.1222935  5334.3662940  5380.3972945  5425.2792950  5469.0682955  5511.8192960  5553.5792965  5594.3892970  5634.2882975  5673.3092980  5711.4812985  5748.8272990  5785.3692995  5821.1233000  5856.1023005  5890.3183010  5923.7773015  5956.4843020  5988.4433025  6019.6523030  6050.1123035  6079.8193040  6108.7683045  6136.9553050  6164.3743055  6191.0163060  6216.8763065  6241.9463070  6266.2183075  6289.6843080  6312.3383085  6334.1723090  6355.1813095  6375.3593100  6394.7023105  6413.2053110  6430.8663115  6447.6833120  6463.6563125  6478.7843130  6493.0713135  6506.5183140  6519.1313145  6530.9143150  6541.8743155  6552.0193160  6561.3583165  6569.9013170  6577.6603175  6584.6473180  6590.8743185  6596.3563190  6601.1073195  6605.1443200  6608.4823205  6611.1383210  6613.1283215  6614.4713220  6615.1843225  6615.2843230  6614.7903235  6613.7193240  6612.0883245  6609.9143250  6607.2153255  6604.0073260  6600.3063265  6596.1263270  6591.4833275  6586.3903280  6580.8593285  6574.9033290  6568.5333295  6561.7593300  6554.5903305  6547.0333310  6539.0963315  6530.7853320  6522.1043325  6513.0573330  6503.6473335  6493.8753340  6483.7433345  6473.2513350  6462.3983355  6451.1823360  6439.6013365  6427.6543370  6415.3373375  6402.6473380  6389.5823385  6376.1393390  6362.3163395  6348.1113400  6333.5223405  6318.5503410  6303.1963415  6287.4633420  6271.3563425  6254.8813430  6238.0483435  6220.8683440  6203.3573445  6185.5333450  6167.4183455  6149.0393460  6130.4263465  6111.6153470  6092.6483475  6073.5723480  6054.4393485  6035.3103490  6016.2513495  5997.3393500  5978.6553505  5378.9883510  5354.1323515  5329.1293520  5303.9823525  5278.6953530  5253.2703535  5227.7103540  5202.0193545  5176.2003550  5150.2563555  5124.1903560  5098.0063565  5071.7063570  5045.2943575  5018.7733580  4992.1453585  4965.4163590  4938.5863595  4911.6603600  4884.6413605  4857.5323610  4830.3363615  4803.0563620  4775.6953625  4748.2573630  4720.7453635  4693.161@
schedule-170pdjdtd-120pdtdaphphgslb0b2w1cib0b1w1hssraz-92.61pdtduahpafb1kbumhgankbumkbum-88.73pdtduahpafb1kbumhgankbumkbum-85.53pdtduahpafb1kbumhgankbumkbum-82.48pdtduadszsdskbum-79.78pdtduahpafb1dshganzskbum-77.50pdtduahpafb1dshganb2dssl-75.68pdtduahpafb1dshganzskbum-74.38pdtduadszsdskbum-73.62pduahpafb1dshganzsds374.74pdtduadszsdskbum76.21pdtduahpafb1dshganb2dssl78.18pdtduadszsdskbum80.60pdtduahpafb1kbumhgankbumkbum83.42pdtduahpafb1kbumhgankbumkbum86.54pdtduahpafb1kbumhgankbumkbum89.67pdtduahpafb1kbumhgankbumkbum93.84pdtduaaphphgslb0b2w1cib0b1w1hsrsdt180mcr-172@
co00:20:46checkaz: Running checkaz from mcr-172 line -200
co00:20:47po: Running po from mcr-172 line -200
co00:20:48af: Running af from mcr-172 line -200
co00:20:48af: Auto FR/HP/HG is now OFF
co00:20:48re: Running re from mcr-172 line -200
co00:21:53re: Zenith discrepancy =  0
co00:21:56re: Azimuth discrepancy = -21
co00:21:58az: Running az from mcr-172 line -200
co00:22:07az: Azimuth discrepancy =  0
co00:22:09w1: Running w1 from mcr-172 line -200
co00:27:10fr: Running fr from mcr-172 line -200
hk00:27:15 19 19 16 11.5 1.88-99-2
co00:30:17fr: Micrometer #1 reference found at step 6346 (+CAL)= 6632 Now set to o3 offset = 6631
co00:33:41fr: Micrometer #2 reference found at step 6795= 6795 Now set to o3 offset = 6793
hk00:33:47 19 19 16 12.3 2.01-99-2
hpscan00:33:57 0 106820 10 162634 20 225253 30 277182 40 312934 50 330282 60 345806 70 347710 80 349493 90 349040 100 347227 110 329119 120 274662 130 221030 140 182533 150 145509 160 89744
hp00:34:53 .9895956 360268.8 74.8 19
hk00:35:05 19 19 16 11.5 1.88-99-2
co00:35:07hgfw2: HG FW#2 at step  0
hk00:37:14 19 19 15 11.5 1.88-99-2
hgscan 0wide 302warm= 200:37:14JAN 20/17 143 219 291 1536 4550 7597 11189 14677 18079 21517 22708 23036 20793 18060 14983 11310 7952 4421 2191 1453 1500 2161 4442 8081 11838 15794 19103 22225 24810 24718 23453 20102 16515 12512 8705 5437 2212 386 266 182
hg00:38:29 .9956 292.666 293 47426 19 7
hgscan 0wide 302warm= 200:38:29JAN 20/17 244 327 1154 4642 8044 12082 16139 20492 24300 26673 27310 25371 22065 18565 14509 10395 6237 2898 2011 1232 1235 2040 2937 6379 10741 15133 19233 22926 26581 28711 28221 26243 21911 17738 13263 8958 5304 1520 376 278
hg00:39:44 .999 285.6611 286 56021 19 0
ap00:39:47 18.72 19.19 15.4 1169.66 11.94 4.75-11.56 23.95 0 15.87 18.81-2.07 5.01-5.44 0 .03 .02 .01 .02 .07 11.53 1.88 .04 .04 18.81 19.19 15.4 1167.7 11.93 4.74-11.56 23.54 1.29 16.06 18.81-2.17 5.01-5.44 1.53 11.24 .37 10.62 1.24 .52 11.53 1.88 .03 .05
hk00:40:31 19 19 15 11.5 1.88-99-2
dto3JAN 20/1700:51:28 19 0 2523531 28.49 27.44 27.33 27.57 28.34 1 965236.3 26.68 27.77 29.43 25.11 23.94 28.27 30.88 25.83 23.44 27.49    27.833 .5    26.884 2.4
co00:51:28an: Running an from mcr-172 line -200
co00:51:28an: Auto FR/HP/HG is now ON
hk00:51:33 19 19 16 12.3 2.01-99-2
rso3JAN 20/1701:00:25 19 1493147 278 1698029 1936907 2328586 2572043 2784707 4342532 1492411 192 1698215 1936420 2327089 2570070 2786996 4343912 1.0005 1.4479 .9998 1.0002 1.0006 1.0007 .9991 .9997 .1804 .1232 .0432 .0345 .0699 .0429-.0216 .18 .123 .0431 .0352 .0673 .0416-.0209
co01:00:26jd: Running jd from mcr-172 line -170
co01:00:27td: Running td from mcr-172 line -170
co01:00:28td: Time correction -.2 seconds
co04:45:25td: Running td from mcr-172 line -120
co04:45:26td: Time correction  0 seconds
ap04:45:27 18.72 18.91 16.82 1169.66 11.94 4.75-11.73 23.93 0 16.16 18.34-1.88 5.01-5.44 0 .04 .02 .03 .02 .04 12.34 2.01 .03 .04 18.72 18.91 16.91 1169.66 11.94 4.72-11.74 23.54 1.26 16.34 18.53-1.88 5.02-5.44 1.53 11.24 .37 10.77 1.25 .5 11.53 1.88 .03 .05
hk04:46:13 19 19 17 11.5 1.88-99-2
hpscan04:46:21 0 89077 10 139085 20 201751 30 253578 40 294287 50 317391 60 342416 70 349317 80 350303 90 350803 100 351126 110 343332 120 296980 130 248098 140 214939 150 173732 160 114901
hp04:47:17 .9931179 359745.3 81 19
hk04:47:29 19 19 17 12.3 2.01-99-2
co04:47:31hgfw2: HG FW#2 at step  0
hk04:49:38 19 19 17 11.5 1.88-99-2
hgscan 0wide 302warm= 204:49:38JAN 20/17 185 272 967 3938 7208 10611 14181 17849 21349 23320 23798 22428 19424 16426 12780 9195 5463 2490 1763 1119 1110 1788 2552 5619 9468 13453 17356 20774 23865 25901 25469 23545 20039 16092 12188 8179 4815 1335 351 251
hg04:50:52 .9991 285.5932 286 49699 19 0
hk04:55:58 19 19 17 11.5 1.88-99-2
sla 0 296.30620 996159 167 1132423 1291121 1552034 1714073 1857181rat 1856.926 1275.629 446.4727 359.3828
sla 0 296.980620 994827 168 1131907 1291222 1551765 1714216 1857212rat 1859.34 1275.66 447.6367 359.082
sla 0 297.660620 994832 180 1131885 1291666 1552213 1713191 1856723rat 1856.723 1271.41 443.6172 360.5977
sla 0 298.330620 995353 178 1131527 1291632 1551390 1713149 1856013rat 1858.02 1271.399 445.8946 358.9649
sla 0 299.010620 996026 183 1131708 1291126 1551324 1712511 1855988rat 1855.621 1271.481 444.3985 360.5938
sla 0 299.690620 994468 198 1131761 1291014 1551842 1713919 1856025rat 1859.172 1275.629 446.6446 356.9453
sla 0 300.360620 984461 162 1132236 1290892 1551401 1714436 1855714rat 1858.625 1277.391 449.2891 354.7969
summary04:58:19JAN 20/17 65.071 2.338 19sl 0 1858 1274 446 359 710 441 1131921 1856408 2 3 2 2 8 5 316 632
co05:00:43b0: Running b0 from mcr-172 line -120
co05:00:44b2: Running b2 from mcr-172 line -120
co05:00:44w1: Running w1 from mcr-172 line -120
co05:05:45ci: Running ci from mcr-172 line -120
hk05:06:00 19 19 17 11.5 1.88-99-2
co05:06:15ci: CI scan started at 05:06:15
co05:13:09b0: Running b0 from mcr-172 line -120
co05:13:10b1: Running b1 from mcr-172 line -120
co05:13:11w1: Running w1 from mcr-172 line -120
co05:18:11hs: Running hs from mcr-172 line -120
hk05:18:31 19 19 17 12.3 2.01-99-2
co05:18:43hs: HS scan started at 05:18:43
co05:23:33sr: Running sr from mcr-172 line -120
co05:23:42sr: Azimuth discrepancy =  0
co05:24:54sr: Azimuth Steps per revolution measured =  14690
co05:25:37az: Running az from mcr-172 line -120
co05:25:46az: Azimuth discrepancy = -2
co07:57:07td: Running td from mcr-172 line -92.61
co07:57:09td: Time correction -.1 seconds
co07:57:09ua: Running ua from mcr-172 line -92.61
hk07:57:14 19 19 16 12.3 2.01-99-2
co08:00:00ua: UV timed  scan started
co08:08:29ua: UV timed  scan finished, incident DUV =  7.863229E-02 mW/m^2
hk08:08:34 19 19 16 11.5 1.87-99-2
hpscan08:08:56 0 100003 10 145954 20 203220 30 256830 40 292229 50 319346 60 344921 70 350688 80 351151 90 352205 100 352310 110 342128 120 294323 130 245252 140 220781 150 177018 160 112578
hp08:09:52 .9924621 360444 81.1 19
co08:09:59af: Running af from mcr-172 line -92.61
co08:09:59af: Auto FR/HP/HG is now OFF
co08:09:59b1: Running b1 from mcr-172 line -92.61
co08:09:59kb: Running kb from mcr-172 line -92.61
hk08:10:04 19 19 16 11.5 1.88-99-2
hk08:10:42 19 19 16 11.5 1.88-99-2
um200117Manchester 53.47 2.23 2.804185pr10000 491.271640 61 769 1973 5945 13613 19734rat 12805.48 8498.504 3618.75 1612.164
hk08:13:26 19 19 16 12.3 2.01-99-2
um200117Manchester 53.47 2.23 2.804185pr10000 492.61640 58 11021 20054 40974 95762 136954rat 9399.879 6796.867 3688.496 1550.094
hk08:16:10 19 19 16 11.5 1.88-99-2
co08:16:20hgfw2: HG FW#2 at step  0
hk08:16:30 19 19 15 11.5 1.87-99-2
hgscan 0wide 302warm= 494.3408:16:30JAN 20/17 271 355 1339 5515 10048 14850 19945 25126 30021 32196 32729 30089 25935 21806 16869 12129 7239 3525 2462 1537 1520 2516 3490 7190 12048 17144 22065 26153 30339 33277 32795 30561 25833 20612 15655 10541 6298 1900 438 302
hg08:17:45 .9989 285.0129 285 66006 19-1
co08:17:47an: Running an from mcr-172 line -92.61
co08:17:47an: Auto FR/HP/HG is now ON
co08:17:47kb: Running kb from mcr-172 line -92.61
hk08:17:51 19 19 15 11.5 1.88-99-2
hk08:18:42 19 19 15 11.5 1.88-99-2
um200117Manchester 53.47 2.23 2.804185pr10000 499.281640 59 1727 4431 13466 30804 44790rat 12642.49 8465.121 3600.418 1622.285
hk08:21:26 19 19 15 11.5 1.88-99-2
um200117Manchester 53.47 2.23 2.804185pr10000 500.611640 82 25800 47632 99190 231699 325156rat 9542.118 6879.375 3689.18 1470.606
co08:24:06kb: Running kb from mcr-172 line -92.61
hk08:24:11 19 19 15 11.5 1.88-99-2
hk08:24:53 19 19 15 11.5 1.87-99-2
um200117Manchester 53.47 2.23 2.804185pr10000 505.461640 55 2025 5397 16642 39841 59004rat 13039.84 8714.899 3795.942 1701.703
hk08:27:37 19 19 15 11.5 1.87-99-2
um200117Manchester 53.47 2.23 2.804185pr10000 506.791640 93 39699 74662 156857 361290 499579rat 9603.25 6860.918 3631.676 1408.879
co08:27:39td: Running td from mcr-172 line -88.73001
co08:27:40td: Time correction -.1 seconds
co08:27:41ua: Running ua from mcr-172 line -88.73001
hk08:27:46 19 19 15 11.5 1.87-99-2
co08:30:00ua: UV timed  scan started
co08:38:29ua: UV timed  scan finished, incident DUV =  .8018583 mW/m^2
hk08:38:35 19 19 15 11.5 1.87-99-2
hpscan08:38:57 0 110771 10 160477 20 212197 30 263392 40 296768 50 323663 60 346692 70 350348 80 351384 90 351969 100 351563 110 337478 120 285700 130 236315 140 210264 150 162140 160 102057
hp08:39:52 .9927732 360537.4 79.3 19
co08:40:00af: Running af from mcr-172 line -88.73001
co08:40:00af: Auto FR/HP/HG is now OFF
co08:40:00b1: Running b1 from mcr-172 line -88.73001
co08:40:00kb: Running kb from mcr-172 line -88.73001
hk08:40:05 19 19 15 11.5 1.88-99-2
hk08:40:43 19 19 15 10.7 1.74-99-2
um200117Manchester 53.47 2.23 2.804185pr10000 521.291640 72 5053 12843 40247 101123 153419rat 13062.76 8980.871 4004.32 1807.461
hk08:43:27 19 19 15 11.5 1.87-99-2
um200117Manchester 53.47 2.23 2.804185pr10000 522.621640 106 85711 165506 343120 741071 980084rat 9395.664 6538.391 3362.793 1221.219
hk08:46:11 19 19 15 11.5 1.87-99-2
co08:46:22hgfw2: HG FW#2 at step  0
hk08:46:31 19 19 15 11.5 1.87-99-2
hgscan 0wide 302warm= 32.0208:46:31JAN 20/17 271 379 941 4953 9212 13724 18932 24232 28972 31872 32629 30650 26752 22515 18067 13032 8152 3937 2697 1721 1742 2672 3829 8058 12917 17992 22821 26830 31000 33112 32440 29592 24757 19294 14400 9368 5184 1135 404 294
hg08:47:46 .9988 286.8215 287 65741 19 1
co08:47:47an: Running an from mcr-172 line -88.73001
co08:47:47an: Auto FR/HP/HG is now ON
co08:47:47kb: Running kb from mcr-172 line -88.73001
hk08:47:52 19 19 16 11.5 1.88-99-2
hk08:48:43 19 19 15 10.7 1.74-99-2
um200117Manchester 53.47 2.23 2.804185pr10000 529.291640 77 6128 15982 51323 137235 210333rat 13546.45 9356.457 4275.5 1852.59
hk08:51:27 19 19 15 10.7 1.74-99-2
um200117Manchester 53.47 2.23 2.804185pr10000 530.631640 126 115483 225093 455027 950983 1235800rat 9193.894 6294.52 3225.692 1147.68
co08:54:07kb: Running kb from mcr-172 line -88.73001
hk08:54:12 19 19 15 11.5 1.88-99-2
hk08:54:54 19 19 15 11.5 1.87-99-2
um200117Manchester 53.47 2.23 2.804185pr10000 535.471640 62 6972 18579 61551 169880 260974rat 13899.38 9625.43 4413.043 1863.449
hk08:57:38 19 19 16 11.5 1.87-99-2
um200117Manchester 53.47 2.23 2.804185pr10000 536.811640 116 143414 279603 549459 1121585 1438935rat 8977.016 6075.657 3127.668 1093.992
co08:57:39td: Running td from mcr-172 line -85.53
co08:57:41td: Time correction  .1 seconds
co08:57:41ua: Running ua from mcr-172 line -85.53
hk08:57:46 19 19 16 11.5 1.87-99-2
co09:00:00ua: UV timed  scan started
co09:08:28ua: UV timed  scan finished, incident DUV =  2.067895 mW/m^2
hk09:08:36 19 19 16 12.3 2.01-99-2
hpscan09:08:58 0 105099 10 154894 20 207897 30 260112 40 294776 50 319284 60 345135 70 350591 80 351326 90 351851 100 352118 110 340258 120 292047 130 240335 140 215586 150 168946 160 107373
hp09:09:54 .9926762 360196.2 80.4 19
co09:10:02af: Running af from mcr-172 line -85.53
co09:10:02af: Auto FR/HP/HG is now OFF
co09:10:02b1: Running b1 from mcr-172 line -85.53
co09:10:02kb: Running kb from mcr-172 line -85.53
hk09:10:07 19 19 16 11.5 1.88-99-2
hk09:10:45 19 19 16 11.5 1.87-99-2
um200117Manchester 53.47 2.23 2.804185pr10000 551.321640 71 9234 26691 96029 278175 422811rat 14822.08 10197.01 4626.657 1820.094
hk09:13:29 19 19 16 11.5 1.87-99-2
um200117Manchester 53.47 2.23 2.804185pr10000 552.661640 147 232546 447224 810433 1579834 1980241rat 8386.816 5540.668 2939.457 998.1446
hk09:16:13 19 19 16 11.5 1.87-99-2
co09:16:24hgfw2: HG FW#2 at step  0
hk09:16:33 19 19 16 11.5 1.87-99-2
hgscan 0wide 302warm= 524.378309:16:33JAN 20/17 260 355 1829 5899 10217 15039 19887 25088 29871 32164 32727 30077 26222 22249 17291 12211 7181 3523 2444 1542 1564 2485 3442 7089 12273 17321 22297 26439 30397 33195 32574 30562 25542 20508 15567 10578 6224 2098 435 315
hg09:17:48 .9992 285.1563 285 65922 19-1
co09:17:50an: Running an from mcr-172 line -85.53
co09:17:50an: Auto FR/HP/HG is now ON
co09:17:50kb: Running kb from mcr-172 line -85.53
hk09:17:55 19 19 16 11.5 1.88-99-2
hk09:18:46 19 19 16 12.3 2.01-99-2
um200117Manchester 53.47 2.23 2.804185pr10000 559.341640 101 10540 31901 119601 345731 518366rat 15203.7 10372.44 4620.364 1762.461
hk09:21:30 19 19 15 10.7 1.74-99-2
um200117Manchester 53.47 2.23 2.804185pr10000 560.671640 156 288568 548162 954586 1824811 2262270rat 8086.481 5291.489 2860.676 952.7383
co09:24:10kb: Running kb from mcr-172 line -85.53
hk09:24:15 19 19 14 10.7 1.74-99-2
hk09:24:57 19 19 15 10.7 1.74-99-2
um200117Manchester 53.47 2.23 2.804185pr10000 565.531640 91 11432 36444 139395 400198 592681rat 15482.5 10429.81 4592.047 1710.004
hk09:27:41 19 19 15 11.5 1.87-99-2
um200117Manchester 53.47 2.23 2.804185pr10000 566.861640 138 332184 626371 1060903 2003847 2469644rat 7889.387 5124.723 2812.965 929.0078
co09:27:43td: Running td from mcr-172 line -82.48001
co09:27:44td: Time correction  0 seconds
co09:27:45ua: Running ua from mcr-172 line -82.48001
hk09:27:50 19 19 15 11.5 1.87-99-2
co09:30:00ua: UV timed  scan started
co09:38:29ua: UV timed  scan finished, incident DUV =  3.664124 mW/m^2
hk09:38:48 19 19 16 12.3 2.01-99-3
dsa0 579.310620 46 39 87 1036 9093 46260 89092rat 25737.64 14143.18 5884.078 1713.875
dsa0 5800620 39 30 80 1153 9595 49016 93499rat 25839.94 13895.55 5906.094 1679.391
dsa0 580.690620 42 38 94 1213 10192 50964 97188rat 25543.61 13884.44 5823.289 1686.125
dsa0 581.380620 51 31 79 1261 10765 53427 102001rat 26445.35 13907.92 5795.625 1698.297
dsa0 582.070620 43 34 89 1357 11375 55596 106049rat 26052.74 13780.09 5737.11 1701.875
summary09:40:41JAN 20/17 81.037 5.729 19ds 0 25924 13922 5829 1696 20497 8125-10.7 327.5 345 134 68 14 339 100 3.5 3.3
summary09:40:41JAN 20/17 80.914 5.668 19aode 0 0 0 194 145 148 129 122.4 0 0 0 24 11 10 5 2.7 0
hk09:42:42 19 19 16 11.5 1.88-99-3
zsa0 583.040620 570 36 1748 8004 34213 98158 146817rat 17578.65 10907.13 4582.621 1747.738
zsa0 583.730620 566 30 1760 8159 34943 99726 148752rat 17602.52 10889.52 4559.285 1735.723
zsa0 584.420620 579 37 1783 8281 35625 101028 150246rat 17618.74 10884.7 4532.25 1722.902
zsa0 585.110620 583 51 1789 8388 35893 102227 151959rat 17689.48 10886.77 4552.133 1721.145
zsa0 585.80620 578 38 1816 8683 36364 103234 153883rat 17633.91 10772.44 4537.082 1733.145
zsa0 586.490620 589 33 1830 8720 36976 104884 155578rat 17657.04 10820.67 4533.149 1711.774
zsa0 587.180620 611 33 1856 8865 37650 105901 157614rat 17636.68 10790.79 4496.582 1726.453
summary09:45:06JAN 20/17 80.644 5.539 19zs 0 17631 10850 4542 1728 12100 5641 2.7 175.4 37 54 27 12 70 46 17.5 43.4
hk09:47:44 19 19 16 11.5 1.88-99-3
dsa0 588.150620 40 27 139 2382 18299 84198 155479rat 24982.4 13212.69 5533.797 1621.172
dsa0 588.840620 39 27 135 2491 19388 88884 163444rat 25397.98 13265.43 5524.453 1609.305
dsa0 589.530620 48 43 139 2651 20475 92394 170140rat 26099.87 13200.47 5464.969 1622.383
dsa0 590.220620 39 52 143 2556 19925 86781 159409rat 26079.92 13116.82 5318.266 1617.188
dsa0 590.910620 44 37 163 2868 22092 98668 190285rat 25247.65 13156.6 5431.625 1836.227
summary09:49:31JAN 20/17 80.26 5.362 19ds 0 25562 13190 5455 1661 20246 7639-2 323.4 505 56 87 98 678 181 3.3 8.399999
summary09:49:31JAN 20/17 80.142 5.31 19aode 0 0 0 142 125 128 121 120.2 0 0 0 30 20 15 9 6.6 0
co09:51:16kb: Running kb from mcr-172 line -82.48001
hk09:51:21 18 18 16 41.6 6.38-99-3
hk09:51:54 19 19 16 36.8 5.99-99-3
um200117Manchester 53.47 2.23 2.804185pr10000 592.481640 88 16988 64387 254296 677617 967276rat 16053.33 10255.09 4276.735 1555.789
hk09:54:38 19 19 16 31.9 5.19-99-3
um200117Manchester 53.47 2.23 2.804185pr10000 593.811640 202 559343 1006883 1543338 2785916 3353808rat 7091.52 4519.504 2635.176 834.0078
co09:55:03um: HOME key pressed
co09:55:28skc: Going to menu
co09:55:54pdazzesi: Running pdazzesi from menu line -200
co09:56:01az: Running az from menu line -200
co09:56:31az: Azimuth discrepancy = -3
co09:56:54ze: Running ze from menu line -200
co09:57:11ze: Zenith discrepancy =  0
co09:57:11si: Running si from menu line -200
co09:59:22si: New SI, HC = -1, NC =  220  Old = -1 ,  220
co09:59:32skc: Starting schedule mcr-172
co09:59:32td: Running td from mcr-172 line -79.78
co09:59:34td: Time correction  .2 seconds
co09:59:34ua: Running ua from mcr-172 line -79.78
hk09:59:39 19 19 16 28.6 4.66-99-2
co10:01:00ua: UV timed  scan started
co10:09:29ua: UV timed  scan finished, incident DUV =  5.642864 mW/m^2
hk10:09:34 19 19 16 26.2 4.26-99-2
hpscan10:09:56 0 86593 10 135699 20 199715 30 252125 40 285822 50 315550 60 342922 70 351070 80 351566 90 352102 100 352155 110 344044 120 300462 130 251512 140 222404 150 179310 160 113267
hp10:10:52 .9940135 360079.7 82.3 19
co10:11:00af: Running af from mcr-172 line -79.78
co10:11:00af: Auto FR/HP/HG is now OFF
co10:11:00b1: Running b1 from mcr-172 line -79.78
hk10:11:13 19 18 15 45.7 7.01-99-2
dsa0 611.640620 89 33 824 12661 80785 302243 514621rat 22668.53 11863.38 4824.672 1450.797
dsa0 612.330620 86 50 884 13210 83842 310119 527885rat 22565.15 11805.19 4780.36 1454.234
dsa0 613.020620 98 48 907 13547 86580 317695 538688rat 22556.08 11808.72 4749.985 1441.508
dsa0 613.710620 97 40 954 14489 91456 334231 566600rat 22521.79 11743.56 4737.125 1445.391
dsa0 614.410620 90 43 1023 14917 94321 343745 580587rat 22355.43 11748.88 4729.828 1433.68
summary10:13:01JAN 20/17 78.371 4.626 19ds 0 22533 11794 4764 1445 17909 6955-2.5 331.7 114 49 39 8 93 29 .7 1.8
summary10:13:01JAN 20/17 78.268 4.592 19aode 0 0 0 112 95 100 96 97.4 0 0 0 5 3 4 3 2.9 0
hk10:14:50 19 20 16 36.8 6.36-99-1
co10:14:56hgfw2: HG FW#2 at step  0
hk10:16:08 19 20 16 35.2 6.07-99-2
hgscan 0wide 302warm= 91.6133210:16:08JAN 20/17 251 368 1012 4824 9117 13529 18206 22966 27468 30253 30917 28862 25113 21192 16695 12047 7311 3386 2367 1473 1531 2386 3351 7283 11986 16605 21514 25355 29297 31719 31300 28837 24338 19521 14645 9752 5491 1547 423 323
hg10:17:23 .999 285.9521 286 62636 19 0
co10:17:25an: Running an from mcr-172 line -79.78
co10:17:25an: Auto FR/HP/HG is now ON
hk10:17:46 19 19 16 32.7 5.33-99-2
zsa0 618.110620 904 37 3284 17250 69089 173503 245055rat 17281.79 10044.09 4007.32 1501.199
zsa0 618.80620 936 40 3340 17461 69868 175007 247189rat 17249.07 10029.5 3996.293 1501.461
zsa0 619.490620 931 60 3381 17685 70295 176176 249238rat 17250.07 10007.48 3999.559 1508.641
zsa0 620.180620 939 34 3387 17840 70905 177512 250539rat 17242.04 9996.699 3993.953 1498.25
zsa0 620.870620 934 40 3472 18107 71720 178728 252654rat 17170.54 9963.121 3974.215 1505.254
zsa0 621.560620 969 36 3473 18245 72557 180305 254419rat 17202.65 9967.539 3961.899 1497.328
zsa0 622.250620 950 48 3553 18554 73495 181676 256559rat 17150.33 9930.016 3939.465 1500.984
summary10:20:10JAN 20/17 77.849 4.456 19zs 0 17221 9991 3982 1502 12415 5447-35.2 314.7 47 40 24 4 49 29 1.2 2.4
co10:22:36kb: Running kb from mcr-172 line -79.78
hk10:22:41 19 19 16 27.9 4.53-99-2
hk10:23:09 19 19 16 27 4.4-99-2
um200117Manchester 53.47 2.23 2.804185pr10000 623.731640 96 26249 111732 422086 1025241 1410343rat 15975.22 9675.16 3884.754 1400.844
hk10:25:53 19 19 16 24.6 4-99-2
um200117Manchester 53.47 2.23 2.804185pr10000 625.071640 259 849635 1461248 2072857 3594271 4256586rat 6415.516 4031.852 2479.07 769.6836
co10:25:55td: Running td from mcr-172 line -77.5
co10:25:56td: Time correction  0 seconds
co10:25:57ua: Running ua from mcr-172 line -77.5
hk10:26:02 19 19 16 24.6 4-99-1
co10:30:00ua: UV timed  scan started
co10:38:29ua: UV timed  scan finished, incident DUV =  7.661045 mW/m^2
hk10:38:36 19 19 16 16.4 2.67-99-2
hpscan10:38:58 0 106370 10 158178 20 212544 30 264888 40 299106 50 324120 60 346675 70 351395 80 351092 90 351926 100 351870 110 335672 120 286070 130 245835 140 214612 150 167302 160 98138
hp10:39:54 .9945012 359543.9 79.6 19
co10:40:01af: Running af from mcr-172 line -77.5
co10:40:01af: Auto FR/HP/HG is now OFF
co10:40:01b1: Running b1 from mcr-172 line -77.5
hk10:40:15 19 19 16 16.4 2.67-99-2
dsa0 640.670620 370 61 4284 47385 256737 802719 1279084rat 20142.34 10698.34 4213.867 1319.399
dsa0 641.360620 407 65 4417 48613 262170 816148 1298430rat 20092.97 10665.67 4198.219 1315.453
dsa0 642.050620 408 57 4496 49255 264940 823837 1309161rat 20056.38 10654.25 4196.047 1312.977
dsa0 642.740620 419 55 4663 50541 270024 837195 1329335rat 19973.89 10618.46 4186.766 1312.719
dsa0 643.440620 435 60 4863 51851 276709 855709 1356034rat 19898.74 10609.39 4179.258 1307.289
summary10:42:03JAN 20/17 76.42 4.045 19ds 0 20033 10649 4195 1314 15829 6319-2.2 333.5 97 36 13 4 84 23 .3 .5
summary10:42:03JAN 20/17 76.338 4.024 19aode 0 0 0 92 74 78 75 76.6 0 0 0 2 1 1 1 .7 0
hk10:43:51 19 19 16 15.6 2.54-99-2
co10:43:58hgfw2: HG FW#2 at step  0
hk10:45:10 19 19 16 14.8 2.41-99-2
hgscan 0wide 302warm= 553.403310:45:10JAN 20/17 260 337 949 4684 8846 13245 18056 23120 27615 30139 31079 29092 25350 21466 17065 12363 7552 3480 2408 1559 1562 2438 3499 7618 12081 17053 21555 25511 29440 32001 31134 28663 24164 19229 14081 9544 5395 1332 400 297
hg10:46:24 .9989 286.375 286 63080 19 0
co10:46:26an: Running an from mcr-172 line -77.5
co10:46:26an: Auto FR/HP/HG is now ON
co10:46:26b2: Running b2 from mcr-172 line -77.5
hk10:46:40 19 19 16 14.8 2.41-99-2
dsa0 647.080620 523 56 5524 56877 299334 908674 1431512rat 19641.81 10497.53 4113.813 1295.484
dsa0 647.770620 528 64 5551 57436 300308 909727 1432233rat 19638.92 10465.02 4106.883 1294.57
dsa0 648.460620 543 62 5774 58789 307703 929923 1461820rat 19569.21 10465.62 4100.18 1291.188
dsa0 649.150620 542 58 5919 59820 312438 941381 1480205rat 19518.99 10448.54 4089.867 1295.141
dsa0 649.850620 551 55 5953 60571 313740 943121 1478612rat 19506.95 10406.59 4081.922 1283.977
summary10:48:27JAN 20/17 76.051 3.95 19ds 0 19575 10457 4099 1292 15441 6211-2.5 333.5 64 33 13 5 56 21 .5 .6
summary10:48:27JAN 20/17 75.974 3.931 19aode 0 0 0 100 81 85 81 82.2 0 0 0 2 1 1 1 1.6 0
hk10:51:30 19 19 16 12.3 2.01-99-2
sla 0 651.830620 995327 173 1132688 1291633 1552467 1713602 1856623rat 1854.633 1272.609 443.961 359.2578
sla 0 652.510620 994828 175 1133144 1291246 1552106 1713276 1857489rat 1851.965 1273.098 444.1485 362.2539
sla 0 653.190620 995808 182 1132952 1291263 1552450 1714020 1858210rat 1854.707 1275.016 445.1211 362.0625
sla 0 653.860620 995354 168 1132515 1292232 1551587 1713748 1857783rat 1855.703 1270.906 446.9258 361.7227
sla 0 654.540620 995868 176 1132007 1291386 1552605 1714645 1857846rat 1860.098 1276.238 446.3242 359.5
sla 0 655.220620 995155 175 1132668 1291631 1552145 1714790 1855594rat 1857.867 1275.77 448.0664 353.5625
sla 0 655.90620 994838 173 1132941 1291175 1552330 1713255 1856369rat 1852.707 1273.281 443.4297 359.5547
summary10:53:51JAN 20/17 84.315 7.874 19sl 0 1855 1274 445 360 704 440 1132702 1857130 3 2 2 3 11 6 547.4 632
co10:56:16td: Running td from mcr-172 line -75.68
co10:56:17td: Time correction  0 seconds
co10:56:18ua: Running ua from mcr-172 line -75.68
hk10:56:23 19 19 16 12.3 2.01-99-2
co11:00:00ua: UV timed  scan started
co11:08:29ua: UV timed  scan finished, incident DUV =  9.531876 mW/m^2
hk11:08:35 19 19 16 9.899999 1.61-99-2
hpscan11:08:57 0 109230 10 154896 20 209882 30 258776 40 295541 50 322066 60 346440 70 350900 80 351287 90 351731 100 352017 110 337635 120 285654 130 243622 140 213645 150 168272 160 99594
hp11:09:52 .993507 360052 80.3 19
co11:10:00af: Running af from mcr-172 line -75.68
co11:10:00af: Auto FR/HP/HG is now OFF
co11:10:00b1: Running b1 from mcr-172 line -75.68
hk11:10:14 19 19 16 9.899999 1.61-99-2
dsa64 670.740620 444 47 3964 34466 166938 470977 725294rat 18385.74 9894.946 3818.313 1218.961
dsa64 671.430620 406 48 3717 32159 154747 437716 673226rat 18352.34 9877.43 3828.492 1212.477
dsa64 672.120620 419 50 3932 33670 162167 456013 701394rat 18291.7 9860.555 3805.524 1215.086
dsa64 672.820620 452 49 4036 34530 165820 465173 714800rat 18267.73 9840.859 3797.078 1212.688
dsa64 673.510620 442 47 3977 34467 165041 463522 711999rat 18319.14 9835.703 3803.258 1212.18
summary11:12:07JAN 20/17 74.888 3.679 19ds 1 18323 9862 3811 1214 14438 5892-1.9 332.8 47 25 13 3 43 16 .4 .4
summary11:12:07JAN 20/17 74.831 3.667 19aode 1 0 0 121 104 108 105 107.5 0 0 0 7 8 8 8 7.9 0
hk11:13:56 19 19 16 9.899999 1.61-99-2
co11:14:03hgfw2: HG FW#2 at step  0
hk11:15:08 19 19 16 9.899999 1.61-99-2
hgscan 0wide 302warm= 121.593311:15:08JAN 20/17 284 368 1079 5079 9401 14136 19066 24175 29343 31680 32430 30254 26216 22048 17211 12701 7701 3617 2585 1697 1690 2635 3627 7723 12731 17472 22348 26677 30733 33355 32765 30149 25042 19892 14804 9898 5523 1412 456 301
hg11:16:23 .9988 286.1022 286 65785 19 0
co11:16:25an: Running an from mcr-172 line -75.68
co11:16:25an: Auto FR/HP/HG is now ON
hk11:16:46 19 19 16 9.100001 1.48-99-2
zsa0 677.110620 1729 36 7403 36092 128428 284148 383419rat 15878.72 8986.215 3462.402 1306.059
zsa0 677.80620 1748 43 7434 36122 129402 284655 383356rat 15872.29 8991.141 3437.399 1297.559
zsa0 678.480620 1785 42 7485 36307 129893 285484 384964rat 15854.58 8981.531 3433.602 1303.191
zsa0 679.170620 1757 39 7558 36397 130368 285659 385772rat 15813.17 8973.129 3420.317 1309.695
zsa0 679.860620 1801 36 7526 36591 130710 287162 386215rat 15852.97 8972.649 3431.809 1291.762
zsa0 680.550620 1838 37 7635 36878 131084 287980 387751rat 15803.21 8951.199 3431.817 1296.734
zsa0 681.240620 1776 49 7637 36981 131486 287978 388645rat 15808.72 8940.262 3418.652 1306.918
summary11:19:10JAN 20/17 74.606 3.618 19zs 0 15841 8971 3434 1302 11675 5041-24.6 325.8 31 19 14 7 41 19 .7 2.1
co11:21:35kb: Running kb from mcr-172 line -75.68
hk11:21:40 19 19 16 9.100001 1.48-99-2
hk11:22:08 19 19 16 8.3 1.34-99-2
um200117Manchester 53.47 2.23 2.804185pr10000 682.711640 123 48299 201615 701599 1519484 2015697rat 15058.67 8843.301 3399.332 1250.082
hk11:24:53 19 19 15 8.3 1.34-99-2
um200117Manchester 53.47 2.23 2.804185pr10000 684.051640 273 1258204 2066588 2712827 4524289 5256103rat 5744.731 3548.953 2330.281 692.1016
co11:27:34td: Running td from mcr-172 line -74.38
co11:27:35td: Time correction -.2 seconds
co11:27:36ua: Running ua from mcr-172 line -74.38
hk11:27:40 19 19 15 8.3 1.34-99-2
co11:30:00ua: UV timed  scan started
co11:38:29ua: UV timed  scan finished, incident DUV =  10.96274 mW/m^2
hk11:38:47 19 19 16 7.4 1.21-99-2
dsa64 699.210620 816 41 6759 51708 235318 628839 945728rat 17460.94 9491.688 3635.211 1163.734
dsa64 699.90620 813 59 6709 51318 233351 623276 935513rat 17468.32 9488.368 3633.602 1155.352
dsa64 700.60620 819 46 6771 51290 232994 621198 932195rat 17407.53 9476.562 3626.164 1154.945
dsa64 701.290620 818 52 6790 51354 232668 619800 930505rat 17391.06 9462.844 3622.953 1157.359
dsa64 701.980620 804 52 6960 52531 236579 629427 945161rat 17353.47 9433.836 3618.922 1159.617
summary11:40:35JAN 20/17 73.93 3.482 19ds 1 17416 9471 3627 1158 13710 5688-2.3 334.5 49 23 7 4 49 21 .4 1.4
summary11:40:35JAN 20/17 73.89701 3.475 19aode 1 0 0 115 96 102 98 100.5 0 0 0 4 4 4 3 3.3 0
hk11:42:37 19 19 16 7.5 1.21-99-1
zsa0 702.960620 2086 45 8966 41981 146392 313782 418752rat 15481.49 8763.637 3326.074 1258.742
zsa0 703.650620 2107 34 9048 41954 146513 313394 417962rat 15431.18 8760.028 3316.871 1255.836
zsa0 704.340620 2125 45 9072 42182 147130 313702 419654rat 15429.06 8741.734 3303.024 1269.313
zsa0 705.030620 2084 40 8992 42265 147110 315328 420471rat 15488.02 8755.368 3326.18 1255.199
zsa0 705.720620 2153 46 9090 42413 147677 315343 421618rat 15443.73 8740.899 3309.703 1266.973
zsa0 706.410620 2125 57 9153 42764 147987 316633 421671rat 15436.56 8723.879 3318.617 1249.676
zsa0 707.090620 2176 47 9158 42839 148330 317555 423105rat 15442.27 8728.109 3321.102 1251.824
summary11:45:01JAN 20/17 73.826 3.462 19zs 0 15450 8745 3317 1258 11424 4947-22.5 326.9 25 15 9 7 36 15 .6 1.5
hk11:47:39 19 19 16 6.6 1.08-99-2
dsa64 708.070620 900 47 7404 54755 245994 648769 970206rat 17232.31 9398.156 3587.43 1147.609
dsa64 708.760620 902 53 7466 55342 250565 659194 987116rat 17271.71 9423.812 3578.024 1154.766
dsa64 709.450620 920 53 7723 56982 256164 673380 1008716rat 17219.75 9392.016 3576.094 1157.75
dsa64 710.140620 930 47 7536 55521 249513 656652 983556rat 17213.59 9394.227 3580.219 1156.602
dsa64 710.830620 907 64 7481 55332 248438 652143 976186rat 17226.9 9381.008 3569.383 1154.094
summary11:49:26JAN 20/17 73.733 3.444 19ds 1 17233 9398 3578 1154 13540 5647-2.7 334.7 24 16 7 4 28 16 .3 1.1
summary11:49:26JAN 20/17 73.707 3.439 19aode 1 0 0 120 99 103 99 101 0 0 0 3 4 4 4 4.2 0
co11:51:11kb: Running kb from mcr-172 line -74.38
hk11:51:16 19 19 16 6.6 1.08-99-2
hk11:51:50 19 19 16 6.6 1.08-99-2
um200117Manchester 53.47 2.23 2.804185pr10000 712.41640 113 55831 228312 779524 1642750 2160903rat 14772.71 8647.328 3283.395 1214.84
hk11:54:34 19 19 16 5.8 .95-99-2
um200117Manchester 53.47 2.23 2.804185pr10000 713.741640 283 1361704 2215224 2860303 4734023 5476945rat 5605.676 3448.738 2301.719 675.0938
co11:57:14ua: Running ua from mcr-172 line -73.62
hk11:57:19 19 19 15 6.6 1.08-99-2
co12:00:00ua: UV timed  scan started
co12:08:29ua: UV timed  scan finished, incident DUV =  11.78082 mW/m^2
hk12:08:35 19 19 16 5.8 .95-99-2
hpscan12:08:57 0 116455 10 165327 20 217182 30 267391 40 301171 50 325699 60 347628 70 350807 80 350774 90 351671 100 351346 110 333288 120 281462 130 236488 140 206650 150 156985 160 90317
hp12:09:52 .9936739 359933.1 78.6 19
co12:10:00af: Running af from mcr-172 line -73.62
co12:10:00af: Auto FR/HP/HG is now OFF
co12:10:00b1: Running b1 from mcr-172 line -73.62
hk12:10:14 19 19 16 5.8 .95-99-2
dsa64 730.660620 1092 50 8834 63227 279731 726514 1081606rat 17002.09 9296.906 3537.492 1143.172
dsa64 731.350620 1073 53 8935 63770 283076 735159 1093788rat 17006.92 9312.672 3538.094 1141.07
dsa64 732.040620 1074 53 8758 62768 278466 722939 1076058rat 17020.75 9307.766 3535.875 1142.383
dsa64 732.730620 1087 56 8734 62760 276802 717473 1070010rat 17001.26 9275.289 3528.719 1150.961
dsa64 733.420620 1076 65 8885 62991 278144 720779 1073392rat 16951.06 9280.227 3528.008 1144.734
summary12:12:02JAN 20/17 73.455 3.391 19ds 1 16996 9295 3534 1144 13334 5582-2.6 334.3 27 17 5 4 31 20 .5 1.7
summary12:12:02JAN 20/17 73.448 3.391 19aode 1 0 0 114 93 97 93 94.4 0 0 0 3 4 3 3 3.3 0
hk12:13:51 19 19 16 5.8 .95-99-2
co12:13:58hgfw2: HG FW#2 at step  0
hk12:15:09 19 19 16 5.8 .95-99-2
hgscan 0wide 302warm= 613.408312:15:09JAN 20/17 241 339 1144 4832 8841 13367 17877 23030 27600 30296 31103 29440 25792 21755 17234 12328 7531 3484 2410 1583 1581 2463 3506 7546 12516 17418 21986 25882 30014 31960 31512 28922 23938 19203 14307 9609 5299 1418 411 287
hg12:16:23 .999 286.602 287 63063 19 1
co12:16:25an: Running an from mcr-172 line -73.62
co12:16:25an: Auto FR/HP/HG is now ON
hk12:16:46 19 19 16 5.8 .95-99-2
zsa0 737.110620 2358 45 9957 45549 155086 328102 434822rat 15219.4 8604.098 3269.942 1228.688
zsa0 737.80620 2327 34 9898 45253 154701 326614 433726rat 15220.71 8611.644 3260.695 1237.481
zsa0 738.490620 2366 47 9902 45602 155241 327649 434780rat 15238.36 8593.144 3259.559 1234.32
zsa0 739.180620 2321 41 9940 45501 156034 327810 435700rat 15221.25 8604.453 3239.395 1241.438
zsa0 739.860620 2359 53 9917 45477 156044 328602 436158rat 15247.05 8618.312 3249.871 1235.516
zsa0 740.550620 2317 52 9846 45348 155941 328246 435767rat 15273.25 8625.84 3247.977 1236.328
zsa0 741.240620 2367 46 9941 45481 156059 328685 436408rat 15234.61 8618.461 3250.445 1236.91
summary12:19:10JAN 20/17 73.434 3.388 19zs 0 15236 8611 3254 1236 11282 4883-20.8 325 19 11 10 4 22 12 .6 1.5
hk12:21:48 19 19 16 5 .81-99-2
dsa64 742.210620 1064 52 8651 61733 272524 706973 1052665rat 16977.66 9282.789 3532.117 1143.688
dsa64 742.910620 1065 62 8613 61676 272553 706920 1051943rat 17001.59 9287.125 3531.422 1140.969
dsa64 743.60620 1068 71 8623 61777 272869 708193 1053525rat 17008.99 9288.539 3534.406 1139.742
dsa64 744.290620 1096 49 8510 61257 270922 703993 1047650rat 17028.63 9297.203 3539 1140.867
dsa64 744.980620 1069 50 8634 61242 269869 700686 1043006rat 16945.09 9277.492 3535.211 1141.852
summary12:23:35JAN 20/17 73.437 3.388 19ds 1 16992 9287 3534 1141 13340 5579-2.4 334.3 32 8 3 2 35 8 .1 .7
summary12:23:35JAN 20/17 73.441 3.389 19aode 1 0 0 121 101 106 102 103.5 0 0 0 3 2 2 2 1.5 0
co12:25:20ua: Running ua from mcr-172 line -73.62
hk12:25:24 19 19 16 5 .81-99-2
co12:30:00ua: UV timed  scan started
co12:38:29ua: UV timed  scan finished, incident DUV =  11.82981 mW/m^2
hk12:38:34 19 19 16 5 .81-99-2
hpscan12:38:56 0 104511 10 154309 20 207665 30 258636 40 290815 50 320418 60 346401 70 350996 80 351624 90 352329 100 352546 110 339721 120 293831 130 252899 140 220536 150 170655 160 104977
hp12:39:52 .9955667 359992 81.5 19
co12:40:00af: Running af from mcr-172 line -73.62
co12:40:00af: Auto FR/HP/HG is now OFF
co12:40:00b1: Running b1 from mcr-172 line -73.62
hk12:40:14 19 19 16 5 .81-99-2
dsa64 760.660620 1022 49 7968 58321 258932 677313 1011644rat 17129.21 9330.203 3561.367 1151.149
dsa64 761.350620 975 58 7943 58231 259143 677390 1010735rat 17147.07 9337.258 3558.039 1146.289
dsa64 762.040620 977 57 7976 58286 259467 680145 1015503rat 17145.05 9350.234 3570.125 1149
dsa64 762.740620 948 51 7811 56958 253899 667276 996378rat 17147.43 9364.883 3580.078 1148.242
dsa64 763.430620 943 61 7747 56864 253869 665126 994048rat 17173.42 9357.711 3566.055 1151.734
summary12:42:02JAN 20/17 73.584 3.415 19ds 1 17148 9348 3567 1149 13471 5611-2.2 334.4 18 14 9 2 16 11 .3 .7
summary12:42:02JAN 20/17 73.602 3.419 19aode 1 0 0 121 102 107 103 105.4 0 0 0 3 3 3 2 2.1 0
hk12:43:51 19 19 17 5 .81-99-2
co12:43:58hgfw2: HG FW#2 at step  0
hk12:45:08 19 19 16 5 .81-99-2
hgscan 0wide 302warm= 151.583312:45:08JAN 20/17 249 359 1463 5388 9554 14138 19049 23963 28397 30664 31319 28570 24947 20935 16298 11563 6744 3233 2287 1407 1414 2331 3250 6742 11489 16267 20954 25151 29073 32087 31737 29646 25194 20250 15226 10409 6039 2042 455 325
hg12:46:23 .9989 284.8137 285 63406 19-1
co12:46:25an: Running an from mcr-172 line -73.62
co12:46:25an: Auto FR/HP/HG is now ON
hk12:46:46 19 19 16 5 .81-99-2
zsa0 767.110620 2272 49 9451 43400 149996 317986 422923rat 15311.61 8677.586 3278.356 1244
zsa0 767.790620 2198 41 9494 43425 150005 318042 423062rat 15288.99 8675.164 3278.742 1244.649
zsa0 768.480620 2265 40 9347 43373 149482 317428 422723rat 15348.16 8671.824 3285.5 1249.586
zsa0 769.170620 2211 44 9423 43287 149299 317819 423205rat 15320.02 8686.207 3296.297 1249.207
zsa0 769.860620 2184 40 9353 43392 148917 317420 422205rat 15345.25 8669.812 3301.902 1244.309
zsa0 770.550620 2202 51 9341 43208 148985 316870 422493rat 15348.24 8681.66 3292.485 1254.938
zsa0 771.240620 2178 47 9268 43013 148901 316503 422126rat 15375.6 8695.93 3289.805 1256.188
summary12:49:10JAN 20/17 73.698 3.437 19zs 0 15334 8680 3289 1249 11337 4912-21.6 324.5 29 9 9 5 20 9 .6 1.4
hk12:51:48 19 19 16 4.2 .68-99-2
dsa64 772.210620 893 57 7395 55420 250254 662110 991592rat 17334.09 9436.696 3602.633 1155.094
dsa64 772.90620 867 61 7143 53520 241038 638475 957344rat 17325.74 9427.024 3605.516 1158.469
dsa64 773.590620 827 42 6894 52146 234341 620711 931495rat 17342.71 9412.992 3603.266 1160.555
dsa64 774.280620 831 45 6926 52496 236267 626593 939014rat 17364.08 9424.571 3608.617 1154.188
dsa64 774.970620 849 51 6933 52676 238011 631840 948149rat 17398.31 9445.774 3612.805 1159.977
summary12:53:35JAN 20/17 73.784 3.453 19ds 1 17353 9429 3607 1158 13648 5658-2 334.7 30 12 4 3 28 13 .4 1.2
summary12:53:35JAN 20/17 73.814 3.459 19aode 1 0 0 120 102 107 103 105.9 0 0 0 5 6 6 6 6.2 0
co12:55:19ua: Running ua from mcr-172 line -73.62
hk12:55:24 19 19 16 4.2 .68-99-2
co13:00:00ua: UV timed  scan started
co13:08:28ua: UV timed  scan finished, incident DUV =  11.08794 mW/m^2
hk13:08:35 19 19 17 4.2 .68-99-2
hpscan13:08:58 0 111163 10 163718 20 218838 30 270104 40 302770 50 326970 60 348010 70 350934 80 351357 90 351491 100 352075 110 332320 120 281156 130 243154 140 210147 150 159482 160 90283
hp13:09:53 .9945274 359441.3 78.4 19
co13:10:01af: Running af from mcr-172 line -73.62
co13:10:01af: Auto FR/HP/HG is now OFF
co13:10:01b1: Running b1 from mcr-172 line -73.62
hk13:10:16 19 19 17 4.2 .68-99-2
dsa64 790.680620 704 58 5978 47513 220502 600133 909472rat 17765.93 9631.75 3702.235 1185.484
dsa64 791.370620 679 47 5899 47334 219251 595858 902446rat 17781.43 9613.727 3694.469 1181.602
dsa64 792.060620 675 42 5796 46422 216303 589041 892074rat 17801.48 9645.625 3702.024 1180.211
dsa64 792.760620 640 57 5703 45686 213671 583206 884193rat 17835.9 9670.196 3710.649 1183.625
dsa64 793.450620 638 49 5784 46183 214570 587800 892561rat 17799.43 9655.047 3725.875 1190.008
summary13:12:03JAN 20/17 74.278 3.551 19ds 1 17797 9643 3707 1184 14007 5777-2.3 335.3 27 22 12 4 30 18 .4 1.4
summary13:12:03JAN 20/17 74.324 3.56 19aode 1 0 0 103 84 89 85 87.2 0 0 0 3 1 1 1 1.3 0
hk13:13:52 19 19 17 4.2 .68-99-2
co13:13:59hgfw2: HG FW#2 at step  0
hk13:15:09 19 19 16 4.2 .68-99-2
hgscan 0wide 302warm= 643.4313:15:09JAN 20/17 261 342 1051 4866 8908 13699 18447 23168 27621 30544 31272 29265 25473 21577 16916 12228 7478 3467 2366 1515 1538 2410 3438 7340 12148 16842 21659 25540 29630 32180 31612 28965 24589 19676 14489 9802 5677 1640 423 290
hg13:16:24 .9989 286.0523 286 63452 19 0
co13:16:26an: Running an from mcr-172 line -73.62
co13:16:26an: Auto FR/HP/HG is now ON
hk13:16:47 19 19 17 3.4 .55-99-2
zsa0 797.120620 1883 42 7899 37625 133242 290194 390510rat 15691.06 8897.965 3394.25 1294.336
zsa0 797.810620 1885 46 7837 37534 132421 289566 389096rat 15718.16 8899.422 3411.777 1287.918
zsa0 798.50620 1849 37 7796 37270 131934 287647 387106rat 15707.07 8900.125 3398.578 1294.492
zsa0 799.190620 1812 44 7786 37161 131403 287009 386692rat 15706.77 8903.863 3406.559 1299.547
zsa0 799.880620 1851 45 7705 36895 131054 286289 385439rat 15742.02 8924.25 3407.188 1296.293
zsa0 800.570620 1822 46 7646 36535 130217 285524 384460rat 15764.45 8955.316 3423.43 1296.844
zsa0 801.260620 1842 33 7605 36559 129945 284800 382884rat 15769.57 8939.992 3421.195 1289.891
summary13:19:11JAN 20/17 74.525 3.601 19zs 0 15728 8917 3409 1294 11587 5013-24 323.6 31 23 11 4 35 19 .7 1.7
hk13:21:49 19 19 17 4.2 .68-99-2
dsa64 802.230620 547 49 5009 42157 200533 559560 853479rat 18166.68 9806.477 3790.735 1195.258
dsa64 802.920620 553 53 4994 42128 200899 560589 857156rat 18186.93 9815.196 3789.617 1205.031
dsa64 803.620620 573 58 4944 42161 201246 562590 861085rat 18247.37 9825.602 3796.727 1208.602
dsa64 804.310620 554 50 4926 41932 200402 560288 857785rat 18234.41 9828.118 3795.774 1208.516
dsa64 8050620 523 49 4871 41631 198967 557020 852882rat 18252.5 9830.805 3800.031 1207.586
summary13:23:36JAN 20/17 74.693 3.637 19ds 1 18218 9821 3795 1205 14362 5875-2.1 335.3 38 10 4 6 24 3 .3 .8
summary13:23:36JAN 20/17 74.748 3.648 19aode 1 0 0 82 65 70 66 68.6 0 0 0 4 3 3 3 3.1 0
co13:25:21td: Running td from mcr-172 line  74.74
co13:25:23td: Time correction  .7 seconds
co13:25:24ua: Running ua from mcr-172 line  74.74
hk13:25:29 19 19 17 4.2 .68-99-2
co13:30:00ua: UV timed  scan started
co13:38:29ua: UV timed  scan finished, incident DUV =  9.721688 mW/m^2
hk13:38:49 19 19 16 3.4 .55-99-2
dsa64 819.240620 355 42 3381 30461 152223 443039 689862rat 18740.43 10120.08 3931.477 1246.711
dsa64 819.930620 335 49 3186 29669 147976 432052 672530rat 18895.27 10121.8 3942.985 1242.93
dsa64 820.620620 324 48 3149 29006 144937 425148 661403rat 18869.52 10146.13 3961.188 1238.5
dsa64 821.310620 305 46 2977 27864 139395 409142 637002rat 18939.46 10148.21 3960.742 1239.125
dsa64 8220620 305 40 2893 27368 137917 406015 632221rat 19017.21 10188.27 3971.727 1237.906
summary13:40:37JAN 20/17 75.448 3.805 19ds 1 18892 10145 3954 1241 14921 6058-2.6 334.5 102 28 16 4 112 25 .6 1
summary13:40:37JAN 20/17 75.517 3.821 19aode 1 0 0 97 78 83 79 81.2 0 0 0 4 3 3 4 4.5 0
hk13:42:38 19 19 17 3.4 .55-99-2
zsa0 822.980620 1477 48 5967 29577 108877 246150 334975rat 16201.18 9226.129 3554.449 1341.734
zsa0 823.670620 1478 39 5881 29446 107826 244669 333348rat 16231.83 9217.894 3570.121 1346.75
zsa0 824.360620 1436 35 5825 29281 107344 243592 331809rat 16251.46 9222.543 3570.266 1345.731
zsa0 825.050620 1454 33 5816 28956 106270 241554 330137rat 16220.02 9234.125 3577.305 1360.32
zsa0 825.740620 1412 47 5828 28704 105773 240536 329189rat 16202.81 9255.566 3579.59 1366.242
zsa0 826.430620 1403 43 5681 28525 105190 239146 326448rat 16286.34 9256.918 3578.238 1354.93
zsa0 827.120620 1373 37 5652 28107 104072 237164 323562rat 16267.83 9283.984 3588.277 1352.367
summary13:45:02JAN 20/17 75.672 3.858 19zs 0 16237 9242 3574 1353 11909 5156-27.6 321.4 32 24 11 9 44 20 .9 2.4
hk13:47:41 19 19 17 2.6 .42-99-2
dsa64 828.090620 270 47 2454 24716 126468 381093 598873rat 19422.88 10321.47 4055.711 1261.594
dsa64 828.780620 222 50 2342 23689 121717 367850 577695rat 19473.9 10347.67 4065.656 1256.125
dsa64 829.470620 243 53 2292 22967 119124 360383 567340rat 19479.1 10389.09 4067.75 1264.531
dsa64 830.160620 236 38 2310 23088 120465 365279 574956rat 19467.86 10418.4 4075.727 1262.141
dsa64 830.850620 239 41 2390 23652 124293 377605 596000rat 19461.59 10455.1 4082.969 1273.227
summary13:49:28JAN 20/17 75.907 3.914 19ds 1 19461 10386 4070 1264 15418 6204-2.4 336 22 54 10 6 31 41 1.3 1.8
summary13:49:28JAN 20/17 75.983 3.933 19aode 1 0 0 87 69 75 71 74.1 0 0 0 7 5 5 6 6.8 0
co13:51:12kb: Running kb from mcr-172 line  74.74
hk13:51:17 19 19 17 3.4 .55-99-2
hk13:51:51 19 19 17 2.6 .42-99-2
um200117Manchester 53.47 2.23 2.804185pr10000 832.421640 112 35776 150918 547239 1245349 1679428rat 15485.14 9224.336 3607.242 1317.598
hk13:54:35 19 19 17 3.4 .55-99-2
um200117Manchester 53.47 2.23 2.804185pr10000 833.761640 255 1015738 1704430 2320978 3943475 4618398rat 6054.864 3773.516 2397.777 722.5586
co13:57:16td: Running td from mcr-172 line  76.21
co13:57:17td: Time correction  .1 seconds
co13:57:18ua: Running ua from mcr-172 line  76.21
hk13:57:22 19 19 16 3.4 .55-99-2
co14:00:00ua: UV timed  scan started
co14:08:29ua: UV timed  scan finished, incident DUV =  7.900768 mW/m^2
hk14:08:36 19 19 17 2.6 .42-99-2
hpscan14:08:59 0 113964 10 160976 20 214124 30 264593 40 294132 50 324829 60 347630 70 350518 80 351347 90 352075 100 351990 110 336552 120 284676 130 236244 140 208604 150 164113 160 99748
hp14:09:54 .9925819 360587.4 79.3 19
co14:10:02af: Running af from mcr-172 line  76.21
co14:10:02af: Auto FR/HP/HG is now OFF
co14:10:02b1: Running b1 from mcr-172 line  76.21
hk14:10:16 19 19 17 3.4 .55-99-2
dsa0 850.780620 229 47 2664 33657 193272 640342 1043073rat 21078.85 11098.49 4412.446 1366.594
dsa0 851.470620 220 55 2606 32757 188802 630038 1027144rat 21107.8 11139.48 4440.063 1366.703
dsa0 852.160620 223 51 2487 31705 183616 613365 1001149rat 21180.11 11156.73 4440.336 1368.008
dsa0 852.850620 204 55 2429 30674 178469 599670 979028rat 21182.1 11195.19 4461.813 1365.18
dsa0 853.540620 208 61 2306 29688 173346 584570 957443rat 21301.91 11219.43 4473.5 1375.477
summary14:12:09JAN 20/17 77.284 4.284 19ds 0 21170 11162 4446 1368 16791 6613-2.3 334.9 86 48 23 4 76 32 .4 .7
summary14:12:09JAN 20/17 77.377 4.311 19aode 0 0 0 79 62 67 64 65.5 0 0 0 3 2 2 2 1.5 0
hk14:13:58 19 19 17 2.6 .42-99-2
co14:14:04hgfw2: HG FW#2 at step  0
hk14:15:10 19 19 17 3.4 .55-99-2
hgscan 0wide 302warm= 211.614:15:10JAN 20/17 264 381 1191 4919 8975 13273 18316 23002 27652 30496 31129 29158 25311 21457 16787 12033 7435 3473 2372 1517 1458 2438 3427 7256 11910 16976 21630 25714 29708 31970 31451 28871 24357 19422 14414 9724 5561 1558 411 289
hg14:16:25 .9988 286.121 286 63099 19 0
co14:16:27an: Running an from mcr-172 line  76.21
co14:16:27an: Auto FR/HP/HG is now ON
co14:16:27b2: Running b2 from mcr-172 line  76.21
hk14:16:41 19 19 17 3.4 .55-99-2
dsa0 857.090620 172 53 1892 25163 149370 514316 849299rat 21548.85 11340.13 4542.36 1391.047
dsa0 857.780620 166 56 1742 23553 140885 486536 805907rat 21670.75 11377.49 4549.875 1399.531
dsa0 858.480620 146 81 1584 22061 132191 458740 760430rat 21899.2 11401.41 4566.063 1397.531
dsa0 859.170620 141 49 1577 21404 129222 450143 746999rat 21733.15 11436.79 4577.797 1398.391
dsa0 859.860620 149 50 1539 21171 127958 448719 746331rat 21819.95 11463.62 4603.36 1405.164
summary14:18:28JAN 20/17 77.71601 4.414 19ds 0 21734 11404 4568 1398 17260 6743-2 333.6 135 49 24 5 125 30 .8 .4
summary14:18:28JAN 20/17 77.814 4.445 19aode 0 0 0 93 78 83 80 82 0 0 0 7 5 5 6 5.9 0
hk14:21:31 19 19 18 2.6 .42-99-2
sla 0 861.850620 996055 169 1132811 1292395 1553071 1715496 1857680rat 1859.172 1274.973 447.2188 356.832
sla 0 862.520620 996283 172 1131788 1291794 1552872 1713841 1857653rat 1858.824 1272.684 443.418 361.1563
sla 0 863.20620 995887 183 1133319 1292719 1554134 1715213 1857969rat 1856.426 1273.109 443.375 358.2969
sla 0 863.880620 995089 170 1133122 1292372 1552395 1715652 1857829rat 1858.359 1275.477 449.6211 356.7852
sla 0 864.560620 995340 188 1132793 1291452 1552492 1714881 1858617rat 1857.641 1276.649 447.2969 360.7695
sla 0 865.240620 995962 172 1132664 1291764 1553878 1713663 1857392rat 1854.879 1272.297 439.9922 360.9961
sla 0 865.920620 996085 174 1132566 1291934 1552399 1714977 1856731rat 1858.766 1275.219 447.8164 355.8711
summary14:23:52JAN 20/17 114.382 2.382 19sl 0 1858 1274 446 359 710 442 1132723 1857696 2 2 3 2 8 4 316 0
co14:26:17td: Running td from mcr-172 line  78.18
co14:26:18td: Time correction  .1 seconds
co14:26:19ua: Running ua from mcr-172 line  78.18
hk14:26:24 19 19 18 3.4 .55-99-2
co14:30:00ua: UV timed  scan started
co14:38:29ua: UV timed  scan finished, incident DUV =  5.627271 mW/m^2
hk14:38:48 19 19 17 2.6 .42-99-2
co14:38:52ds: DS intensity too low ( 40/cy), skipping.
hk14:39:09 19 19 17 3.4 .55-99-2
zsa0 879.490620 740 41 2418 12030 49818 131363 189087rat 17422.83 10401.83 4217.399 1582.059
zsa0 880.180620 722 38 2381 11927 49215 130346 187949rat 17451.62 10404.44 4236.348 1589.555
zsa0 880.870620 733 39 2314 11848 48492 128744 185619rat 17525.6 10379.83 4246.907 1589.016
zsa0 881.560620 689 36 2336 11749 47878 127025 184248rat 17419.65 10356.81 4243.606 1615.215
zsa0 882.250620 695 31 2320 11490 47012 125610 181863rat 17391.81 10403.4 4273.922 1607.113
zsa0 882.940620 708 38 2298 11276 46698 124275 179792rat 17400.38 10441.18 4256.918 1603.781
zsa0 883.630620 687 32 2280 11162 46120 122895 178027rat 17375.05 10434.68 4262.094 1609.316
summary14:41:33JAN 20/17 79.469 5.029 19zs 0 17427 10403 4248 1599 12309 5560-32.1 279.2 50 29 18 13 80 39 3.9 11.2
hk14:44:10 19 19 16 2.6 .42-99-2
zsa0 884.50620 677 43 2220 10927 45147 121172 175928rat 17452.51 10469.85 4294.008 1619.215
zsa0 885.190620 670 27 2213 10723 44543 119566 173576rat 17377.01 10487.97 4293.492 1618.453
zsa0 885.880620 658 35 2149 10512 43934 118304 172477rat 17475.95 10531.31 4307.649 1637.063
zsa0 886.570620 657 35 2107 10441 43206 117120 170704rat 17519.26 10517.01 4336.524 1635.816
zsa0 887.260620 649 35 2101 10297 42680 115879 169067rat 17485.44 10531.13 4343.407 1640.188
zsa0 887.950620 659 47 2046 10164 42092 114782 167689rat 17586.72 10551.04 4363.106 1646.066
zsa0 888.640620 643 37 2027 9965 41773 114049 166894rat 17578.79 10605.44 4367.645 1653.133
summary14:46:34JAN 20/17 79.884 5.199 19zs 0 17497 10528 4329 1636 12262 5582-27.3 260.5 73 44 31 13 41 17 3.1 8.399999
hk14:49:11 19 19 16 2.6 .42-99-2
co14:49:16ds: DS intensity too low ( 12/cy), skipping.
hk14:49:32 19 19 16 2.6 .42-99-2
zsa0 889.880620 619 29 2031 9713 40509 111592 163523rat 17458.09 10618.95 4405.91 1658.902
zsa0 890.570620 644 36 1997 9536 39975 110509 161920rat 17505.2 10659.52 4421.641 1658.496
zsa0 891.260620 628 33 2017 9438 39237 108642 159908rat 17380.44 10629.06 4428.274 1678.149
zsa0 891.950620 585 42 1934 9214 38365 107078 157070rat 17523.11 10674.49 4463.539 1663.34
zsa0 892.640620 620 31 1900 9112 38231 106004 156045rat 17532.77 10674.34 4434.047 1678.551
zsa0 893.330620 606 40 1850 8934 37473 104164 153475rat 17595.43 10688.07 4445.571 1682.52
zsa0 894.020620 589 34 1860 8674 36768 102892 151858rat 17503.93 10760.66 4474.242 1689.762
summary14:51:57JAN 20/17 80.342 5.398 19zs 0 17500 10672 4439 1673 12147 5609-16.2 225.1 67 47 24 13 72 28 5.6 15
co14:54:22kb: Running kb from mcr-172 line  78.18
hk14:54:27 19 19 16 2.6 .42-99-2
hk14:54:55 19 19 16 2.6 .42-99-2
um200117Manchester 53.47 2.23 2.804185pr10000 895.491640 101 15541 56132 220356 594977 853761rat 15876.02 10283.54 4331.524 1576.711
hk14:57:39 19 19 16 2.6 .42-99-2
um200117Manchester 53.47 2.23 2.804185pr10000 896.831640 177 470592 854756 1343818 2444540 2960949rat 7258.5 4651.215 2659.633 857.1211
co14:57:41td: Running td from mcr-172 line  80.6
co14:57:43td: Time correction  .1 seconds
co14:57:43ua: Running ua from mcr-172 line  80.6
hk14:57:48 19 19 17 1.7 .28-99-2
co15:00:00ua: UV timed  scan started
co15:08:28ua: UV timed  scan finished, incident DUV =  3.754708 mW/m^2
hk15:08:34 19 19 16 2.6 .42-99-2
hpscan15:08:57 0 92514 10 145432 20 206300 30 258200 40 291176 50 320835 60 345486 70 350609 80 351665 90 351896 100 352481 110 341334 120 292381 130 240215 140 212328 150 169265 160 107968
hp15:09:53 .9926293 360767.2 80.1 19
co15:10:00af: Running af from mcr-172 line  80.6
co15:10:00af: Auto FR/HP/HG is now OFF
co15:10:00b1: Running b1 from mcr-172 line  80.6
co15:10:01kb: Running kb from mcr-172 line  80.6
hk15:10:05 19 19 16 2.6 .42-99-2
hk15:10:43 19 19 16 1.7 .28-99-2
um200117Manchester 53.47 2.23 2.804185pr10000 911.291640 80 12268 40069 154909 439073 645472rat 15574.69 10420.66 4537.324 1678.695
hk15:13:27 19 19 16 2.6 .42-99-2
um200117Manchester 53.47 2.23 2.804185pr10000 912.631640 171 344037 642606 1077909 2022621 2487388rat 7778.356 5054.407 2784.59 919.5664
hk15:16:11 19 19 17 2.6 .42-99-2
co15:16:22hgfw2: HG FW#2 at step  0
hk15:16:31 19 19 17 2.6 .42-99-2
hgscan 0wide 302warm= 704.766715:16:31JAN 20/17 262 365 1163 5265 9477 14294 19346 24436 29045 31913 32460 30081 26154 22190 17469 12626 7694 3613 2521 1570 1578 2510 3550 7572 12676 17324 22388 26600 30297 33002 32462 29955 25176 20166 14881 9980 5803 1600 392 274
hg15:17:46 .999 285.9146 286 65462 19 0
co15:17:48an: Running an from mcr-172 line  80.6
co15:17:48an: Auto FR/HP/HG is now ON
co15:17:48kb: Running kb from mcr-172 line  80.6
hk15:17:53 19 19 17 2.6 .42-99-2
hk15:18:44 19 19 17 1.7 .28-99-2
um200117Manchester 53.47 2.23 2.804185pr10000 919.31640 66 10818 33377 126438 364158 541808rat 15302.44 10397.81 4604.192 1729.168
hk15:21:28 19 19 16 1.7 .28-99-3
um200117Manchester 53.47 2.23 2.804185pr10000 920.641640 135 283016 537501 933715 1786024 2214702rat 8075.309 5281.668 2862.231 953.1914
co15:24:08kb: Running kb from mcr-172 line  80.6
hk15:24:13 19 19 16 1.7 .28-99-3
hk15:24:55 19 19 16 1.7 .28-99-3
um200117Manchester 53.47 2.23 2.804185pr10000 925.491640 81 9823 28756 106675 307741 462206rat 14996.27 10314.28 4609.875 1768.891
hk15:27:39 19 19 17 2.6 .42-99-2
um200117Manchester 53.47 2.23 2.804185pr10000 926.821640 166 237886 456070 815666 1581388 1976191rat 8292.504 5459.555 2915.598 984.6641
co15:27:40td: Running td from mcr-172 line  83.42
co15:27:42td: Time correction  .1 seconds
co15:27:43ua: Running ua from mcr-172 line  83.42
hk15:27:48 19 19 17 1.7 .28-99-2
co15:30:00ua: UV timed  scan started
co15:38:29ua: UV timed  scan finished, incident DUV =  2.094744 mW/m^2
hk15:38:35 19 19 17 1.7 .28-99-2
hpscan15:38:57 0 96427 10 144185 20 205214 30 256402 40 292558 50 320505 60 345217 70 350783 80 351554 90 352126 100 351609 110 341482 120 294117 130 241837 140 212979 150 172026 160 107248
hp15:39:53 .9927045 360855.4 80.6 19
co15:40:00af: Running af from mcr-172 line  83.42
co15:40:00af: Auto FR/HP/HG is now OFF
co15:40:00b1: Running b1 from mcr-172 line  83.42
co15:40:01kb: Running kb from mcr-172 line  83.42
hk15:40:06 19 19 17 1.7 .28-99-2
hk15:40:43 19 19 17 1.7 .28-99-2
um200117Manchester 53.47 2.23 2.804185pr10000 941.31640 88 7650 20277 68218 192456 292528rat 14050.53 9792.664 4510.028 1817.906
hk15:43:27 19 19 17 2.6 .42-99-2
um200117Manchester 53.47 2.23 2.804185pr10000 942.631640 116 147539 287121 554869 1125114 1438791rat 8867.383 5973.805 3098.645 1079.695
hk15:46:12 19 19 17 2.6 .42-99-2
co15:46:22hgfw2: HG FW#2 at step  0
hk15:46:31 19 19 17 1.7 .28-99-2
hgscan 0wide 302warm= 241.601715:46:31JAN 20/17 261 352 1064 5056 9373 14360 19521 24556 29239 31907 32728 30235 26352 22295 17556 12501 7920 3699 2528 1634 1626 2553 3668 7781 12579 17599 22625 26544 30672 33070 32655 29963 25171 20190 14972 10069 5641 1672 429 297
hg15:47:46 .999 286.0119 286 65798 19 0
co15:47:47an: Running an from mcr-172 line  83.42
co15:47:47an: Auto FR/HP/HG is now ON
co15:47:47kb: Running kb from mcr-172 line  83.42
hk15:47:52 19 19 16 1.7 .28-99-2
hk15:48:43 19 19 17 2.6 .42-99-2
um200117Manchester 53.47 2.23 2.804185pr10000 949.31640 87 6537 16652 53855 145450 222173rat 13521.9 9432.637 4319.52 1838.191
hk15:51:27 19 19 16 .9 .15-99-2
um200117Manchester 53.47 2.23 2.804185pr10000 950.631640 113 111329 215990 432823 900148 1167718rat 9111.375 6232.645 3202.641 1139.133
co15:54:07kb: Running kb from mcr-172 line  83.42
hk15:54:12 19 19 16 1.7 .28-99-2
hk15:54:54 19 19 16 2.6 .42-99-2
um200117Manchester 53.47 2.23 2.804185pr10000 955.471640 82 5639 14285 44554 115665 175313rat 13171.85 9103.594 4147.125 1803.711
hk15:57:38 19 19 16 1.7 .28-99-2
um200117Manchester 53.47 2.23 2.804185pr10000 956.81640 99 87725 169851 347470 740702 974215rat 9292.074 6423.203 3305.586 1196.957
co15:57:39td: Running td from mcr-172 line  86.54
co15:57:41td: Time correction -.2 seconds
co15:57:41ua: Running ua from mcr-172 line  86.54
hk15:57:46 19 19 16 1.7 .28-99-2
co16:00:00ua: UV timed  scan started
co16:08:29ua: UV timed  scan finished, incident DUV =  .8297521 mW/m^2
hk16:08:34 19 19 16 2.6 .42-99-2
hpscan16:08:56 0 103541 10 154099 20 208491 30 260854 40 294068 50 322596 60 345175 70 350914 80 351198 90 351917 100 352504 110 339094 120 292368 130 242069 140 217971 150 170881 160 104716
hp16:09:52 .9931558 360012 80.4 19
co16:09:59af: Running af from mcr-172 line  86.54
co16:09:59af: Auto FR/HP/HG is now OFF
co16:09:59b1: Running b1 from mcr-172 line  86.54
co16:09:59kb: Running kb from mcr-172 line  86.54
hk16:10:04 19 19 16 2.6 .42-99-2
hk16:10:42 19 19 16 .9 .15-99-2
um200117Manchester 53.47 2.23 2.804185pr10000 971.281640 93 3652 8751 26030 60261 88804rat 12268.64 8415.09 3651.406 1680.887
hk16:13:26 19 19 16 1.7 .28-99-2
um200117Manchester 53.47 2.23 2.804185pr10000 972.611640 96 46213 85078 174824 393378 536049rat 9313.321 6664.082 3530.93 1345.566
hk16:16:10 19 19 16 .9 .15-99-2
co16:16:21hgfw2: HG FW#2 at step  0
hk16:16:30 19 19 16 1.7 .28-99-2
hgscan 0wide 302warm= 734.743416:16:30JAN 20/17 274 349 1121 5064 9373 14213 19349 24648 29477 31988 32614 30271 26429 22120 17486 12336 7563 3541 2497 1566 1569 2521 3589 7478 12328 17591 22520 26560 30622 33132 32555 29966 25357 20107 14883 9946 5606 1350 409 304
hg16:17:45 .9988 285.9291 286 65746 19 0
co16:17:47an: Running an from mcr-172 line  86.54
co16:17:47an: Auto FR/HP/HG is now ON
co16:17:47kb: Running kb from mcr-172 line  86.54
hk16:17:52 19 19 16 1.7 .28-99-2
hk16:18:43 19 19 16 1.7 .28-99-2
um200117Manchester 53.47 2.23 2.804185pr10000 979.291640 68 2694 6419 18670 41185 59318rat 11934.5 8106.446 3440.895 1580.848
hk16:21:27 19 19 16 1.7 .28-99-2
um200117Manchester 53.47 2.23 2.804185pr10000 980.621640 82 31260 56422 112233 256583 356103rat 9150.305 6586.824 3596.102 1422.707
co16:24:08td: Running td from mcr-172 line  89.67
co16:24:09td: Time correction  .1 seconds
co16:24:10ua: Running ua from mcr-172 line  89.67
hk16:24:15 19 19 16 1.7 .28-99-2
co16:30:00ua: UV timed  scan started
co16:38:29ua: UV timed  scan finished, incident DUV =  .1587016 mW/m^2
hk16:38:33 19 19 16 .9 .15-99-2
hpscan16:38:56 0 103686 10 153106 20 206573 30 260005 40 292417 50 320766 60 345919 70 350909 80 352055 90 352491 100 352383 110 340304 120 292595 130 245050 140 219974 150 173448 160 109901
hp16:39:52 .9935211 360427 80.7 19
co16:39:59af: Running af from mcr-172 line  89.67
co16:39:59af: Auto FR/HP/HG is now OFF
co16:39:59b1: Running b1 from mcr-172 line  89.67
co16:40:00kb: Running kb from mcr-172 line  89.67
hk16:40:04 19 19 16 1.7 .28-99-2
hk16:40:42 19 19 16 .9 .15-99-2
um200117Manchester 53.47 2.23 2.804185pr10000 1001.281640 67 822 1713 4727 9530 12920rat 10966.36 7589.117 3071.707 1323.094
hk16:43:26 19 19 16 1.7 .28-99-2
um200117Manchester 53.47 2.23 2.804185pr10000 1002.611640 75 6882 11725 20713 45722 63968rat 8251.825 5925.481 3443.871 1454.59
hk16:46:10 19 19 16 1.7 .28-99-2
co16:46:21hgfw2: HG FW#2 at step  0
hk16:46:30 19 19 16 1.7 .28-99-2
hgscan 0wide 302warm= 271.60516:46:30JAN 20/17 279 388 1153 5127 9350 14164 19245 24264 28998 31676 32446 30325 26321 22255 17364 12554 7812 3591 2593 1658 1701 2611 3637 7762 12455 17354 22523 26730 30799 33228 32289 29639 24621 19818 14603 9688 5438 1370 456 326
hg16:47:45 .9988 286.2673 286 65674 19 0
co16:47:46an: Running an from mcr-172 line  89.67
co16:47:46an: Auto FR/HP/HG is now ON
co16:47:46kb: Running kb from mcr-172 line  89.67
hk16:47:51 19 19 16 .9 .15-99-2
hk16:48:42 19 19 16 1.7 .28-99-2
um200117Manchester 53.47 2.23 2.804185pr10000 1009.281640 70 376 830 2108 4220 5740rat 11308.53 7365.217 3083.561 1348.584
hk16:51:26 19 19 16 1.7 .28-99-2
um200117Manchester 53.47 2.23 2.804185pr10000 1010.611640 73 2982 5031 8453 18456 25854rat 7992.657 5684.547 3407.301 1462.399
co16:54:06td: Running td from mcr-172 line  93.83999
co16:54:08td: Time correction  .1 seconds
co16:54:09ua: Running ua from mcr-172 line  93.83999
hk16:54:13 19 19 16 1.7 .28-99-2
co17:00:00ua: UV timed  scan started
co17:08:29ua: UV timed  scan finished, incident DUV =  5.919487E-04 mW/m^2
ap17:08:30 18.72 19.19 15.97 1171.62 11.94 4.75-11.66 23.93 0 15.68 18.53-1.79 5.01-5.44 0 .04 .02 .23 .05 .08 .93 .15 .04 .01 18.81 19.29 15.97 1169.66 11.94 4.75-11.63 23.54 0 15.68 18.43-1.79 5.01-5.44 1.53 11.24 .37 10.85 1.29 .62 .93 .15 .05 .08
hk17:09:14 19 19 16 1.7 .28-99-2
hpscan17:09:37 0 109528 10 157157 20 210651 30 259090 40 296174 50 323653 60 347743 70 352107 80 353195 90 353518 100 353021 110 340299 120 289432 130 245233 140 216236 150 168803 160 100797
hp17:10:32 .9940124 361662.7 80.5 19
hk17:10:44 19 19 16 .9 .15-99-2
co17:10:46hgfw2: HG FW#2 at step  0
hk17:12:53 19 19 16 .9 .15-99-2
hgscan 0wide 302warm= 217:12:53JAN 20/17 190 276 1088 3969 7009 10484 14286 18069 21472 23185 23675 21870 19314 16079 12399 8813 5462 2415 1766 1115 1122 1787 2508 5486 9183 12898 16865 20384 23582 25516 25201 23497 19645 15818 11776 7996 4618 1402 339 283
hg17:14:08 .9987 285.3254 285 49191 19-1
hk17:19:15 19 19 16 .9 .15-99-2
sla 0 1039.580620 996004 183 1132870 1292633 1554130 1716390 1858550rat 1861.332 1276.539 446.5157 356.5938
sla 0 1040.260620 997001 179 1133631 1293890 1554510 1716547 1858534rat 1858.734 1272.578 445.8321 356.1367
sla 0 1040.930620 996239 177 1132630 1292884 1553410 1715787 1857872rat 1860.668 1274.059 447.0117 356.5352
sla 0 1041.610620 995589 162 1133244 1291965 1552685 1715769 1859664rat 1858.172 1277.199 449.0821 360.9883
sla 0 1042.290620 995333 165 1133670 1292351 1553644 1716550 1858194rat 1858.57 1277.934 448.3594 355.2969
sla 0 1042.970620 996390 179 1132331 1291614 1554257 1715191 1858560rat 1860.266 1276.899 442.961 359.8086
sla 0 1043.650620 995668 161 1132524 1292412 1552307 1715806 1857877rat 1861.125 1275.742 450.2852 356.4844
summary17:21:36JAN 20/17 134.409 1.423 19sl 0 1860 1276 447 357 716 445 1132986 1858464 1 2 2 2 7 3 446.9 632
co17:24:00b0: Running b0 from mcr-172 line  93.83999
co17:24:01b2: Running b2 from mcr-172 line  93.83999
co17:24:01w1: Running w1 from mcr-172 line  93.83999
co17:29:02ci: Running ci from mcr-172 line  93.83999
hk17:29:17 19 19 16 .9 .15-99-2
co17:29:32ci: CI scan started at 17:29:32
co17:36:29b0: Running b0 from mcr-172 line  93.83999
co17:36:29b1: Running b1 from mcr-172 line  93.83999
co17:36:30w1: Running w1 from mcr-172 line  93.83999
co17:41:32hs: Running hs from mcr-172 line  93.83999
hk17:41:51 18 19 16 .9 .15-99-2
co17:42:04hs: HS scan started at 17:42:04
hk17:46:59 19 19 16 .9 .15-99-2
rso3JAN 20/1717:55:52 19 1494325 265 1700581 1938321 2328932 2573850 2787011 4348042 1494114 193 1698345 1939622 2330379 2574278 2789504 4349880 1.0001 1.3731 1.0013 .9993 .9993 .9998 .9991 .9996 .18 .1232 .0434 .0346 .0694 .0427-.0216 .1806 .1229 .0432 .0349 .069 .042-.0211
hk17:55:56 18 19 16 .9 .15-99-2
dto3JAN 20/1718:02:05 18 0 2525594 28.68 28.18 27.99 27.67 27.95 1 966662.6 30.12 27.08 28.45 31.29 28.83 31.54 28.16 30.48 25.93 28.19    28.094 .4    29.008 1.8ed
co00:20:10o3: Running o3 from mcr-172 line -200
co00:20:13af: Running af from mcr-172 line -200
co00:20:13af: Auto FR/HP/HG is now OFF
co00:20:13ozsum: Running ozsum from mcr-172 line -200
co00:20:14aodsum: Running aodsum from mcr-172 line -200
co00:20:15uvsum: Running uvsum from mcr-172 line -200
co00:20:16fmsum: Running fmsum from mcr-172 line -200
co00:20:17fzsum: Running fzsum from mcr-172 line -200
co00:20:19slsum: Running slsum from mcr-172 line -200
co00:20:21rl: Running rl from mcr-172 line -200
co00:20:23rl:  2017  020  00 20 59   Reset Warm -> Tepid  from  2017  020  00 20 53   until  2017  020  00 20 54  . Counts: 1,0
co00:20:24rl:  2017  020  00 21 41   New value set for watermark SUPPLY.VOLTAGE.LOW[-5VSEC]: -5.441322 Volts.
co00:20:26rl:  2017  020  01 37 17   New value set for watermark SUPPLY.VOLTAGE.LOW[-5VSEC]: -5.446699 Volts.
co00:20:27rl:  2017  020  05 12 10  Attempt to exceed max boundary
co00:20:27rl:  2017  020  05 12 10         <M,10, 9695&M,9, 9678;R, 6, 6,4;O>
co00:20:29rl:  2017  020  05 13 07   New value set for watermark SUPPLY.VOLTAGE.LOW[-5VSEC]: -5.457453 Volts.
co00:20:30rl:  2017  020  15 52 45   New value set for watermark SUPPLY.VOLTAGE.LOW[-5VSEC]: -5.468206 Volts.
co00:20:31rl:  2017  020  17 35 26  Attempt to exceed max boundary
co00:20:32rl:  2017  020  17 35 26         <M,10, 9695&M,9, 9678;R, 6, 6,4;O>
co00:20:32rl:  All log items reported.
co00:20:36chk_cfg: Running chk_cfg from mcr-172 line -200
co00:20:38chk_cfg: VERSION.FW[VERS]=1
co00:20:38chk_cfg: VERSION.FW[REL]=3
co00:20:39chk_cfg: MOTOR.MAX.ACC[10]=19
co00:20:40chk_cfg: MOTOR.MAX.ACC[9]=19
co00:20:40chk_cfg: MOTOR.MAX.VEL[10]=32
co00:20:41chk_cfg: MOTOR.MAX.VEL[9]=32
co00:20:42chk_cfg: MOTOR.MAX.JERK[10]=16
co00:20:42chk_cfg: MOTOR.MAX.JERK[9]=16
co00:20:43chk_cfg: MOTOR.MAX.POS[10]=600
co00:20:44chk_cfg: MOTOR.MAX.POS[9]=600
co00:20:44chk_cfg: MOTOR.MIN.POS[10]=-10781
co00:20:45chk_cfg: MOTOR.MIN.POS[9]=-10601
co00:20:46chk_cfg: MOTOR.SLOPE[10]=1
co00:20:46chk_cfg: MOTOR.SLOPE[9]=1
co00:20:47chk_cfg: MOTOR.REF.PLAY[10]=-100
co00:20:48chk_cfg: MOTOR.REF.PLAY[9]=-100
co00:20:49chk_cfg: MOTOR.MAX.SEARCH[10]=12500
co00:20:49chk_cfg: MOTOR.MAX.SEARCH[9]=12500
co00:20:50chk_cfg: MOTOR.INITIAL[10]=286
co00:20:51chk_cfg: MOTOR.INITIAL[9]=286
co00:20:51chk_cfg: MOTOR.ORIGIN[10]=-6631
co00:20:52chk_cfg: MOTOR.ORIGIN[9]=-7079
co00:20:53chk_cfg: MOTOR.SLOW.VEL[10]=1
co00:20:53chk_cfg: MOTOR.SLOW.VEL[9]=1
co00:20:54chk_cfg: MOTOR.RESET.POS[10]=-1440
co00:20:55chk_cfg: MOTOR.RESET.POS[9]=-1440
co00:20:58rtn_date: Running rtn_date from mcr-172 line -200
vers00:20:58a0.rtn10000 REM ************ checkaz.rtn 02/12/2010 09:50:00 ************
vers00:20:58ab_sk.rtn10000 REM ************ ab_sk.rtn 02/12/2010 09:50:00 ************
vers00:20:58af.rtn10000 REM ************ af.rtn 02/12/2010 09:50:34 ************
vers00:20:58an.rtn10000 REM ************ an.rtn 02/12/2010 09:50:34 ************
vers00:20:58aodsum.rtn10000 REM ************ aodsum.rtn 02/12/2010 09:50:00 ************
vers00:20:58ap.rtn10000 REM ************ ap.rtn 22/03/2013 09:50:00 ************
vers00:20:59apsum.rtn10000 REM ************ apsum.rtn 02/12/2010 09:50:00 ************
vers00:20:59ar.rtn10000 REM ************ ar.rtn 02/12/2010 09:50:00 ************
vers00:20:59as.rtn10000 REM ************ as.rtn 02/12/2010 09:50:00 ************
vers00:20:59au.rtn10000 REM ************ au.rtn 02/12/2010 09:50:00 ************
vers00:20:59auto-off.rtn10000 REM ************ auto-off.rtn 05/03/2011 19:47:08 ************
vers00:20:59auto-on.rtn10000 REM ************ auto-on.rtn 05/03/2011 19:47:08 ************
vers00:20:59az.rtn10000 REM ************ az.rtn 02/12/2010 09:50:00 ************
vers00:20:59bp.rtn10000 REM ********************** bp routine 26/11/97 ********************
vers00:20:59ca.rtn10000 REM ************ ca.rtn 09/04/2011 09:50:00 ************
vers00:20:59cal.rtn10000 REM ************ cal.rtn 22/04/2012 09:50:00 ************
vers00:20:59calds.rtn10000 REM ************ cal.rtn 22/04/2012 09:50:00 ************
vers00:20:59calsc.rtn10000 REM ************ cal.rtn 22/04/2012 09:50:00 ************
vers00:20:59caluv.rtn10000 REM ************ cal.rtn 22/04/2012 09:50:00 ************
vers00:20:59cb.rtn10000 REM ************ cb.rtn 02/12/2010 09:50:00 ************
vers00:20:59cc.rtn10000 REM ************ cal.rtn 22/04/2012 09:50:00 ************
vers00:20:59cd.rtn10000 REM ************ cal.rtn 22/04/2012 09:50:00 ************
vers00:20:59cf.rtn10000 REM ************ cf.rtn 02/12/2010 09:50:00 ************
vers00:20:59checkaz.rtn10000 REM ************ checkaz.rtn 02/12/2010 09:50:00 ************
vers00:20:59checkhg.rtn10000 REM ************ checkhg.rtn 02/12/2010 09:50:00 ************
vers00:20:59chk_cfg.rtn10000 REM ************ chk_cfg.rtn 31/01/2013 21:00:00 ************
vers00:20:59chk_cod.rtn10000 REM ************ chk_cod.rtn 08/11/2013 21:00:00 ************
vers00:20:59ci.rtn10000 REM ************ ci.rtn 02/12/2010 09:50:00 ************
vers00:20:59cj.rtn10000 REM ************ cj.rtn 05/02/2013 11:00:00 ************
vers00:20:59cl.rtn10000 REM ************ cal.rtn 22/04/2012 09:50:00 ************
vers00:20:59cm.rtn10000 REM ********************* ci routine 19/11/08 *******************
vers00:20:59cn.rtn10000 REM ************ cn.rtn 02/12/2010 09:50:00 ************
vers00:20:59copyof~1.rtn10000 REM ************ re_mb_no_cod.rtn 02/12/2010 09:50:00 ************
vers00:20:59cr.rtn10000 REM ************ cr.rtn 02/12/2010 09:50:00 ************
vers00:20:59crv.rtn10000 REM *************** cr routine 23/09/98 *****************
vers00:20:59cs.rtn10000 REM ************ cs.rtn 02/12/2010 09:50:00 ************
vers00:20:59cu.rtn10000 REM ************ cal.rtn 22/04/2012 09:50:00 ************
vers00:20:59cx.rtn10000 REM ************ cx.rtn 02/12/2010 09:50:00 ************
vers00:20:59cz_.rtn10000 REM ************ cz.rtn 02/12/2010 09:50:00 ************
vers00:20:59cz__.rtn10000 REM ************ cz.rtn 02/12/2010 09:50:00 ************
vers00:20:59da_lo.rtn10000 REM ************ da_lo.rtn 28/03/2011 16:01:18 ************
vers00:21:00db.rtn10000 REM ************ db.rtn 02/12/2010 09:50:00 ************
vers00:21:00di.rtn10000 REM ************ di.rtn 02/12/2010 09:50:00 ************
vers00:21:00dimds-on.rtn10000 REM ************ auto-off.rtn 05/03/2011 19:47:08 ************
vers00:21:00dimds-~1.rtn10000 REM ************ auto-off.rtn 05/03/2011 19:47:08 ************
vers00:21:00dk.rtn10000 REM ************ dk.rtn 05/02/2013 11:00:00 ************
vers00:21:00dontus~1.rtn10000 REM ************ ni.rtn 02/12/2010 09:50:00 ************
vers00:21:00dp.rtn10000 REM ************ dp.rtn 02/12/2010 09:50:00 ************
vers00:21:00dpc.rtn10000 REM ************ dp.rtn 02/12/2010 09:50:00 ************
vers00:21:00dq.rtn10000 REM ****************** dq routine 21/01/12 **********************
vers00:21:00ds.rtn10000 REM ************ ds.rtn 06/07/2012 09:50:00 ************
vers00:21:00dsp.rtn10000 REM ************ dsp.rtn 28/04/2014 11:25:00 ************
vers00:21:00dsp1.rtn10000 REM ************ dsp1.rtn 04/04/2012 19:47:08 ************
vers00:21:00dspn2.rtn10000 REM ************ dsp.rtn 28/04/2014 11:25:00 ************
vers00:21:00dssum.rtn10000 REM ************ dssum.rtn 02/12/2010 09:50:00 ************
vers00:21:00dt.rtn10000 REM ************ dt.rtn 20/06/2014 09:50:00 ************
vers00:21:00dusum.rtn10000 REM ************ dusum.rtn 02/12/2010 09:50:00 ************
vers00:21:00dz.rtn10000 REM ****************** dz routine 15/March/2011 **********************
vers00:21:00dz_0531.rtn10000 REM ****************** dz routine 15/March/2011 **********************
vers00:21:00ed.rtn10000 REM ************ ed.rtn 24/03/2011 19:47:10 ************
vers00:21:00ed_orig.rtn10000 REM ************ ed.rtn 24/03/2011 19:47:10 ************
vers00:21:00endday.rtn10000 REM ************ endday.rtn 02/12/2010 09:50:00 ************
vers00:21:00end_day.rtn10000 REM ************ end_day.rtn 10/05/2011 14:00:00 ************
vers00:21:00fc.rtn10000 REM ************ fc.rtn 05/04/2013 09:50:00 ************
vers00:21:00fi.rtn10000 REM ************ fi.rtn 02/12/2010 09:50:00 ************
vers00:21:00fi-nor.rtn10000 REM ************ fi.rtn 02/12/2010 09:50:00 ************
vers00:21:00fi_spe~1.rtn10000 REM ************ fi.rtn 11/11/2011 For Andover Filters 1-4 testing line 11019 chg for 1-5 postion to 10 cycles *
vers00:21:00fl.rtn10000 REM ************ fl.rtn 02/12/2010 09:50:00 ************
vers00:21:00fm.rtn10000 REM ************ fm.rtn 01/02/2013 19:47:10 ************
vers00:21:00fmsum.rtn10000 REM ************ fmsum.rtn 02/12/2010 09:50:00 ************
vers00:21:01fr.rtn10000 REM ************ fr.rtn 09/04/2012 09:50:00 ************
vers00:21:01fr--.rtn10000 REM ************ fr.rtn 02/12/2010 09:50:00 ************
vers00:21:01fv.rtn10000 REM ************ fv.rtn 02/12/2010 09:50:00 ************
vers00:21:01fv-.rtn10000 REM ************ fv.rtn 02/12/2010 09:50:00 ************
vers00:21:01fw.rtn10000 REM ************ fw.rtn 02/12/2010 09:50:00 ************
vers00:21:01fw3test.rtn10000 REM ************ cal.rtn 22/04/2012 09:50:00 ************
vers00:21:01fz.rtn10000 REM ************ fz.rtn 02/12/2010 09:50:00 ************
vers00:21:01fzsum.rtn10000 REM ************ fzsum.rtn 02/12/2010 09:50:00 ************
vers00:21:01g1.rtn10000 REM ************ g1.rtn 02/12/2010 09:50:00 ************
vers00:21:01g5.rtn10000 REM ************ g5.rtn 02/12/2010 09:50:00 ************
vers00:21:01ga.rtn10000 REM ************ ga.rtn 02/12/2010 09:50:00 ************
vers00:21:01gi.rtn10000 REM ************ gi.rtn 02/12/2010 09:50:00 ************
vers00:21:01gs.rtn10000 REM ************ gs.rtn 02/12/2010 09:50:00 ************
vers00:21:01hg.rtn10000 REM ************ hg.rtn 29/03/2011 10:05:48 ************
vers00:21:01hgn.rtn10000 REM ************ hgn.rtn 02/12/2010 09:50:00 ************
vers00:21:01hgsum.rtn10000 REM ************ hgsum.rtn 24/11/2013 09:50:00 ************
vers00:21:01hl.rtn10000 REM ************ hl.rtn 24/06/2014 19:47:10 ************
vers00:21:01hp.rtn10000 REM ************ hp.rtn 29/03/2011 09:33:00 ************
vers00:21:01hs.rtn10000 REM ************ hs.rtn 26/09/2012 19:47:10 ************
vers00:21:01hv.rtn10000 REM ************ hv.rtn 02/12/2010 09:50:00 ************
vers00:21:01hvb.rtn10000 REM ************ hvb.rtn 19/07/2014 15:00:00 ************
vers00:21:01hvset.rtn10000 REM ************ hvset.rtn 02/12/2010 09:50:00 ************
vers00:21:01ic.rtn10000 REM ************ ic.rtn 02/12/2010 09:50:00 ************
vers00:21:01init.rtn10000 REM ************ init.rtn 02/12/2010 09:50:00 ************
vers00:21:01jd.rtn10000 REM ************ jd.rtn 02/12/2010 09:50:00 ************
vers00:21:01jg.rtn10000 REM ****************** jg routine 04/02/14 **********************
vers00:21:01ka.rtn10000 REM ********************* ka routine 12/13/06 *******************
vers00:21:01kb.rtn10000 REM ********************* kb routine 12/13/06 *******************
vers00:21:01kc.rtn10000 REM ********************* kc routine 12/13/06 *******************
vers00:21:02kd.rtn10000 REM ********************* kd routine 12/13/06 *******************
vers00:21:02ke.rtn10000 REM ********************* ke routine 12/13/06 *******************
vers00:21:02kf.rtn10000 REM ********************* kf routine 12/13/06 *******************
vers00:21:02kg.rtn10000 REM ********************* kg routine 12/13/06 *******************
vers00:21:02kh.rtn10000 REM ********************* kh routine 12/13/06 *******************
vers00:21:02lf.rtn10000 REM ************ lf.rtn 02/12/2010 09:50:00 ************
vers00:21:02ll.rtn10000 REM ********************** ll routine 29/07/10 ********************
vers00:21:02lz.rtn10000 REM ************ lz.rtn 02/12/2010 09:50:00 ************
vers00:21:02mm.rtn10000 REM ********************* mm routine 03/09/10 *******************
vers00:21:02nc.rtn10000 REM ************ nc.rtn 02/12/2010 09:50:00 ************
vers00:21:02newinst.rtn10000 REM ************ newinst.rtn 02/12/2010 09:50:00 ************
vers00:21:02nosum.rtn10000 REM ************ nosum.rtn 02/12/2010 09:50:00 ************
vers00:21:02nt.rtn10000 REM ******************* nt routine 26/11/03 ***********************
vers00:21:02ozsum.rtn10000 REM ************ ozsum.rtn 02/12/2010 09:50:00 ************
vers00:21:02pb.rtn10000 REM ************ pb.rtn 02/12/2010 09:50:00 ************
vers00:21:02pc.rtn10000 REM ************ pc.rtn 02/12/2010 09:50:00 ************
vers00:21:02po.rtn10000 REM ************ po.rtn 24/06/2014 09:50:00 ************
vers00:21:02ql.rtn10000 REM ************ ql.rtn 07/04/2011 14:00:00 ************
vers00:21:02re.rtn10000 REM ************ re-sb.rtn 21/04/2012 19:47:08 ************
vers00:21:02re-mb.rtn10000 REM ************ re-mb.rtn 21/04/2012 19:47:08 ************
vers00:21:02re-mb_.rtn10000 REM ************ re-mb.rtn 21/04/2012 19:47:08 ************
vers00:21:02re-sb.rtn10000 REM ************ re-sb.rtn 21/04/2012 19:47:08 ************
vers00:21:02rep.rtn10000 REM ************ rep.rtn 02/12/2010 09:50:00 ************
vers00:21:02re_mb_~1.rtn10000 REM ************ re_mb_no_cod.rtn 02/12/2010 09:50:00 ************
vers00:21:02rl.rtn10000 REM ************ rl.rtn 21/04/2012 11:00:00 ************
vers00:21:02rs.rtn10000 REM ************ rs.rtn 02/12/2010 09:50:00 ************
vers00:21:02sa.rtn10000 REM ************ sa.rtn 02/12/2010 09:50:00 ************
vers00:21:02saveall.rtn10000 REM ************ saveall.rtn 02/12/2010 09:50:00 ************
vers00:21:02savedh.rtn10000 REM ************ savedh.rtn 02/12/2010 09:50:00 ************
vers00:21:02sc.rtn10000 REM ************ sc.rtn 22/04/2014 18:00:00 ************
vers00:21:02sc-full.rtn10000 REM ************ sc.rtn 22/04/2014 18:00:00 ************
vers00:21:02sd.rtn10000 REM ************ sd.rtn 02/12/2010 09:50:00 ************
vers00:21:02se.rtn10000 REM ************ se.rtn 02/12/2010 09:50:00 ************
vers00:21:03sh.rtn10000 REM ************ sh.rtn 02/12/2010 09:50:00 ************
vers00:21:03si.rtn10000 REM ************ si.rtn 24/06/2014 19:47:08 ************
vers00:21:03sim.rtn10000 REM ************ sim.rtn 16/01/2014 09:50:00 ************
vers00:21:03si_new.rtn10000 REM ************ si.rtn 16/12/2010 19:47:08 ************
vers00:21:03sk.rtn10000 REM ************ sk.rtn 02/12/2010 09:50:00 ************
vers00:21:03skc.rtn10000 REM ************ skc.rtn 10/04/2012 19:47:08 ************
vers00:21:03skc-nor.rtn10000 REM ************ skc.rtn 05/03/2011 19:47:08 ************
vers00:21:03skc_noaz.rtn10000 REM ******************* skc routine 23/07/98 ********************
vers00:21:03sl.rtn10000 REM ************ sl.rtn 24/06/2014 09:50:00 ************
vers00:21:03slsum.rtn10000 REM ************ slsum.rtn 02/12/2010 09:50:00 ************
vers00:21:03sq.rtn10000 REM ****************** sq routine 21/01/12 **********************
vers00:21:03sr.rtn10000 REM ************ sr.rtn 01/04/2011 12:00:00 ************
vers00:21:03st.rtn10000 REM ************ st.rtn 02/12/2010 09:50:00 ************
vers00:21:03sum.rtn10000 REM ************ sum.rtn 02/12/2010 09:50:00 ************
vers00:21:03sw.rtn10000 REM ************ sw.rtn 13/12/2010 09:50:00 ************
vers00:21:03tcsum.rtn10000 REM ************ tcsum.rtn 02/12/2010 09:50:00 ************
vers00:21:03td.rtn10000 REM ************ td.rtn 10/03/2014 09:40:00 ************
vers00:21:03td-new.rtn10000 REM ************ td.rtn 10/03/2014 09:40:00 ************
vers00:21:03testfw2.rtn10000 REM ************ testfw2.rtn 02/12/2010 09:50:00 ************
vers00:21:03tf.rtn10000 REM ************ testfw2.rtn 06/12/2012 09:50:00 ************
vers00:21:03tt.rtn10000 REM ************ tt.rtn 02/12/2010 09:50:00 ************
vers00:21:03tu.rtn10000 REM ************ tu.rtn 02/12/2010 09:50:00 ************
vers00:21:03u5.rtn10000 REM ************ u5.rtn 02/12/2010 09:50:00 ************
vers00:21:03ub.rtn10000 REM ************ ub.rtn 02/12/2010 09:50:00 ************
vers00:21:03ul.rtn10000 REM ************ ul.rtn 02/12/2010 09:50:00 ************
vers00:21:03um.rtn10000 REM ********************* um routine 19/10/98 *******************
vers00:21:03um_orig.rtn10000 REM ********************* um routine 19/10/98 *******************
vers00:21:03um_v378.rtn10000 REM ************ um.rtn 02/12/2010 09:50:00 ************
vers00:21:04uq.rtn10000 REM ************ uq.rtn 02/12/2010 09:50:00 ************
vers00:21:04uv.rtn10000 REM ************ uv.rtn 13/04/2014 20:00:00 ************
vers00:21:04uvrbcee.rtn10000 REM ************ uv.rtn 13/04/2014 20:00:00 ************
vers00:21:04uvsum.rtn10000 REM ************ uvsum.rtn 02/12/2010 09:50:00 ************
vers00:21:04uv_2905.rtn10000 REM ******************* uv routine 12/09/05 ********************
vers00:21:04uv_old.rtn10000 REM ******************* uv routine 20/10/07 ********************
vers00:21:04uv_rccb.rtn10000 REM ******************* uv routine 12/09/05 ********************
vers00:21:04ve.rtn10000 REM ************ ve.rtn 23/04/2014 11:10:00 ************
vers00:21:04w0.rtn10000 REM ************ w0.rtn 02/12/2010 09:50:00 ************
vers00:21:04w1.rtn10000 REM ************ w1.rtn 02/12/2010 09:50:00 ************
vers00:21:04w2.rtn10000 REM ************ w2.rtn 02/12/2010 09:50:00 ************
vers00:21:04w3.rtn10000 REM ************ w3.rtn 02/12/2010 09:50:00 ************
vers00:21:04w4.rtn10000 REM ************ w4.rtn 02/12/2010 09:50:00 ************
vers00:21:04xl.rtn10000 REM ************ xl.rtn 02/12/2010 09:50:00 ************
vers00:21:04zb.rtn10000 REM ************ zb.rtn 02/12/2010 09:50:00 ************
vers00:21:04zc.rtn10000 REM ************ zc.rtn 02/12/2010 09:50:00 ************
vers00:21:04ze.rtn10000 REM ************ ze.rtn 02/12/2010 09:50:00 ************
vers00:21:04zf.rtn10000 REM ************ zf.rtn 01/04/2011 12:00:00 ************
vers00:21:04zl.rtn10000 REM ************ zl.rtn 02/12/2010 09:50:00 ************
vers00:21:04zlsum.rtn10000 REM ************ zlsum.rtn 02/12/2010 09:50:00 ************
vers00:21:04zp.rtn10000 REM ************ zp.rtn 02/12/2010 09:50:00 ************
vers00:21:04zs.rtn10000 REM ************ zs.rtn 06/07/2012 09:50:00 ************
vers00:21:04zssum.rtn10000 REM ************ zssum.rtn 10/05/2011 09:50:00 ************
vers00:21:04zwsum.rtn10000 REM ************ zwsum.rtn 10/05/2011 09:50:00 ************
co00:21:04hgsum: Running hgsum from mcr-172 line -200