version=2dh151217Manchester 53.47  2.23  2.804185pr1000
co00:04:49dh: day header
co00:04:49main: version 4.1024/06/2014 01:00:00
co00:04:49skc: mcr-172
co00:04:49autohg:  1 
co00:04:49hifw2:  0 
co00:04:49attn:  25000  80000 
co00:04:49lowds:  1 cubdsp:  1 
inst6.23695.83515.71295.45005.08930.00.34242.35001.158517004400.00000003028614169704400103301402021560259502972mkiii1000000066316793242-3655630250817825080.99860-3.0000024692500.400025606402224June 12/2013EXTRAS1002500080000111260-42506-02-2015@
disp32856.610.0775748-9.82043e-071.55639e-112896.430.0767082-9.81489e-071.54649e-112933.230.0758699-9.80701e-071.53674e-112968.520.075029-9.79674e-071.52678e-113002.840.0741732-9.78398e-071.51648e-112823.440.0782666-9.82286e-071.56415e-114284.910.116362-1.47306e-062.33459e-114344.650.115062-1.47223e-062.31974e-114399.850.113805-1.47105e-062.30511e-114452.780.112543-1.46951e-062.29017e-114504.250.11126-1.4676e-062.27472e-114235.150.1174-1.47343e-062.34623e-11ThuJun 04/1524692861713@
zeni-0.006400-0.0196800.0165400.1802390.282864-0.060766-0.5063100.461242-0.044076june6/00@
op_st172c:\Bdata172\icf15515zsf15800dcf15215uvr16813151217Manchester53.472.2310002.804185220014693111110110110111skco3mcr-172@
uvr2865  4524.1532870  4595.2512875  4663.8802880  4730.1532885  4794.1842890  4856.0842895  4915.9662900  4973.9352905  5030.0972910  5084.5512915  5137.3932920  5188.7132925  5238.5962930  5287.1222935  5334.3662940  5380.3972945  5425.2792950  5469.0682955  5511.8192960  5553.5792965  5594.3892970  5634.2882975  5673.3092980  5711.4812985  5748.8272990  5785.3692995  5821.1233000  5856.1023005  5890.3183010  5923.7773015  5956.4843020  5988.4433025  6019.6523030  6050.1123035  6079.8193040  6108.7683045  6136.9553050  6164.3743055  6191.0163060  6216.8763065  6241.9463070  6266.2183075  6289.6843080  6312.3383085  6334.1723090  6355.1813095  6375.3593100  6394.7023105  6413.2053110  6430.8663115  6447.6833120  6463.6563125  6478.7843130  6493.0713135  6506.5183140  6519.1313145  6530.9143150  6541.8743155  6552.0193160  6561.3583165  6569.9013170  6577.6603175  6584.6473180  6590.8743185  6596.3563190  6601.1073195  6605.1443200  6608.4823205  6611.1383210  6613.1283215  6614.4713220  6615.1843225  6615.2843230  6614.7903235  6613.7193240  6612.0883245  6609.9143250  6607.2153255  6604.0073260  6600.3063265  6596.1263270  6591.4833275  6586.3903280  6580.8593285  6574.9033290  6568.5333295  6561.7593300  6554.5903305  6547.0333310  6539.0963315  6530.7853320  6522.1043325  6513.0573330  6503.6473335  6493.8753340  6483.7433345  6473.2513350  6462.3983355  6451.1823360  6439.6013365  6427.6543370  6415.3373375  6402.6473380  6389.5823385  6376.1393390  6362.3163395  6348.1113400  6333.5223405  6318.5503410  6303.1963415  6287.4633420  6271.3563425  6254.8813430  6238.0483435  6220.8683440  6203.3573445  6185.5333450  6167.4183455  6149.0393460  6130.4263465  6111.6153470  6092.6483475  6073.5723480  6054.4393485  6035.3103490  6016.2513495  5997.3393500  5978.6553505  5378.9883510  5354.1323515  5329.1293520  5303.9823525  5278.6953530  5253.2703535  5227.7103540  5202.0193545  5176.2003550  5150.2563555  5124.1903560  5098.0063565  5071.7063570  5045.2943575  5018.7733580  4992.1453585  4965.4163590  4938.5863595  4911.6603600  4884.6413605  4857.5323610  4830.3363615  4803.0563620  4775.6953625  4748.2573630  4720.7453635  4693.161@
schedule-170pdjdtd-120pdtdaphphgslb0b2w1cib0b1w1hssraz-93.35pdtduahpafb1kbumhgankbumkbum-89.53pdtduahpafb1kbumhgankbumkbum-86.70pdtduahpafb1kbumhgankbumkbum-83.96pdtduahpafb1kbumhgankbumkbum-81.57pdtduahpafb1dshganb2dssl-79.61pdtduadszsdskbum-78.12pdtduahpafb1dshganzskbum-77.14pduahpafb1dshganzsds377.47pdtduahpafb1dshganzskbum78.65pdtduahpafb1dshganb2dssl80.32pdtduahpafb1kbumhgankbumkbum82.46pdtduahpafb1kbumhgankbumkbum85.00pdtduahpafb1kbumhgankbumkbum87.83pdtduahpafb1kbumhgankbumkbum91.20pdtduaaphphgslb0b2w1cib0b1w1hsrsdt180mcr-172@
co00:04:51checkaz: Running checkaz from mcr-172 line -200
co00:04:52po: Running po from mcr-172 line -200
co00:04:53af: Running af from mcr-172 line -200
co00:04:53af: Auto FR/HP/HG is now OFF
co00:04:53re: Running re from mcr-172 line -200
co00:05:58re: Zenith discrepancy =  0
co00:06:01re: Azimuth discrepancy = -11
co00:06:03az: Running az from mcr-172 line -200
co00:06:13az: Azimuth discrepancy =  0
co00:06:15w1: Running w1 from mcr-172 line -200
co00:11:15fr: Running fr from mcr-172 line -200
hk00:11:21 19 19 16 7 1.13-99-14
co00:14:20fr: Micrometer #1 reference found at step 6345 (+CAL)= 6631 Now set to o3 offset = 6631
co00:17:44fr: Micrometer #2 reference found at step 6795= 6795 Now set to o3 offset = 6793
hk00:17:51 19 19 16 7.8 1.26-99-15
hpscan00:18:00 0 138552 10 201449 20 278497 30 342989 40 384918 50 414515 60 436912 70 440431 80 441588 90 442240 100 441604 110 419823 120 351943 130 283878 140 241473 150 193920 160 118240
hp00:18:56 .990194 455072 76.6 19
hk00:19:08 19 19 16 7 1.13-99-16
co00:19:10hgfw2: HG FW#2 at step  0
hk00:21:17 19 19 16 7.8 1.26-99-15
hgscan 0wide 302warm= 200:21:17DEC 15/17 166 243 340 2015 5331 8757 12580 16521 20440 24281 25356 25681 23170 19879 16568 12649 8715 4831 2541 1805 1757 2617 4797 8842 13059 17121 21062 24324 27204 27399 26481 22719 18577 14272 10096 6471 2707 439 299 189
hg00:22:32 .9963 292.03 292 52755 19 6
hgscan 0wide 302warm= 200:22:32DEC 15/17 250 330 1384 5038 9074 13244 18057 22503 26823 29351 30076 28016 24416 20749 16214 11668 7179 3382 2476 1490 1550 2486 3427 6967 11579 16295 21133 24855 28851 31407 31007 28765 24373 19618 14398 9981 5771 1763 384 297
hg00:23:47 .9991 285.6059 286 61483 19 0
ap00:23:50 18.81 19 15.59 1171.62 11.94 4.76-11.57 23.95 0 16.34 18.62-14.41 5.01-5.44 0 .01 0 0 .02 .03 7.78 1.27 .02 .03 18.91 19.1 15.68 1169.66 11.94 4.76-11.58 23.57 1.6 16.25 18.72-14.41 5.01-5.44 1.51 11.04 .35 10.87 1.44 .64 7.77 1.26 .03 .04
hk00:24:33 19 19 16 7.8 1.26-99-14
dto3DEC 15/1700:35:30 19 0 3117691 28.22 28.33 28.61 28.9 29.13 1 1209916 28.02 27.96 29.13 29.19 28.02 28 28.54 28.55 28.02 28.84    28.638 .4    28.426 .5
co00:35:30an: Running an from mcr-172 line -200
co00:35:30an: Auto FR/HP/HG is now ON
hk00:35:35 19 19 17 7.8 1.27-99-14
rso3DEC 15/1700:44:28 19 1868049 308 2121428 2419299 2905594 3210294 3482705 5366317 1869768 204 2122846 2419830 2906593 3211287 3482944 5365327 .9991 1.5098 .9993 .9997 .9996 .9997 .9999 1.0002 .1799 .1229 .0433 .0354 .0667 .0411-.0207 .1798 .1229 .0433 .0353 .0669 .0413-.0209
co00:44:30jd: Running jd from mcr-172 line -170
co00:44:31td: Running td from mcr-172 line -170
co00:44:35td: Time correction  3 seconds
co04:46:03td: Running td from mcr-172 line -120
co04:46:05td: Time correction  1.3 seconds
ap04:46:07 18.43 18.81 14.16 1169.66 11.94 4.79-11.6 23.95 .01 14.07 17.67-14.03 5.01-5.44 0 0 0 0 .06 .06 6.96 1.13 .03 .03 18.53 18.81 14.26 1167.7 11.93 4.77-11.6 23.57 1.55 14.16 17.77-12.99 5.01-5.44 1.51 11.13 .35 11.03 1.36 .71 6.96 1.13 .06 .06
hk04:46:52 19 19 14 7 1.13-99-13
hpscan04:47:00 0 113885 10 175436 20 243597 30 311246 40 360519 50 393896 60 433510 70 442075 80 443103 90 443179 100 444081 110 434578 120 382081 130 329481 140 289934 150 233537 160 149755
hp04:47:55 .9952928 453900.7 83.8 19
hk04:48:07 19 19 15 7 1.13-99-14
co04:48:09hgfw2: HG FW#2 at step  0
hk04:50:16 19 19 15 7 1.13-99-14
hgscan 0wide 302warm= 204:50:16DEC 15/17 236 316 1356 4565 8068 11979 16292 20184 24129 26165 26658 24622 21331 18228 14147 9948 6102 2885 2031 1266 1294 2133 2893 5999 10158 14658 18981 22507 25910 29034 28238 26780 22811 18141 13607 9442 5595 1906 407 305
hg04:51:31 .9989 284.9119 285 55692 19-1
hk04:56:37 19 19 15 7 1.13-99-14
sla 0 296.950620 1246383 205 1416075 1614792 1940037 2144921 2324282rat 1879.938 1292.652 457.1602 365.0703
sla 0 297.630620 1246710 199 1415633 1614812 1939499 2143064 2324545rat 1877.344 1288.59 454.4297 369.6016
sla 0 298.310620 1246838 192 1415018 1615042 1938201 2141857 2323274rat 1876.703 1285.336 454.8985 369.6602
sla 0 298.990620 1247282 199 1414575 1614039 1939982 2142396 2322377rat 1879.277 1289.332 451.8477 366.7031
sla 0 299.660620 1246554 202 1416882 1614222 1938185 2142319 2322958rat 1871.75 1288.645 455.9336 368.0352
sla 0 300.340620 1246894 208 1415867 1615106 1937726 2142428 2322011rat 1875.234 1286.402 457.2617 365.8945
sla 0 301.020620 1246500 218 1415593 1614217 1938324 2142957 2321141rat 1877.262 1290.047 456.9922 363.0235
summary04:58:59DEC 15/17 90.927 11.836 19sl 0 1877 1289 456 367 703 437 1415663 2322941 3 2 2 2 9 6 632 1094.7
co05:01:23b0: Running b0 from mcr-172 line -120
co05:01:23b2: Running b2 from mcr-172 line -120
co05:01:24w1: Running w1 from mcr-172 line -120
co05:06:26ci: Running ci from mcr-172 line -120
hk05:06:41 19 19 15 7 1.13-99-14
co05:06:56ci: CI scan started at 05:06:56
co05:13:51b0: Running b0 from mcr-172 line -120
co05:13:52b1: Running b1 from mcr-172 line -120
co05:13:52w1: Running w1 from mcr-172 line -120
co05:18:54hs: Running hs from mcr-172 line -120
hk05:19:14 18 19 15 7.8 1.26-99-15
co05:19:26hs: HS scan started at 05:19:26
co05:24:16sr: Running sr from mcr-172 line -120
co05:24:25sr: Azimuth discrepancy =  0
co05:25:37sr: Azimuth Steps per revolution measured =  14690
co05:26:20az: Running az from mcr-172 line -120
co05:26:29az: Azimuth discrepancy = -3
co07:57:17td: Running td from mcr-172 line -93.35
co07:57:19td: Time correction  1.3 seconds
co07:57:20ua: Running ua from mcr-172 line -93.35
hk07:57:25 19 19 14 6.1 1-99-11
co08:00:00ua: UV timed  scan started
co08:08:28ua: UV timed  scan finished, incident DUV =  3.221902E-02 mW/m^2
hk08:08:33 19 19 14 7 1.13-99-12
hpscan08:08:56 0 151966 10 217368 20 282097 30 345739 40 379138 50 414919 60 439908 70 441991 80 443686 90 443598 100 443620 110 416742 120 352867 130 306365 140 265193 150 193453 160 109654
hp08:09:51 .9949595 453050.8 78.3 19
co08:09:59af: Running af from mcr-172 line -93.35
co08:09:59af: Auto FR/HP/HG is now OFF
co08:09:59b1: Running b1 from mcr-172 line -93.35
co08:09:59kb: Running kb from mcr-172 line -93.35
hk08:10:04 19 19 14 6.1 1-99-11
hk08:10:42 19 19 14 7 1.13-99-11
um151217Manchester 53.47 2.23 2.804185pr10000 491.281640 72 1104 2450 7207 15324 21033rat 11682.33 8064.565 3294.797 1374.32
hk08:13:26 19 19 14 6.1 1-99-10
um151217Manchester 53.47 2.23 2.804185pr10000 492.611640 70 13674 23716 44083 95991 131239rat 8472.207 6078.356 3381.285 1354.328
hk08:16:11 19 19 14 6.1 1-99-10
co08:16:21hgfw2: HG FW#2 at step  0
hk08:16:31 19 19 14 6.1 1-99-11
hgscan 0wide 302warm= 494.356708:16:31DEC 15/17 275 379 1005 5229 9887 14661 20276 25845 31265 34048 35188 33343 29118 24623 19913 14320 9048 4293 3054 2020 2087 3132 4356 8939 14391 19887 24905 29417 33536 35319 34554 31234 25947 20414 15023 10043 5603 1296 451 341
hg08:17:46 .9988 287.3692 287 70507 19 1
co08:17:48an: Running an from mcr-172 line -93.35
co08:17:48an: Auto FR/HP/HG is now ON
co08:17:48kb: Running kb from mcr-172 line -93.35
hk08:17:53 19 19 14 7 1.13-99-11
hk08:18:44 19 19 14 6.1 1-99-11
um151217Manchester 53.47 2.23 2.804185pr10000 499.31640 61 1728 4195 12223 27186 37719rat 12100.83 8163.977 3479.496 1418.621
hk08:21:27 19 19 14 7 1.13-99-10
um151217Manchester 53.47 2.23 2.804185pr10000 500.631640 72 23973 41887 79854 173648 235557rat 8604.309 6181.766 3376.195 1321.41
co08:24:08kb: Running kb from mcr-172 line -93.35
hk08:24:13 19 19 14 7 1.13-99-12
hk08:24:55 19 19 15 7 1.13-99-12
um151217Manchester 53.47 2.23 2.804185pr10000 505.491640 59 2293 5674 17021 38865 54051rat 12385.29 8390.062 3590.469 1428.309
hk08:27:39 19 19 15 6.1 1-99-12
um151217Manchester 53.47 2.23 2.804185pr10000 506.821640 82 34079 59706 116044 252168 340380rat 8698.562 6264.938 3375.102 1301.301
co08:27:41td: Running td from mcr-172 line -89.53
co08:27:42td: Time correction  .5 seconds
co08:27:43ua: Running ua from mcr-172 line -89.53
hk08:27:48 19 19 15 7 1.13-99-12
co08:30:00ua: UV timed  scan started
co08:38:29ua: UV timed  scan finished, incident DUV =  .5913782 mW/m^2
hk08:38:34 19 19 16 6.1 1-99-12
hpscan08:38:56 0 134060 10 203652 20 272185 30 336597 40 373931 50 410676 60 439994 70 443648 80 444289 90 444529 100 444200 110 422639 120 360406 130 313254 140 273054 150 207694 160 116996
hp08:39:52 .9953239 453574.3 79.7 19
co08:39:59af: Running af from mcr-172 line -89.53
co08:39:59af: Auto FR/HP/HG is now OFF
co08:39:59b1: Running b1 from mcr-172 line -89.53
co08:40:00kb: Running kb from mcr-172 line -89.53
hk08:40:05 19 19 16 7 1.13-99-11
hk08:40:43 19 19 16 6.1 1-99-11
um151217Manchester 53.47 2.23 2.804185pr10000 521.291640 85 3948 10524 32757 77943 110410rat 13033.04 8722.961 3768.852 1508.699
hk08:43:27 19 19 16 7 1.13-99-11
um151217Manchester 53.47 2.23 2.804185pr10000 522.621640 99 67005 119959 240258 510516 672936rat 8835.028 6307.555 3284.766 1202.367
hk08:46:11 19 19 16 7 1.13-99-11
co08:46:22hgfw2: HG FW#2 at step  0
hk08:46:31 19 19 16 7 1.13-99-12
hgscan 0wide 302warm= 32.0066708:46:31DEC 15/17 310 415 1062 5219 9891 14879 20208 25561 30985 33987 34948 32737 28745 24385 19224 13922 9000 4097 2949 1972 1980 2984 4040 8767 13887 19178 24376 28753 32724 35339 34614 31733 26432 21064 15649 10616 5887 1496 455 353
hg08:47:46 .999 286.7485 287 70287 19 1
co08:47:48an: Running an from mcr-172 line -89.53
co08:47:48an: Auto FR/HP/HG is now ON
co08:47:48kb: Running kb from mcr-172 line -89.53
hk08:47:53 19 19 16 6.1 1-99-11
hk08:48:44 19 19 16 7 1.13-99-10
um151217Manchester 53.47 2.23 2.804185pr10000 529.311640 81 4896 13425 41979 103962 149458rat 13330.09 8910.332 3941.961 1573.211
hk08:51:28 19 19 16 6.1 1-99-14
um151217Manchester 53.47 2.23 2.804185pr10000 530.641640 108 88446 159528 320853 669379 873120rat 8812.922 6252.555 3209.485 1159.137
co08:54:08kb: Running kb from mcr-172 line -89.53
hk08:54:13 19 19 16 7 1.13-99-13
hk08:54:55 19 19 16 6.1 1-99-13
um151217Manchester 53.47 2.23 2.804185pr10000 535.491640 75 4842 14107 45529 118429 173285rat 13940.89 9259.246 4155.262 1650.176
hk08:57:39 19 19 16 7 1.13-99-12
um151217Manchester 53.47 2.23 2.804185pr10000 536.821640 114 100254 185168 375532 782507 1017416rat 8952.434 6288.313 3207.57 1147.063
co08:57:40td: Running td from mcr-172 line -86.7
co08:57:42td: Time correction  .2 seconds
co08:57:43ua: Running ua from mcr-172 line -86.7
hk08:57:48 19 19 16 7 1.13-99-12
co09:00:00ua: UV timed  scan started
co09:08:29ua: UV timed  scan finished, incident DUV =  1.441115 mW/m^2
hk09:08:36 19 19 16 6.1 1-99-12
hpscan09:08:58 0 138093 10 202915 20 268893 30 333562 40 369081 50 406772 60 438747 70 443456 80 443803 90 445203 100 444835 110 423110 120 363895 130 316101 140 273454 150 205250 160 119012
hp09:09:54 .9958325 453701.5 80.7 19
co09:10:01af: Running af from mcr-172 line -86.7
co09:10:01af: Auto FR/HP/HG is now OFF
co09:10:01b1: Running b1 from mcr-172 line -86.7
co09:10:02kb: Running kb from mcr-172 line -86.7
hk09:10:07 19 19 16 6.1 1-99-12
hk09:10:44 19 19 17 6.1 1-99-13
um151217Manchester 53.47 2.23 2.804185pr10000 551.311640 62 7711 22292 73727 197820 289133rat 14121.17 9494.625 4290.801 1647.07
hk09:13:28 19 19 16 6.1 1-99-13
um151217Manchester 53.47 2.23 2.804185pr10000 552.651640 123 165576 307572 597929 1196794 1520217rat 8637.691 5946.223 3043.985 1051.149
hk09:16:13 19 19 15 7 1.13-99-13
co09:16:24hgfw2: HG FW#2 at step  0
hk09:16:33 19 19 15 7 1.13-99-13
hgscan 0wide 302warm= 524.388409:16:33DEC 15/17 304 425 1652 6249 10812 15862 21158 26549 31796 34091 34930 31935 27687 23265 18110 13150 7684 3786 2733 1683 1746 2803 3818 7615 13122 18164 23304 27920 32052 35160 34530 32431 27389 22175 16631 11455 6699 2264 498 332
hg09:17:48 .9992 284.9944 285 70090 19-1
co09:17:50an: Running an from mcr-172 line -86.7
co09:17:50an: Auto FR/HP/HG is now ON
co09:17:50kb: Running kb from mcr-172 line -86.7
hk09:17:55 19 19 15 6.1 1-99-13
hk09:18:46 19 19 15 7 1.13-99-13
um151217Manchester 53.47 2.23 2.804185pr10000 559.341640 87 9388 27524 91942 247871 361506rat 14254.07 9562.609 4313.602 1639.031
hk09:21:30 19 19 15 6.1 1-99-13
um151217Manchester 53.47 2.23 2.804185pr10000 560.671640 133 207079 380219 707946 1387416 1740097rat 8316.606 5674.082 2957.156 997.7852
co09:24:10kb: Running kb from mcr-172 line -86.7
hk09:24:15 19 19 15 7 1.13-99-13
hk09:24:57 19 19 14 7 1.13-99-13
um151217Manchester 53.47 2.23 2.804185pr10000 565.521640 71 10235 30550 104536 284248 412216rat 14465.92 9703.035 4351.449 1615.09
hk09:27:41 19 19 14 6.1 1-99-14
um151217Manchester 53.47 2.23 2.804185pr10000 566.851640 137 236340 433481 791616 1535189 1915501rat 8188.957 5549.817 2915.402 977.0508
co09:27:43td: Running td from mcr-172 line -83.96
co09:27:44td: Time correction  .5 seconds
co09:27:45ua: Running ua from mcr-172 line -83.96
hk09:27:50 19 19 14 6.1 1-99-14
co09:30:00ua: UV timed  scan started
co09:38:29ua: UV timed  scan finished, incident DUV =  2.714242 mW/m^2
hk09:38:35 19 19 13 6.1 1-99-13
hpscan09:38:57 0 154302 10 218859 20 285591 30 348636 40 382361 50 417811 60 441271 70 443514 80 443919 90 444736 100 443948 110 413527 120 347623 130 296322 140 257170 150 186904 160 101967
hp09:39:53 .9942806 454521.4 77.2 19
co09:40:00af: Running af from mcr-172 line -83.96
co09:40:00af: Auto FR/HP/HG is now OFF
co09:40:00b1: Running b1 from mcr-172 line -83.96
co09:40:01kb: Running kb from mcr-172 line -83.96
hk09:40:06 19 19 13 6.1 1-99-13
hk09:40:44 19 19 13 6.1 1-99-13
um151217Manchester 53.47 2.23 2.804185pr10000 581.31640 93 12840 39840 141420 388314 558305rat 14843.2 9910.34 4397.664 1580.121
hk09:43:27 19 19 13 7 1.13-99-13
um151217Manchester 53.47 2.23 2.804185pr10000 582.631640 163 322592 584409 1016238 1914509 2351681rat 7814.074 5225.039 2799.012 912.7383
hk09:46:12 19 19 13 6.1 1-99-14
co09:46:23hgfw2: HG FW#2 at step  0
hk09:46:32 19 19 13 7 1.13-99-13
hgscan 0wide 302warm= 61.99509:46:32DEC 15/17 291 377 1379 5562 10332 15390 20784 26050 31113 34000 34753 32186 27833 23904 18653 13377 8413 4072 2924 1874 1878 2997 4115 8424 13549 18709 24287 28373 32326 35187 34531 31685 26755 21341 15842 10537 5942 1683 442 319
hg09:47:47 .9991 286.0799 286 69940 19 0
co09:47:49an: Running an from mcr-172 line -83.96
co09:47:49an: Auto FR/HP/HG is now ON
co09:47:49kb: Running kb from mcr-172 line -83.96
hk09:47:54 19 19 13 7 1.13-99-13
hk09:48:45 19 19 13 6.1 1-99-13
um151217Manchester 53.47 2.23 2.804185pr10000 589.321640 115 14091 45353 162727 446043 638192rat 15048.56 9953.207 4392.348 1560.289
hk09:51:29 19 19 13 7 1.13-99-13
um151217Manchester 53.47 2.23 2.804185pr10000 590.661640 166 371324 665827 1132956 2106749 2576411rat 7627.145 5080.879 2747.063 895.6602
co09:54:09kb: Running kb from mcr-172 line -83.96
hk09:54:14 19 19 14 7 1.13-99-13
hk09:54:56 19 19 14 6.1 1-99-14
um151217Manchester 53.47 2.23 2.804185pr10000 595.511640 88 15166 49789 180558 492157 701502rat 15149.15 9974.598 4369.071 1544.699
hk09:57:40 19 19 14 6.1 1-99-13
um151217Manchester 53.47 2.23 2.804185pr10000 596.841640 179 405957 728102 1217190 2253705 2746217rat 7539.559 4990.653 2732.371 881.5352
co09:57:42td: Running td from mcr-172 line -81.57
co09:57:43td: Time correction  .5 seconds
co09:57:44ua: Running ua from mcr-172 line -81.57
hk09:57:49 19 19 14 7 1.13-99-13
co10:00:00ua: UV timed  scan started
co10:08:29ua: UV timed  scan finished, incident DUV =  4.14466 mW/m^2
hk10:08:34 19 19 14 7.8 1.26-99-10
hpscan10:08:57 0 131356 10 192085 20 260318 30 325633 40 367211 50 402048 60 436493 70 443571 80 444631 90 444588 100 444833 110 429804 120 376578 130 323109 140 281796 150 220855 160 133990
hp10:09:53 .9957416 454401.3 82.2 19
co10:10:00af: Running af from mcr-172 line -81.57
co10:10:00af: Auto FR/HP/HG is now OFF
co10:10:00b1: Running b1 from mcr-172 line -81.57
hk10:10:14 19 19 15 7 1.13-99-14
dsa0 610.650620 47 45 107 2232 19918 108935 204527rat 28623.62 14625.59 6275.844 1682.969
dsa0 611.340620 48 19 101 2285 20968 113740 213737rat 27615.8 14671.21 6240.86 1691.609
dsa0 612.030620 41 32 108 2406 21501 116410 218367rat 28063.1 14579.87 6239.805 1688.977
dsa0 612.720620 40 26 110 2533 22477 120367 225146rat 27790.99 14499.26 6196.203 1681.414
dsa0 613.410620 36 45 125 2673 23322 123861 231700rat 28143.61 14428.84 6168.11 1687.024
summary10:12:01DEC 15/17 80.416 5.432 19ds 0 28047 14561 6224 1686 22651 8582-7.3 370 385 98 42 4 391 76 3.3 2.4
summary10:12:01DEC 15/17 80.328 5.392 19aode 0 0 0 62 33 45 32 33.3 0 0 0 25 11 9 5 1.9 0
hk10:13:50 19 19 15 7 1.13-99-10
co10:13:56hgfw2: HG FW#2 at step  0
hk10:15:09 19 19 15 7.8 1.26-99-10
hgscan 0wide 302warm= 553.00510:15:09DEC 15/17 292 395 1006 5064 9393 14193 19298 24606 29288 32445 33397 31352 27243 23148 18464 13389 8469 4021 2811 1815 1853 2885 4084 8613 13621 18900 23590 27949 31872 34195 33391 30382 25378 19982 14761 9885 5469 1154 456 345
hg10:16:24 .9989 286.9765 287 67592 19 1
co10:16:25an: Running an from mcr-172 line -81.57
co10:16:25an: Auto FR/HP/HG is now ON
co10:16:25b2: Running b2 from mcr-172 line -81.57
hk10:16:39 19 19 15 7 1.13-99-10
dsa0 617.060620 46 39 148 3392 28902 147722 271612rat 27651.92 14190.27 6025.977 1636.899
dsa0 617.750620 44 40 170 3548 29992 152808 279197rat 27049.1 14150.66 6016.922 1613.883
dsa0 618.450620 51 35 177 3761 31868 160624 293882rat 26898.14 14115.63 5974.242 1624.656
dsa0 619.140620 44 43 182 3925 32889 165917 303846rat 27146.87 14087.81 5983.625 1633.359
dsa0 619.830620 46 36 179 4065 34326 171533 312567rat 27183.19 14080.47 5946.157 1615.875
summary10:18:26DEC 15/17 80.013 5.254 19ds 0 27186 14125 5989 1625 21986 8368-7.1 370.6 283 46 32 10 265 32 1.8 1.4
summary10:18:26DEC 15/17 79.929 5.218 19aode 0 0 0 52 23 36 24 27.2 0 0 0 13 7 7 4 3.7 0
hk10:21:29 19 19 14 7.8 1.26-99-10
sla 0 621.820620 1248154 214 1415757 1615123 1939599 2145210 2324063rat 1881.59 1292.344 458.8164 364.0156
sla 0 622.50620 1245931 213 1416770 1615492 1940310 2143614 2325272rat 1874.914 1287.867 453.6992 369.875
sla 0 623.170620 1246703 196 1415686 1615077 1938911 2143113 2323918rat 1877.274 1287.949 455.9297 368.2344
sla 0 623.850620 1246269 206 1416476 1614337 1939977 2142639 2324365rat 1873.746 1289.024 452.3907 370.1445
sla 0 624.530620 1247721 210 1416496 1613744 1939037 2142557 2323279rat 1873.508 1290.508 454.4297 368.1641
sla 0 625.20620 1246265 201 1414974 1614043 1938137 2140890 2323744rat 1874.766 1286.07 452.9727 372.6836
sla 0 625.880620 1247056 207 1415638 1613790 1938662 2142583 2323460rat 1876.297 1290.441 455.3789 368.4649
summary10:23:50DEC 15/17 67.998 2.618 19sl 0 1876 1289 455 369 696 435 1415971 2324014 3 2 2 3 11 6 446.9 893.8
co10:26:15td: Running td from mcr-172 line -79.61
co10:26:17td: Time correction  .5 seconds
co10:26:17ua: Running ua from mcr-172 line -79.61
hk10:26:22 19 19 15 7.8 1.26-99-11
co10:30:00ua: UV timed  scan started
co10:38:28ua: UV timed  scan finished, incident DUV =  5.362474 mW/m^2
hk10:38:49 19 19 15 6.1 1-99-11
dsa0 639.230620 33 31 79 610 3833 15873 27191rat 21896.23 12349.55 5236.668 1428.344
dsa0 639.920620 46 41 116 1420 9712 41657 71603rat 24165.08 12783.95 5381.649 1446.156
dsa0 640.620620 53 27 126 1649 11355 48330 83033rat 23616.86 12732.88 5345.352 1446.5
dsa0 641.310620 53 38 307 5653 40753 173883 300208rat 24861.52 12921.58 5365.032 1480.445
dsa0 6420620 59 42 465 9556 69168 297076 512894rat 25245.22 12977.15 5406.164 1493.25
summary10:40:36DEC 15/17 78.788 4.772 19ds 0 23957 12753 5347 1459 19288 7599-8.5 361.1 1312 246 66 27 1234 175 5 12
summary10:40:36DEC 15/17 78.72 4.748 19aode 0 0 0 378 344 357 342 343.8 0 0 0 277 258 257 244 239.4 0
hk10:42:38 19 19 16 6.1 1-99-11
zsa0 642.970620 799 39 2706 13004 51801 139001 198261rat 17169.32 10308.29 4293.805 1542.5
zsa0 643.660620 809 29 2743 13150 52067 140145 199589rat 17129.5 10292.38 4306.739 1535.816
zsa0 644.350620 812 35 2799 13248 52418 140597 200351rat 17064.06 10275.88 4291.848 1538.469
zsa0 645.040620 827 40 2767 13320 52853 141526 201365rat 17151.16 10282.46 4284.856 1531.844
zsa0 645.730620 818 39 2778 13464 53422 142213 202676rat 17153.23 10256.43 4259.317 1539.059
zsa0 646.420620 848 41 2828 13457 53708 143541 204196rat 17118.24 10299.81 4276.703 1531.176
zsa0 647.110620 827 42 2834 13708 54219 143978 205119rat 17123.68 10232.82 4248.797 1537.629
summary10:45:02DEC 15/17 78.576 4.697 19zs 0 17130 10278 4280 1537 12213 5526-38.6 307 35 27 20 4 35 21 1.3 3.6
hk10:47:39 19 19 16 7 1.13-99-12
dsa0 648.070620 94 43 656 13112 91760 379701 647673rat 24785.77 12720.36 5273.242 1468.117
dsa0 648.760620 81 43 678 13302 92838 383292 652872rat 24682.27 12704.08 5266.11 1464.469
dsa0 649.450620 81 48 722 13504 94225 389082 662242rat 24496.85 12710.49 5269.735 1463.813
dsa0 650.150620 81 46 716 14142 98504 405007 689931rat 24707.14 12689.85 5254.735 1471.203
dsa0 650.840620 90 53 744 14606 102192 419079 713483rat 24730.71 12705.88 5247.063 1471.938
summary10:49:27DEC 15/17 78.374 4.627 19ds 0 24681 12706 5262 1468 19983 7580-2.8 371.1 110 11 11 4 102 11 .9 1.1
summary10:49:27DEC 15/17 78.31301 4.607 19aode 0 0 0 22 10 24 22 28.7 0 0 0 9 7 7 6 5.2 0
co10:51:11kb: Running kb from mcr-172 line -79.61
hk10:51:16 19 19 16 6.1 1-99-11
hk10:51:49 19 19 16 7 1.13-99-14
um151217Manchester 53.47 2.23 2.804185pr10000 652.41640 113 24631 94437 349369 882754 1213861rat 15597.36 9749.656 4052.203 1395.922
hk10:54:34 19 19 15 7 1.13-99-13
um151217Manchester 53.47 2.23 2.804185pr10000 653.731640 232 728426 1248421 1873526 3285945 3905769rat 6682.309 4319.289 2521.332 782.5625
co10:57:14td: Running td from mcr-172 line -78.12
co10:56:59td: Time correction -17.1 seconds
co10:56:59ua: Running ua from mcr-172 line -78.12
hk10:57:04 19 19 15 6.1 1-99-11
co11:00:00ua: UV timed  scan started
co11:08:28ua: UV timed  scan finished, incident DUV =  6.700883 mW/m^2
hk11:08:34 19 19 16 7 1.13-99-10
hpscan11:08:56 0 135279 10 203338 20 271727 30 333972 40 364905 50 407585 60 439148 70 443315 80 443828 90 444372 100 444232 110 424032 120 367264 130 320064 140 280168 150 206730 160 119430
hp11:09:52 .9960151 452767.3 81.1 19
co11:09:59af: Running af from mcr-172 line -78.12
co11:09:59af: Auto FR/HP/HG is now OFF
co11:09:59b1: Running b1 from mcr-172 line -78.12
hk11:10:13 19 19 16 7 1.13-99-11
dsa0 670.640620 124 43 1483 24705 156745 592745 979254rat 23249.6 12051.94 4961.297 1402.867
dsa0 671.330620 132 50 1510 25204 160855 606761 1000538rat 23297.93 12072.36 4953.18 1397.086
dsa0 672.030620 130 49 1560 25905 164014 616032 1014618rat 23220.88 12022.85 4936.75 1393.938
dsa0 672.720620 129 51 1577 25826 163738 613623 1011004rat 23165.81 12022.33 4928.344 1396.734
dsa0 673.410620 136 50 1604 26122 164711 617659 1015634rat 23120.28 12004.25 4932.727 1389.43
summary11:12:01DEC 15/17 77.519 4.354 19ds 0 23211 12035 4942 1396 18744 7190-2.3 368.2 70 27 14 5 60 18 .3 1
summary11:12:01DEC 15/17 77.476 4.341 19aode 0 0 0 14 4 17 15 22.3 0 0 0 3 3 3 2 2 0
hk11:13:50 19 19 16 7 1.13-99-15
co11:13:56hgfw2: HG FW#2 at step  0
hk11:15:08 19 19 16 7.8 1.26-99-14
hgscan 0wide 302warm= 121.98511:15:08DEC 15/17 295 407 1810 5879 10179 15377 20489 25607 30899 33123 33784 31315 27211 22811 17621 12682 7739 3773 2713 1709 1797 2770 3718 7678 12601 17838 23093 27507 31747 34552 33712 31406 26151 21110 15726 10403 6069 1910 470 365
hg11:16:23 .9988 285.4735 285 68336 19-1
co11:16:25an: Running an from mcr-172 line -78.12
co11:16:25an: Auto FR/HP/HG is now ON
hk11:16:46 19 19 16 6.1 1-99-11
zsa0 677.10620 1043 33 3671 18126 69834 178169 249262rat 16903.86 9943.371 4076.293 1459.777
zsa0 677.790620 1044 39 3674 18228 70212 178653 249064rat 16919.13 9932.071 4064.86 1444.504
zsa0 678.480620 1038 36 3753 18183 70314 179335 250196rat 16838.95 9958.816 4075.059 1447.68
zsa0 679.170620 1051 35 3708 18210 70973 179903 251239rat 16904.5 9965.946 4048.211 1452.063
zsa0 679.860620 1090 45 3776 18541 71343 181914 254484rat 16884.72 9938.152 4074.461 1459.731
zsa0 680.550620 1067 39 3836 18712 72301 183402 256131rat 16844.25 9932.469 4051.727 1452.348
zsa0 681.240620 1057 51 3828 18764 72057 182339 254519rat 16841.54 9897.512 4041.504 1450.184
summary11:19:10DEC 15/17 77.311 4.291 19zs 0 16877 9938 4062 1452 12229 5439-37.9 326.2 34 22 14 6 37 23 1.2 3
co11:21:35kb: Running kb from mcr-172 line -78.12
hk11:21:40 19 19 16 7.8 1.26-99-12
hk11:22:09 19 19 16 7 1.13-99-12
um151217Manchester 53.47 2.23 2.804185pr10000 682.721640 108 29379 115321 420036 1024010 1388549rat 15480.54 9532.644 3900.805 1337.211
hk11:24:53 19 19 16 7 1.13-99-12
um151217Manchester 53.47 2.23 2.804185pr10000 684.061640 244 845064 1428114 2080031 3597408 4249236rat 6443.145 4137.399 2467.594 757.7266
co11:27:33ua: Running ua from mcr-172 line -77.14
hk11:27:38 19 19 16 7 1.13-99-11
co11:30:00ua: UV timed  scan started
co11:38:29ua: UV timed  scan finished, incident DUV =  7.435713 mW/m^2
hk11:38:34 19 19 15 6.1 1-99-12
hpscan11:38:56 0 157333 10 215583 20 281270 30 344516 40 377711 50 415820 60 440967 70 443153 80 442981 90 444141 100 443596 110 417924 120 357634 130 309734 140 265462 150 195285 160 110044
hp11:39:52 .9952692 453861.2 78.9 19
co11:40:00af: Running af from mcr-172 line -77.14
co11:40:00af: Auto FR/HP/HG is now OFF
co11:40:00b1: Running b1 from mcr-172 line -77.14
hk11:40:14 19 19 15 7 1.13-99-13
dsa0 700.650620 201 61 2428 36076 216041 764227 1230368rat 22366.28 11622.99 4729.078 1342.742
dsa0 701.340620 191 52 2390 35013 208756 737279 1188500rat 22262.69 11594.25 4720.25 1346.914
dsa0 702.030620 206 47 2375 34786 208180 734344 1180812rat 22265.59 11605.48 4715.141 1335.984
dsa0 702.720620 191 60 2430 35529 210512 742346 1194707rat 22237.8 11564.2 4715.25 1341.031
dsa0 703.410620 218 54 2542 36233 216088 760165 1222616rat 22133.21 11584 4706.469 1339.922
summary11:42:01DEC 15/17 76.846 4.159 19ds 0 22253 11594 4717 1341 17961 6955-2.3 369 83 23 8 4 81 21 .7 1.4
summary11:42:01DEC 15/17 76.829 4.155 19aode 0 0 0 29 18 32 31 38.8 0 0 0 7 6 5 5 4.9 0
hk11:43:50 19 19 15 6.1 1-99-12
co11:43:56hgfw2: HG FW#2 at step  0
hk11:45:08 19 19 15 7 1.13-99-12
hgscan 0wide 302warm= 583.011711:45:08DEC 15/17 309 400 1036 5061 9606 14267 19431 24942 29805 32509 33593 31248 27414 23405 18333 13561 8460 3967 2806 1871 1881 2870 3999 8473 13695 18716 23673 27657 31895 34210 33262 30666 25731 20335 15206 10172 5798 1697 461 339
hg11:46:23 .9991 286.6889 287 67803 19 1
co11:46:25an: Running an from mcr-172 line -77.14
co11:46:25an: Auto FR/HP/HG is now ON
hk11:46:46 19 19 15 6.1 1-99-12
zsa0 707.10620 1313 45 4830 24200 93874 236508 329238rat 16950.35 9924.531 4025.613 1440.707
zsa0 707.790620 1258 38 4776 24086 93408 235969 329090rat 16983.38 9933.972 4037.113 1448.676
zsa0 708.480620 1294 42 4861 24846 97280 247420 344610rat 17116.83 10006.55 4067.465 1443.492
zsa0 709.170620 1269 36 4981 25458 100476 256293 358423rat 17158.89 10053.77 4080.563 1461.695
zsa0 709.860620 1293 58 4859 24955 97424 246871 344751rat 17123.09 9980.281 4051.742 1455.078
zsa0 710.550620 1305 30 5022 26871 106731 276370 388462rat 17447.8 10147.7 4147.223 1484.816
zsa0 711.240620 1314 47 5080 26654 104812 269473 376635rat 17301.43 10074.92 4116.133 1459.801
summary11:49:10DEC 15/17 76.766 4.137 19zs 0 17155 10017 4075 1456 12494 5504-40.3 346.2 174 80 44 15 133 38 1.2 5.2
hk11:51:47 19 19 15 7 1.13-99-12
dsa0 712.20620 178 53 1912 27321 160650 562595 904560rat 22086.49 11493.63 4675.446 1328.508
dsa0 712.890620 93 47 815 11403 66671 232735 374095rat 22055 11428.44 4635.555 1303.727
dsa0 713.590620 68 29 476 6051 35092 121703 194348rat 21577.74 11355.8 4598.672 1267.547
dsa0 714.270620 131 40 1239 16966 98977 345570 555336rat 21851.79 11425.44 4645.102 1311.031
dsa0 714.960620 101 38 968 12818 74438 260088 418210rat 21712.31 11402.78 4641.977 1307.852
summary11:53:35DEC 15/17 76.732 4.128 19ds 0 21857 11421 4639 1304 17685 6885-2.7 366.8 218 50 27 22 169 18 1.3 1.2
summary11:53:35DEC 15/17 76.724 4.126 19aode 0 0 0 280 269 284 283 291.6 0 0 0 136 132 133 133 133.3 0
co11:55:19ua: Running ua from mcr-172 line -77.14
hk11:55:24 19 19 15 6.1 1-99-12
co12:00:00ua: UV timed  scan started
co12:08:29ua: UV timed  scan finished, incident DUV =  7.827297 mW/m^2
hk12:08:34 19 19 15 6.1 1-99-12
hpscan12:08:56 0 138805 10 202018 20 265873 30 332439 40 365254 50 406515 60 439334 70 443365 80 443457 90 444372 100 444570 110 423210 120 364282 130 317233 140 274310 150 202379 160 118142
hp12:09:52 .9958504 453719.1 81 19
co12:09:59af: Running af from mcr-172 line -77.14
co12:09:59af: Auto FR/HP/HG is now OFF
co12:09:59b1: Running b1 from mcr-172 line -77.14
hk12:10:13 19 19 15 7 1.13-99-12
dsa0 730.640620 126 55 1256 16938 97460 336216 538175rat 21727.29 11317.99 4593.516 1293.93
dsa0 731.330620 134 38 1210 16503 95507 330101 529556rat 21753.24 11346.71 4600.719 1303.141
dsa0 732.020620 107 35 818 11133 63890 220857 354523rat 21746.17 11301.97 4592.68 1297.953
dsa0 732.710620 81 37 622 7778 44823 154263 247893rat 21445.12 11299.94 4568.699 1297.93
dsa0 733.40620 60 30 268 3027 16810 57093 90690rat 21020.54 11091.66 4505.887 1240.859
summary12:12:01DEC 15/17 76.717 4.124 19ds 0 21538 11272 4572 1287 17421 6798-2.4 361 317 102 39 26 244 40 1.3 3
summary12:12:01DEC 15/17 76.724 4.126 19aode 0 0 0 372 363 378 377 385.7 0 0 0 178 175 176 174 173.9 0
hk12:13:49 19 19 15 7.8 1.26-99-14
co12:13:56hgfw2: HG FW#2 at step  0
hk12:15:08 19 19 15 6.1 1-99-12
hgscan 0wide 302warm= 151.976712:15:08DEC 15/17 295 417 1587 5724 10275 14929 20231 25203 29996 32484 33341 30684 26839 22413 17581 12863 7782 3708 2660 1719 1735 2720 3720 7630 12715 17817 22797 27220 31086 33992 33269 31014 25973 21075 15699 10774 6125 1829 480 382
hg12:16:23 .9992 285.4876 285 67333 19-1
co12:16:25an: Running an from mcr-172 line -77.14
co12:16:25an: Auto FR/HP/HG is now ON
hk12:16:46 19 19 15 7 1.13-99-12
zsa0 737.110620 1263 37 4666 22443 84803 208807 288331rat 16550.18 9707.028 3923.668 1403.969
zsa0 737.80620 1298 44 4647 22370 84524 208440 288867rat 16566.81 9714.731 3930.535 1419.82
zsa0 738.490620 1311 63 4588 22355 84550 208799 288905rat 16648.17 9728.481 3937.305 1412.988
zsa0 739.180620 1286 38 4599 22305 84614 208166 288328rat 16601.01 9720.609 3919.981 1417.356
zsa0 739.870620 1233 49 4577 22317 84353 208163 288641rat 16632.25 9720.118 3933.703 1422.234
zsa0 740.560620 1285 39 4587 22368 84477 208201 287687rat 16614.12 9709.238 3927.801 1406.891
zsa0 741.250620 1288 39 4587 22243 84299 208321 287069rat 16616.63 9736.144 3939.496 1394.969
summary12:19:10DEC 15/17 76.768 4.137 19zs 0 16604 9719 3930 1411 12088 5355-35.4 326.3 34 11 7 10 45 20 .9 2.6
hk12:21:48 19 19 15 7 1.13-99-11
dsa0 742.210620 56 33 106 467 1984 5643 8403rat 16058.56 9395.071 3768.832 960.2656
dsa0 742.90620 50 31 112 715 3463 10920 16656rat 18486.5 10299.43 4196.231 1060.367
dsa0 743.590620 73 41 466 5655 32174 110703 177016rat 21366.98 11237.01 4559.848 1268.156
dsa0 744.280620 62 31 263 2967 16572 56260 89892rat 21048.14 11105.09 4498.551 1261.024
dsa0 744.970620 163 50 1792 24807 142834 494019 792199rat 21778.28 11329.85 4610.258 1306.68
summary12:23:35DEC 15/17 76.814 4.15 19ds 0 19748 10673 4327 1171 16000 6519-6.6 339.1 2431 823 351 152 1949 395 5.6 27.5
summary12:23:35DEC 15/17 76.831 4.155 19aode 0 0 0 732 709 727 719 725.7 0 0 0 473 455 458 449 446.8 0
co12:25:19ua: Running ua from mcr-172 line -77.14
hk12:25:24 19 19 16 7 1.13-99-11
co12:30:00ua: UV timed  scan started
co12:38:29ua: UV timed  scan finished, incident DUV =  7.083604 mW/m^2
hk12:38:35 19 19 15 7 1.13-99-10
hpscan12:38:57 0 146126 10 208635 20 275094 30 338798 40 372096 50 410386 60 439253 70 442868 80 444067 90 444609 100 443964 110 419550 120 360442 130 312477 140 269385 150 196123 160 112280
hp12:39:53 .9959675 453486.3 79.8 19
co12:40:00af: Running af from mcr-172 line -77.14
co12:40:00af: Auto FR/HP/HG is now OFF
co12:40:00b1: Running b1 from mcr-172 line -77.14
hk12:40:14 19 19 15 7 1.13-99-12
co12:40:18ds: DS intensity too low ( 95/cy), skipping.
hk12:40:35 19 19 15 7 1.13-99-9
zsa0 760.930620 1417 37 5357 27125 105626 268216 373714rat 17040.26 9976.758 4061.715 1446.043
zsa0 761.620620 1409 47 5221 26731 104777 266647 371996rat 17135.3 10016.24 4071.461 1451.547
zsa0 762.310620 1411 51 5436 29194 116283 302267 424726rat 17510.36 10181.81 4166.281 1484.715
zsa0 7630620 1359 42 5393 28642 114984 301959 425671rat 17533.54 10259.22 4210.563 1498.906
zsa0 763.690620 1349 42 5160 27315 109600 286016 402901rat 17489.47 10228.26 4182.082 1494.93
zsa0 764.380620 1323 47 5157 26923 107431 279307 392150rat 17392.3 10188.02 4165.418 1480.106
zsa0 765.060620 1346 38 5196 26627 106069 275349 386005rat 17289.39 10172.38 4158.34 1473.199
summary12:42:59DEC 15/17 77.157 4.247 19zs 0 17342 10146 4145 1476 12619 5565-42.2 346.8 194 107 56 20 131 46 1.7 5.6
hk12:45:29 19 19 14 7 1.13-99-11
co12:45:40hgfw2: HG FW#2 at step  0
hk12:45:49 19 19 14 7 1.13-99-11
hgscan 0wide 302warm= 613.681612:45:49DEC 15/17 297 408 1143 5258 9776 14575 19818 25005 30267 33009 33976 31945 27891 23509 18631 13560 8580 4104 2892 1934 1929 2966 4179 8642 13608 18777 24026 28226 32285 34673 33794 30851 25674 20450 15021 9980 5468 1234 488 347
hg12:47:05 .9989 286.8329 287 68649 19 1
co12:47:07an: Running an from mcr-172 line -77.14
co12:47:07an: Auto FR/HP/HG is now ON
hk12:47:28 19 19 15 7 1.13-99-12
zsa0 767.80620 1228 41 4525 23098 91457 238154 334751rat 17262.93 10157.08 4169.418 1483.141
zsa0 768.490620 1233 41 4424 22525 89791 233043 326936rat 17267.06 10171.62 4154.664 1474.457
zsa0 769.180620 1304 36 4733 24302 95437 247473 345594rat 17229.25 10102.88 4151.547 1455.027
zsa0 769.870620 1209 36 4445 22723 90539 234897 328691rat 17276.11 10167.29 4153.024 1463.246
zsa0 770.560620 1234 44 4569 23077 91645 237546 333834rat 17212.16 10150.38 4149.387 1482.313
zsa0 771.250620 1227 36 4483 23137 91524 237605 333252rat 17288.92 10138.8 4155.992 1473.535
zsa0 771.940620 1181 29 4321 21675 86108 222707 312213rat 17160.18 10138.66 4138.449 1470.789
summary12:49:52DEC 15/17 77.333 4.298 19zs 0 17242 10147 4153 1472 12533 5568-42.9 343.7 44 23 9 10 54 20 1.1 2.9
hk12:52:29 19 19 15 6.1 1-99-12
co12:52:34ds: DS intensity too low ( 60/cy), skipping.
hk12:52:51 19 19 15 7.8 1.26-99-12
zsa0 773.180620 1238 49 4607 23048 91375 236862 331900rat 17167.91 10144.11 4149.781 1469.473
zsa0 773.870620 1205 28 4473 22417 89151 231982 325070rat 17186.36 10170.32 4165.492 1469.25
zsa0 774.560620 1400 41 5217 26435 103812 269086 375973rat 17173.54 10103.65 4151.445 1458.344
zsa0 775.250620 991 29 3693 18638 74674 196545 276555rat 17301.5 10249.75 4212.918 1485.731
zsa0 775.940620 1032 40 3721 19003 75552 198132 278879rat 17316.26 10202.74 4197.535 1487.301
zsa0 776.620620 1275 39 4786 24474 97467 254406 357249rat 17304.01 10193.48 4180.766 1479.649
zsa0 777.310620 1175 32 4172 21371 85612 224173 315176rat 17345.41 10229.34 4192.363 1483.504
summary12:55:14DEC 15/17 77.49 4.345 19zs 0 17256 10185 4179 1476 12533 5586-43.8 343 77 50 24 11 48 24 1.2 3
co12:57:40td: Running td from mcr-172 line  77.47
co12:57:42td: Time correction  .3 seconds
co12:57:42ua: Running ua from mcr-172 line  77.47
hk12:57:47 19 19 14 7 1.13-99-12
co13:00:00ua: UV timed  scan started
co13:08:29ua: UV timed  scan finished, incident DUV =  3.472411 mW/m^2
hk13:08:35 19 19 14 6.1 1-99-13
hpscan13:08:57 0 153458 10 209523 20 278058 30 336081 40 371129 50 413838 60 440943 70 443934 80 444319 90 444428 100 443446 110 412422 120 355570 130 309247 140 264999 150 195447 160 109531
hp13:09:53 .9959642 453816.8 79.3 19
co13:10:00af: Running af from mcr-172 line  77.47
co13:10:00af: Auto FR/HP/HG is now OFF
co13:10:00b1: Running b1 from mcr-172 line  77.47
hk13:10:14 19 19 14 7 1.13-99-13
co13:10:18ds: DS intensity too low ( 75/cy), skipping.
hk13:10:35 19 19 14 7.8 1.26-99-11
zsa0 790.930620 1304 42 4744 24625 99173 265097 375659rat 17525.37 10347.22 4285.305 1520.008
zsa0 791.620620 1133 44 4067 21004 85121 228918 324473rat 17561.21 10398.5 4309.313 1519.391
zsa0 792.310620 1176 67 4140 21427 86606 231112 327749rat 17548.81 10357.61 4276.399 1521.848
zsa0 7930620 1192 38 4389 22129 88738 236573 334027rat 17364.65 10314 4271.653 1502.75
zsa0 793.690620 1104 39 3833 19524 78913 210012 296445rat 17439.27 10339.09 4262.309 1500.324
zsa0 794.380620 1193 32 4468 22567 91029 243113 343887rat 17399.93 10346.84 4279.672 1511.02
zsa0 795.070620 1219 42 4346 22028 88839 237663 335510rat 17431.85 10354.73 4286.918 1502.09
summary13:12:59DEC 15/17 78.128 4.545 19zs 0 17467 10351 4282 1511 12632 5642-45 337.2 77 25 15 9 54 17 .9 2.3
hk13:15:29 19 19 15 7 1.13-99-11
co13:15:40hgfw2: HG FW#2 at step  0
hk13:15:49 19 19 15 7 1.13-99-11
hgscan 0wide 302warm= 181.983313:15:49DEC 15/17 310 430 1591 5868 10241 15007 20409 25682 30734 32921 33931 31373 27557 23222 18340 13275 8173 3911 2751 1759 1819 2842 3936 8116 13321 18560 23844 28259 31922 34515 33534 31180 26071 20796 15338 10245 5855 1564 468 340
hg13:17:04 .9992 286.1173 286 68446 19 0
co13:17:06an: Running an from mcr-172 line  77.47
co13:17:06an: Auto FR/HP/HG is now ON
hk13:17:27 19 19 15 7 1.13-99-11
zsa0 797.790620 1155 41 4073 20503 82682 223619 317239rat 17449.22 10400.72 4333.473 1522.941
zsa0 798.480620 1080 41 3884 19311 77960 210769 299143rat 17399.2 10402.97 4330.996 1524.289
zsa0 799.170620 1001 36 3555 17476 70774 190694 270313rat 17344.78 10399.55 4314.742 1517.84
zsa0 799.860620 1030 34 3513 17487 70536 191284 272117rat 17407.97 10409.86 4342.821 1533.434
zsa0 800.550620 1151 39 3581 17827 71878 194301 275201rat 17398.22 10395.45 4329.285 1514.457
zsa0 801.230620 969 31 3395 16860 67718 183318 259906rat 17368.35 10382.43 4334.489 1518.27
zsa0 801.920620 1096 39 3823 19086 77320 209983 298929rat 17450.13 10437.27 4350.496 1537.453
summary13:19:51DEC 15/17 78.423 4.644 19zs 0 17403 10404 4334 1524 12525 5646-45.2 330.9 40 17 11 9 30 11 .8 2.6
co13:22:16kb: Running kb from mcr-172 line  77.47
hk13:22:21 19 19 16 7 1.13-99-14
hk13:22:50 19 19 16 7.8 1.27-99-10
um151217Manchester 53.47 2.23 2.804185pr10000 803.41640 109 18478 78244 301467 786520 1095715rat 16344.78 10061.41 4188.617 1451.199
hk13:25:34 19 19 16 6.1 1-99-12
um151217Manchester 53.47 2.23 2.804185pr10000 804.741640 208 710838 1231509 1878485 3317031 3963032rat 6832.227 4422.305 2552.356 806.5781
co13:25:36td: Running td from mcr-172 line  78.65
co13:25:37td: Time correction  .3 seconds
co13:25:38ua: Running ua from mcr-172 line  78.65
hk13:25:43 19 19 16 7 1.13-99-11
co13:30:00ua: UV timed  scan started
co13:38:29ua: UV timed  scan finished, incident DUV =  5.664472 mW/m^2
hk13:38:36 19 19 15 7 1.13-99-15
hpscan13:38:58 0 134957 10 201740 20 269818 30 332628 40 369866 50 409349 60 440231 70 443411 80 444012 90 445118 100 444780 110 422414 120 362753 130 317742 140 276481 150 203193 160 118304
hp13:39:54 .996116 453837.4 80.5 19
co13:40:02af: Running af from mcr-172 line  78.65
co13:40:02af: Auto FR/HP/HG is now OFF
co13:40:02b1: Running b1 from mcr-172 line  78.65
hk13:40:16 19 19 15 7 1.13-99-11
dsa0 820.680620 37 28 58 352 2045 8363 14343rat 20961.45 11966.5 5145.633 1383.867
dsa0 821.370620 26 29 75 828 6006 25872 45287rat 24009.26 12955.29 5340.215 1466.688
dsa0 822.060620 41 47 64 553 3619 15467 26897rat 26076.38 12688.02 5328.875 1437.473
dsa0 822.750620 43 33 52 171 779 2852 4752rat 18199.17 10941.54 4745.836 1261.789
dsa0 823.440620 32 32 40 102 316 894 1260rat 16796.88 8735.368 3790.246 557.4219
summary13:42:03DEC 15/17 79.557 5.064 19ds 0 21209 11457 4870 1221 17300 6946-6.4 302.7 3877 1710 650 379 3049 792 11.2 46.7
summary13:42:03DEC 15/17 79.636 5.096 19aode 0 0 0 744 728 749 733 740.1 0 0 0 272 272 283 278 285 0
hk13:43:51 19 19 15 7.8 1.26-99-11
co13:43:58hgfw2: HG FW#2 at step  0
hk13:45:11 19 19 16 6.1 1-99-11
hgscan 0wide 302warm= 643.046713:45:11DEC 15/17 283 397 1705 5601 9853 14707 19766 25277 29856 32249 32848 30274 26457 22294 17337 12656 7833 3729 2603 1627 1686 2652 3786 7835 12796 17756 22777 26882 30778 33772 33157 30932 26064 20707 15505 10449 6132 2078 480 371
hg13:46:25 .9991 285.5099 286 66620 19 0
co13:46:27an: Running an from mcr-172 line  78.65
co13:46:27an: Auto FR/HP/HG is now ON
co13:46:27b2: Running b2 from mcr-172 line  78.65
hk13:46:40 19 19 16 7 1.13-99-16
co13:46:45ds: DS intensity too low ( 61/cy), skipping.
hk13:47:02 19 19 16 7 1.13-99-15
zsa0 827.370620 882 38 2939 14431 59855 171291 249848rat 17715.17 10765.46 4575.875 1641.879
zsa0 828.060620 871 40 2837 14042 58299 168153 245474rat 17793 10804.39 4609.946 1645.356
zsa0 828.750620 895 43 2926 14116 58387 167876 244148rat 17654.21 10775.15 4596.336 1628.891
zsa0 829.440620 877 37 2918 14101 58184 167409 244035rat 17645.22 10765.93 4599.039 1638.977
zsa0 830.130620 857 34 2802 13192 54933 157530 229469rat 17553.74 10789.95 4583.774 1635.301
zsa0 830.820620 826 29 2643 12604 51748 149912 218794rat 17586.31 10770.79 4627.239 1643.301
zsa0 831.510620 871 39 2821 13203 54225 155849 226763rat 17484.89 10741.03 4593.699 1630.305
summary13:49:26DEC 15/17 79.993 5.245 19zs 0 17633 10773 4598 1638 12393 5690-36.3 281.9 103 20 17 6 92 20 2.9 9.2
hk13:52:13 19 19 15 7.8 1.26-99-13
sla 0 832.540620 1249014 204 1416094 1614644 1939092 2143083 2325413rat 1875.914 1289.109 455.4336 371.2969
sla 0 833.220620 1247151 202 1415491 1614216 1940103 2143997 2324526rat 1879.813 1292.281 455.0196 367.5469
sla 0 833.90620 1247928 199 1417643 1614854 1939779 2142985 2323823rat 1870.766 1288.309 453.6016 368.3203
sla 0 834.570620 1246390 194 1415968 1613621 1938451 2142461 2323659rat 1874.969 1290.649 455.6172 369.1211
sla 0 835.250620 1246340 209 1416237 1614541 1939362 2144369 2322674rat 1878.238 1292.176 457.5742 363.0469
sla 0 835.930620 1247305 208 1415223 1613969 1939474 2142182 2323183rat 1876.758 1289.07 452.5899 368.7735
sla 0 836.610620 1247186 217 1415523 1614854 1939152 2142243 2324822rat 1875.938 1286.719 453.4883 371.9219
summary13:54:34DEC 15/17 84.111 7.707 19sl 0 1876 1290 455 369 697 436 1416026 2324014 3 2 2 3 11 6 774.1 893.8
co13:56:58td: Running td from mcr-172 line  80.32
co13:57:00td: Time correction  .1 seconds
co13:57:00ua: Running ua from mcr-172 line  80.32
hk13:57:05 19 19 15 7 1.13-99-14
co14:00:00ua: UV timed  scan started
co14:08:29ua: UV timed  scan finished, incident DUV =  2.45431 mW/m^2
hk14:08:34 19 19 15 7 1.13-99-12
hpscan14:08:56 0 149337 10 209949 20 280439 30 338063 40 372104 50 415016 60 440901 70 442766 80 443897 90 443580 100 443987 110 413142 120 351939 130 307551 140 267387 150 196870 160 109740
hp14:09:51 .9951511 453007.2 78.8 19
co14:09:59af: Running af from mcr-172 line  80.32
co14:09:59af: Auto FR/HP/HG is now OFF
co14:09:59b1: Running b1 from mcr-172 line  80.32
co14:09:59kb: Running kb from mcr-172 line  80.32
hk14:10:04 19 19 15 7 1.13-99-13
hk14:10:42 19 19 15 7 1.13-99-12
um151217Manchester 53.47 2.23 2.804185pr10000 851.281640 88 3977 16486 66386 197854 292523rat 17059.23 10816.62 4749.012 1697.328
hk14:13:26 19 19 15 7 1.13-99-14
um151217Manchester 53.47 2.23 2.804185pr10000 852.611640 101 132203 245287 430648 812345 1004692rat 7911.942 5227.254 2773.707 927.3594
hk14:16:11 19 19 15 7 1.13-99-11
co14:16:21hgfw2: HG FW#2 at step  0
hk14:16:31 19 19 15 7.8 1.26-99-11
hgscan 0wide 302warm= 213.308314:16:31DEC 15/17 346 436 1860 6357 10968 16469 22024 27383 32717 35220 35914 32825 28522 23810 18608 13309 8015 3840 2844 1765 1761 2861 3936 7900 13098 18667 23884 28656 32838 36054 35717 33464 28106 22818 16983 11667 6854 2294 503 367
hg14:17:45 .999 284.9049 285 71968 19-1
co14:17:47an: Running an from mcr-172 line  80.32
co14:17:47an: Auto FR/HP/HG is now ON
co14:17:47kb: Running kb from mcr-172 line  80.32
hk14:17:52 19 19 15 7 1.13-99-10
hk14:18:43 19 19 15 7 1.13-99-11
um151217Manchester 53.47 2.23 2.804185pr10000 859.291640 62 4128 17080 70053 216003 323876rat 17248.79 11038.28 4896.25 1758.922
hk14:21:27 19 19 15 7 1.13-99-12
um151217Manchester 53.47 2.23 2.804185pr10000 860.621640 122 158163 299754 544432 1046349 1304659rat 8244.875 5466.239 2861.918 966.5821
co14:24:07kb: Running kb from mcr-172 line  80.32
hk14:24:12 19 19 15 7 1.13-99-17
hk14:24:54 19 19 15 7 1.13-99-18
um151217Manchester 53.47 2.23 2.804185pr10000 865.481640 65 3401 13392 54119 166330 249903rat 16970.07 10962.07 4881.125 1766.496
hk14:27:39 19 19 15 7.8 1.26-99-12
um151217Manchester 53.47 2.23 2.804185pr10000 866.821640 114 148251 281016 515895 998308 1248881rat 8319.582 5540.719 2890.457 980.4727
co14:27:41td: Running td from mcr-172 line  82.46
co14:27:42td: Time correction  .3 seconds
co14:27:43ua: Running ua from mcr-172 line  82.46
hk14:27:48 19 19 15 6.1 1-99-12
co14:30:00ua: UV timed  scan started
co14:38:29ua: UV timed  scan finished, incident DUV =  2.511367 mW/m^2
hk14:38:34 19 19 15 7 1.13-99-11
hpscan14:38:56 0 141312 10 208298 20 270911 30 338118 40 374470 50 410166 60 439981 70 443981 80 443883 90 443809 100 444097 110 421970 120 357955 130 306960 140 267006 150 199067 160 112911
hp14:39:52 .9948521 454140.5 79.4 19
co14:39:59af: Running af from mcr-172 line  82.46
co14:39:59af: Auto FR/HP/HG is now OFF
co14:39:59b1: Running b1 from mcr-172 line  82.46
co14:40:00kb: Running kb from mcr-172 line  82.46
hk14:40:05 19 19 14 7 1.13-99-13
hk14:40:43 19 19 15 7 1.13-99-12
um151217Manchester 53.47 2.23 2.804185pr10000 881.291640 80 10862 32466 112065 306180 443625rat 14533.54 9763.363 4373.129 1611.77
hk14:43:27 19 19 15 7 1.13-99-11
um151217Manchester 53.47 2.23 2.804185pr10000 882.621640 145 241221 441941 806756 1555806 1938180rat 8159.137 5524.586 2891.422 970.375
hk14:46:11 19 19 15 6.1 1-99-12
co14:46:22hgfw2: HG FW#2 at step  0
hk14:46:31 19 19 15 7 1.13-99-12
hgscan 0wide 302warm= 673.051714:46:31DEC 15/17 270 382 1306 5594 10209 15347 20431 25897 31258 33836 34683 32232 27969 23533 18459 13441 8225 3949 2831 1852 1938 2912 3971 8220 13465 18779 23700 28216 32455 35179 34478 32008 26772 21598 16288 10948 6164 1630 458 330
hg14:47:46 .9992 285.892 286 69862 19 0
co14:47:48an: Running an from mcr-172 line  82.46
co14:47:48an: Auto FR/HP/HG is now ON
co14:47:48kb: Running kb from mcr-172 line  82.46
hk14:47:53 19 19 15 6.1 1-99-12
hk14:48:44 19 19 15 6.1 1-99-12
um151217Manchester 53.47 2.23 2.804185pr10000 889.311640 76 7630 23462 82122 230631 340473rat 14843.74 9942.676 4490.653 1691.539
hk14:51:28 19 19 15 7 1.13-99-12
um151217Manchester 53.47 2.23 2.804185pr10000 890.641640 108 168239 315936 609346 1211625 1534483rat 8622.227 5883.391 3015.469 1038.184
co14:54:08kb: Running kb from mcr-172 line  82.46
hk14:54:13 19 19 15 7 1.13-99-12
hk14:54:55 19 19 15 7 1.13-99-12
um151217Manchester 53.47 2.23 2.804185pr10000 895.491640 81 6882 20889 70663 196636 289179rat 14604.97 9755.238 4450.09 1674.043
hk14:57:39 19 19 15 6.1 1-99-12
um151217Manchester 53.47 2.23 2.804185pr10000 896.831640 116 151328 282272 552541 1108808 1411380rat 8692.598 5983.719 3052.68 1058.891
co14:57:41td: Running td from mcr-172 line  85
co14:57:42td: Time correction  .1 seconds
co14:57:43ua: Running ua from mcr-172 line  85
hk14:57:48 19 19 15 7 1.13-99-12
co15:00:00ua: UV timed  scan started
co15:08:29ua: UV timed  scan finished, incident DUV =  1.406565 mW/m^2
hk15:08:34 19 19 15 6.1 1-99-11
hpscan15:08:56 0 130511 10 197363 20 266790 30 329669 40 376009 50 408317 60 437335 70 443540 80 443996 90 444168 100 444278 110 428197 120 365688 130 315376 140 273843 150 211963 160 121098
hp15:09:52 .9949341 454101.2 80.5 19
co15:09:59af: Running af from mcr-172 line  85
co15:09:59af: Auto FR/HP/HG is now OFF
co15:09:59b1: Running b1 from mcr-172 line  85
co15:10:00kb: Running kb from mcr-172 line  85
hk15:10:05 19 19 15 7 1.13-99-12
hk15:10:43 19 19 15 7 1.13-99-12
um151217Manchester 53.47 2.23 2.804185pr10000 911.281640 72 6313 17280 54581 138829 201077rat 13462.6 9064.848 4057.668 1606.215
hk15:13:26 19 19 14 7 1.13-99-12
um151217Manchester 53.47 2.23 2.804185pr10000 912.621640 661 107467 195656 387822 800075 1032888rat 8766.629 6154.946 3167.586 1116.727
hk15:16:11 19 19 15 7 1.13-99-12
co15:16:22hgfw2: HG FW#2 at step  0
hk15:16:31 19 19 15 7 1.13-99-12
hgscan 0wide 302warm= 243.306715:16:31DEC 15/17 292 429 1207 5269 9910 14860 20323 25717 30566 33752 34621 32321 28325 24320 18934 13620 8732 4104 2911 1890 1892 2966 4136 8780 13577 19057 24465 28637 32728 35141 34180 31430 26270 21003 15306 10188 5664 1479 462 346
hg15:17:45 .9989 286.7206 287 69762 19 1
co15:17:47an: Running an from mcr-172 line  85
co15:17:47an: Auto FR/HP/HG is now ON
co15:17:47kb: Running kb from mcr-172 line  85
hk15:17:52 19 19 14 7 1.13-99-12
hk15:18:43 19 19 15 7 1.13-99-12
um151217Manchester 53.47 2.23 2.804185pr10000 919.31640 69 5188 14012 43647 107024 154004rat 13191 8846.422 3897.945 1577.188
hk15:21:27 19 19 15 7 1.13-99-12
um151217Manchester 53.47 2.23 2.804185pr10000 920.631640 94 83350 149983 300185 626673 818796rat 8781.793 6232.094 3211 1165.774
co15:24:08kb: Running kb from mcr-172 line  85
hk15:24:13 19 19 15 6.1 1-99-13
hk15:24:55 19 19 15 6.1 1-99-13
um151217Manchester 53.47 2.23 2.804185pr10000 925.491640 75 4313 11518 35706 86072 122686rat 13062.92 8756.356 3824.422 1535.695
hk15:27:39 19 19 15 7 1.13-99-14
um151217Manchester 53.47 2.23 2.804185pr10000 926.821640 105 66532 118636 237497 503218 662987rat 8803.25 6293.043 3272.235 1200.066
co15:27:40td: Running td from mcr-172 line  87.83
co15:27:42td: Time correction  .3 seconds
co15:27:43ua: Running ua from mcr-172 line  87.83
hk15:27:48 19 19 15 7 1.13-99-14
co15:30:00ua: UV timed  scan started
co15:38:29ua: UV timed  scan finished, incident DUV =  .5602583 mW/m^2
hk15:38:34 19 19 15 6.1 1-99-14
hpscan15:38:56 0 134866 10 199805 20 269834 30 332057 40 367428 50 407403 60 438867 70 443375 80 444218 90 445069 100 444833 110 425500 120 368187 130 319346 140 278328 150 210398 160 120762
hp15:39:52 .995844 453625.1 81.2 19
co15:39:59af: Running af from mcr-172 line  87.83
co15:39:59af: Auto FR/HP/HG is now OFF
co15:39:59b1: Running b1 from mcr-172 line  87.83
co15:40:00kb: Running kb from mcr-172 line  87.83
hk15:40:05 19 19 15 7 1.13-99-13
hk15:40:43 19 19 14 7 1.13-99-13
um151217Manchester 53.47 2.23 2.804185pr10000 941.281640 57 2550 6306 18670 42706 59627rat 12319.2 8335.738 3597.297 1445.293
hk15:43:27 19 19 15 7 1.13-99-15
um151217Manchester 53.47 2.23 2.804185pr10000 942.621640 82 32578 57075 110723 238472 320230rat 8651.371 6217.699 3336.016 1278.449
hk15:46:11 19 19 15 6.1 1-99-13
co15:46:22hgfw2: HG FW#2 at step  0
hk15:46:31 19 19 15 7 1.13-99-12
hgscan 0wide 302warm= 703.056615:46:31DEC 15/17 318 427 1897 6364 10861 15740 21322 26422 31703 33980 34702 31665 27688 23222 18375 12916 7921 3799 2760 1743 1775 2777 3801 7868 12894 18409 23274 27972 31986 34961 34303 32234 27098 21579 16353 11311 6593 2128 481 366
hg15:47:46 .9991 285.1276 285 69663 19-1
co15:47:48an: Running an from mcr-172 line  87.83
co15:47:48an: Auto FR/HP/HG is now ON
co15:47:48kb: Running kb from mcr-172 line  87.83
hk15:47:53 19 19 15 7 1.13-99-13
hk15:48:44 19 19 15 7 1.13-99-13
um151217Manchester 53.47 2.23 2.804185pr10000 949.31640 71 1725 4162 11964 26406 36910rat 12006.43 8080.989 3448.242 1451.484
hk15:51:28 19 19 16 7 1.13-99-13
um151217Manchester 53.47 2.23 2.804185pr10000 950.641640 65 19941 34516 65265 141293 191381rat 8507.879 6125.957 3356.07 1314.301
co15:54:09td: Running td from mcr-172 line  91.2
co15:54:10td: Time correction  .3 seconds
co15:54:11ua: Running ua from mcr-172 line  91.2
hk15:54:16 19 19 16 6.1 1-99-12
co16:00:00ua: UV timed  scan started
co16:08:29ua: UV timed  scan finished, incident DUV =  7.741614E-02 mW/m^2
ap16:08:30 19 18.91 14.73 1169.66 11.94 4.78-11.58 23.97 0 15.78 17.96-14.03 5.01-5.44 0 .01 0 0 .06 .04 6.14 1 .02 .02 19 18.91 14.73 1171.62 11.94 4.76-11.57 23.57 0 15.68 17.96-12.8 5.01-5.44 1.51 11.03 .35 10.99 1.33 .69 6.14 1 .06 .06
hk16:09:14 19 19 15 7 1.13-99-13
hpscan16:09:36 0 148570 10 214929 20 283319 30 344209 40 381486 50 416022 60 441362 70 443872 80 445319 90 445406 100 444020 110 416958 120 356621 130 306000 140 267103 150 196451 160 105030
hp16:10:32 .995422 454183.7 78.4 19
hk16:10:44 19 19 14 7 1.13-99-13
co16:10:46hgfw2: HG FW#2 at step  0
hk16:12:53 19 19 14 6.1 1-99-14
hgscan 0wide 302warm= 2.00516:12:53DEC 15/17 197 274 740 3919 7330 11116 15060 19250 23038 25708 26221 24629 21573 18465 14701 10655 6631 3146 2190 1451 1475 2273 3236 6811 11064 15330 19568 23035 26390 28508 27785 25696 21211 16952 12565 8305 4685 1023 378 291
hg16:14:08 .9989 286.8047 287 54729 19 1
hk16:19:14 19 19 15 6.1 1-99-14
sla 0 979.560620 1246844 196 1416748 1614365 1941286 2145020 2325219rat 1877.992 1294.059 454.418 366.7266
sla 0 980.240620 1247275 200 1415609 1615870 1941299 2144030 2324854rat 1879.496 1287.695 452.2539 368.1328
sla 0 980.910620 1247766 182 1416106 1614230 1939393 2143557 2325198rat 1876.875 1291.281 455.7383 369.8399
sla 0 981.590620 1246686 193 1417085 1614515 1938951 2143608 2324753rat 1873.879 1290.598 456.9024 368.836
sla 0 982.270620 1246677 221 1415970 1614806 1939612 2142234 2324132rat 1874.504 1286.832 452.3867 370.5625
sla 0 982.940620 1247214 193 1416913 1615380 1939115 2143173 2324693rat 1873.488 1287.219 455.5742 369.6563
sla 0 983.620620 1246262 212 1415187 1614495 1939492 2143680 2323731rat 1880.106 1290.82 455.7852 366.6367
summary16:21:35DEC 15/17 104.203 3.873 19sl 0 1877 1290 455 369 697 436 1416231 2324654 3 3 2 2 7 5 446.9 632
co16:23:59b0: Running b0 from mcr-172 line  91.2
co16:23:59b2: Running b2 from mcr-172 line  91.2
co16:24:00w1: Running w1 from mcr-172 line  91.2
co16:29:02ci: Running ci from mcr-172 line  91.2
hk16:29:18 19 19 14 7 1.13-99-16
co16:29:33ci: CI scan started at 16:29:33
co16:36:28b0: Running b0 from mcr-172 line  91.2
co16:36:28b1: Running b1 from mcr-172 line  91.2
co16:36:29w1: Running w1 from mcr-172 line  91.2
co16:41:30hs: Running hs from mcr-172 line  91.2
hk16:41:49 19 19 14 7 1.13-99-14
co16:42:02hs: HS scan started at 16:42:02
hk16:47:00 19 19 15 6.1 1-99-12
rso3DEC 15/1716:55:53 19 1870299 317 2123611 2422000 2907986 3214427 3485843 5370783 1870125 203 2123915 2421710 2909600 3216394 3485743 5370023 1.0001 1.5616 .9998 1.0001 .9994 .9994 1 1.0001 .1801 .1229 .0435 .0352 .0674 .0413-.0209 .1802 .1233 .0435 .0349 .0685 .0421-.0213
hk16:55:57 19 19 14 7 1.13-99-13
dto3DEC 15/1717:02:05 19 0 3121228 29.07 28.43 28.49 28.7 28.14 1 1209981 29.46 29.95 28.14 26.09 25.74 28.66 27.32 28.12 25.06 29.96    28.565 .3    27.849 1.8ed
co00:04:25o3: Running o3 from mcr-172 line -200
co00:04:28af: Running af from mcr-172 line -200
co00:04:28af: Auto FR/HP/HG is now OFF
co00:04:28ozsum: Running ozsum from mcr-172 line -200
co00:04:29aodsum: Running aodsum from mcr-172 line -200
co00:04:30uvsum: Running uvsum from mcr-172 line -200
co00:04:31fmsum: Running fmsum from mcr-172 line -200
co00:04:32fzsum: Running fzsum from mcr-172 line -200
co00:04:34slsum: Running slsum from mcr-172 line -200
co00:04:35rl: Running rl from mcr-172 line -200
co00:04:37rl:  2017  349  00 05 04   Reset Warm -> Tepid  from  2017  349  00 04 58   until  2017  349  00 04 59  . Counts: 1,0
co00:04:38rl:  2017  349  00 05 46   New value set for watermark SUPPLY.VOLTAGE.LOW[-5VSEC]: -5.446699 Volts.
co00:04:39rl:  2017  349  05 12 47   New value set for watermark SUPPLY.VOLTAGE.LOW[-5VSEC]: -5.452075 Volts.
co00:04:40rl:  2017  349  16 35 27  Attempt to exceed max boundary
co00:04:41rl:  2017  349  16 35 27         <M,10, 9695&M,9, 9678;R, 6, 6,4;O>
co00:04:42rl:  All log items reported.
co00:04:46chk_cfg: Running chk_cfg from mcr-172 line -200
co00:04:47chk_cfg: VERSION.FW[VERS]=1
co00:04:48chk_cfg: VERSION.FW[REL]=3
co00:04:48chk_cfg: MOTOR.MAX.ACC[10]=19
co00:04:49chk_cfg: MOTOR.MAX.ACC[9]=19
co00:04:50chk_cfg: MOTOR.MAX.VEL[10]=32
co00:04:50chk_cfg: MOTOR.MAX.VEL[9]=32
co00:04:51chk_cfg: MOTOR.MAX.JERK[10]=16
co00:04:52chk_cfg: MOTOR.MAX.JERK[9]=16
co00:04:53chk_cfg: MOTOR.MAX.POS[10]=600
co00:04:53chk_cfg: MOTOR.MAX.POS[9]=600
co00:04:54chk_cfg: MOTOR.MIN.POS[10]=-10781
co00:04:55chk_cfg: MOTOR.MIN.POS[9]=-10601
co00:04:55chk_cfg: MOTOR.SLOPE[10]=1
co00:04:56chk_cfg: MOTOR.SLOPE[9]=1
co00:04:57chk_cfg: MOTOR.REF.PLAY[10]=-100
co00:04:57chk_cfg: MOTOR.REF.PLAY[9]=-100
co00:04:58chk_cfg: MOTOR.MAX.SEARCH[10]=12500
co00:04:59chk_cfg: MOTOR.MAX.SEARCH[9]=12500
co00:05:00chk_cfg: MOTOR.INITIAL[10]=286
co00:05:00chk_cfg: MOTOR.INITIAL[9]=286
co00:05:01chk_cfg: MOTOR.ORIGIN[10]=-6631
co00:05:01chk_cfg: MOTOR.ORIGIN[9]=-7079
co00:05:02chk_cfg: MOTOR.SLOW.VEL[10]=1
co00:05:03chk_cfg: MOTOR.SLOW.VEL[9]=1
co00:05:04chk_cfg: MOTOR.RESET.POS[10]=-1440
co00:05:04chk_cfg: MOTOR.RESET.POS[9]=-1440
co00:05:08rtn_date: Running rtn_date from mcr-172 line -200
vers00:05:08a0.rtn10000 REM ************ checkaz.rtn 02/12/2010 09:50:00 ************
vers00:05:08ab_sk.rtn10000 REM ************ ab_sk.rtn 02/12/2010 09:50:00 ************
vers00:05:08af.rtn10000 REM ************ af.rtn 02/12/2010 09:50:34 ************
vers00:05:08an.rtn10000 REM ************ an.rtn 02/12/2010 09:50:34 ************
vers00:05:08aodsum.rtn10000 REM ************ aodsum.rtn 02/12/2010 09:50:00 ************
vers00:05:08ap.rtn10000 REM ************ ap.rtn 22/03/2013 09:50:00 ************
vers00:05:08apsum.rtn10000 REM ************ apsum.rtn 02/12/2010 09:50:00 ************
vers00:05:08ar.rtn10000 REM ************ ar.rtn 02/12/2010 09:50:00 ************
vers00:05:08as.rtn10000 REM ************ as.rtn 02/12/2010 09:50:00 ************
vers00:05:08au.rtn10000 REM ************ au.rtn 02/12/2010 09:50:00 ************
vers00:05:08auto-off.rtn10000 REM ************ auto-off.rtn 05/03/2011 19:47:08 ************
vers00:05:08auto-on.rtn10000 REM ************ auto-on.rtn 05/03/2011 19:47:08 ************
vers00:05:08az.rtn10000 REM ************ az.rtn 02/12/2010 09:50:00 ************
vers00:05:08bp.rtn10000 REM ********************** bp routine 26/11/97 ********************
vers00:05:08ca.rtn10000 REM ************ ca.rtn 09/04/2011 09:50:00 ************
vers00:05:08cal.rtn10000 REM ************ cal.rtn 22/04/2012 09:50:00 ************
vers00:05:08calds.rtn10000 REM ************ cal.rtn 22/04/2012 09:50:00 ************
vers00:05:08calsc.rtn10000 REM ************ cal.rtn 22/04/2012 09:50:00 ************
vers00:05:09caluv.rtn10000 REM ************ cal.rtn 22/04/2012 09:50:00 ************
vers00:05:09cb.rtn10000 REM ************ cb.rtn 02/12/2010 09:50:00 ************
vers00:05:09cc.rtn10000 REM ************ cal.rtn 22/04/2012 09:50:00 ************
vers00:05:09cd.rtn10000 REM ************ cal.rtn 22/04/2012 09:50:00 ************
vers00:05:09cf.rtn10000 REM ************ cf.rtn 02/12/2010 09:50:00 ************
vers00:05:09checkaz.rtn10000 REM ************ checkaz.rtn 02/12/2010 09:50:00 ************
vers00:05:09checkhg.rtn10000 REM ************ checkhg.rtn 02/12/2010 09:50:00 ************
vers00:05:09chk_cfg.rtn10000 REM ************ chk_cfg.rtn 31/01/2013 21:00:00 ************
vers00:05:09chk_cod.rtn10000 REM ************ chk_cod.rtn 08/11/2013 21:00:00 ************
vers00:05:09ci.rtn10000 REM ************ ci.rtn 02/12/2010 09:50:00 ************
vers00:05:09cj.rtn10000 REM ************ cj.rtn 05/02/2013 11:00:00 ************
vers00:05:09cl.rtn10000 REM ************ cal.rtn 22/04/2012 09:50:00 ************
vers00:05:09cm.rtn10000 REM ********************* ci routine 19/11/08 *******************
vers00:05:09cn.rtn10000 REM ************ cn.rtn 02/12/2010 09:50:00 ************
vers00:05:09copyof~1.rtn10000 REM ************ re_mb_no_cod.rtn 02/12/2010 09:50:00 ************
vers00:05:09cr.rtn10000 REM ************ cr.rtn 02/12/2010 09:50:00 ************
vers00:05:09crv.rtn10000 REM *************** cr routine 23/09/98 *****************
vers00:05:09cs.rtn10000 REM ************ cs.rtn 02/12/2010 09:50:00 ************
vers00:05:09cu.rtn10000 REM ************ cal.rtn 22/04/2012 09:50:00 ************
vers00:05:09cx.rtn10000 REM ************ cx.rtn 02/12/2010 09:50:00 ************
vers00:05:09cz_.rtn10000 REM ************ cz.rtn 02/12/2010 09:50:00 ************
vers00:05:10cz__.rtn10000 REM ************ cz.rtn 02/12/2010 09:50:00 ************
vers00:05:10da_lo.rtn10000 REM ************ da_lo.rtn 28/03/2011 16:01:18 ************
vers00:05:10db.rtn10000 REM ************ db.rtn 02/12/2010 09:50:00 ************
vers00:05:10di.rtn10000 REM ************ di.rtn 02/12/2010 09:50:00 ************
vers00:05:10dimds-on.rtn10000 REM ************ auto-off.rtn 05/03/2011 19:47:08 ************
vers00:05:10dimds-~1.rtn10000 REM ************ auto-off.rtn 05/03/2011 19:47:08 ************
vers00:05:10dk.rtn10000 REM ************ dk.rtn 05/02/2013 11:00:00 ************
vers00:05:10dontus~1.rtn10000 REM ************ ni.rtn 02/12/2010 09:50:00 ************
vers00:05:10dp.rtn10000 REM ************ dp.rtn 02/12/2010 09:50:00 ************
vers00:05:10dpc.rtn10000 REM ************ dp.rtn 02/12/2010 09:50:00 ************
vers00:05:10dq.rtn10000 REM ****************** dq routine 21/01/12 **********************
vers00:05:10ds.rtn10000 REM ************ ds.rtn 06/07/2012 09:50:00 ************
vers00:05:10dsp.rtn10000 REM ************ dsp.rtn 28/04/2014 11:25:00 ************
vers00:05:10dsp1.rtn10000 REM ************ dsp1.rtn 04/04/2012 19:47:08 ************
vers00:05:10dspn2.rtn10000 REM ************ dsp.rtn 28/04/2014 11:25:00 ************
vers00:05:10dssum.rtn10000 REM ************ dssum.rtn 02/12/2010 09:50:00 ************
vers00:05:10dt.rtn10000 REM ************ dt.rtn 20/06/2014 09:50:00 ************
vers00:05:10dusum.rtn10000 REM ************ dusum.rtn 02/12/2010 09:50:00 ************
vers00:05:10dz.rtn10000 REM ****************** dz routine 15/March/2011 **********************
vers00:05:10dz_0531.rtn10000 REM ****************** dz routine 15/March/2011 **********************
vers00:05:10ed.rtn10000 REM ************ ed.rtn 24/03/2011 19:47:10 ************
vers00:05:10ed_orig.rtn10000 REM ************ ed.rtn 24/03/2011 19:47:10 ************
vers00:05:10endday.rtn10000 REM ************ endday.rtn 02/12/2010 09:50:00 ************
vers00:05:10end_day.rtn10000 REM ************ end_day.rtn 10/05/2011 14:00:00 ************
vers00:05:10fc.rtn10000 REM ************ fc.rtn 05/04/2013 09:50:00 ************
vers00:05:11fi.rtn10000 REM ************ fi.rtn 02/12/2010 09:50:00 ************
vers00:05:11fi-nor.rtn10000 REM ************ fi.rtn 02/12/2010 09:50:00 ************
vers00:05:11fi_are~1.rtn10000 REM ************ fi.rtn 02/12/2010 09:50:00 ************
vers00:05:11fi_spe~1.rtn10000 REM ************ fi.rtn 11/11/2011 For Andover Filters 1-4 testing line 11019 chg for 1-5 postion to 10 cycles *
vers00:05:11fl.rtn10000 REM ************ fl.rtn 02/12/2010 09:50:00 ************
vers00:05:11fm.rtn10000 REM ************ fm.rtn 01/02/2013 19:47:10 ************
vers00:05:11fmsum.rtn10000 REM ************ fmsum.rtn 02/12/2010 09:50:00 ************
vers00:05:11fr.rtn10000 REM ************ fr.rtn 09/04/2012 09:50:00 ************
vers00:05:11fr--.rtn10000 REM ************ fr.rtn 02/12/2010 09:50:00 ************
vers00:05:11fv.rtn10000 REM ************ fv.rtn 02/12/2010 09:50:00 ************
vers00:05:11fv-.rtn10000 REM ************ fv.rtn 02/12/2010 09:50:00 ************
vers00:05:11fw.rtn10000 REM ************ fw.rtn 02/12/2010 09:50:00 ************
vers00:05:11fw3test.rtn10000 REM ************ cal.rtn 22/04/2012 09:50:00 ************
vers00:05:11fz.rtn10000 REM ************ fz.rtn 02/12/2010 09:50:00 ************
vers00:05:11fzsum.rtn10000 REM ************ fzsum.rtn 02/12/2010 09:50:00 ************
vers00:05:11g1.rtn10000 REM ************ g1.rtn 02/12/2010 09:50:00 ************
vers00:05:11g5.rtn10000 REM ************ g5.rtn 02/12/2010 09:50:00 ************
vers00:05:11ga.rtn10000 REM ************ ga.rtn 02/12/2010 09:50:00 ************
vers00:05:11gi.rtn10000 REM ************ gi.rtn 02/12/2010 09:50:00 ************
vers00:05:11gs.rtn10000 REM ************ gs.rtn 02/12/2010 09:50:00 ************
vers00:05:11hg.rtn10000 REM ************ hg.rtn 29/03/2011 10:05:48 ************
vers00:05:11hgn.rtn10000 REM ************ hgn.rtn 02/12/2010 09:50:00 ************
vers00:05:11hgsum.rtn10000 REM ************ hgsum.rtn 24/11/2013 09:50:00 ************
vers00:05:11hl.rtn10000 REM ************ hl.rtn 24/06/2014 19:47:10 ************
vers00:05:11hp.rtn10000 REM ************ hp.rtn 29/03/2011 09:33:00 ************
vers00:05:12hs.rtn10000 REM ************ hs.rtn 26/09/2012 19:47:10 ************
vers00:05:12hv.rtn10000 REM ************ hv.rtn 02/12/2010 09:50:00 ************
vers00:05:12hvb.rtn10000 REM ************ hvb.rtn 19/07/2014 15:00:00 ************
vers00:05:12hvset.rtn10000 REM ************ hvset.rtn 02/12/2010 09:50:00 ************
vers00:05:12ic.rtn10000 REM ************ ic.rtn 02/12/2010 09:50:00 ************
vers00:05:12init.rtn10000 REM ************ init.rtn 02/12/2010 09:50:00 ************
vers00:05:12jd.rtn10000 REM ************ jd.rtn 02/12/2010 09:50:00 ************
vers00:05:12jg.rtn10000 REM ****************** jg routine 04/02/14 **********************
vers00:05:12ka.rtn10000 REM ********************* ka routine 12/13/06 *******************
vers00:05:12kb.rtn10000 REM ********************* kb routine 12/13/06 *******************
vers00:05:12kc.rtn10000 REM ********************* kc routine 12/13/06 *******************
vers00:05:12kd.rtn10000 REM ********************* kd routine 12/13/06 *******************
vers00:05:12ke.rtn10000 REM ********************* ke routine 12/13/06 *******************
vers00:05:12kf.rtn10000 REM ********************* kf routine 12/13/06 *******************
vers00:05:12kg.rtn10000 REM ********************* kg routine 12/13/06 *******************
vers00:05:12kh.rtn10000 REM ********************* kh routine 12/13/06 *******************
vers00:05:12lf.rtn10000 REM ************ lf.rtn 02/12/2010 09:50:00 ************
vers00:05:12ll.rtn10000 REM ********************** ll routine 29/07/10 ********************
vers00:05:12lz.rtn10000 REM ************ lz.rtn 02/12/2010 09:50:00 ************
vers00:05:12mm.rtn10000 REM ********************* mm routine 03/09/10 *******************
vers00:05:12nc.rtn10000 REM ************ nc.rtn 02/12/2010 09:50:00 ************
vers00:05:12newinst.rtn10000 REM ************ newinst.rtn 02/12/2010 09:50:00 ************
vers00:05:12nosum.rtn10000 REM ************ nosum.rtn 02/12/2010 09:50:00 ************
vers00:05:12nt.rtn10000 REM ******************* nt routine 26/11/03 ***********************
vers00:05:12ozsum.rtn10000 REM ************ ozsum.rtn 02/12/2010 09:50:00 ************
vers00:05:12pb.rtn10000 REM ************ pb.rtn 02/12/2010 09:50:00 ************
vers00:05:12pc.rtn10000 REM ************ pc.rtn 02/12/2010 09:50:00 ************
vers00:05:13po.rtn10000 REM ************ po.rtn 24/06/2014 09:50:00 ************
vers00:05:13ql.rtn10000 REM ************ ql.rtn 07/04/2011 14:00:00 ************
vers00:05:13re.rtn10000 REM ************ re-sb.rtn 21/04/2012 19:47:08 ************
vers00:05:13re-mb.rtn10000 REM ************ re-mb.rtn 21/04/2012 19:47:08 ************
vers00:05:13re-mb_.rtn10000 REM ************ re-mb.rtn 21/04/2012 19:47:08 ************
vers00:05:13re-sb.rtn10000 REM ************ re-sb.rtn 21/04/2012 19:47:08 ************
vers00:05:13rep.rtn10000 REM ************ rep.rtn 02/12/2010 09:50:00 ************
vers00:05:13re_mb_~1.rtn10000 REM ************ re_mb_no_cod.rtn 02/12/2010 09:50:00 ************
vers00:05:13rl.rtn10000 REM ************ rl.rtn 21/04/2012 11:00:00 ************
vers00:05:13rs.rtn10000 REM ************ rs.rtn 02/12/2010 09:50:00 ************
vers00:05:13sa.rtn10000 REM ************ sa.rtn 02/12/2010 09:50:00 ************
vers00:05:13saveall.rtn10000 REM ************ saveall.rtn 02/12/2010 09:50:00 ************
vers00:05:13savedh.rtn10000 REM ************ savedh.rtn 02/12/2010 09:50:00 ************
vers00:05:13sc.rtn10000 REM ************ sc.rtn 22/04/2014 18:00:00 ************
vers00:05:13sc-full.rtn10000 REM ************ sc.rtn 22/04/2014 18:00:00 ************
vers00:05:13sd.rtn10000 REM ************ sd.rtn 02/12/2010 09:50:00 ************
vers00:05:13se.rtn10000 REM ************ se.rtn 02/12/2010 09:50:00 ************
vers00:05:13sh.rtn10000 REM ************ sh.rtn 02/12/2010 09:50:00 ************
vers00:05:13si.rtn10000 REM ************ si.rtn 24/06/2014 19:47:08 ************
vers00:05:13sim.rtn10000 REM ************ sim.rtn 16/01/2014 09:50:00 ************
vers00:05:13si_new.rtn10000 REM ************ si.rtn 16/12/2010 19:47:08 ************
vers00:05:13sk.rtn10000 REM ************ sk.rtn 02/12/2010 09:50:00 ************
vers00:05:13skc.rtn10000 REM ************ skc.rtn 10/04/2012 19:47:08 ************
vers00:05:13skc-nor.rtn10000 REM ************ skc.rtn 05/03/2011 19:47:08 ************
vers00:05:13skc_noaz.rtn10000 REM ******************* skc routine 23/07/98 ********************
vers00:05:13sl.rtn10000 REM ************ sl.rtn 24/06/2014 09:50:00 ************
vers00:05:13slsum.rtn10000 REM ************ slsum.rtn 02/12/2010 09:50:00 ************
vers00:05:13sq.rtn10000 REM ****************** sq routine 21/01/12 **********************
vers00:05:14sr.rtn10000 REM ************ sr.rtn 01/04/2011 12:00:00 ************
vers00:05:14st.rtn10000 REM ************ st.rtn 02/12/2010 09:50:00 ************
vers00:05:14sum.rtn10000 REM ************ sum.rtn 02/12/2010 09:50:00 ************
vers00:05:14sw.rtn10000 REM ************ sw.rtn 13/12/2010 09:50:00 ************
vers00:05:14tcsum.rtn10000 REM ************ tcsum.rtn 02/12/2010 09:50:00 ************
vers00:05:14td.rtn10000 REM ************ td.rtn 10/03/2014 09:40:00 ************
vers00:05:14td-new.rtn10000 REM ************ td.rtn 10/03/2014 09:40:00 ************
vers00:05:14testfw2.rtn10000 REM ************ testfw2.rtn 02/12/2010 09:50:00 ************
vers00:05:14tf.rtn10000 REM ************ testfw2.rtn 06/12/2012 09:50:00 ************
vers00:05:14tt.rtn10000 REM ************ tt.rtn 02/12/2010 09:50:00 ************
vers00:05:14tu.rtn10000 REM ************ tu.rtn 02/12/2010 09:50:00 ************
vers00:05:14u5.rtn10000 REM ************ u5.rtn 02/12/2010 09:50:00 ************
vers00:05:14ub.rtn10000 REM ************ ub.rtn 02/12/2010 09:50:00 ************
vers00:05:14ul.rtn10000 REM ************ ul.rtn 02/12/2010 09:50:00 ************
vers00:05:14um.rtn10000 REM ********************* um routine 19/10/98 *******************
vers00:05:14um_orig.rtn10000 REM ********************* um routine 19/10/98 *******************
vers00:05:14um_v378.rtn10000 REM ************ um.rtn 02/12/2010 09:50:00 ************
vers00:05:14uq.rtn10000 REM ************ uq.rtn 02/12/2010 09:50:00 ************
vers00:05:14uv.rtn10000 REM ************ uv.rtn 13/04/2014 20:00:00 ************
vers00:05:14uvrbcee.rtn10000 REM ************ uv.rtn 13/04/2014 20:00:00 ************
vers00:05:14uvsum.rtn10000 REM ************ uvsum.rtn 02/12/2010 09:50:00 ************
vers00:05:14uv_2905.rtn10000 REM ******************* uv routine 12/09/05 ********************
vers00:05:14uv_old.rtn10000 REM ******************* uv routine 20/10/07 ********************
vers00:05:14uv_rccb.rtn10000 REM ******************* uv routine 12/09/05 ********************
vers00:05:14ve.rtn10000 REM ************ ve.rtn 23/04/2014 11:10:00 ************
vers00:05:15w0.rtn10000 REM ************ w0.rtn 02/12/2010 09:50:00 ************
vers00:05:15w1.rtn10000 REM ************ w1.rtn 02/12/2010 09:50:00 ************
vers00:05:15w2.rtn10000 REM ************ w2.rtn 02/12/2010 09:50:00 ************
vers00:05:15w3.rtn10000 REM ************ w3.rtn 02/12/2010 09:50:00 ************
vers00:05:15w4.rtn10000 REM ************ w4.rtn 02/12/2010 09:50:00 ************
vers00:05:15xl.rtn10000 REM ************ xl.rtn 02/12/2010 09:50:00 ************
vers00:05:15zb.rtn10000 REM ************ zb.rtn 02/12/2010 09:50:00 ************
vers00:05:15zc.rtn10000 REM ************ zc.rtn 02/12/2010 09:50:00 ************
vers00:05:15ze.rtn10000 REM ************ ze.rtn 02/12/2010 09:50:00 ************
vers00:05:15zf.rtn10000 REM ************ zf.rtn 01/04/2011 12:00:00 ************
vers00:05:15zl.rtn10000 REM ************ zl.rtn 02/12/2010 09:50:00 ************
vers00:05:15zlsum.rtn10000 REM ************ zlsum.rtn 02/12/2010 09:50:00 ************
vers00:05:15zp.rtn10000 REM ************ zp.rtn 02/12/2010 09:50:00 ************
vers00:05:15zs.rtn10000 REM ************ zs.rtn 06/07/2012 09:50:00 ************
vers00:05:15zssum.rtn10000 REM ************ zssum.rtn 10/05/2011 09:50:00 ************
vers00:05:15zwsum.rtn10000 REM ************ zwsum.rtn 10/05/2011 09:50:00 ************
co00:05:15hgsum: Running hgsum from mcr-172 line -200