dh020217Manchester 53.47 2.23 2.804185pr1000
CI SCAN-INST #172 dt  3E-08  cy 4 DARK =     8.300 
 291.48  2865    108    74344.00   327241.00
 291.52  2870    172    77209.00   339983.20
 291.55  2875    237    79818.00   351595.40
 291.59  2880    302    83048.00   365982.80
 291.62  2885    367    85805.00   378273.30
 291.66  2890    432    88962.00   392358.10
 291.69  2895    498    92081.00   406285.10
 291.73  2900    563    95149.00   419995.90
 291.76  2905    628    98470.00   434850.10
 291.80  2910    694   101437.00   448132.20
 291.83  2915    760   105154.00   464786.80
 291.87  2920    825   108463.00   479627.40
 291.90  2925    891   111777.00   494503.80
 291.94  2930    957   115184.00   509811.60
 291.97  2935   1023   118976.00   526866.00
 292.01  2940   1090   122237.00   541546.30
 292.04  2945   1156   125771.00   557470.20
 292.08  2950   1222   129700.00   575192.10
 292.11  2955   1289   133286.00   591383.40
 292.15  2960   1356   137386.00   609915.00
 292.18  2965   1422   140921.00   625909.60
 292.22  2970   1489   144847.00   643691.50
 292.26  2975   1556   148798.00   661606.00
 292.29  2980   1623   152718.00   679399.20
 292.33  2985   1691   156715.00   697561.60
 292.36  2990   1758   161382.00   718794.00
 292.40  2995   1826   165375.00   736981.60
 292.43  3000   1893   169791.00   757119.50
 292.47  3005   1961   174387.00   778104.40
 292.50  3010   2029   178915.00   798804.90
 292.54  3015   2097   183477.00   819687.20
 292.58  3020   2165   187946.00   840169.60
 292.61  3025   2233   192989.00   863313.40
 292.65  3030   2302   197849.00   885648.10
 292.68  3035   2370   202808.00   908469.20
 292.72  3040   2439   207254.00   928956.50
 292.75  3045   2508   212824.00   954659.20
 292.79  3050   2577   218183.00   979426.40
 292.82  3055   2646   223008.00  1001758.00
 292.86  3060   2715   228577.00  1027570.00
 292.90  3065   2784   233950.00  1052513.00
 292.93  3070   2853   238993.00  1075958.00
 292.97  3075   2923   244985.00  1103859.00
 293.00  3080   2993   250191.00  1128138.00
 293.04  3085   3062   255940.00  1154992.00
 293.07  3090   3132   261478.00  1180902.00
 293.11  3095   3202   267370.00  1208513.00
 293.15  3100   3273   273904.00  1239187.00
 293.18  3105   3343   279141.00  1263815.00
 293.22  3110   3413   285206.00  1292382.00
 293.25  3115   3484   291400.00  1321608.00
 293.29  3120   3555   297654.00  1351171.00
 293.32  3125   3626   303912.00  1380807.00
 293.36  3130   3697   309809.00  1408782.00
 293.40  3135   3768   316261.00  1439445.00
 293.43  3140   3839   322397.00  1468660.00
 293.47  3145   3911   329032.00  1500310.00
 293.50  3150   3982   335654.00  1531960.00
 293.54  3155   4054   341899.00  1561864.00
 293.57  3160   4126   348731.00  1594642.00
 293.61  3165   4198   355918.00  1629194.00
 293.64  3170   4270   362373.00  1660291.00
 293.68  3175   4343   369445.00  1694428.00
 293.72  3180   4415   375387.00  1723166.00
 293.75  3185   4488   383297.00  1761501.00
 293.79  3190   4561   389674.00  1792473.00
 293.82  3195   4633   396286.00  1824649.00
 293.86  3200   4707   403973.00  1862136.00
 293.89  3205   4780   410747.00  1895243.00
 293.93  3210   4853   417234.00  1927012.00
 293.97  3215   4927   424664.00  1963475.00
 294.00  3220   5000   431901.00  1999070.00
 294.04  3225   5074   439461.00  2036338.00
 294.07  3230   5148   446764.00  2072421.00
 294.11  3235   5223   453912.00  2107816.00
 294.14  3240   5297   461411.00  2145033.00
 294.18  3245   5371   469099.00  2183278.00
 294.22  3250   5446   476825.00  2221803.00
 294.25  3255   5521   484955.00  2262443.00
 294.29  3260   5596   491751.00  2296493.00
 294.32  3265   5671   500005.00  2337946.00
 294.36  3270   5747   507289.00  2374616.00
 294.39  3275   5822   514803.00  2412532.00
 294.43  3280   5898   523284.00  2455436.00
 294.47  3285   5974   531630.00  2497769.00
 294.50  3290   6050   539659.00  2538600.00
 294.54  3295   6126   547516.00  2578658.00
 294.57  3300   6202   555582.00  2619886.00
 294.61  3305   6279   563935.00  2662693.00
 294.65  3310   6355   571717.00  2702677.00
 294.68  3315   6432   579948.00  2745078.00
 294.72  3320   6509   588275.00  2788087.00
 294.75  3325   6587   597067.00  2833626.00
 294.79  3330   6664   604839.00  2873989.00
 294.82  3335   6742   613160.00  2917318.00
 294.86  3340   6820   621032.00  2958418.00
 294.90  3345   6898   629828.00  3004468.00
 294.93  3350   6976   638522.00  3050115.00
 294.97  3355   7054   646659.00  3092958.00
 295.00  3360   7133   656090.00  3142758.00
 295.04  3365   7211   664247.00  3185958.00
 295.08  3370   7290   672988.00  3232383.00
 295.11  3375   7370   681454.00  3277476.00
 295.15  3380   7449   690368.00  3325096.00
 295.18  3385   7528   698342.00  3367816.00
 295.22  3390   7608   707124.00  3414998.00
 295.26  3395   7688   716248.00  3464169.00
 295.29  3400   7768   725648.00  3514988.00
 295.33  3405   7849   734205.00  3561392.00
 295.37  3410   7929   742568.00  3606877.00
 295.40  3415   8010   750810.00  3651834.00
 295.44  3420   8091   759631.00  3700091.00
 295.47  3425   8172   768271.00  3747503.00
 295.51  3430   8253   777859.00  3800285.00
 295.55  3435   8335   786731.00  3849284.00
 295.58  3440   8417   795501.00  3897872.00
 295.62  3445   8499   804173.00  3946065.00
 295.65  3450   8581   812743.00  3993838.00
 295.69  3455   8663   822355.00  4047594.00
 295.73  3460   8746   830881.00  4095433.00
 295.76  3465   8829   839519.00  4144050.00
 295.80  3470   8912   848788.00  4196388.00
 295.84  3475   8996   857000.00  4242905.00
 295.87  3480   9079   866153.00  4294917.00
 295.91  3485   9163   874752.00  4343941.00
 295.95  3490   9247   883669.00  4394942.00
 295.98  3495   9331   892731.00  4446944.00
 296.02  3500   9416   901059.00  4494889.00
 296.11  3505   7515   822257.00  4047045.00
 296.20  3510   7599   830428.00  4092887.00
 296.24  3515   7683   837049.00  4130132.00
 296.27  3520   7768   843132.00  4164430.00
 296.31  3525   7853   851025.00  4209046.00
 296.34  3530   7938   858179.00  4249595.00
 296.38  3535   8023   865001.00  4288362.00
 296.42  3540   8109   872302.00  4329958.00
 296.45  3545   8195   878630.00  4366100.00
 296.49  3550   8281   886053.00  4408605.00
 296.53  3555   8367   892874.00  4447766.00
 296.56  3560   8454   899510.00  4485960.00
 296.60  3565   8541   907501.00  4532078.00
 296.64  3570   8628   913851.00  4568825.00
 296.67  3575   8715   919998.00  4604480.00
 296.71  3580   8803   927868.00  4650249.00
 296.75  3585   8891   933863.00  4685206.00
 296.78  3590   8979   941422.00  4729395.00
 296.82  3595   9068   947535.00  4765225.00
 296.85  3600   9156   954186.00  4804302.00
 296.89  3605   9245   960985.00  4844353.00
 296.93  3610   9335   967711.00  4884075.00
 296.96  3615   9424   975384.00  4929518.00
 297.00  3620   9514   981469.00  4965651.00
 297.04  3625   9604   987866.00  5003729.00
 297.07  3630   9695   994549.00  5043610.00
end
dh020217Manchester 53.47 2.23 2.804185pr1000
CI SCAN-INST #172 dt  3E-08  cy 4 DARK =     4.900 
1049.87  2865    108    74815.00   329350.10
1049.90  2870    172    77485.00   341226.30
1049.94  2875    237    80671.00   355408.80
1049.97  2880    302    83621.00   368551.60
1050.01  2885    367    86574.00   381718.20
1050.04  2890    432    89845.00   396314.90
1050.08  2895    498    92412.00   407779.00
1050.11  2900    563    95898.00   423360.00
1050.15  2905    628    98962.00   437067.10
1050.18  2910    694   102356.00   452263.60
1050.22  2915    760   105880.00   468056.90
1050.25  2920    825   109290.00   483353.80
1050.29  2925    891   112399.00   497312.70
1050.33  2930    957   115905.00   513068.20
1050.36  2935   1023   119487.00   529180.80
1050.40  2940   1090   123336.00   546511.90
1050.43  2945   1156   126777.00   562021.30
1050.47  2950   1222   130486.00   578754.90
1050.50  2955   1289   134224.00   595636.60
1050.54  2960   1356   138058.00   612969.70
1050.57  2965   1422   141827.00   630026.80
1050.61  2970   1489   145832.00   648171.30
1050.64  2975   1556   149974.00   666957.40
1050.68  2980   1623   153586.00   683357.00
1050.71  2985   1691   158083.00   703797.90
1050.75  2990   1758   162235.00   722693.10
1050.79  2995   1826   166773.00   743369.60
1050.82  3000   1893   170697.00   761269.50
1050.86  3005   1961   175339.00   782469.90
1050.89  3010   2029   180011.00   803834.80
1050.93  3015   2097   184712.00   825360.50
1050.96  3020   2165   189214.00   846001.30
1051.00  3025   2233   193961.00   867793.40
1051.03  3030   2302   199128.00   891546.60
1051.07  3035   2370   203883.00   913436.10
1051.11  3040   2439   209296.00   938390.20
1051.14  3045   2508   214166.00   960873.60
1051.18  3050   2577   219202.00   984155.60
1051.21  3055   2646   224477.00  1008578.00
1051.25  3060   2715   229953.00  1033970.00
1051.28  3065   2784   235520.00  1059824.00
1051.32  3070   2853   240867.00  1084694.00
1051.35  3075   2923   246530.00  1111076.00
1051.39  3080   2993   251803.00  1135679.00
1051.42  3085   3062   257664.00  1163069.00
1051.46  3090   3132   263303.00  1189465.00
1051.49  3095   3202   269603.00  1219005.00
1051.53  3100   3273   275178.00  1245191.00
1051.57  3105   3343   281340.00  1274183.00
1051.60  3110   3413   286931.00  1300532.00
1051.64  3115   3484   293566.00  1331857.00
1051.67  3120   3555   298825.00  1356729.00
1051.71  3125   3626   306099.00  1391192.00
1051.74  3130   3697   311674.00  1417656.00
1051.78  3135   3768   318452.00  1449887.00
1051.81  3140   3839   324000.00  1476317.00
1051.85  3145   3911   331125.00  1510323.00
1051.89  3150   3982   337743.00  1541973.00
1051.92  3155   4054   344355.00  1573656.00
1051.96  3160   4126   350468.00  1603002.00
1051.99  3165   4198   357819.00  1638363.00
1052.03  3170   4270   364261.00  1669414.00
1052.06  3175   4343   371127.00  1702574.00
1052.10  3180   4415   377582.00  1733811.00
1052.14  3185   4488   385041.00  1769982.00
1052.17  3190   4561   391624.00  1801972.00
1052.21  3195   4633   398710.00  1836477.00
1052.24  3200   4707   405895.00  1871540.00
1052.28  3205   4780   412932.00  1905954.00
1052.32  3210   4853   419814.00  1939681.00
1052.35  3215   4927   426878.00  1974373.00
1052.39  3220   5000   434729.00  2013018.00
1052.42  3225   5074   442252.00  2050135.00
1052.46  3230   5148   449388.00  2085422.00
1052.50  3235   5223   456765.00  2121982.00
1052.53  3240   5297   464027.00  2158054.00
1052.57  3245   5371   471980.00  2197650.00
1052.60  3250   5446   479742.00  2236390.00
1052.64  3255   5521   486957.00  2272483.00
1052.67  3260   5596   494732.00  2311469.00
1052.71  3265   5671   502750.00  2351773.00
1052.75  3270   5747   510544.00  2391047.00
1052.78  3275   5822   518457.00  2431020.00
1052.82  3280   5898   526529.00  2471900.00
1052.85  3285   5974   535410.00  2516997.00
1052.89  3290   6050   543290.00  2557117.00
1052.92  3295   6126   551131.00  2597140.00
1052.96  3300   6202   559147.00  2638159.00
1053.00  3305   6279   567623.00  2681647.00
1053.03  3310   6355   575191.00  2720577.00
1053.07  3315   6432   583246.00  2762116.00
1053.10  3320   6509   591704.00  2805850.00
1053.14  3325   6587   600436.00  2851128.00
1053.17  3330   6664   609141.00  2896394.00
1053.21  3335   6742   617531.00  2940144.00
1053.25  3340   6820   625964.00  2984240.00
1053.28  3345   6898   634216.00  3027509.00
1053.32  3350   6976   642045.00  3068668.00
1053.35  3355   7054   651385.00  3117912.00
1053.39  3360   7133   659751.00  3162151.00
1053.43  3365   7211   667997.00  3205876.00
1053.46  3370   7290   677415.00  3255965.00
1053.50  3375   7370   685813.00  3300763.00
1053.54  3380   7449   694971.00  3349760.00
1053.57  3385   7528   703726.00  3396744.00
1053.61  3390   7608   711934.00  3440920.00
1053.64  3395   7688   720794.00  3488744.00
1053.68  3400   7768   729739.00  3537175.00
1053.72  3405   7849   738630.00  3585461.00
1053.75  3410   7929   746238.00  3626898.00
1053.79  3415   8010   755949.00  3679949.00
1053.82  3420   8091   764692.00  3727864.00
1053.86  3425   8172   773459.00  3776059.00
1053.90  3430   8253   781972.00  3823001.00
1053.93  3435   8335   790661.00  3871057.00
1053.97  3440   8417   800149.00  3923703.00
1054.01  3445   8499   809705.00  3976905.00
1054.04  3450   8581   817674.00  4021411.00
1054.08  3455   8663   826816.00  4072625.00
1054.11  3460   8746   835931.00  4123857.00
1054.15  3465   8829   844272.00  4170885.00
1054.19  3470   8912   852706.00  4218583.00
1054.22  3475   8996   862143.00  4272129.00
1054.26  3480   9079   871667.00  4326355.00
1054.30  3485   9163   879736.00  4372446.00
1054.33  3490   9247   888676.00  4423673.00
1054.37  3495   9331   897190.00  4472616.00
1054.41  3500   9416   906506.00  4526349.00
1054.50  3505   7515   826848.00  4072805.00
1054.59  3510   7599   834009.00  4113040.00
1054.62  3515   7683   841050.00  4152702.00
1054.66  3520   7768   847805.00  4190848.00
1054.70  3525   7853   855770.00  4235948.00
1054.73  3530   7938   862362.00  4273373.00
1054.77  3535   8023   869448.00  4313703.00
1054.81  3540   8109   877331.00  4358694.00
1054.84  3545   8195   882596.00  4388815.00
1054.88  3550   8281   889738.00  4429769.00
1054.92  3555   8367   897944.00  4476958.00
1054.95  3560   8454   904302.00  4513620.00
1054.99  3565   8541   911762.00  4556746.00
1055.03  3570   8628   918724.00  4597103.00
1055.06  3575   8715   925306.00  4635355.00
1055.10  3580   8803   932158.00  4675276.00
1055.14  3585   8891   939716.00  4719431.00
1055.17  3590   8979   946264.00  4757788.00
1055.21  3595   9068   952274.00  4793078.00
1055.25  3600   9156   959625.00  4836353.00
1055.28  3605   9245   966277.00  4875618.00
1055.32  3610   9335   972526.00  4912596.00
1055.36  3615   9424   980240.00  4958366.00
1055.39  3620   9514   986646.00  4996479.00
1055.43  3625   9604   992562.00  5031762.00
1055.47  3630   9695   999117.00  5070951.00
end
