dh210317Manchester 53.47 2.23 2.750537pr1000
CI SCAN-INST #172 dt  3E-08  cy 4 DARK =     7.000 
 171.00  2865    108    75279.00   331404.10
 171.03  2870    172    78298.00   344834.90
 171.07  2875    237    81162.00   357586.30
 171.10  2880    302    83988.00   370178.00
 171.14  2885    367    87136.00   384215.80
 171.17  2890    432    90286.00   398274.40
 171.21  2895    498    93167.00   411142.90
 171.24  2900    563    96328.00   425273.60
 171.28  2905    628    99385.00   438950.80
 171.31  2910    694   102927.00   454812.20
 171.35  2915    760   106306.00   469957.70
 171.38  2920    825   109516.00   484358.70
 171.42  2925    891   113068.00   500308.50
 171.46  2930    957   116620.00   516273.70
 171.49  2935   1023   119879.00   530935.60
 171.53  2940   1090   123466.00   547088.10
 171.56  2945   1156   127421.00   564916.10
 171.60  2950   1222   131059.00   581332.10
 171.63  2955   1289   134687.00   597719.40
 171.67  2960   1356   138606.00   615439.20
 171.70  2965   1422   142721.00   634065.80
 171.74  2970   1489   146325.00   650396.60
 171.78  2975   1556   150405.00   668903.90
 171.81  2980   1623   154538.00   687672.80
 171.85  2985   1691   158603.00   706153.60
 171.88  2990   1758   162622.00   724445.80
 171.92  2995   1826   167311.00   745813.00
 171.95  3000   1893   171644.00   765582.80
 171.99  3005   1961   176261.00   786674.50
 172.02  3010   2029   180458.00   805870.80
 172.06  3015   2097   185367.00   828352.30
 172.10  3020   2165   189927.00   849263.00
 172.13  3025   2233   194644.00   870921.70
 172.17  3030   2302   199661.00   893989.10
 172.20  3035   2370   204768.00   917503.70
 172.24  3040   2439   209303.00   938412.80
 172.27  3045   2508   215063.00   965008.40
 172.31  3050   2577   220546.00   990365.10
 172.34  3055   2646   225477.00  1013202.00
 172.38  3060   2715   231028.00  1038949.00
 172.41  3065   2784   236047.00  1062264.00
 172.45  3070   2853   241725.00  1088679.00
 172.48  3075   2923   247232.00  1114340.00
 172.52  3080   2993   252780.00  1140232.00
 172.55  3085   3062   258196.00  1165548.00
 172.59  3090   3132   264578.00  1195429.00
 172.63  3095   3202   270004.00  1220878.00
 172.66  3100   3273   275716.00  1247710.00
 172.70  3105   3343   282452.00  1279410.00
 172.73  3110   3413   288095.00  1306013.00
 172.77  3115   3484   294254.00  1335099.00
 172.80  3120   3555   300346.00  1363919.00
 172.84  3125   3626   306651.00  1393801.00
 172.88  3130   3697   312270.00  1420477.00
 172.91  3135   3768   319291.00  1453871.00
 172.95  3140   3839   325581.00  1483847.00
 172.98  3145   3911   332347.00  1516153.00
 173.02  3150   3982   338201.00  1544156.00
 173.05  3155   4054   345583.00  1579537.00
 173.09  3160   4126   351384.00  1607394.00
 173.13  3165   4198   359147.00  1644749.00
 173.16  3170   4270   365808.00  1676869.00
 173.20  3175   4343   371879.00  1706200.00
 173.23  3180   4415   379126.00  1741282.00
 173.27  3185   4488   385963.00  1774448.00
 173.30  3190   4561   393480.00  1810993.00
 173.34  3195   4633   399980.00  1842659.00
 173.38  3200   4707   406960.00  1876733.00
 173.41  3205   4780   414456.00  1913406.00
 173.45  3210   4853   421154.00  1946246.00
 173.48  3215   4927   429222.00  1985891.00
 173.52  3220   5000   436061.00  2019573.00
 173.55  3225   5074   443648.00  2057022.00
 173.59  3230   5148   451323.00  2094994.00
 173.62  3235   5223   458681.00  2131481.00
 173.66  3240   5297   466022.00  2167967.00
 173.70  3245   5371   474332.00  2209368.00
 173.73  3250   5446   481411.00  2244721.00
 173.77  3255   5521   489120.00  2283309.00
 173.80  3260   5596   496863.00  2322160.00
 173.84  3265   5671   504104.00  2358578.00
 173.87  3270   5747   512447.00  2400641.00
 173.91  3275   5822   520427.00  2440977.00
 173.95  3280   5898   528167.00  2480197.00
 173.98  3285   5974   535710.00  2518512.00
 174.02  3290   6050   544250.00  2562001.00
 174.05  3295   6126   552596.00  2604618.00
 174.09  3300   6202   560491.00  2645036.00
 174.13  3305   6279   568622.00  2686770.00
 174.16  3310   6355   576978.00  2729772.00
 174.20  3315   6432   585405.00  2773257.00
 174.23  3320   6509   593295.00  2814080.00
 174.27  3325   6587   602138.00  2859957.00
 174.31  3330   6664   610543.00  2903685.00
 174.34  3335   6742   618643.00  2945940.00
 174.38  3340   6820   626761.00  2988403.00
 174.41  3345   6898   636225.00  3038049.00
 174.45  3350   6976   644508.00  3081628.00
 174.49  3355   7054   652734.00  3125026.00
 174.52  3360   7133   661297.00  3170328.00
 174.56  3365   7211   670047.00  3216754.00
 174.59  3370   7290   679095.00  3264905.00
 174.63  3375   7370   687313.00  3308766.00
 174.67  3380   7449   695304.00  3351533.00
 174.70  3385   7528   704341.00  3400038.00
 174.74  3390   7608   713514.00  3449426.00
 174.78  3395   7688   722478.00  3497839.00
 174.81  3400   7768   730765.00  3542728.00
 174.85  3405   7849   739975.00  3592767.00
 174.88  3410   7929   748349.00  3638404.00
 174.92  3415   8010   757488.00  3688361.00
 174.96  3420   8091   766307.00  3736720.00
 174.99  3425   8172   774769.00  3783262.00
 175.03  3430   8253   783770.00  3832921.00
 175.07  3435   8335   792874.00  3883309.00
 175.10  3440   8417   800848.00  3927577.00
 175.14  3445   8499   810304.00  3980234.00
 175.18  3450   8581   819020.00  4028929.00
 175.21  3455   8663   828745.00  4083441.00
 175.25  3460   8746   836684.00  4128084.00
 175.28  3465   8829   845424.00  4177380.00
 175.32  3470   8912   853621.00  4223755.00
 175.36  3475   8996   863524.00  4279967.00
 175.39  3480   9079   871621.00  4326080.00
 175.43  3485   9163   880292.00  4375615.00
 175.47  3490   9247   889393.00  4427776.00
 175.50  3495   9331   899049.00  4483312.00
 175.54  3500   9416   906184.00  4524476.00
 175.63  3505   7515   827280.00  4075218.00
 175.72  3510   7599   833761.00  4111633.00
 175.75  3515   7683   840759.00  4151049.00
 175.79  3520   7768   848174.00  4192923.00
 175.83  3525   7853   855403.00  4233855.00
 175.86  3530   7938   862477.00  4274015.00
 175.90  3535   8023   869747.00  4315396.00
 175.94  3540   8109   877404.00  4359099.00
 175.97  3545   8195   883738.00  4395344.00
 176.01  3550   8281   890566.00  4434512.00
 176.05  3555   8367   898403.00  4479590.00
 176.09  3560   8454   904192.00  4512973.00
 176.12  3565   8541   911290.00  4554002.00
 176.16  3570   8628   918125.00  4593615.00
 176.20  3575   8715   925053.00  4633870.00
 176.23  3580   8803   932260.00  4675859.00
 176.27  3585   8891   938596.00  4712867.00
 176.31  3590   8979   945465.00  4753091.00
 176.34  3595   9068   952544.00  4794653.00
 176.38  3600   9156   958939.00  4832297.00
 176.42  3605   9245   965165.00  4869035.00
 176.45  3610   9335   972030.00  4909645.00
 176.49  3615   9424   979700.00  4955145.00
 176.53  3620   9514   985047.00  4986945.00
 176.56  3625   9604   992534.00  5031582.00
 176.60  3630   9695   998670.00  5068263.00
end
dh210317Manchester 53.47 2.23 2.750537pr1000
CI SCAN-INST #172 dt  3E-08  cy 4 DARK =     8.400 
1139.90  2865    108    75234.00   331197.80
1139.94  2870    172    78703.00   346631.30
1139.97  2875    237    81253.00   357985.30
1140.01  2880    302    84350.00   371785.50
1140.04  2885    367    87322.00   385039.40
1140.08  2890    432    90481.00   399138.90
1140.11  2895    498    93576.00   412964.30
1140.15  2900    563    96467.00   425889.00
1140.18  2905    628    99978.00   441599.00
1140.22  2910    694   103014.00   455195.70
1140.25  2915    760   106428.00   470498.50
1140.29  2920    825   109827.00   485748.30
1140.32  2925    891   113465.00   502085.80
1140.36  2930    957   116457.00   515534.50
1140.39  2935   1023   119931.00   531163.30
1140.43  2940   1090   123976.00   549379.70
1140.46  2945   1156   127798.00   566610.20
1140.50  2950   1222   131565.00   583610.40
1140.54  2955   1289   135012.00   599181.70
1140.57  2960   1356   138971.00   617084.10
1140.61  2965   1422   142806.00   634444.40
1140.64  2970   1489   146828.00   652670.80
1140.68  2975   1556   150656.00   670036.70
1140.71  2980   1623   154759.00   688670.50
1140.75  2985   1691   159268.00   709172.50
1140.78  2990   1758   163416.00   728055.60
1140.82  2995   1826   167714.00   747644.40
1140.86  3000   1893   171932.00   766891.30
1140.89  3005   1961   176599.00   788213.10
1140.93  3010   2029   180817.00   807507.40
1140.96  3015   2097   185940.00   830972.00
1141.00  3020   2165   190705.00   852826.80
1141.03  3025   2233   195444.00   874591.30
1141.07  3030   2302   200605.00   898326.60
1141.10  3035   2370   205273.00   919824.30
1141.14  3040   2439   210674.00   944732.80
1141.17  3045   2508   215334.00   966254.10
1141.21  3050   2577   220932.00   992145.10
1141.25  3055   2646   225707.00  1014262.00
1141.28  3060   2715   231625.00  1041714.00
1141.32  3065   2784   236673.00  1065167.00
1141.35  3070   2853   242370.00  1091676.00
1141.39  3075   2923   248001.00  1117919.00
1141.42  3080   2993   253384.00  1143047.00
1141.46  3085   3062   259280.00  1170613.00
1141.49  3090   3132   264911.00  1196983.00
1141.53  3095   3202   271250.00  1226721.00
1141.57  3100   3273   276766.00  1252641.00
1141.60  3105   3343   282470.00  1279488.00
1141.64  3110   3413   288927.00  1309933.00
1141.67  3115   3484   294890.00  1338099.00
1141.71  3120   3555   301465.00  1369212.00
1141.74  3125   3626   307517.00  1397903.00
1141.78  3130   3697   313408.00  1425879.00
1141.82  3135   3768   320396.00  1459127.00
1141.85  3140   3839   326419.00  1487838.00
1141.89  3145   3911   333275.00  1520582.00
1141.92  3150   3982   340344.00  1554412.00
1141.96  3155   4054   346141.00  1582207.00
1141.99  3160   4126   353118.00  1615724.00
1142.03  3165   4198   359332.00  1645633.00
1142.07  3170   4270   366582.00  1680599.00
1142.10  3175   4343   373124.00  1712215.00
1142.14  3180   4415   380140.00  1746190.00
1142.17  3185   4488   387568.00  1782238.00
1142.21  3190   4561   393853.00  1812801.00
1142.25  3195   4633   401577.00  1850442.00
1142.28  3200   4707   408037.00  1881990.00
1142.32  3205   4780   415511.00  1918567.00
1142.35  3210   4853   422824.00  1954437.00
1142.39  3215   4927   430151.00  1990455.00
1142.42  3220   5000   437009.00  2024241.00
1142.46  3225   5074   444375.00  2060608.00
1142.50  3230   5148   451766.00  2097181.00
1142.53  3235   5223   460132.00  2138679.00
1142.57  3240   5297   467091.00  2173280.00
1142.60  3245   5371   475241.00  2213897.00
1142.64  3250   5446   482337.00  2249344.00
1142.68  3255   5521   490252.00  2288976.00
1142.71  3260   5596   497993.00  2327831.00
1142.75  3265   5671   505476.00  2365481.00
1142.78  3270   5747   513316.00  2405021.00
1142.82  3275   5822   521427.00  2446032.00
1142.86  3280   5898   529610.00  2487513.00
1142.89  3285   5974   537477.00  2527493.00
1142.93  3290   6050   546062.00  2571237.00
1142.96  3295   6126   554782.00  2615792.00
1143.00  3300   6202   561854.00  2652017.00
1143.04  3305   6279   570388.00  2695841.00
1143.07  3310   6355   578392.00  2737053.00
1143.11  3315   6432   586903.00  2780993.00
1143.14  3320   6509   595171.00  2823794.00
1143.18  3325   6587   603655.00  2867833.00
1143.21  3330   6664   611425.00  2908274.00
1143.25  3335   6742   619766.00  2951800.00
1143.29  3340   6820   629246.00  3001416.00
1143.32  3345   6898   637080.00  3042535.00
1143.36  3350   6976   646373.00  3091450.00
1143.39  3355   7054   654319.00  3133394.00
1143.43  3360   7133   662692.00  3177714.00
1143.47  3365   7211   671878.00  3226479.00
1143.50  3370   7290   680283.00  3271231.00
1143.54  3375   7370   688782.00  3316612.00
1143.58  3380   7449   697215.00  3361771.00
1143.61  3385   7528   706561.00  3411969.00
1143.65  3390   7608   715374.00  3459452.00
1143.68  3395   7688   723790.00  3504930.00
1143.72  3400   7768   732763.00  3553562.00
1143.76  3405   7849   741606.00  3601638.00
1143.79  3410   7929   750230.00  3648665.00
1143.83  3415   8010   759192.00  3697686.00
1143.87  3420   8091   768407.00  3748249.00
1143.90  3425   8172   776473.00  3792643.00
1143.94  3430   8253   785518.00  3842575.00
1143.98  3435   8335   795422.00  3897433.00
1144.01  3440   8417   803753.00  3943727.00
1144.05  3445   8499   811507.00  3986939.00
1144.08  3450   8581   821362.00  4042032.00
1144.12  3455   8663   829829.00  4089522.00
1144.16  3460   8746   837972.00  4135331.00
1144.19  3465   8829   847917.00  4191462.00
1144.23  3470   8912   856755.00  4241515.00
1144.27  3475   8996   864168.00  4283622.00
1144.30  3480   9079   874200.00  4340789.00
1144.34  3485   9163   883319.00  4392936.00
1144.38  3490   9247   891755.00  4441335.00
1144.41  3495   9331   900916.00  4494065.00
1144.45  3500   9416   909365.00  4542856.00
1144.54  3505   7515   829701.00  4088803.00
1144.63  3510   7599   836734.00  4128358.00
1144.67  3515   7683   843509.00  4166558.00
1144.70  3520   7768   851557.00  4212057.00
1144.74  3525   7853   858274.00  4250134.00
1144.78  3530   7938   866020.00  4294160.00
1144.81  3535   8023   871872.00  4327504.00
1144.85  3540   8109   879618.00  4371751.00
1144.89  3545   8195   886452.00  4410893.00
1144.92  3550   8281   893649.00  4452221.00
1144.96  3555   8367   899716.00  4487147.00
1145.00  3560   8454   906412.00  4525785.00
1145.03  3565   8541   913629.00  4567538.00
1145.07  3570   8628   921194.00  4611426.00
1145.11  3575   8715   927401.00  4647529.00
1145.14  3580   8803   935322.00  4693725.00
1145.18  3585   8891   941486.00  4729770.00
1145.22  3590   8979   948085.00  4768452.00
1145.25  3595   9068   954781.00  4807803.00
1145.29  3600   9156   961853.00  4849473.00
1145.33  3605   9245   968798.00  4890505.00
1145.36  3610   9335   974847.00  4926332.00
1145.40  3615   9424   982023.00  4968944.00
1145.44  3620   9514   987634.00  5002346.00
1145.47  3625   9604   995152.00  5047213.00
1145.51  3630   9695  1002139.00  5089031.00
end
