dh230418Manchester 53.47 2.23 2.804185pr1000
CI SCAN-INST #172 dt  3E-08  cy 4 DARK =     5.900 
  83.35  2865    108   100039.00   441883.30
  83.39  2870    172   103825.00   458840.80
  83.43  2875    237   107195.00   473949.70
  83.46  2880    302   111083.00   491398.10
  83.50  2885    367   114535.00   506905.30
  83.53  2890    432   118635.00   525342.40
  83.56  2895    498   122497.00   542728.00
  83.60  2900    563   126860.00   562391.00
  83.64  2905    628   131185.00   581905.90
  83.67  2910    694   134955.00   598935.40
  83.71  2915    760   139811.00   620896.40
  83.74  2920    825   143669.00   638364.90
  83.77  2925    891   148047.00   658210.10
  83.81  2930    957   152672.00   679201.10
  83.84  2935   1023   157272.00   700105.10
  83.88  2940   1090   161758.00   720516.60
  83.92  2945   1156   166469.00   741979.10
  83.95  2950   1222   171092.00   763068.00
  83.99  2955   1289   175527.00   783324.50
  84.02  2960   1356   180782.00   807358.80
  84.06  2965   1422   185648.00   829645.10
  84.09  2970   1489   190767.00   853122.90
  84.13  2975   1556   196130.00   877755.70
  84.16  2980   1623   200983.00   900077.90
  84.20  2985   1691   206269.00   924426.30
  84.24  2990   1758   211645.00   949226.30
  84.27  2995   1826   217305.00   975377.00
  84.31  3000   1893   222862.00  1001092.00
  84.34  3005   1961   228507.00  1027256.00
  84.38  3010   2029   234119.00  1053309.00
  84.41  3015   2097   240361.00  1082335.00
  84.45  3020   2165   245819.00  1107757.00
  84.48  3025   2233   251977.00  1136487.00
  84.52  3030   2302   257923.00  1164276.00
  84.55  3035   2370   264926.00  1197065.00
  84.59  3040   2439   271531.00  1228052.00
  84.62  3045   2508   277782.00  1257432.00
  84.66  3050   2577   284434.00  1288754.00
  84.69  3055   2646   290978.00  1319627.00
  84.73  3060   2715   298088.00  1353236.00
  84.76  3065   2784   304854.00  1385284.00
  84.80  3070   2853   311843.00  1418454.00
  84.84  3075   2923   318910.00  1452063.00
  84.87  3080   2993   326632.00  1488866.00
  84.91  3085   3062   333241.00  1520431.00
  84.94  3090   3132   340802.00  1556618.00
  84.98  3095   3202   348270.00  1592439.00
  85.01  3100   3273   355600.00  1627676.00
  85.05  3105   3343   362946.00  1663065.00
  85.09  3110   3413   371340.00  1703599.00
  85.12  3115   3484   378432.00  1737924.00
  85.16  3120   3555   387156.00  1780248.00
  85.19  3125   3626   394903.00  1817925.00
  85.23  3130   3697   403470.00  1859692.00
  85.26  3135   3768   411015.00  1896567.00
  85.30  3140   3839   419241.00  1936865.00
  85.33  3145   3911   427553.00  1977687.00
  85.37  3150   3982   435957.00  2019066.00
  85.41  3155   4054   444902.00  2063225.00
  85.44  3160   4126   453079.00  2103699.00
  85.48  3165   4198   461929.00  2147619.00
  85.51  3170   4270   470470.00  2190119.00
  85.55  3175   4343   479385.00  2234601.00
  85.58  3180   4415   487387.00  2274632.00
  85.62  3185   4488   496564.00  2320664.00
  85.66  3190   4561   505609.00  2366163.00
  85.69  3195   4633   515157.00  2414333.00
  85.73  3200   4707   523667.00  2457389.00
  85.76  3205   4780   533351.00  2506525.00
  85.80  3210   4853   542189.00  2551500.00
  85.83  3215   4927   551944.00  2601290.00
  85.87  3220   5000   561995.00  2652753.00
  85.90  3225   5074   570359.00  2695705.00
  85.94  3230   5148   579783.00  2744239.00
  85.98  3235   5223   589576.00  2794831.00
  86.01  3240   5297   599099.00  2844181.00
  86.05  3245   5371   608917.00  2895222.00
  86.08  3250   5446   619389.00  2949844.00
  86.12  3255   5521   628470.00  2997362.00
  86.15  3260   5596   638814.00  3051663.00
  86.19  3265   5671   648073.00  3100427.00
  86.23  3270   5747   659544.00  3161050.00
  86.26  3275   5822   669029.00  3211352.00
  86.30  3280   5898   679758.00  3268445.00
  86.33  3285   5974   690178.00  3324092.00
  86.37  3290   6050   699755.00  3375411.00
  86.41  3295   6126   710099.00  3431028.00
  86.44  3300   6202   720071.00  3484831.00
  86.48  3305   6279   730740.00  3542598.00
  86.51  3310   6355   741454.00  3600824.00
  86.55  3315   6432   752110.00  3658949.00
  86.58  3320   6509   762994.00  3718542.00
  86.62  3325   6587   773326.00  3775321.00
  86.66  3330   6664   784293.00  3835818.00
  86.69  3335   6742   795540.00  3898101.00
  86.73  3340   6820   806220.00  3957476.00
  86.76  3345   6898   817372.00  4019717.00
  86.80  3350   6976   828350.00  4081230.00
  86.84  3355   7054   839426.00  4143539.00
  86.87  3360   7133   849860.00  4202466.00
  86.91  3365   7211   861458.00  4268230.00
  86.94  3370   7290   872766.00  4332619.00
  86.98  3375   7370   883377.00  4393283.00
  87.02  3380   7449   895538.00  4463102.00
  87.05  3385   7528   907233.00  4530544.00
  87.09  3390   7608   918063.00  4593261.00
  87.12  3395   7688   928765.00  4655489.00
  87.16  3400   7768   940993.00  4726898.00
  87.20  3405   7849   951597.00  4789093.00
  87.23  3410   7929   963366.00  4858417.00
  87.27  3415   8010   974962.00  4927030.00
  87.30  3420   8091   986248.00  4994103.00
  87.34  3425   8172   997380.00  5060551.00
  87.38  3430   8253  1008943.00  5129878.00
  87.41  3435   8335  1020684.00  5200596.00
  87.45  3440   8417  1031796.00  5267828.00
  87.48  3445   8499  1043489.00  5338898.00
  87.52  3450   8581  1055049.00  5409488.00
  87.55  3455   8663  1066943.00  5482460.00
  87.59  3460   8746  1077762.00  5549144.00
  87.63  3465   8829  1088546.00  5615905.00
  87.66  3470   8912  1100354.00  5689344.00
  87.70  3475   8996  1112467.00  5765054.00
  87.74  3480   9079  1124055.00  5837839.00
  87.77  3485   9163  1135251.00  5908498.00
  87.81  3490   9247  1145829.00  5975563.00
  87.85  3495   9331  1158583.00  6056823.00
  87.88  3500   9416  1168992.00  6123470.00
  87.97  3505   7515  1075070.00  5532524.00
  88.06  3510   7599  1084383.00  5590098.00
  88.10  3515   7683  1093407.00  5646095.00
  88.14  3520   7768  1103030.00  5706037.00
  88.17  3525   7853  1111997.00  5762109.00
  88.21  3530   7938  1120603.00  5816120.00
  88.25  3535   8023  1130052.00  5875646.00
  88.28  3540   8109  1138859.00  5931339.00
  88.32  3545   8195  1148590.00  5993116.00
  88.36  3550   8281  1157313.00  6048712.00
  88.39  3555   8367  1167398.00  6113245.00
  88.43  3560   8454  1175733.00  6166791.00
  88.47  3565   8541  1183721.00  6218288.00
  88.50  3570   8628  1193251.00  6279959.00
  88.54  3575   8715  1202753.00  6341704.00
  88.57  3580   8803  1211516.00  6398873.00
  88.61  3585   8891  1219456.00  6450864.00
  88.65  3590   8979  1228900.00  6512940.00
  88.68  3595   9068  1237142.00  6567328.00
  88.72  3600   9156  1245992.00  6625951.00
  88.76  3605   9245  1254936.00  6685433.00
  88.79  3610   9335  1263590.00  6743214.00
  88.83  3615   9424  1271149.00  6793870.00
  88.87  3620   9514  1280762.00  6858542.00
  88.90  3625   9604  1288161.00  6908514.00
  88.94  3630   9695  1296805.00  6967108.00
end
dh230418Manchester 53.47 2.23 2.804185pr1000
CI SCAN-INST #172 dt  3E-08  cy 4 DARK =     8.100 
1199.88  2865    108    99942.00   441439.20
1199.92  2870    172   103538.00   457544.90
1199.95  2875    237   106968.00   472921.70
1199.99  2880    302   110847.00   490328.60
1200.02  2885    367   114683.00   507560.60
1200.06  2890    432   118784.00   526002.90
1200.09  2895    498   122775.00   543970.30
1200.13  2900    563   126836.00   562273.00
1200.16  2905    628   130692.00   579670.40
1200.20  2910    694   135167.00   599883.70
1200.23  2915    760   139470.00   619343.40
1200.27  2920    825   143865.00   639242.90
1200.30  2925    891   148435.00   659960.10
1200.34  2930    957   152470.00   678273.80
1200.37  2935   1023   156787.00   697889.90
1200.41  2940   1090   161753.00   720483.80
1200.44  2945   1156   166309.00   741239.80
1200.48  2950   1222   170661.00   761090.70
1200.51  2955   1289   176070.00   785796.30
1200.55  2960   1356   180710.00   807019.10
1200.59  2965   1422   185588.00   829360.10
1200.62  2970   1489   190767.00   853112.90
1200.66  2975   1556   195417.00   874468.60
1200.69  2980   1623   200888.00   899630.60
1200.73  2985   1691   206235.00   924259.60
1200.76  2990   1758   211571.00   948874.60
1200.80  2995   1826   217283.00   975265.20
1200.83  3000   1893   222839.00  1000976.00
1200.87  3005   1961   228044.00  1025099.00
1200.90  3010   2029   234266.00  1053982.00
1200.94  3015   2097   240322.00  1082143.00
1200.97  3020   2165   246028.00  1108721.00
1201.01  3025   2233   252251.00  1137756.00
1201.05  3030   2302   258316.00  1166104.00
1201.08  3035   2370   264665.00  1195832.00
1201.12  3040   2439   271582.00  1228281.00
1201.15  3045   2508   277920.00  1258070.00
1201.19  3050   2577   284610.00  1289573.00
1201.22  3055   2646   291115.00  1320264.00
1201.26  3060   2715   297984.00  1352734.00
1201.29  3065   2784   304597.00  1384055.00
1201.33  3070   2853   311857.00  1418510.00
1201.36  3075   2923   319216.00  1453509.00
1201.40  3080   2993   326196.00  1486776.00
1201.43  3085   3062   333528.00  1521793.00
1201.47  3090   3132   340739.00  1556306.00
1201.50  3095   3202   348081.00  1591521.00
1201.54  3100   3273   355296.00  1626202.00
1201.58  3105   3343   363279.00  1664661.00
1201.61  3110   3413   370913.00  1701524.00
1201.65  3115   3484   378670.00  1739067.00
1201.68  3120   3555   386695.00  1777998.00
1201.72  3125   3626   395344.00  1820062.00
1201.75  3130   3697   402462.00  1854762.00
1201.79  3135   3768   411733.00  1900069.00
1201.83  3140   3839   419136.00  1936339.00
1201.86  3145   3911   427869.00  1979230.00
1201.90  3150   3982   436167.00  2020090.00
1201.93  3155   4054   444518.00  2061316.00
1201.97  3160   4126   453008.00  2103336.00
1202.00  3165   4198   461617.00  2146058.00
1202.04  3170   4270   469720.00  2186372.00
1202.08  3175   4343   479070.00  2233016.00
1202.11  3180   4415   487866.00  2277020.00
1202.15  3185   4488   497388.00  2324793.00
1202.18  3190   4561   505957.00  2367905.00
1202.22  3195   4633   515056.00  2413812.00
1202.25  3200   4707   524045.00  2459293.00
1202.29  3205   4780   533367.00  2506595.00
1202.33  3210   4853   542151.00  2551296.00
1202.36  3215   4927   551856.00  2600829.00
1202.40  3220   5000   561236.00  2648849.00
1202.43  3225   5074   570440.00  2696110.00
1202.47  3230   5148   579835.00  2744496.00
1202.50  3235   5223   589334.00  2793567.00
1202.54  3240   5297   599320.00  2845317.00
1202.58  3245   5371   608928.00  2895267.00
1202.61  3250   5446   618752.00  2946504.00
1202.65  3255   5521   628025.00  2995019.00
1202.68  3260   5596   638505.00  3050027.00
1202.72  3265   5671   648627.00  3103338.00
1202.75  3270   5747   658184.00  3153838.00
1202.79  3275   5822   668766.00  3209943.00
1202.83  3280   5898   678869.00  3263695.00
1202.86  3285   5974   689470.00  3320293.00
1202.90  3290   6050   699810.00  3375694.00
1202.93  3295   6126   710571.00  3433558.00
1202.97  3300   6202   720548.00  3487397.00
1203.00  3305   6279   730789.00  3542852.00
1203.04  3310   6355   741446.00  3600768.00
1203.08  3315   6432   752051.00  3658615.00
1203.11  3320   6509   762927.00  3718162.00
1203.15  3325   6587   774286.00  3780595.00
1203.18  3330   6664   784310.00  3835899.00
1203.22  3335   6742   795371.00  3897151.00
1203.26  3340   6820   806135.00  3956990.00
1203.29  3345   6898   817254.00  4019044.00
1203.33  3350   6976   827955.00  4079000.00
1203.36  3355   7054   839455.00  4143690.00
1203.40  3360   7133   851239.00  4210258.00
1203.43  3365   7211   861408.00  4267933.00
1203.47  3370   7290   872398.00  4330507.00
1203.51  3375   7370   883529.00  4394141.00
1203.54  3380   7449   894615.00  4457779.00
1203.58  3385   7528   906533.00  4526486.00
1203.62  3390   7608   917708.00  4591189.00
1203.65  3395   7688   929245.00  4658272.00
1203.69  3400   7768   940647.00  4724860.00
1203.72  3405   7849   952050.00  4791742.00
1203.76  3410   7929   963408.00  4858652.00
1203.80  3415   8010   975435.00  4929821.00
1203.83  3420   8091   986700.00  4996782.00
1203.87  3425   8172   998080.00  5064725.00
1203.90  3430   8253  1009037.00  5130429.00
1203.94  3435   8335  1020669.00  5200492.00
1203.98  3440   8417  1032158.00  5270010.00
1204.01  3445   8499  1044209.00  5343272.00
1204.05  3450   8581  1055044.00  5409443.00
1204.09  3455   8663  1066497.00  5479704.00
1204.12  3460   8746  1078004.00  5550625.00
1204.16  3465   8829  1089028.00  5618882.00
1204.19  3470   8912  1100907.00  5692778.00
1204.23  3475   8996  1112318.00  5764106.00
1204.27  3480   9079  1124784.00  5842416.00
1204.30  3485   9163  1135524.00  5910210.00
1204.34  3490   9247  1146646.00  5980741.00
1204.38  3495   9331  1158297.00  6054982.00
1204.41  3500   9416  1170546.00  6133432.00
1204.50  3505   7515  1074620.00  5529734.00
1204.59  3510   7599  1085837.00  5599092.00
1204.63  3515   7683  1094849.00  5655047.00
1204.67  3520   7768  1102853.00  5704918.00
1204.70  3525   7853  1113348.00  5770561.00
1204.74  3530   7938  1122716.00  5829397.00
1204.78  3535   8023  1131463.00  5884540.00
1204.81  3540   8109  1139645.00  5936305.00
1204.85  3545   8195  1148949.00  5995387.00
1204.89  3550   8281  1158765.00  6057971.00
1204.92  3555   8367  1168112.00  6117810.00
1204.96  3560   8454  1176246.00  6170078.00
1205.00  3565   8541  1185994.00  6232960.00
1205.03  3570   8628  1194718.00  6289461.00
1205.07  3575   8715  1202558.00  6340419.00
1205.11  3580   8803  1212790.00  6407188.00
1205.14  3585   8891  1221034.00  6461203.00
1205.18  3590   8979  1229430.00  6516417.00
1205.22  3595   9068  1238207.00  6574355.00
1205.25  3600   9156  1246766.00  6631074.00
1205.29  3605   9245  1255676.00  6690350.00
1205.33  3610   9335  1265006.00  6752675.00
1205.36  3615   9424  1272706.00  6804311.00
1205.40  3620   9514  1281526.00  6863679.00
1205.44  3625   9604  1289660.00  6918643.00
1205.47  3630   9695  1297821.00  6973996.00
end
