dh220618Manchester 53.47 2.23 2.804185pr1000
CI SCAN-INST #172 dt  3E-08  cy 4 DARK =     6.200 
  82.56  2865    108   104063.00   459906.00
  82.59  2870    172   107926.00   477227.50
  82.63  2875    237   111563.00   493552.20
  82.66  2880    302   115808.00   512626.30
  82.70  2885    367   119887.00   530975.10
  82.73  2890    432   124265.00   550691.80
  82.77  2895    498   127997.00   567517.80
  82.81  2900    563   132245.00   586691.00
  82.84  2905    628   136151.00   604340.20
  82.88  2910    694   140800.00   625371.30
  82.91  2915    760   145586.00   647050.30
  82.95  2920    825   149971.00   666937.80
  82.98  2925    891   154360.00   686867.50
  83.01  2930    957   158777.00   706948.70
  83.05  2935   1023   164184.00   731564.10
  83.09  2940   1090   168744.00   752352.40
  83.12  2945   1156   172964.00   771613.80
  83.16  2950   1222   178080.00   794995.10
  83.19  2955   1289   183284.00   818812.80
  83.23  2960   1356   188634.00   843334.80
  83.26  2965   1422   193212.00   864347.10
  83.30  2970   1489   198273.00   887607.80
  83.33  2975   1556   203829.00   913181.30
  83.37  2980   1623   209339.00   938582.60
  83.40  2985   1691   214966.00   964563.90
  83.44  2990   1758   220569.00   990475.10
  83.47  2995   1826   226489.00  1017897.00
  83.51  3000   1893   231440.00  1040866.00
  83.55  3005   1961   237468.00  1068874.00
  83.58  3010   2029   244187.00  1100150.00
  83.62  3015   2097   249599.00  1125385.00
  83.65  3020   2165   256186.00  1156152.00
  83.69  3025   2233   262260.00  1184574.00
  83.72  3030   2302   269658.00  1219258.00
  83.76  3035   2370   275566.00  1247009.00
  83.80  3040   2439   282337.00  1278872.00
  83.83  3045   2508   288783.00  1309264.00
  83.87  3050   2577   295597.00  1341452.00
  83.90  3055   2646   302980.00  1376400.00
  83.94  3060   2715   310607.00  1412582.00
  83.97  3065   2784   317028.00  1443104.00
  84.01  3070   2853   324267.00  1477584.00
  84.04  3075   2923   332018.00  1514584.00
  84.08  3080   2993   339406.00  1549930.00
  84.12  3085   3062   345951.00  1581306.00
  84.15  3090   3132   354039.00  1620164.00
  84.19  3095   3202   361814.00  1657606.00
  84.22  3100   3273   369635.00  1695356.00
  84.26  3105   3343   377776.00  1734745.00
  84.29  3110   3413   385635.00  1772860.00
  84.33  3115   3484   393701.00  1812072.00
  84.37  3120   3555   402135.00  1853175.00
  84.40  3125   3626   410839.00  1895704.00
  84.44  3130   3697   418770.00  1934553.00
  84.47  3135   3768   427181.00  1975856.00
  84.51  3140   3839   435647.00  2017536.00
  84.54  3145   3911   444434.00  2060910.00
  84.58  3150   3982   452808.00  2102355.00
  84.61  3155   4054   461328.00  2144631.00
  84.65  3160   4126   470671.00  2191120.00
  84.69  3165   4198   478907.00  2232211.00
  84.72  3170   4270   488309.00  2279249.00
  84.76  3175   4343   497321.00  2324466.00
  84.79  3180   4415   506089.00  2368580.00
  84.83  3185   4488   515028.00  2413680.00
  84.86  3190   4561   524895.00  2463610.00
  84.90  3195   4633   533640.00  2507992.00
  84.94  3200   4707   543315.00  2557238.00
  84.97  3205   4780   552528.00  2604274.00
  85.01  3210   4853   562598.00  2655844.00
  85.04  3215   4927   571895.00  2703604.00
  85.08  3220   5000   581416.00  2752662.00
  85.11  3225   5074   590985.00  2802121.00
  85.15  3230   5148   601714.00  2857758.00
  85.19  3235   5223   610843.00  2905252.00
  85.22  3240   5297   621724.00  2962047.00
  85.26  3245   5371   631353.00  3012476.00
  85.29  3250   5446   641957.00  3068198.00
  85.33  3255   5521   651596.00  3119019.00
  85.36  3260   5596   661678.00  3172351.00
  85.40  3265   5671   671883.00  3226517.00
  85.43  3270   5747   682400.00  3282534.00
  85.47  3275   5822   692682.00  3337492.00
  85.51  3280   5898   703474.00  3395383.00
  85.54  3285   5974   712994.00  3446627.00
  85.58  3290   6050   724883.00  3510857.00
  85.61  3295   6126   734964.00  3565527.00
  85.65  3300   6202   745082.00  3620588.00
  85.69  3305   6279   756644.00  3683745.00
  85.72  3310   6355   766496.00  3737762.00
  85.76  3315   6432   777930.00  3800688.00
  85.79  3320   6509   788783.00  3860651.00
  85.83  3325   6587   800151.00  3923707.00
  85.87  3330   6664   811810.00  3988642.00
  85.90  3335   6742   822428.00  4048015.00
  85.94  3340   6820   833827.00  4112008.00
  85.97  3345   6898   844853.00  4174159.00
  86.01  3350   6976   856037.00  4237455.00
  86.05  3355   7054   867155.00  4300634.00
  86.08  3360   7133   879078.00  4368674.00
  86.12  3365   7211   890127.00  4431996.00
  86.15  3370   7290   901878.00  4499624.00
  86.19  3375   7370   912873.00  4563172.00
  86.22  3380   7449   924479.00  4630535.00
  86.26  3385   7528   936385.00  4699948.00
  86.30  3390   7608   948207.00  4769181.00
  86.33  3395   7688   959956.00  4838297.00
  86.37  3400   7768   971246.00  4905007.00
  86.41  3405   7849   982657.00  4972728.00
  86.44  3410   7929   994917.00  5045821.00
  86.48  3415   8010  1004953.00  5105918.00
  86.52  3420   8091  1017523.00  5181523.00
  86.55  3425   8172  1030017.00  5257043.00
  86.59  3430   8253  1040323.00  5319621.00
  86.63  3435   8335  1053232.00  5398369.00
  86.66  3440   8417  1064508.00  5467490.00
  86.70  3445   8499  1075546.00  5535459.00
  86.74  3450   8581  1087879.00  5611764.00
  86.77  3455   8663  1099753.00  5685596.00
  86.81  3460   8746  1110464.00  5752506.00
  86.84  3465   8829  1122471.00  5827866.00
  86.88  3470   8912  1133850.00  5899636.00
  86.92  3475   8996  1145358.00  5972567.00
  86.95  3480   9079  1157928.00  6052636.00
  86.99  3485   9163  1169262.00  6125201.00
  87.03  3490   9247  1180068.00  6194714.00
  87.06  3495   9331  1191701.00  6269909.00
  87.10  3500   9416  1203588.00  6347138.00
  87.19  3505   7515  1107915.00  5736556.00
  87.28  3510   7599  1117044.00  5793758.00
  87.32  3515   7683  1126845.00  5855414.00
  87.35  3520   7768  1136342.00  5915399.00
  87.39  3525   7853  1145758.00  5975109.00
  87.43  3530   7938  1155473.00  6036965.00
  87.46  3535   8023  1164956.00  6097591.00
  87.50  3540   8109  1174219.00  6157048.00
  87.54  3545   8195  1183422.00  6216355.00
  87.57  3550   8281  1191549.00  6268924.00
  87.61  3555   8367  1201471.00  6333356.00
  87.65  3560   8454  1209682.00  6386887.00
  87.68  3565   8541  1218848.00  6446873.00
  87.72  3570   8628  1228028.00  6507194.00
  87.76  3575   8715  1236963.00  6566142.00
  87.80  3580   8803  1245720.00  6624143.00
  87.83  3585   8891  1254252.00  6680873.00
  87.87  3590   8979  1264195.00  6747259.00
  87.91  3595   9068  1272264.00  6801355.00
  87.94  3600   9156  1281493.00  6863469.00
  87.98  3605   9245  1290460.00  6924072.00
  88.01  3610   9335  1299893.00  6988094.00
  88.05  3615   9424  1307656.00  7040993.00
  88.09  3620   9514  1316116.00  7098858.00
  88.13  3625   9604  1324667.00  7157578.00
  88.16  3630   9695  1333076.00  7215553.00
end
dh220618Manchester 53.47 2.23 2.804185pr1000
CI SCAN-INST #172 dt  3E-08  cy 4 DARK =     6.700 
1289.91  2865    108   104218.00   460598.50
1289.94  2870    172   108233.00   478602.60
1289.98  2875    237   111804.00   494632.20
1290.01  2880    302   115587.00   511630.40
1290.05  2885    367   119645.00   529883.80
1290.08  2890    432   123898.00   549035.90
1290.12  2895    498   128165.00   568273.30
1290.15  2900    563   132265.00   586779.00
1290.18  2905    628   136561.00   606191.70
1290.22  2910    694   140838.00   625541.10
1290.26  2915    760   145394.00   646177.70
1290.29  2920    825   149802.00   666168.60
1290.32  2925    891   154628.00   688083.00
1290.36  2930    957   159277.00   709221.30
1290.39  2935   1023   163979.00   730628.00
1290.43  2940   1090   168348.00   750543.70
1290.47  2945   1156   173130.00   772369.70
1290.50  2950   1222   178518.00   796996.20
1290.54  2955   1289   183212.00   818480.80
1290.57  2960   1356   188603.00   843190.20
1290.61  2965   1422   193384.00   865134.80
1290.64  2970   1489   198434.00   888345.90
1290.68  2975   1556   203562.00   911949.20
1290.72  2980   1623   208968.00   936868.80
1290.75  2985   1691   214148.00   960782.10
1290.79  2990   1758   220645.00   990824.60
1290.82  2995   1826   225831.00  1014845.00
1290.86  3000   1893   231925.00  1043115.00
1290.89  3005   1961   237611.00  1069537.00
1290.93  3010   2029   243900.00  1098810.00
1290.96  3015   2097   249650.00  1125621.00
1291.00  3020   2165   255400.00  1152475.00
1291.03  3025   2233   262615.00  1186234.00
1291.07  3030   2302   269128.00  1216768.00
1291.11  3035   2370   275539.00  1246880.00
1291.14  3040   2439   282182.00  1278140.00
1291.18  3045   2508   288671.00  1308733.00
1291.21  3050   2577   295930.00  1343024.00
1291.25  3055   2646   302607.00  1374630.00
1291.28  3060   2715   309484.00  1407247.00
1291.32  3065   2784   316524.00  1440704.00
1291.36  3070   2853   324457.00  1478488.00
1291.39  3075   2923   331385.00  1511557.00
1291.43  3080   2993   338625.00  1546187.00
1291.46  3085   3062   346584.00  1584342.00
1291.50  3090   3132   353961.00  1619786.00
1291.53  3095   3202   362655.00  1661658.00
1291.57  3100   3273   369689.00  1695615.00
1291.60  3105   3343   377765.00  1734689.00
1291.64  3110   3413   385705.00  1773197.00
1291.68  3115   3484   393976.00  1813408.00
1291.71  3120   3555   402053.00  1852773.00
1291.75  3125   3626   410518.00  1894131.00
1291.78  3130   3697   419001.00  1935684.00
1291.82  3135   3768   427089.00  1975402.00
1291.85  3140   3839   435166.00  2015163.00
1291.89  3145   3911   443423.00  2055912.00
1291.93  3150   3982   452362.00  2100142.00
1291.96  3155   4054   461490.00  2145434.00
1292.00  3160   4126   469766.00  2186608.00
1292.03  3165   4198   479487.00  2235107.00
1292.07  3170   4270   487540.00  2275394.00
1292.10  3175   4343   497674.00  2326236.00
1292.14  3180   4415   506153.00  2368900.00
1292.18  3185   4488   515655.00  2416845.00
1292.21  3190   4561   524567.00  2461945.00
1292.25  3195   4633   534205.00  2510861.00
1292.28  3200   4707   543636.00  2558872.00
1292.32  3205   4780   553348.00  2608464.00
1292.35  3210   4853   561848.00  2651995.00
1292.39  3215   4927   572012.00  2704203.00
1292.43  3220   5000   581764.00  2754456.00
1292.46  3225   5074   590872.00  2801534.00
1292.50  3230   5148   601378.00  2856011.00
1292.53  3235   5223   610683.00  2904416.00
1292.57  3240   5297   620562.00  2955970.00
1292.61  3245   5371   631100.00  3011147.00
1292.64  3250   5446   641070.00  3063527.00
1292.68  3255   5521   650747.00  3114534.00
1292.71  3260   5596   661344.00  3170579.00
1292.75  3265   5671   671518.00  3224574.00
1292.79  3270   5747   682244.00  3281699.00
1292.82  3275   5822   692915.00  3338737.00
1292.86  3280   5898   703131.00  3393537.00
1292.89  3285   5974   713114.00  3447271.00
1292.93  3290   6050   724346.00  3507948.00
1292.97  3295   6126   735184.00  3566719.00
1293.00  3300   6202   745098.00  3620672.00
1293.04  3305   6279   756106.00  3680798.00
1293.07  3310   6355   766906.00  3740012.00
1293.11  3315   6432   777976.00  3800939.00
1293.14  3320   6509   789078.00  3862281.00
1293.18  3325   6587   800046.00  3923120.00
1293.22  3330   6664   811413.00  3986424.00
1293.25  3335   6742   821987.00  4045542.00
1293.29  3340   6820   833704.00  4111314.00
1293.32  3345   6898   845133.00  4175738.00
1293.36  3350   6976   856080.00  4237696.00
1293.40  3355   7054   867677.00  4303604.00
1293.43  3360   7133   878155.00  4363394.00
1293.47  3365   7211   889961.00  4431039.00
1293.50  3370   7290   900849.00  4493688.00
1293.54  3375   7370   912630.00  4561762.00
1293.58  3380   7449   923666.00  4625804.00
1293.61  3385   7528   935684.00  4695849.00
1293.65  3390   7608   948041.00  4768204.00
1293.69  3395   7688   959302.00  4834438.00
1293.72  3400   7768   970223.00  4898947.00
1293.76  3405   7849   982451.00  4971500.00
1293.80  3410   7929   994203.00  5041552.00
1293.83  3415   8010  1006120.00  5112918.00
1293.87  3420   8091  1017127.00  5179132.00
1293.90  3425   8172  1029624.00  5254659.00
1293.94  3430   8253  1039951.00  5317355.00
1293.98  3435   8335  1052035.00  5391046.00
1294.01  3440   8417  1064089.00  5464913.00
1294.05  3445   8499  1076165.00  5539276.00
1294.09  3450   8581  1087315.00  5608264.00
1294.12  3455   8663  1099605.00  5684670.00
1294.16  3460   8746  1110740.00  5754231.00
1294.20  3465   8829  1122579.00  5828543.00
1294.23  3470   8912  1133559.00  5897792.00
1294.27  3475   8996  1146486.00  5979732.00
1294.31  3480   9079  1158367.00  6055438.00
1294.34  3485   9163  1168411.00  6119737.00
1294.38  3490   9247  1179908.00  6193678.00
1294.42  3495   9331  1192790.00  6276964.00
1294.45  3500   9416  1204536.00  6353312.00
1294.54  3505   7515  1108134.00  5737922.00
1294.63  3510   7599  1117578.00  5797108.00
1294.67  3515   7683  1127403.00  5858928.00
1294.71  3520   7768  1136826.00  5918458.00
1294.74  3525   7853  1146453.00  5979522.00
1294.78  3530   7938  1156263.00  6042003.00
1294.82  3535   8023  1165582.00  6101599.00
1294.85  3540   8109  1174382.00  6158094.00
1294.89  3545   8195  1183103.00  6214292.00
1294.93  3550   8281  1192957.00  6278047.00
1294.97  3555   8367  1202162.00  6337850.00
1295.00  3560   8454  1211728.00  6400254.00
1295.04  3565   8541  1219974.00  6454256.00
1295.07  3570   8628  1228856.00  6512644.00
1295.11  3575   8715  1238402.00  6575654.00
1295.15  3580   8803  1247432.00  6635505.00
1295.19  3585   8891  1255602.00  6689866.00
1295.22  3590   8979  1265062.00  6753059.00
1295.26  3595   9068  1273791.00  6811610.00
1295.30  3600   9156  1282421.00  6869726.00
1295.33  3605   9245  1290624.00  6925179.00
1295.37  3610   9335  1300242.00  6990466.00
1295.41  3615   9424  1308393.00  7046022.00
1295.44  3620   9514  1317482.00  7108219.00
1295.48  3625   9604  1326124.00  7167603.00
1295.52  3630   9695  1335026.00  7229028.00
end
