dh300618Manchester 53.47 2.23 2.857833pr1000
CI SCAN-INST #172 dt  3E-08  cy 4 DARK =     7.300 
  75.44  2865    108   104612.00   462361.70
  75.47  2870    172   108445.00   479551.10
  75.51  2875    237   112197.00   496394.60
  75.54  2880    302   116262.00   514662.60
  75.58  2885    367   120281.00   532743.60
  75.61  2890    432   124204.00   550412.00
  75.65  2895    498   128533.00   569930.80
  75.68  2900    563   132725.00   588853.90
  75.72  2905    628   136869.00   607581.60
  75.75  2910    694   141328.00   627756.60
  75.79  2915    760   145692.00   647525.80
  75.82  2920    825   150298.00   668416.80
  75.86  2925    891   154847.00   689075.50
  75.89  2930    957   159723.00   711247.80
  75.93  2935   1023   163887.00   730206.20
  75.96  2940   1090   169050.00   753743.30
  76.00  2945   1156   174045.00   776546.40
  76.04  2950   1222   179052.00   799436.20
  76.07  2955   1289   183763.00   821001.80
  76.11  2960   1356   188676.00   843522.30
  76.14  2965   1422   194141.00   868609.40
  76.18  2970   1489   199140.00   891590.80
  76.21  2975   1556   204179.00   914788.60
  76.25  2980   1623   210088.00   942033.50
  76.28  2985   1691   215356.00   966361.00
  76.32  2990   1758   220429.00   989822.20
  76.35  2995   1826   226740.00  1019056.00
  76.39  3000   1893   233025.00  1048220.00
  76.43  3005   1961   238414.00  1073269.00
  76.46  3010   2029   244800.00  1103001.00
  76.50  3015   2097   250835.00  1131149.00
  76.53  3020   2165   257289.00  1161304.00
  76.57  3025   2233   263318.00  1189524.00
  76.60  3030   2302   270114.00  1221393.00
  76.64  3035   2370   276292.00  1250417.00
  76.68  3040   2439   282761.00  1280864.00
  76.71  3045   2508   289781.00  1313969.00
  76.75  3050   2577   296922.00  1347713.00
  76.78  3055   2646   303598.00  1379323.00
  76.82  3060   2715   310984.00  1414367.00
  76.86  3065   2784   317966.00  1447563.00
  76.89  3070   2853   325159.00  1481833.00
  76.93  3075   2923   333147.00  1519975.00
  76.96  3080   2993   340164.00  1553555.00
  77.00  3085   3062   347485.00  1588664.00
  77.03  3090   3132   354995.00  1624758.00
  77.07  3095   3202   362631.00  1661540.00
  77.10  3100   3273   371299.00  1703394.00
  77.14  3105   3343   378734.00  1739381.00
  77.18  3110   3413   387203.00  1780469.00
  77.21  3115   3484   395486.00  1820757.00
  77.25  3120   3555   403193.00  1858333.00
  77.28  3125   3626   411056.00  1896760.00
  77.32  3130   3697   419777.00  1939487.00
  77.35  3135   3768   428692.00  1983282.00
  77.39  3140   3839   436994.00  2024172.00
  77.43  3145   3911   445277.00  2065072.00
  77.46  3150   3982   454251.00  2109502.00
  77.50  3155   4054   462498.00  2150440.00
  77.53  3160   4126   472128.00  2198376.00
  77.57  3165   4198   480645.00  2240890.00
  77.60  3170   4270   489802.00  2286726.00
  77.64  3175   4343   498639.00  2331083.00
  77.68  3180   4415   507754.00  2376965.00
  77.71  3185   4488   516675.00  2421998.00
  77.75  3190   4561   526839.00  2473460.00
  77.78  3195   4633   535874.00  2519344.00
  77.82  3200   4707   545068.00  2566172.00
  77.86  3205   4780   554492.00  2614313.00
  77.89  3210   4853   564306.00  2664602.00
  77.93  3215   4927   573818.00  2713495.00
  77.96  3220   5000   582852.00  2760069.00
  78.00  3225   5074   593111.00  2813125.00
  78.03  3230   5148   601739.00  2857882.00
  78.07  3235   5223   612972.00  2916343.00
  78.11  3240   5297   622916.00  2968275.00
  78.14  3245   5371   632898.00  3020577.00
  78.18  3250   5446   642133.00  3069119.00
  78.22  3255   5521   653276.00  3127888.00
  78.25  3260   5596   663313.00  3181011.00
  78.29  3265   5671   673878.00  3237122.00
  78.32  3270   5747   683466.00  3288217.00
  78.36  3275   5822   694506.00  3347255.00
  78.39  3280   5898   704723.00  3402090.00
  78.43  3285   5974   715799.00  3461751.00
  78.47  3290   6050   726143.00  3517674.00
  78.50  3295   6126   736546.00  3574117.00
  78.54  3300   6202   747463.00  3633567.00
  78.57  3305   6279   758284.00  3692718.00
  78.61  3310   6355   769103.00  3752081.00
  78.65  3315   6432   779882.00  3811450.00
  78.68  3320   6509   791005.00  3872950.00
  78.72  3325   6587   802133.00  3934720.00
  78.75  3330   6664   813271.00  3996792.00
  78.79  3335   6742   824369.00  4058887.00
  78.83  3340   6820   835519.00  4121523.00
  78.86  3345   6898   846808.00  4185199.00
  78.90  3350   6976   858264.00  4250083.00
  78.93  3355   7054   869748.00  4315400.00
  78.97  3360   7133   881049.00  4379945.00
  79.01  3365   7211   892545.00  4445881.00
  79.04  3370   7290   903486.00  4508896.00
  79.08  3375   7370   914885.00  4574823.00
  79.12  3380   7449   926466.00  4642092.00
  79.15  3385   7528   937994.00  4709346.00
  79.19  3390   7608   949959.00  4779461.00
  79.22  3395   7688   961385.00  4846718.00
  79.26  3400   7768   972906.00  4914833.00
  79.30  3405   7849   985261.00  4988217.00
  79.33  3410   7929   996366.00  5054478.00
  79.37  3415   8010  1008285.00  5125916.00
  79.40  3420   8091  1019448.00  5193127.00
  79.44  3425   8172  1031766.00  5267638.00
  79.48  3430   8253  1043295.00  5337707.00
  79.51  3435   8335  1055712.00  5413538.00
  79.55  3440   8417  1066898.00  5482175.00
  79.59  3445   8499  1078611.00  5554381.00
  79.62  3450   8581  1090311.00  5626851.00
  79.66  3455   8663  1101203.00  5694630.00
  79.70  3460   8746  1113423.00  5771037.00
  79.73  3465   8829  1124813.00  5842604.00
  79.77  3470   8912  1135954.00  5912937.00
  79.81  3475   8996  1149357.00  5997987.00
  79.84  3480   9079  1160213.00  6067231.00
  79.88  3485   9163  1171917.00  6142243.00
  79.92  3490   9247  1183454.00  6216555.00
  79.95  3495   9331  1193991.00  6284749.00
  79.99  3500   9416  1206618.00  6366882.00
  80.08  3505   7515  1112278.00  5763861.00
  80.17  3510   7599  1121005.00  5818639.00
  80.21  3515   7683  1130218.00  5876685.00
  80.24  3520   7768  1139069.00  5932661.00
  80.28  3525   7853  1149499.00  5998892.00
  80.32  3530   7938  1158356.00  6055364.00
  80.35  3535   8023  1166949.00  6110357.00
  80.39  3540   8109  1177759.00  6179826.00
  80.43  3545   8195  1186578.00  6236741.00
  80.46  3550   8281  1195019.00  6291419.00
  80.50  3555   8367  1205054.00  6356685.00
  80.54  3560   8454  1213194.00  6409836.00
  80.57  3565   8541  1222386.00  6470086.00
  80.61  3570   8628  1232304.00  6535369.00
  80.65  3575   8715  1240242.00  6587827.00
  80.68  3580   8803  1250723.00  6657375.00
  80.72  3585   8891  1258879.00  6711722.00
  80.76  3590   8979  1267030.00  6766236.00
  80.79  3595   9068  1276625.00  6830666.00
  80.83  3600   9156  1284284.00  6882299.00
  80.87  3605   9245  1293282.00  6943189.00
  80.90  3610   9335  1302060.00  7002835.00
  80.94  3615   9424  1311521.00  7067394.00
  80.98  3620   9514  1319023.00  7118788.00
  81.02  3625   9604  1327338.00  7175961.00
  81.05  3630   9695  1336964.00  7242430.00
end
dh300618Manchester 53.47 2.23 3.018777pr1000
CI SCAN-INST #172 dt  3E-08  cy 4 DARK =     6.900 
1289.93  2865    108   104246.00   460723.10
1289.97  2870    172   108057.00   477812.10
1290.00  2875    237   111759.00   494429.30
1290.04  2880    302   115550.00   511463.20
1290.07  2885    367   119815.00   530648.00
1290.11  2890    432   124052.00   549728.90
1290.14  2895    498   128035.00   567686.00
1290.18  2900    563   132185.00   586416.80
1290.21  2905    628   136310.00   605055.90
1290.25  2910    694   140661.00   624739.00
1290.28  2915    760   145361.00   646027.30
1290.32  2920    825   150046.00   667275.00
1290.35  2925    891   154400.00   687046.10
1290.39  2930    957   159143.00   708610.60
1290.42  2935   1023   163410.00   728035.10
1290.46  2940   1090   168565.00   751532.60
1290.49  2945   1156   173132.00   772377.90
1290.53  2950   1222   178397.00   796441.80
1290.56  2955   1289   182918.00   817133.40
1290.60  2960   1356   188127.00   841006.10
1290.63  2965   1422   193296.00   864729.80
1290.67  2970   1489   198411.00   888239.20
1290.71  2975   1556   203715.00   912653.10
1290.74  2980   1623   209411.00   938911.60
1290.78  2985   1691   214787.00   963733.50
1290.81  2990   1758   220213.00   988824.40
1290.85  2995   1826   225632.00  1013921.00
1290.88  3000   1893   231681.00  1041981.00
1290.92  3005   1961   237714.00  1070015.00
1290.96  3010   2029   243488.00  1096890.00
1290.99  3015   2097   250063.00  1127547.00
1291.03  3020   2165   256057.00  1155545.00
1291.06  3025   2233   262384.00  1185151.00
1291.10  3030   2302   269291.00  1217532.00
1291.13  3035   2370   275386.00  1246159.00
1291.17  3040   2439   282225.00  1278341.00
1291.21  3045   2508   289072.00  1310624.00
1291.24  3050   2577   295804.00  1342427.00
1291.28  3055   2646   302958.00  1376292.00
1291.31  3060   2715   309437.00  1407022.00
1291.35  3065   2784   316831.00  1442164.00
1291.38  3070   2853   324506.00  1478721.00
1291.42  3075   2923   331086.00  1510127.00
1291.45  3080   2993   339085.00  1548389.00
1291.49  3085   3062   346408.00  1583496.00
1291.53  3090   3132   353541.00  1617765.00
1291.56  3095   3202   361803.00  1657549.00
1291.60  3100   3273   369282.00  1693647.00
1291.63  3105   3343   377796.00  1734838.00
1291.67  3110   3413   385100.00  1770259.00
1291.71  3115   3484   393368.00  1810448.00
1291.74  3120   3555   401868.00  1851869.00
1291.78  3125   3626   410109.00  1892129.00
1291.81  3130   3697   418078.00  1931156.00
1291.85  3135   3768   426494.00  1972475.00
1291.88  3140   3839   434845.00  2013580.00
1291.92  3145   3911   443836.00  2057951.00
1291.96  3150   3982   452563.00  2101137.00
1291.99  3155   4054   461500.00  2145482.00
1292.03  3160   4126   469607.00  2185815.00
1292.06  3165   4198   478393.00  2229640.00
1292.10  3170   4270   487616.00  2275774.00
1292.14  3175   4343   497146.00  2323582.00
1292.17  3180   4415   505540.00  2365811.00
1292.21  3185   4488   515277.00  2414934.00
1292.24  3190   4561   524702.00  2462628.00
1292.28  3195   4633   533950.00  2509564.00
1292.31  3200   4707   543158.00  2556434.00
1292.35  3205   4780   551918.00  2601152.00
1292.38  3210   4853   561289.00  2649128.00
1292.42  3215   4927   571037.00  2699186.00
1292.46  3220   5000   580708.00  2749006.00
1292.49  3225   5074   590636.00  2800311.00
1292.53  3230   5148   600942.00  2853745.00
1292.56  3235   5223   610597.00  2903967.00
1292.60  3240   5297   621129.00  2958932.00
1292.64  3245   5371   630031.00  3005540.00
1292.67  3250   5446   640627.00  3061195.00
1292.71  3255   5521   650481.00  3113129.00
1292.74  3260   5596   660214.00  3164592.00
1292.78  3265   5671   670954.00  3221575.00
1292.82  3270   5747   682232.00  3281635.00
1292.85  3275   5822   691960.00  3333623.00
1292.89  3280   5898   702034.00  3387642.00
1292.92  3285   5974   712661.00  3444828.00
1292.96  3290   6050   722837.00  3499782.00
1293.00  3295   6126   735145.00  3566506.00
1293.03  3300   6202   743946.00  3614393.00
1293.07  3305   6279   755167.00  3675659.00
1293.10  3310   6355   766292.00  3736638.00
1293.14  3315   6432   777331.00  3797381.00
1293.17  3320   6509   788652.00  3859922.00
1293.21  3325   6587   799594.00  3920607.00
1293.25  3330   6664   810486.00  3981250.00
1293.28  3335   6742   820649.00  4038048.00
1293.32  3340   6820   832633.00  4105289.00
1293.36  3345   6898   843956.00  4169090.00
1293.39  3350   6976   854801.00  4230443.00
1293.43  3355   7054   866409.00  4296383.00
1293.46  3360   7133   877400.00  4359076.00
1293.50  3365   7211   888795.00  4424344.00
1293.54  3370   7290   900479.00  4491554.00
1293.57  3375   7370   912675.00  4562021.00
1293.61  3380   7449   923464.00  4624628.00
1293.65  3385   7528   935207.00  4693062.00
1293.68  3390   7608   947326.00  4764007.00
1293.72  3395   7688   957819.00  4825698.00
1293.75  3400   7768   970097.00  4898200.00
1293.79  3405   7849   981651.00  4966741.00
1293.83  3410   7929   993074.00  5034807.00
1293.86  3415   8010  1004720.00  5104516.00
1293.90  3420   8091  1016625.00  5176104.00
1293.94  3425   8172  1027831.00  5243799.00
1293.97  3430   8253  1039820.00  5316557.00
1294.01  3435   8335  1051697.00  5388979.00
1294.05  3440   8417  1063471.00  5461116.00
1294.08  3445   8499  1074932.00  5531666.00
1294.12  3450   8581  1086108.00  5600780.00
1294.16  3455   8663  1098217.00  5676021.00
1294.19  3460   8746  1109249.00  5744897.00
1294.23  3465   8829  1121448.00  5821428.00
1294.27  3470   8912  1132379.00  5890335.00
1294.30  3475   8996  1145140.00  5971179.00
1294.34  3480   9079  1156201.00  6041606.00
1294.37  3485   9163  1168644.00  6121231.00
1294.41  3490   9247  1179590.00  6191628.00
1294.45  3495   9331  1191733.00  6270112.00
1294.48  3500   9416  1202870.00  6342459.00
1294.57  3505   7515  1109083.00  5743859.00
1294.66  3510   7599  1118471.00  5802715.00
1294.70  3515   7683  1128637.00  5866710.00
1294.74  3520   7768  1138158.00  5926892.00
1294.77  3525   7853  1147012.00  5983075.00
1294.81  3530   7938  1157022.00  6046847.00
1294.85  3535   8023  1166007.00  6104321.00
1294.88  3540   8109  1175267.00  6163786.00
1294.92  3545   8195  1184896.00  6225871.00
1294.96  3550   8281  1194614.00  6288793.00
1294.99  3555   8367  1202724.00  6341508.00
1295.03  3560   8454  1212132.00  6402894.00
1295.07  3565   8541  1220505.00  6457739.00
1295.10  3570   8628  1229393.00  6516181.00
1295.14  3575   8715  1239332.00  6581806.00
1295.18  3580   8803  1247531.00  6636162.00
1295.21  3585   8891  1256315.00  6694618.00
1295.25  3590   8979  1265644.00  6756955.00
1295.29  3595   9068  1273601.00  6810333.00
1295.32  3600   9156  1282979.00  6873491.00
1295.36  3605   9245  1292213.00  6935945.00
1295.40  3610   9335  1300749.00  6993914.00
1295.43  3615   9424  1309062.00  7050589.00
1295.47  3620   9514  1318182.00  7113020.00
1295.51  3625   9604  1326825.00  7172430.00
1295.54  3630   9695  1334692.00  7226718.00
end
