 3.5588      0.047818
 4.0588      0.340565
 4.5588      1.175725
 5.0588      2.219077
 5.5588      4.283678
 6.0588      9.340663
 6.5588     16.599070
 7.0588     24.751680
 7.5588     34.878660
 8.0588     47.345660
 8.5588     61.763870
 9.0588     76.819210
 9.5588     91.850100
10.0588    106.488500
10.5588    117.220700
11.0590    126.721900
11.5588    133.573400
12.0587    135.383700
12.5588    132.971700
13.0588    127.636700
13.5588    120.120200
14.0588    101.830300
14.5588     89.714160
15.0588     69.620500
15.5588     61.250650
16.0588     50.236810
16.5588     29.884090
17.0588     23.689750
17.5588     17.326760
18.0588     11.072030
18.5588      6.615675
19.0588      3.658509
19.5587      1.661012
20.0588      0.551414
20.5588      0.086351
