 4.5588      0.051872
 5.0588      0.559215
 5.5588      1.634671
 6.0588      4.455998
 6.5588      8.475229
 7.0588     14.255870
 7.5588     22.185240
 8.0588     31.676650
 8.5588     42.770350
 9.0588     45.634380
 9.5588     48.028880
10.0588     43.769550
10.5587     96.212780
11.0588     77.247660
11.5588    116.950100
12.0588     84.911320
12.5587    106.990600
13.0588    109.453800
13.5588     80.883880
14.0588     63.066590
14.5588     73.751620
15.0588     60.518610
15.5588     47.836450
16.0588     35.206230
16.5588     24.564920
17.0588     15.860730
17.5588      9.301106
18.0588      4.938859
18.5587      2.304444
19.0587      0.755272
19.5588      0.096538
