 6.0588      0.326094
 6.5588      1.636208
 7.0588      4.100198
 7.5587      8.097130
 8.0588     14.187670
 8.5587     21.968380
 9.0588     31.358840
 9.5588     41.718060
10.0588     51.919040
10.5587     61.330810
11.0588     68.820180
11.5757     67.315820
12.0590     74.167210
12.5588     72.829060
13.0588     67.136100
13.5588     59.499790
14.0588     50.919000
14.5588     40.480810
15.0588     27.027010
15.5588     20.817360
16.0588     12.959000
16.5588      7.101096
17.5588      1.139403
18.0588      0.137026
18.5588     -0.014390
