uaIntegration time is 0.2294 seconds per sampledt  3E-08 cy 1dh020318Manchester 53.47 2.23 2.696889pr1000dark 2 
 420.02  2900  563 2.25 
 420.09  2905  629 1.5 
 420.12  2910  694 1 
 420.19  2915  760 1.75 
 420.22  2920  826 1.25 
 420.29  2925  892 1 
 420.33  2930  957 1.75 
 420.39  2935  1024 2.75 
 420.43  2940  1090 3.25 
 420.49  2945  1156 .5 
 420.52  2950  1222 2.75 
 420.59  2955  1289 2.25 
 420.63  2960  1356 1.75 
 420.69  2965  1422 1.75 
 420.73  2970  1489 1.75 
 420.79  2975  1556 2.25 
 420.82  2980  1623 2.25 
 420.89  2985  1690 1.25 
 420.93  2990  1758 .75 
 420.99  2995  1825 1.75 
 421.03  3000  1892 1.25 
 421.09  3005  1960 2.25 
 421.13  3010  2028 2.75 
 421.19  3015  2096 3 
 421.23  3020  2163 2.25 
 421.29  3025  2231 1.75 
 421.32  3030  2300 1.5 
 421.39  3035  2368 2.75 
 421.43  3040  2436 2.25 
 421.5  3045  2505 3 
 421.53  3050  2573 2.75 
 421.59  3055  2642 4.5 
 421.63  3060  2711 5 
 421.69  3065  2780 4.75 
 421.73  3070  2849 9 
 421.79  3075  2918 7.5 
 421.83  3080  2987 10 
 421.89  3085  3057 11 
 421.93  3090  3126 10 
 421.99  3095  3196 12.75 
 422.02  3100  3265 12.5 
 422.09  3105  3335 21.25 
 422.13  3110  3405 27.5 
 422.19  3115  3475 26.5 
 422.22  3120  3545 32.25 
 422.29  3125  3616 41.5 
 422.33  3130  3686 43.75 
 422.39  3135  3757 43.5 
 422.42  3140  3827 56 
 422.49  3145  3898 57.75 
 422.53  3150  3969 76.75 
 422.59  3155  4040 70 
 422.63  3160  4111 65.5 
 422.69  3165  4182 106.25 
 422.72  3170  4253 126.25 
 422.8  3175  4325 124.75 
 422.83  3180  4396 110.25 
 422.89  3185  4468 175 
 422.93  3190  4540 216.75 
 422.99  3195  4612 158.5 
 423.03  3200  4684 197.5 
 423.09  3205  4756 292.25 
 423.13  3210  4828 325 
 423.19  3215  4900 328.75 
 423.23  3220  4973 288.75 
 423.29  3225  5045 242.25 
 423.33  3230  5118 304.75 
 423.4  3235  5191 515.25 
 423.43  3240  5264 643.25 
 423.49  3245  5337 562.5 
 423.53  3250  5410 421.75 
 423.6  3255  5483 601.75 
 423.63  3260  5556 956.75 
 423.69  3265  5630 1196.25 
 423.73  3270  5704 1132.75 
 423.79  3275  5777 936.75 
 423.83  3280  5851 718.25 
 423.89  3285  5925 967 
 423.93  3290  5999 1531.25 
 423.99  3295  6073 1867 
 424.03  3300  6147 1780.5 
 424.09  3305  6222 1219 
 424.13  3310  6296 1130.25 
 424.19  3315  6371 1340 
 424.22  3320  6446 1737 
 424.29  3325  6521 1915.75 
 424.33  3330  6595 1824 
 424.39  3335  6671 1496.75 
 424.43  3340  6746 1462.75 
 424.49  3345  6821 1941.75 
 424.53  3350  6896 2036 
 424.59  3355  6972 2454.5 
 424.63  3360  7048 1675.25 
 424.69  3365  7123 1883.75 
 424.73  3370  7199 1437.5 
 424.79  3375  7275 1772.25 
 424.83  3380  7351 1915.25 
 424.9  3385  7428 2355.75 
 424.93  3390  7504 2348.25 
 424.99  3395  7580 2288.5 
 425.03  3400  7657 2555.25 
 425.09  3405  7733 2302.25 
 425.13  3410  7810 2391.25 
 425.19  3415  7887 2295.75 
 425.23  3420  7964 2751.75 
 425.29  3425  8041 2578.5 
 425.33  3430  8118 2762.75 
 425.39  3435  8196 2526.25 
 425.43  3440  8273 1754.75 
 425.49  3445  8351 1895.5 
 425.53  3450  8428 2543 
 425.6  3455  8506 2624.75 
 425.63  3460  8584 2286 
 425.7  3465  8662 2594.25 
 425.73  3470  8740 2698 
 425.79  3475  8818 2181.5 
 425.83  3480  8897 2583 
 425.89  3485  8975 2554 
 425.93  3490  9054 2367.25 
 425.99  3495  9132 2416 
 426.03  3500  9211 2956.5 
 426.18  3505  7411 2809.75 
 426.36  3510  7492 2562.75 
 426.39  3515  7573 2373.25 
 426.46  3520  7653 2636.5 
 426.49  3525  7734 2037.75 
 426.56  3530  7815 2617 
 426.6  3535  7896 2793.5 
 426.66  3540  7978 2876.5 
 426.69  3545  8059 2937.25 
 426.76  3550  8141 2943.75 
 426.79  3555  8222 2626.5 
 426.86  3560  8304 2720.5 
 426.89  3565  8386 2338.5 
 426.96  3570  8468 1918.5 
 427  3575  8550 2350.5 
 427.06  3580  8633 1831.75 
 427.09  3585  8715 1578 
 427.16  3590  8798 2239.25 
 427.19  3595  8881 2721.75 
 427.26  3600  8963 2897.5 
 427.3  3605  9046 2306.75 
 427.36  3610  9130 2142.25 
 427.39  3615  9213 2448.25 
 427.46  3620  9296 2108.75 
 427.5  3625  9380 2861 
 427.56  3630  9463 2547 
end
uaIntegration time is 0.2294 seconds per sampledt  3E-08 cy 1dh020318Manchester 53.47 2.23 2.750537pr1000dark 1.65 
 450.02  2900  563 2 
 450.09  2905  629 1.25 
 450.13  2910  694 .75 
 450.19  2915  760 2.25 
 450.22  2920  826 1.75 
 450.29  2925  892 1 
 450.33  2930  957 1.75 
 450.39  2935  1024 1.5 
 450.43  2940  1090 2.75 
 450.49  2945  1156 0 
 450.53  2950  1222 2 
 450.6  2955  1289 2.25 
 450.63  2960  1356 2 
 450.69  2965  1422 2 
 450.73  2970  1489 1 
 450.79  2975  1556 2 
 450.83  2980  1623 0 
 450.89  2985  1690 2.75 
 450.92  2990  1758 1.75 
 450.99  2995  1825 2.5 
 451.03  3000  1892 1.5 
 451.09  3005  1960 1.5 
 451.13  3010  2028 1.25 
 451.19  3015  2096 2.25 
 451.23  3020  2163 2 
 451.3  3025  2231 2 
 451.33  3030  2300 2.75 
 451.39  3035  2368 6 
 451.43  3040  2436 4.5 
 451.49  3045  2505 4 
 451.53  3050  2573 8.75 
 451.59  3055  2642 7.5 
 451.63  3060  2711 7.5 
 451.7  3065  2780 11.25 
 451.73  3070  2849 13.25 
 451.79  3075  2918 15.25 
 451.83  3080  2987 20.25 
 451.89  3085  3057 22.25 
 451.93  3090  3126 20.75 
 451.99  3095  3196 29 
 452.03  3100  3265 31.25 
 452.09  3105  3335 46.25 
 452.13  3110  3405 65.75 
 452.19  3115  3475 66 
 452.23  3120  3545 83 
 452.29  3125  3616 104.75 
 452.33  3130  3686 118.25 
 452.4  3135  3757 117.25 
 452.43  3140  3827 162.75 
 452.49  3145  3898 179.25 
 452.53  3150  3969 242.5 
 452.59  3155  4040 203.75 
 452.63  3160  4111 207.75 
 452.69  3165  4182 360 
 452.73  3170  4253 458.25 
 452.79  3175  4325 439.25 
 452.83  3180  4396 415 
 452.89  3185  4468 685.75 
 452.93  3190  4540 887.5 
 453  3195  4612 675.5 
 453.03  3200  4684 772.75 
 453.09  3205  4756 1228.75 
 453.13  3210  4828 1386.25 
 453.2  3215  4900 1419.75 
 453.23  3220  4973 1246.5 
 453.3  3225  5045 1059 
 453.33  3230  5118 1303.5 
 453.39  3235  5191 2098.5 
 453.43  3240  5264 2634.5 
 453.49  3245  5337 2379.75 
 453.53  3250  5410 1832.25 
 453.6  3255  5483 2605.5 
 453.63  3260  5556 3817.5 
 453.7  3265  5630 4516.75 
 453.73  3270  5704 4357.25 
 453.8  3275  5777 3823.25 
 453.83  3280  5851 3048 
 453.89  3285  5925 3775 
 453.93  3290  5999 5433.75 
 454  3295  6073 6466.5 
 454.03  3300  6147 6301.5 
 454.1  3305  6222 4662.75 
 454.13  3310  6296 4490.25 
 454.19  3315  6371 4974.75 
 454.23  3320  6446 6020 
 454.3  3325  6521 6368.75 
 454.33  3330  6595 6182.75 
 454.39  3335  6671 5246.75 
 454.43  3340  6746 5319.25 
 454.49  3345  6821 6508.25 
 454.53  3350  6896 6583.5 
 454.6  3355  6972 7688.25 
 454.63  3360  7048 5273.5 
 454.69  3365  7123 6156.25 
 454.73  3370  7199 4803 
 454.8  3375  7275 5982.25 
 454.83  3380  7351 6087 
 454.9  3385  7428 7218.5 
 454.93  3390  7504 7210.25 
 454.99  3395  7580 7037.25 
 455.03  3400  7657 8004 
 455.09  3405  7733 7185 
 455.13  3410  7810 7250 
 455.19  3415  7887 6870.5 
 455.23  3420  7964 8061 
 455.3  3425  8041 7543 
 455.33  3430  8118 8073 
 455.4  3435  8196 7443.75 
 455.43  3440  8273 5300 
 455.49  3445  8351 5618.5 
 455.53  3450  8428 7338 
 455.59  3455  8506 7601.75 
 455.63  3460  8584 6530.5 
 455.69  3465  8662 7423.5 
 455.73  3470  8740 7875.25 
 455.8  3475  8818 6304.5 
 455.83  3480  8897 7350 
 455.89  3485  8975 7324.75 
 455.93  3490  9054 6742.25 
 455.99  3495  9132 6822.25 
 456.03  3500  9211 8283.75 
 456.18  3505  7411 7891.5 
 456.36  3510  7492 7079 
 456.4  3515  7573 6661.75 
 456.46  3520  7653 7299.25 
 456.5  3525  7734 5680.5 
 456.56  3530  7815 7121.75 
 456.6  3535  7896 7619.5 
 456.66  3540  7978 7899.5 
 456.7  3545  8059 7992.75 
 456.76  3550  8141 7944.5 
 456.8  3555  8222 7135.75 
 456.86  3560  8304 7434 
 456.9  3565  8386 6445.75 
 456.96  3570  8468 5340 
 456.99  3575  8550 6473 
 457.06  3580  8633 5095.75 
 457.1  3585  8715 4409.25 
 457.16  3590  8798 6110.75 
 457.2  3595  8881 7567.5 
 457.26  3600  8963 8053.5 
 457.3  3605  9046 6419.5 
 457.36  3610  9130 5889.5 
 457.4  3615  9213 6799.25 
 457.46  3620  9296 5738.75 
 457.5  3625  9380 7979.75 
 457.56  3630  9463 6970.5 
end
uaIntegration time is 0.2294 seconds per sampledt  3E-08 cy 1dh020318Manchester 53.47 2.23 2.750537pr1000dark 1.3 
 480.02  2900  563 1.25 
 480.09  2905  629 1.5 
 480.13  2910  694 3 
 480.19  2915  760 1.5 
 480.23  2920  826 2.75 
 480.29  2925  892 1.25 
 480.32  2930  957 .25 
 480.39  2935  1024 1.75 
 480.43  2940  1090 1.25 
 480.5  2945  1156 .75 
 480.53  2950  1222 .75 
 480.59  2955  1289 .5 
 480.63  2960  1356 0 
 480.69  2965  1422 1.25 
 480.72  2970  1489 .75 
 480.79  2975  1556 .75 
 480.83  2980  1623 1.75 
 480.89  2985  1690 2.25 
 480.93  2990  1758 1.5 
 480.99  2995  1825 2 
 481.02  3000  1892 2 
 481.09  3005  1960 3.25 
 481.13  3010  2028 2.25 
 481.19  3015  2096 2.25 
 481.23  3020  2163 2.25 
 481.29  3025  2231 4.25 
 481.33  3030  2300 4.5 
 481.4  3035  2368 5.75 
 481.43  3040  2436 6.25 
 481.49  3045  2505 9.75 
 481.53  3050  2573 10.75 
 481.59  3055  2642 15.25 
 481.62  3060  2711 15.75 
 481.7  3065  2780 18.75 
 481.73  3070  2849 27.5 
 481.79  3075  2918 38.5 
 481.83  3080  2987 44.75 
 481.89  3085  3057 52.75 
 481.92  3090  3126 48.5 
 481.99  3095  3196 73 
 482.03  3100  3265 85 
 482.09  3105  3335 143.25 
 482.12  3110  3405 186.5 
 482.19  3115  3475 197.25 
 482.23  3120  3545 236.75 
 482.29  3125  3616 334.75 
 482.33  3130  3686 387.5 
 482.39  3135  3757 384 
 482.43  3140  3827 551.75 
 482.49  3145  3898 628 
 482.53  3150  3969 858.25 
 482.59  3155  4040 699.75 
 482.63  3160  4111 742.25 
 482.69  3165  4182 1246.25 
 482.73  3170  4253 1582 
 482.79  3175  4325 1547.75 
 482.83  3180  4396 1377.25 
 482.89  3185  4468 2182.25 
 482.93  3190  4540 2750 
 483  3195  4612 2093 
 483.03  3200  4684 2488.75 
 483.09  3205  4756 3621.25 
 483.12  3210  4828 3820.25 
 483.19  3215  4900 3823 
 483.23  3220  4973 3565 
 483.29  3225  5045 3052.25 
 483.33  3230  5118 3605.25 
 483.39  3235  5191 5282.75 
 483.43  3240  5264 6330.25 
 483.49  3245  5337 5979 
 483.53  3250  5410 4942.5 
 483.59  3255  5483 6738.25 
 483.63  3260  5556 9204 
 483.69  3265  5630 10168.5 
 483.73  3270  5704 9924.25 
 483.8  3275  5777 8875.5 
 483.83  3280  5851 7501.5 
 483.89  3285  5925 8790.25 
 483.93  3290  5999 11767 
 483.99  3295  6073 13609.25 
 484.03  3300  6147 13490.75 
 484.09  3305  6222 10278.5 
 484.13  3310  6296 10143.5 
 484.19  3315  6371 10813.75 
 484.22  3320  6446 12398.25 
 484.3  3325  6521 12759.75 
 484.33  3330  6595 12491.75 
 484.39  3335  6671 10887.75 
 484.43  3340  6746 11200.75 
 484.49  3345  6821 13269.5 
 484.53  3350  6896 13093.5 
 484.59  3355  6972 14965.25 
 484.63  3360  7048 10358.75 
 484.69  3365  7123 12255.5 
 484.73  3370  7199 9723 
 484.79  3375  7275 12250.5 
 484.83  3380  7351 12038.5 
 484.89  3385  7428 14037.75 
 484.93  3390  7504 13821.75 
 484.99  3395  7580 13616.25 
 485.03  3400  7657 15669.75 
 485.09  3405  7733 14081.5 
 485.13  3410  7810 13934.25 
 485.19  3415  7887 13161 
 485.22  3420  7964 15462 
 485.29  3425  8041 14384 
 485.33  3430  8118 15513.5 
 485.4  3435  8196 14279.5 
 485.43  3440  8273 10173 
 485.49  3445  8351 10850.75 
 485.53  3450  8428 14057.25 
 485.59  3455  8506 14283.25 
 485.63  3460  8584 12285.5 
 485.69  3465  8662 13870.75 
 485.73  3470  8740 14610.5 
 485.79  3475  8818 11666 
 485.83  3480  8897 13511.75 
 485.9  3485  8975 13341.5 
 485.93  3490  9054 12176.25 
 485.99  3495  9132 12229.75 
 486.03  3500  9211 14911.75 
 486.18  3505  7411 14163.25 
 486.36  3510  7492 12861.75 
 486.39  3515  7573 12156 
 486.46  3520  7653 13163 
 486.5  3525  7734 10232.5 
 486.56  3530  7815 12949.5 
 486.6  3535  7896 13791.75 
 486.66  3540  7978 14351 
 486.69  3545  8059 14545 
 486.76  3550  8141 14583.75 
 486.79  3555  8222 13112 
 486.86  3560  8304 13809 
 486.89  3565  8386 11723.5 
 486.96  3570  8468 9887.25 
 487  3575  8550 11979.75 
 487.06  3580  8633 9363.75 
 487.09  3585  8715 8157.5 
 487.16  3590  8798 11475.5 
 487.2  3595  8881 14007.5 
 487.26  3600  8963 14901.75 
 487.29  3605  9046 11721.5 
 487.36  3610  9130 10737.5 
 487.4  3615  9213 12347 
 487.46  3620  9296 10424.25 
 487.5  3625  9380 14407.25 
 487.56  3630  9463 12523.25 
end
uaIntegration time is 0.2294 seconds per sampledt  3E-08 cy 1dh020318Manchester 53.47 2.23 2.750537pr1000dark 1.2 
 510.02  2900  563 2.25 
 510.1  2905  629 3.25 
 510.13  2910  694 1.25 
 510.19  2915  760 2.25 
 510.23  2920  826 .25 
 510.29  2925  892 2.75 
 510.33  2930  957 3 
 510.39  2935  1024 2 
 510.43  2940  1090 2 
 510.49  2945  1156 1.75 
 510.53  2950  1222 2 
 510.6  2955  1289 2 
 510.63  2960  1356 2 
 510.69  2965  1422 2.25 
 510.73  2970  1489 .25 
 510.79  2975  1556 1.75 
 510.82  2980  1623 1 
 510.9  2985  1690 1.25 
 510.93  2990  1758 2.5 
 510.99  2995  1825 .25 
 511.02  3000  1892 1.75 
 511.09  3005  1960 2.25 
 511.13  3010  2028 1.25 
 511.19  3015  2096 3.25 
 511.23  3020  2163 2 
 511.3  3025  2231 2.75 
 511.33  3030  2300 7.5 
 511.39  3035  2368 7 
 511.43  3040  2436 8.5 
 511.49  3045  2505 12 
 511.52  3050  2573 17.75 
 511.6  3055  2642 24 
 511.63  3060  2711 25.5 
 511.69  3065  2780 32 
 511.73  3070  2849 52.75 
 511.79  3075  2918 79.25 
 511.82  3080  2987 92.25 
 511.89  3085  3057 112.75 
 511.93  3090  3126 111.5 
 512  3095  3196 174.25 
 512.0301  3100  3265 203 
 512.0901  3105  3335 355 
 512.13  3110  3405 465.25 
 512.19  3115  3475 513.75 
 512.23  3120  3545 631.5 
 512.29  3125  3616 864.5 
 512.3301  3130  3686 1008.75 
 512.39  3135  3757 999.5 
 512.43  3140  3827 1380 
 512.49  3145  3898 1512.25 
 512.5201  3150  3969 2066.5 
 512.5901  3155  4040 1727 
 512.63  3160  4111 1762.75 
 512.69  3165  4182 2832 
 512.73  3170  4253 3506.75 
 512.79  3175  4325 3552.75 
 512.8301  3180  4396 3032.25 
 512.89  3185  4468 4455.75 
 512.93  3190  4540 5513.75 
 512.99  3195  4612 4370 
 513.0301  3200  4684 5171 
 513.0901  3205  4756 7160.5 
 513.13  3210  4828 7122.75 
 513.19  3215  4900 7138 
 513.23  3220  4973 6976.5 
 513.29  3225  5045 5896.75 
 513.3301  3230  5118 6607.25 
 513.4001  3235  5191 9035.75 
 513.43  3240  5264 10811.5 
 513.49  3245  5337 10399 
 513.5301  3250  5410 8758.25 
 513.5901  3255  5483 11670.5 
 513.63  3260  5556 15193.5 
 513.7  3265  5630 16294.25 
 513.73  3270  5704 16089.5 
 513.79  3275  5777 14651.75 
 513.8301  3280  5851 12679.75 
 513.89  3285  5925 14066.25 
 513.93  3290  5999 18257.5 
 513.99  3295  6073 20870.5 
 514.0301  3300  6147 20783.25 
 514.0901  3305  6222 16219 
 514.13  3310  6296 16171.5 
 514.2  3315  6371 16988 
 514.23  3320  6446 18847.25 
 514.29  3325  6521 19296.5 
 514.3301  3330  6595 18998 
 514.39  3335  6671 16780.5 
 514.43  3340  6746 17071.25 
 514.49  3345  6821 20006.75 
 514.5301  3350  6896 19494.5 
 514.5901  3355  6972 21979.5 
 514.63  3360  7048 15229 
 514.69  3365  7123 18185.75 
 514.73  3370  7199 14523 
 514.79  3375  7275 18165 
 514.8301  3380  7351 17749.25 
 514.89  3385  7428 20447 
 514.93  3390  7504 20225 
 514.99  3395  7580 19747 
 515.0301  3400  7657 23061 
 515.0901  3405  7733 20545.5 
 515.13  3410  7810 20238.75 
 515.2  3415  7887 18969.25 
 515.23  3420  7964 22411 
 515.29  3425  8041 20836.25 
 515.3301  3430  8118 22679.5 
 515.39  3435  8196 21105 
 515.43  3440  8273 15353.25 
 515.49  3445  8351 15857.25 
 515.5301  3450  8428 20748.25 
 515.6  3455  8506 21210.5 
 515.63  3460  8584 18120 
 515.69  3465  8662 20354.75 
 515.73  3470  8740 21547.75 
 515.79  3475  8818 17307.25 
 515.8301  3480  8897 19981.75 
 515.89  3485  8975 19857.25 
 515.93  3490  9054 18254.5 
 516  3495  9132 18482.25 
 516.0301  3500  9211 22689.5 
 516.18  3505  7411 22100.25 
 516.36  3510  7492 20415 
 516.4001  3515  7573 19363.25 
 516.4601  3520  7653 21260.25 
 516.5  3525  7734 16468.75 
 516.56  3530  7815 20732 
 516.6  3535  7896 22103 
 516.66  3540  7978 22950.75 
 516.69  3545  8059 23193 
 516.76  3550  8141 23164 
 516.8  3555  8222 20625.25 
 516.86  3560  8304 21415.75 
 516.9001  3565  8386 18200 
 516.9601  3570  8468 14979 
 516.99  3575  8550 18187.75 
 517.06  3580  8633 14135 
 517.0901  3585  8715 12066.5 
 517.16  3590  8798 16727 
 517.2  3595  8881 20682.5 
 517.26  3600  8963 21742.5 
 517.3  3605  9046 17045 
 517.36  3610  9130 15456 
 517.4001  3615  9213 17796 
 517.4601  3620  9296 14842 
 517.5  3625  9380 20528.25 
 517.56  3630  9463 17945.75 
end
uaIntegration time is 0.2294 seconds per sampledt  3E-08 cy 1dh020318Manchester 53.47 2.23 2.750537pr1000dark 1.15 
 540.02  2900  563 .75 
 540.09  2905  629 .75 
 540.13  2910  694 2 
 540.19  2915  760 1.25 
 540.23  2920  826 1.5 
 540.29  2925  892 0 
 540.33  2930  957 1.75 
 540.4  2935  1024 2 
 540.43  2940  1090 0 
 540.49  2945  1156 2 
 540.53  2950  1222 .5 
 540.59  2955  1289 2 
 540.63  2960  1356 .75 
 540.7  2965  1422 1.5 
 540.73  2970  1489 2 
 540.8  2975  1556 2 
 540.83  2980  1623 1.25 
 540.9  2985  1690 1.75 
 540.93  2990  1758 1.5 
 541  2995  1825 2.5 
 541.03  3000  1892 3.25 
 541.09  3005  1960 2 
 541.13  3010  2028 2.25 
 541.2  3015  2096 3.25 
 541.23  3020  2163 2.5 
 541.3  3025  2231 5 
 541.33  3030  2300 11 
 541.4  3035  2368 12.25 
 541.43  3040  2436 14 
 541.5  3045  2505 20.75 
 541.53  3050  2573 38.75 
 541.59  3055  2642 44.5 
 541.63  3060  2711 49.5 
 541.69  3065  2780 70.25 
 541.73  3070  2849 120.25 
 541.8  3075  2918 183.25 
 541.83  3080  2987 205 
 541.9  3085  3057 265 
 541.93  3090  3126 270.75 
 542  3095  3196 398 
 542.03  3100  3265 455.75 
 542.1  3105  3335 772.75 
 542.14  3110  3405 1037.25 
 542.19  3115  3475 1100.25 
 542.23  3120  3545 1283.25 
 542.3  3125  3616 1762 
 542.33  3130  3686 1985.75 
 542.4  3135  3757 2000.75 
 542.43  3140  3827 2649.75 
 542.5  3145  3898 2778.75 
 542.53  3150  3969 3759 
 542.6  3155  4040 3126.75 
 542.63  3160  4111 3033.5 
 542.69  3165  4182 4765 
 542.73  3170  4253 5896.75 
 542.79  3175  4325 5925.75 
 542.83  3180  4396 4967.75 
 542.89  3185  4468 7026.75 
 542.93  3190  4540 8473.75 
 543  3195  4612 6862.5 
 543.03  3200  4684 8151.25 
 543.1  3205  4756 10912.75 
 543.13  3210  4828 10464.75 
 543.2  3215  4900 10349.5 
 543.23  3220  4973 10471.25 
 543.3  3225  5045 8893 
 543.33  3230  5118 9606 
 543.4  3235  5191 12689.5 
 543.43  3240  5264 15024.75 
 543.49  3245  5337 14771.5 
 543.53  3250  5410 12673 
 543.6  3255  5483 16604.75 
 543.63  3260  5556 21062 
 543.7  3265  5630 22228.75 
 543.73  3270  5704 21962.5 
 543.8  3275  5777 20383 
 543.83  3280  5851 17796.75 
 543.9  3285  5925 19372.5 
 543.93  3290  5999 24321 
 544  3295  6073 27635.5 
 544.03  3300  6147 27658.75 
 544.1  3305  6222 21756 
 544.13  3310  6296 21695 
 544.2  3315  6371 22377.25 
 544.23  3320  6446 24596.5 
 544.3  3325  6521 24785.75 
 544.33  3330  6595 24325.5 
 544.4  3335  6671 21612.5 
 544.44  3340  6746 22001.75 
 544.49  3345  6821 25431.75 
 544.53  3350  6896 24541 
 544.59  3355  6972 27718.25 
 544.63  3360  7048 19148 
 544.69  3365  7123 23015.25 
 544.73  3370  7199 18511 
 544.8  3375  7275 23351 
 544.83  3380  7351 22602.5 
 544.89  3385  7428 25971.5 
 544.93  3390  7504 25712.25 
 545  3395  7580 25178 
 545.03  3400  7657 29585 
 545.09  3405  7733 26464.75 
 545.13  3410  7810 26039.75 
 545.2  3415  7887 24290.75 
 545.23  3420  7964 28907.75 
 545.3  3425  8041 26843.25 
 545.34  3430  8118 29175.5 
 545.4  3435  8196 27231.25 
 545.43  3440  8273 19913.75 
 545.5  3445  8351 20451 
 545.54  3450  8428 26645.5 
 545.6  3455  8506 27134.75 
 545.63  3460  8584 23110 
 545.69  3465  8662 25823.5 
 545.73  3470  8740 27312.25 
 545.8  3475  8818 21794.5 
 545.83  3480  8897 25052.75 
 545.89  3485  8975 24596.75 
 545.93  3490  9054 22361 
 546  3495  9132 22248.25 
 546.03  3500  9211 27043.75 
 546.18  3505  7411 25176.75 
 546.37  3510  7492 22363.5 
 546.4  3515  7573 21079.5 
 546.46  3520  7653 22974.25 
 546.5  3525  7734 17790.75 
 546.56  3530  7815 22359.75 
 546.6  3535  7896 23826 
 546.66  3540  7978 24883 
 546.7  3545  8059 25252.25 
 546.77  3550  8141 25321.25 
 546.8  3555  8222 22641.25 
 546.86  3560  8304 23944.5 
 546.9  3565  8386 20342.5 
 546.97  3570  8468 17051.25 
 547  3575  8550 20820.25 
 547.06  3580  8633 16328.5 
 547.1  3585  8715 14089 
 547.16  3590  8798 19886.25 
 547.2  3595  8881 24752.5 
 547.26  3600  8963 26389.75 
 547.3  3605  9046 20964.25 
 547.36  3610  9130 19243.25 
 547.4  3615  9213 22413.5 
 547.46  3620  9296 18802 
 547.5  3625  9380 26216.75 
 547.56  3630  9463 23077.75 
end
uaIntegration time is 0.2294 seconds per sampledt  3E-08 cy 1dh020318Manchester 53.47 2.23 2.750537pr1000dark 1.7 
 570.02  2900  563 2.5 
 570.1  2905  629 .5 
 570.13  2910  694 1.25 
 570.19  2915  760 .25 
 570.22  2920  826 2 
 570.29  2925  892 1.25 
 570.33  2930  957 1.25 
 570.39  2935  1024 2.5 
 570.43  2940  1090 2.25 
 570.49  2945  1156 1.5 
 570.52  2950  1222 1.5 
 570.59  2955  1289 .5 
 570.63  2960  1356 2 
 570.69  2965  1422 .5 
 570.72  2970  1489 2.5 
 570.79  2975  1556 2 
 570.83  2980  1623 1.75 
 570.89  2985  1690 1.75 
 570.93  2990  1758 1.5 
 570.99  2995  1825 1.75 
 571.03  3000  1892 1.5 
 571.09  3005  1960 2.25 
 571.12  3010  2028 7 
 571.19  3015  2096 4 
 571.22  3020  2163 4 
 571.29  3025  2231 7.75 
 571.33  3030  2300 13 
 571.39  3035  2368 22 
 571.43  3040  2436 21.5 
 571.49  3045  2505 36.25 
 571.53  3050  2573 63.5 
 571.59  3055  2642 77 
 571.63  3060  2711 89.5 
 571.7  3065  2780 119 
 571.73  3070  2849 208.5 
 571.79  3075  2918 296.25 
 571.82  3080  2987 328.25 
 571.89  3085  3057 405.25 
 571.93  3090  3126 403.75 
 572  3095  3196 579 
 572.03  3100  3265 641.75 
 572.09  3105  3335 1090.75 
 572.13  3110  3405 1434.5 
 572.19  3115  3475 1493 
 572.23  3120  3545 1690.75 
 572.29  3125  3616 2231.25 
 572.33  3130  3686 2494.75 
 572.39  3135  3757 2502.25 
 572.43  3140  3827 3318.75 
 572.49  3145  3898 3375.75 
 572.53  3150  3969 4533.25 
 572.59  3155  4040 3818.75 
 572.63  3160  4111 3671.25 
 572.69  3165  4182 5633.5 
 572.73  3170  4253 7043.5 
 572.79  3175  4325 7288.5 
 572.83  3180  4396 6092.75 
 572.89  3185  4468 8324.75 
 572.93  3190  4540 10003.5 
 573  3195  4612 8302.25 
 573.03  3200  4684 9922.75 
 573.09  3205  4756 12963.75 
 573.12  3210  4828 12286 
 573.19  3215  4900 12032.75 
 573.22  3220  4973 12476.25 
 573.3  3225  5045 10728 
 573.33  3230  5118 11314.25 
 573.39  3235  5191 14579.25 
 573.43  3240  5264 17148 
 573.5  3245  5337 16960.25 
 573.53  3250  5410 14824 
 573.59  3255  5483 19056.25 
 573.63  3260  5556 23835 
 573.7  3265  5630 24788.75 
 573.73  3270  5704 24630 
 573.8  3275  5777 23064.75 
 573.83  3280  5851 20528.5 
 573.89  3285  5925 21921.5 
 573.93  3290  5999 27317.75 
 573.99  3295  6073 31141 
 574.03  3300  6147 31266 
 574.09  3305  6222 25153 
 574.13  3310  6296 25382.5 
 574.19  3315  6371 26191.5 
 574.23  3320  6446 28595.5 
 574.29  3325  6521 28823 
 574.32  3330  6595 28463.25 
 574.39  3335  6671 25779.75 
 574.42  3340  6746 26533.5 
 574.49  3345  6821 30622.5 
 574.53  3350  6896 29327.25 
 574.6  3355  6972 33258.25 
 574.63  3360  7048 23065.25 
 574.69  3365  7123 27678.75 
 574.73  3370  7199 22319.25 
 574.79  3375  7275 27899.5 
 574.83  3380  7351 26797.5 
 574.89  3385  7428 30482.75 
 574.93  3390  7504 30296 
 575  3395  7580 29349.25 
 575.03  3400  7657 34525 
 575.09  3405  7733 30859.25 
 575.13  3410  7810 30093.25 
 575.2  3415  7887 27941.5 
 575.23  3420  7964 33022.25 
 575.29  3425  8041 30628 
 575.33  3430  8118 33239.75 
 575.4  3435  8196 31087 
 575.43  3440  8273 22733.75 
 575.49  3445  8351 23566 
 575.53  3450  8428 30855 
 575.59  3455  8506 31799.25 
 575.63  3460  8584 27222.25 
 575.69  3465  8662 31073 
 575.73  3470  8740 33122 
 575.79  3475  8818 26747.75 
 575.83  3480  8897 31074 
 575.89  3485  8975 30819.25 
 575.93  3490  9054 28251.5 
 575.99  3495  9132 28709.75 
 576.03  3500  9211 35204 
 576.18  3505  7411 33900.25 
 576.36  3510  7492 30779.25 
 576.4  3515  7573 29076 
 576.46  3520  7653 31714.25 
 576.49  3525  7734 24494.25 
 576.56  3530  7815 30618 
 576.6  3535  7896 32527.5 
 576.66  3540  7978 33696.5 
 576.7  3545  8059 34081.5 
 576.76  3550  8141 33882.25 
 576.79  3555  8222 30016.5 
 576.86  3560  8304 31170.25 
 576.89  3565  8386 26477.5 
 576.96  3570  8468 21558 
 577  3575  8550 26005 
 577.06  3580  8633 20068.25 
 577.09  3585  8715 17097 
 577.16  3590  8798 23593.75 
 577.2  3595  8881 29066.25 
 577.26  3600  8963 30441 
 577.3  3605  9046 23886.75 
 577.36  3610  9130 21746.5 
 577.4  3615  9213 25100.5 
 577.46  3620  9296 20924.5 
 577.5  3625  9380 29039.5 
 577.56  3630  9463 25463.5 
end
uaIntegration time is 0.2294 seconds per sampledt  3E-08 cy 1dh020318Manchester 53.47 2.23 2.750537pr1000dark 1.3 
 600.02  2900  563 1.25 
 600.09  2905  629 0 
 600.13  2910  694 1.25 
 600.19  2915  760 2.25 
 600.23  2920  826 1 
 600.29  2925  892 1.25 
 600.33  2930  957 1.5 
 600.39  2935  1024 .75 
 600.43  2940  1090 2 
 600.49  2945  1156 2.25 
 600.53  2950  1222 2.5 
 600.59  2955  1289 2 
 600.62  2960  1356 1.75 
 600.7  2965  1422 0 
 600.73  2970  1489 1.5 
 600.79  2975  1556 .75 
 600.83  2980  1623 1.75 
 600.89  2985  1690 .5 
 600.93  2990  1758 3.75 
 600.99  2995  1825 2.5 
 601.03  3000  1892 2.5 
 601.09  3005  1960 2.25 
 601.13  3010  2028 4.5 
 601.2  3015  2096 6.25 
 601.23  3020  2163 6.75 
 601.29  3025  2231 12.75 
 601.33  3030  2300 27.25 
 601.39  3035  2368 41.5 
 601.43  3040  2436 41.75 
 601.49  3045  2505 70.25 
 601.52  3050  2573 125.75 
 601.59  3055  2642 160.75 
 601.63  3060  2711 160 
 601.69  3065  2780 216.5 
 601.73  3070  2849 382 
 601.8  3075  2918 547.25 
 601.83  3080  2987 618.75 
 601.89  3085  3057 756.25 
 601.93  3090  3126 744.5 
 601.99  3095  3196 1026.5 
 602.02  3100  3265 1150.75 
 602.09  3105  3335 1912.25 
 602.13  3110  3405 2520.5 
 602.19  3115  3475 2625 
 602.22  3120  3545 2899 
 602.29  3125  3616 3786.75 
 602.33  3130  3686 4253.25 
 602.39  3135  3757 4237 
 602.43  3140  3827 5479.5 
 602.5  3145  3898 5420.5 
 602.53  3150  3969 7245 
 602.59  3155  4040 6156.5 
 602.63  3160  4111 5694.25 
 602.69  3165  4182 8535.75 
 602.73  3170  4253 10613.25 
 602.79  3175  4325 10771 
 602.83  3180  4396 8750.75 
 602.9  3185  4468 11525.25 
 602.93  3190  4540 13774.5 
 602.99  3195  4612 11344 
 603.03  3200  4684 13449.75 
 603.09  3205  4756 17100 
 603.13  3210  4828 15864.25 
 603.2  3215  4900 15513.75 
 603.23  3220  4973 16105.5 
 603.29  3225  5045 13781.75 
 603.33  3230  5118 14444.5 
 603.39  3235  5191 18322.5 
 603.43  3240  5264 21418 
 603.49  3245  5337 21382.5 
 603.53  3250  5410 18786.25 
 603.59  3255  5483 24096.75 
 603.63  3260  5556 29826 
 603.69  3265  5630 30576.5 
 603.73  3270  5704 30285.5 
 603.8  3275  5777 28524.75 
 603.83  3280  5851 25383.5 
 603.9  3285  5925 26925 
 603.93  3290  5999 33031 
 603.99  3295  6073 37400 
 604.03  3300  6147 37688 
 604.1  3305  6222 30029.75 
 604.13  3310  6296 30366.75 
 604.2  3315  6371 31002.75 
 604.23  3320  6446 33631.25 
 604.29  3325  6521 33693.5 
 604.33  3330  6595 33290.25 
 604.39  3335  6671 30031.5 
 604.43  3340  6746 30715 
 604.5  3345  6821 34980.25 
 604.53  3350  6896 33359.25 
 604.59  3355  6972 37675.5 
 604.63  3360  7048 25969.5 
 604.69  3365  7123 31193.5 
 604.73  3370  7199 25227.75 
 604.8  3375  7275 31456.75 
 604.83  3380  7351 30261.5 
 604.89  3385  7428 34510 
 604.93  3390  7504 34166.5 
 605  3395  7580 33372.25 
 605.03  3400  7657 39206 
 605.1  3405  7733 35031.5 
 605.13  3410  7810 34322 
 605.19  3415  7887 31833.75 
 605.23  3420  7964 37676.5 
 605.29  3425  8041 34959.5 
 605.33  3430  8118 37996.5 
 605.4  3435  8196 35571 
 605.43  3440  8273 26064.75 
 605.5  3445  8351 26851.75 
 605.53  3450  8428 34949 
 605.6  3455  8506 35819.25 
 605.63  3460  8584 30570.5 
 605.69  3465  8662 34499.5 
 605.73  3470  8740 36531.25 
 605.8  3475  8818 29377 
 605.83  3480  8897 33826.5 
 605.89  3485  8975 33560 
 605.93  3490  9054 30560.25 
 605.99  3495  9132 30626.5 
 606.03  3500  9211 37520.75 
 606.17  3505  7411 35558.25 
 606.36  3510  7492 31413.5 
 606.4  3515  7573 29574.75 
 606.46  3520  7653 32161.25 
 606.5  3525  7734 24664.75 
 606.56  3530  7815 30919 
 606.6  3535  7896 32842 
 606.66  3540  7978 34072.25 
 606.7  3545  8059 34402.5 
 606.76  3550  8141 34413.75 
 606.79  3555  8222 30662.25 
 606.86  3560  8304 31944.75 
 606.9  3565  8386 27220.25 
 606.96  3570  8468 22435.75 
 606.99  3575  8550 27083.5 
 607.06  3580  8633 21206.5 
 607.09  3585  8715 18147.25 
 607.16  3590  8798 25247 
 607.19  3595  8881 31271.5 
 607.26  3600  8963 32899.25 
 607.3  3605  9046 26045.5 
 607.36  3610  9130 23709.5 
 607.39  3615  9213 27525.25 
 607.46  3620  9296 23110.75 
 607.49  3625  9380 32088 
 607.56  3630  9463 28200 
end
uaIntegration time is 0.2294 seconds per sampledt  3E-08 cy 1dh020318Manchester 53.47 2.23 2.750537pr1000dark .95 
 630.02  2900  563 1.75 
 630.09  2905  629 1.5 
 630.12  2910  694 1.5 
 630.19  2915  760 1.75 
 630.23  2920  826 1.5 
 630.3  2925  892 1.5 
 630.33  2930  957 .75 
 630.39  2935  1024 2 
 630.43  2940  1090 .75 
 630.49  2945  1156 2.75 
 630.53  2950  1222 1.25 
 630.59  2955  1289 0 
 630.63  2960  1356 2 
 630.69  2965  1422 1.75 
 630.73  2970  1489 1.75 
 630.8  2975  1556 1.25 
 630.83  2980  1623 1.25 
 630.89  2985  1690 2.5 
 630.93  2990  1758 1.5 
 630.99  2995  1825 1.75 
 631.03  3000  1892 2 
 631.09  3005  1960 3.25 
 631.13  3010  2028 7 
 631.19  3015  2096 8.5 
 631.22  3020  2163 7.5 
 631.29  3025  2231 18.25 
 631.32  3030  2300 34.75 
 631.39  3035  2368 47.25 
 631.43  3040  2436 52 
 631.49  3045  2505 78 
 631.53  3050  2573 144 
 631.59  3055  2642 179.25 
 631.63  3060  2711 185.5 
 631.69  3065  2780 252.5 
 631.72  3070  2849 423.5 
 631.79  3075  2918 599.25 
 631.83  3080  2987 677.5 
 631.89  3085  3057 823.75 
 631.93  3090  3126 780 
 631.99  3095  3196 1062 
 632.03  3100  3265 1160.25 
 632.09  3105  3335 1936 
 632.13  3110  3405 2488 
 632.19  3115  3475 2535 
 632.23  3120  3545 2795 
 632.29  3125  3616 3574.25 
 632.33  3130  3686 3926.75 
 632.39  3135  3757 4008 
 632.43  3140  3827 5086 
 632.49  3145  3898 5008.75 
 632.53  3150  3969 6644.75 
 632.59  3155  4040 5632.5 
 632.63  3160  4111 5275.25 
 632.69  3165  4182 7856.5 
 632.73  3170  4253 9780.75 
 632.79  3175  4325 10058.5 
 632.83  3180  4396 8129 
 632.89  3185  4468 10769 
 632.93  3190  4540 12615.5 
 632.99  3195  4612 10544.25 
 633.03  3200  4684 12626.75 
 633.09  3205  4756 15919.75 
 633.13  3210  4828 14555.75 
 633.19  3215  4900 14331.25 
 633.23  3220  4973 14989 
 633.29  3225  5045 12848.25 
 633.33  3230  5118 13328 
 633.39  3235  5191 16642.75 
 633.43  3240  5264 19451.5 
 633.49  3245  5337 19315.75 
 633.53  3250  5410 17040 
 633.59  3255  5483 21797.75 
 633.62  3260  5556 26626.25 
 633.69  3265  5630 27142 
 633.73  3270  5704 26909.5 
 633.79  3275  5777 25270.75 
 633.83  3280  5851 22502 
 633.89  3285  5925 23738 
 633.93  3290  5999 28951.25 
 633.99  3295  6073 32527.75 
 634.03  3300  6147 32582 
 634.09  3305  6222 26166.25 
 634.13  3310  6296 26520.25 
 634.19  3315  6371 27093.25 
 634.23  3320  6446 29110 
 634.29  3325  6521 29436.25 
 634.33  3330  6595 29007.75 
 634.39  3335  6671 26295.5 
 634.43  3340  6746 27179.5 
 634.49  3345  6821 30938.5 
 634.52  3350  6896 29619.75 
 634.59  3355  6972 33285.75 
 634.63  3360  7048 23024.25 
 634.69  3365  7123 27785.25 
 634.73  3370  7199 22554.25 
 634.8  3375  7275 28306.5 
 634.83  3380  7351 26947.5 
 634.89  3385  7428 30717.5 
 634.93  3390  7504 30297.25 
 634.99  3395  7580 29674 
 635.03  3400  7657 34845.25 
 635.09  3405  7733 31165.75 
 635.13  3410  7810 30453 
 635.19  3415  7887 28359.75 
 635.22  3420  7964 33508.25 
 635.3  3425  8041 31279.25 
 635.33  3430  8118 33969 
 635.4  3435  8196 31701.75 
 635.43  3440  8273 23175.75 
 635.49  3445  8351 24257 
 635.53  3450  8428 31316.75 
 635.59  3455  8506 31910.5 
 635.63  3460  8584 27422.5 
 635.69  3465  8662 30866.75 
 635.73  3470  8740 32714.5 
 635.79  3475  8818 26266.75 
 635.83  3480  8897 30421.75 
 635.89  3485  8975 30171.75 
 635.93  3490  9054 27561.75 
 635.99  3495  9132 27708.5 
 636.02  3500  9211 33857 
 636.18  3505  7411 32175.75 
 636.36  3510  7492 28984.75 
 636.4  3515  7573 27528.75 
 636.46  3520  7653 29806 
 636.5  3525  7734 23095.5 
 636.56  3530  7815 29039.75 
 636.59  3535  7896 30801.75 
 636.66  3540  7978 31936.25 
 636.7  3545  8059 32288 
 636.76  3550  8141 32168 
 636.8  3555  8222 28768.75 
 636.86  3560  8304 30016.25 
 636.9  3565  8386 25358 
 636.96  3570  8468 21193.5 
 636.99  3575  8550 25758.25 
 637.06  3580  8633 19932.5 
 637.1  3585  8715 17216 
 637.16  3590  8798 24258.5 
 637.19  3595  8881 29902.25 
 637.26  3600  8963 31464 
 637.3  3605  9046 24781.75 
 637.36  3610  9130 22714 
 637.4  3615  9213 26190.25 
 637.46  3620  9296 22010.75 
 637.49  3625  9380 30478.25 
 637.56  3630  9463 26149.25 
end
uaIntegration time is 0.2294 seconds per sampledt  3E-08 cy 1dh020318Manchester 53.47 2.23 2.750537pr1000dark 1.8 
 660.02  2900  563 1.75 
 660.09  2905  629 .5 
 660.12  2910  694 2.25 
 660.19  2915  760 3 
 660.23  2920  826 2 
 660.29  2925  892 2.5 
 660.32  2930  957 1.5 
 660.39  2935  1024 2 
 660.43  2940  1090 1.75 
 660.5  2945  1156 .75 
 660.53  2950  1222 .25 
 660.59  2955  1289 0 
 660.63  2960  1356 1.75 
 660.69  2965  1422 2.5 
 660.73  2970  1489 .75 
 660.79  2975  1556 1 
 660.83  2980  1623 2 
 660.89  2985  1690 1.75 
 660.93  2990  1758 1.75 
 660.99  2995  1825 2 
 661.02  3000  1892 2.5 
 661.09  3005  1960 2.75 
 661.13  3010  2028 6.25 
 661.19  3015  2096 11 
 661.22  3020  2163 12.75 
 661.29  3025  2231 24 
 661.32  3030  2300 47.5 
 661.39  3035  2368 62.5 
 661.43  3040  2436 68.75 
 661.49  3045  2505 114.25 
 661.53  3050  2573 198.5 
 661.6  3055  2642 237.75 
 661.63  3060  2711 243.25 
 661.7  3065  2780 330 
 661.73  3070  2849 539.25 
 661.79  3075  2918 767 
 661.82  3080  2987 864 
 661.89  3085  3057 1040.25 
 661.93  3090  3126 982.25 
 662  3095  3196 1313 
 662.03  3100  3265 1452.75 
 662.09  3105  3335 2399.25 
 662.13  3110  3405 3077.5 
 662.19  3115  3475 3157.5 
 662.22  3120  3545 3408.25 
 662.29  3125  3616 4350.5 
 662.33  3130  3686 4776.25 
 662.39  3135  3757 4819.75 
 662.42  3140  3827 6112 
 662.49  3145  3898 5878.5 
 662.53  3150  3969 7791.25 
 662.59  3155  4040 6576 
 662.63  3160  4111 6086.25 
 662.69  3165  4182 9023.25 
 662.72  3170  4253 11086.5 
 662.79  3175  4325 11440.25 
 662.83  3180  4396 9175 
 662.89  3185  4468 12010.5 
 662.93  3190  4540 14113.25 
 662.99  3195  4612 11892.25 
 663.03  3200  4684 14094.5 
 663.09  3205  4756 17687.75 
 663.13  3210  4828 16079.5 
 663.19  3215  4900 15789.25 
 663.23  3220  4973 16635.75 
 663.29  3225  5045 14270 
 663.33  3230  5118 14666.75 
 663.39  3235  5191 18201 
 663.43  3240  5264 21344 
 663.49  3245  5337 21318.25 
 663.52  3250  5410 18865.75 
 663.59  3255  5483 24137.75 
 663.63  3260  5556 29384.25 
 663.7  3265  5630 29981.25 
 663.73  3270  5704 29744.5 
 663.8  3275  5777 28161.75 
 663.83  3280  5851 25362.25 
 663.89  3285  5925 26601.25 
 663.93  3290  5999 32392.5 
 663.99  3295  6073 36402.75 
 664.02  3300  6147 36655.25 
 664.09  3305  6222 29456.75 
 664.13  3310  6296 29878.75 
 664.19  3315  6371 30471.75 
 664.23  3320  6446 32585 
 664.3  3325  6521 32638 
 664.33  3330  6595 32335 
 664.39  3335  6671 29184.75 
 664.43  3340  6746 30064 
 664.49  3345  6821 34091 
 664.53  3350  6896 32674.75 
 664.59  3355  6972 36688.75 
 664.63  3360  7048 25380 
 664.69  3365  7123 30772.5 
 664.73  3370  7199 24829.75 
 664.79  3375  7275 31386.25 
 664.83  3380  7351 29937.5 
 664.9  3385  7428 34132.5 
 664.93  3390  7504 33579.25 
 664.99  3395  7580 32848.25 
 665.03  3400  7657 38604.75 
 665.09  3405  7733 34495.25 
 665.13  3410  7810 33543.25 
 665.19  3415  7887 31289.75 
 665.23  3420  7964 36860 
 665.29  3425  8041 34227 
 665.33  3430  8118 37282.5 
 665.39  3435  8196 34883.5 
 665.43  3440  8273 25336.75 
 665.49  3445  8351 26447.75 
 665.53  3450  8428 34265 
 665.59  3455  8506 34807.25 
 665.63  3460  8584 29754.5 
 665.69  3465  8662 33507.25 
 665.73  3470  8740 35638.5 
 665.79  3475  8818 28552 
 665.83  3480  8897 32992.5 
 665.9  3485  8975 32690.75 
 665.93  3490  9054 29830.5 
 665.99  3495  9132 30115.75 
 666.03  3500  9211 36726.75 
 666.18  3505  7411 34844.25 
 666.36  3510  7492 31354.75 
 666.4  3515  7573 29719.75 
 666.46  3520  7653 32052.5 
 666.5  3525  7734 24811.5 
 666.56  3530  7815 31259.75 
 666.6  3535  7896 33098.75 
 666.66  3540  7978 34313.25 
 666.69  3545  8059 34708 
 666.76  3550  8141 34485 
 666.8  3555  8222 30821.5 
 666.86  3560  8304 32199 
 666.89  3565  8386 27249.5 
 666.96  3570  8468 22639 
 666.99  3575  8550 27700.25 
 667.06  3580  8633 21332 
 667.1  3585  8715 18516.25 
 667.16  3590  8798 25969 
 667.19  3595  8881 32035 
 667.26  3600  8963 33762 
 667.3  3605  9046 26558.5 
 667.36  3610  9130 24362.25 
 667.39  3615  9213 28198.75 
 667.46  3620  9296 23646 
 667.5  3625  9380 33040.75 
 667.56  3630  9463 28320.75 
end
uaIntegration time is 0.2294 seconds per sampledt  3E-08 cy 1dh020318Manchester 53.47 2.23 2.750537pr1000dark 1.45 
 690.02  2900  563 1.75 
 690.09  2905  629 2.75 
 690.13  2910  694 2.75 
 690.19  2915  760 1.25 
 690.22  2920  826 .75 
 690.29  2925  892 2 
 690.33  2930  957 1.5 
 690.39  2935  1024 .25 
 690.43  2940  1090 2 
 690.49  2945  1156 .75 
 690.53  2950  1222 2 
 690.59  2955  1289 2.5 
 690.63  2960  1356 .75 
 690.69  2965  1422 2 
 690.73  2970  1489 1.5 
 690.79  2975  1556 .75 
 690.83  2980  1623 1.25 
 690.89  2985  1690 1.25 
 690.93  2990  1758 3.75 
 690.99  2995  1825 3 
 691.03  3000  1892 2 
 691.09  3005  1960 3.75 
 691.12  3010  2028 6 
 691.19  3015  2096 10.5 
 691.23  3020  2163 10.5 
 691.29  3025  2231 21 
 691.33  3030  2300 38.5 
 691.39  3035  2368 58.75 
 691.43  3040  2436 59 
 691.49  3045  2505 96.25 
 691.53  3050  2573 170.5 
 691.59  3055  2642 205.75 
 691.63  3060  2711 202.25 
 691.69  3065  2780 279.5 
 691.73  3070  2849 466.5 
 691.79  3075  2918 625.75 
 691.83  3080  2987 695.75 
 691.89  3085  3057 869.75 
 691.93  3090  3126 819.75 
 691.99  3095  3196 1090.25 
 692.03  3100  3265 1194.25 
 692.09  3105  3335 1995.5 
 692.13  3110  3405 2538.25 
 692.19  3115  3475 2618.5 
 692.23  3120  3545 2856 
 692.29  3125  3616 3615.25 
 692.33  3130  3686 3969 
 692.39  3135  3757 4028 
 692.43  3140  3827 5082.75 
 692.5  3145  3898 4916.5 
 692.53  3150  3969 6468.5 
 692.59  3155  4040 5494.25 
 692.63  3160  4111 5107.25 
 692.69  3165  4182 7478.25 
 692.73  3170  4253 9276.75 
 692.79  3175  4325 9562.25 
 692.83  3180  4396 7652.75 
 692.89  3185  4468 10003.25 
 692.93  3190  4540 11707 
 693  3195  4612 9944.5 
 693.03  3200  4684 11791.75 
 693.09  3205  4756 14742.5 
 693.13  3210  4828 13394.75 
 693.2  3215  4900 13073.75 
 693.23  3220  4973 13846.5 
 693.29  3225  5045 11881.75 
 693.33  3230  5118 12160 
 693.4  3235  5191 15071 
 693.43  3240  5264 17586.5 
 693.49  3245  5337 17561.75 
 693.53  3250  5410 15651.75 
 693.6  3255  5483 19842.75 
 693.63  3260  5556 24105.75 
 693.7  3265  5630 24475.75 
 693.73  3270  5704 24287 
 693.79  3275  5777 22768.5 
 693.83  3280  5851 20576.5 
 693.89  3285  5925 21368.25 
 693.93  3290  5999 25961 
 693.99  3295  6073 29017.5 
 694.03  3300  6147 29002.25 
 694.1  3305  6222 23439.75 
 694.13  3310  6296 23718.25 
 694.19  3315  6371 23960.75 
 694.23  3320  6446 25608 
 694.29  3325  6521 25512.75 
 694.33  3330  6595 25225.5 
 694.39  3335  6671 22809.5 
 694.43  3340  6746 23501.5 
 694.49  3345  6821 26568 
 694.53  3350  6896 25266.25 
 694.59  3355  6972 28530.5 
 694.63  3360  7048 19722 
 694.69  3365  7123 24012.75 
 694.73  3370  7199 19493 
 694.79  3375  7275 24716 
 694.83  3380  7351 23436.5 
 694.89  3385  7428 26804.25 
 694.93  3390  7504 26427.25 
 695  3395  7580 26038 
 695.03  3400  7657 30564 
 695.09  3405  7733 27443.75 
 695.13  3410  7810 26705.25 
 695.2  3415  7887 24929 
 695.23  3420  7964 29517 
 695.29  3425  8041 27441.5 
 695.33  3430  8118 29770.25 
 695.39  3435  8196 27838.25 
 695.43  3440  8273 20280 
 695.49  3445  8351 21121.5 
 695.53  3450  8428 27203.75 
 695.6  3455  8506 27652.5 
 695.63  3460  8584 23665.5 
 695.69  3465  8662 26647.5 
 695.73  3470  8740 28265.25 
 695.79  3475  8818 22627.5 
 695.83  3480  8897 26141.5 
 695.89  3485  8975 25965.5 
 695.93  3490  9054 23702 
 695.99  3495  9132 23923.25 
 696.03  3500  9211 29188.75 
 696.18  3505  7411 27582.75 
 696.36  3510  7492 24644.75 
 696.39  3515  7573 23344.75 
 696.46  3520  7653 25184 
 696.5  3525  7734 19422.5 
 696.56  3530  7815 24422 
 696.6  3535  7896 25852 
 696.66  3540  7978 26849.5 
 696.69  3545  8059 27088 
 696.76  3550  8141 27122.5 
 696.8  3555  8222 24175.5 
 696.86  3560  8304 25175.75 
 696.9  3565  8386 21541 
 696.96  3570  8468 17930 
 697  3575  8550 21756.25 
 697.06  3580  8633 16908.5 
 697.09  3585  8715 14530.75 
 697.16  3590  8798 20465.25 
 697.19  3595  8881 25100.75 
 697.26  3600  8963 26345.25 
 697.3  3605  9046 20740.75 
 697.36  3610  9130 18861 
 697.4  3615  9213 21771.75 
 697.46  3620  9296 18233 
 697.5  3625  9380 25293.75 
 697.56  3630  9463 21741 
end
uaIntegration time is 0.2294 seconds per sampledt  3E-08 cy 1dh020318Manchester 53.47 2.23 2.750537pr1000dark 1.45 
 720.02  2900  563 2 
 720.09  2905  629 1.5 
 720.14  2910  694 .75 
 720.18  2915  760 2.25 
 720.24  2920  826 2.25 
 720.28  2925  892 2.75 
 720.34  2930  957 .5 
 720.37  2935  1024 2.25 
 720.44  2940  1090 1.25 
 720.48  2945  1156 2 
 720.54  2950  1222 .75 
 720.58  2955  1289 2 
 720.64  2960  1356 .75 
 720.68  2965  1422 1 
 720.74  2970  1489 1.25 
 720.78  2975  1556 1.25 
 720.84  2980  1623 1.25 
 720.88  2985  1690 2.25 
 720.94  2990  1758 1.75 
 720.98  2995  1825 2.75 
 721.04  3000  1892 2 
 721.08  3005  1960 4.5 
 721.14  3010  2028 8.5 
 721.17  3015  2096 10.75 
 721.24  3020  2163 9.5 
 721.28  3025  2231 21 
 721.35  3030  2300 47 
 721.38  3035  2368 56.5 
 721.44  3040  2436 67.75 
 721.48  3045  2505 105.75 
 721.54  3050  2573 180.5 
 721.57  3055  2642 225.5 
 721.64  3060  2711 232.25 
 721.68  3065  2780 311.25 
 721.74  3070  2849 500.5 
 721.78  3075  2918 703.5 
 721.85  3080  2987 784 
 721.88  3085  3057 945.75 
 721.94  3090  3126 917 
 721.97  3095  3196 1187 
 722.04  3100  3265 1310.25 
 722.07  3105  3335 2170.25 
 722.14  3110  3405 2788 
 722.17  3115  3475 2868.5 
 722.24  3120  3545 3080 
 722.28  3125  3616 3886.25 
 722.34  3130  3686 4263 
 722.38  3135  3757 4304.75 
 722.44  3140  3827 5412 
 722.47  3145  3898 5166.5 
 722.54  3150  3969 6771.25 
 722.58  3155  4040 5763.25 
 722.64  3160  4111 5281 
 722.68  3165  4182 7718.75 
 722.74  3170  4253 9505 
 722.78  3175  4325 9696.5 
 722.84  3180  4396 7752 
 722.88  3185  4468 10017 
 722.94  3190  4540 11648.5 
 722.97  3195  4612 9804 
 723.04  3200  4684 11610 
 723.08  3205  4756 14345.5 
 723.14  3210  4828 12877.75 
 723.18  3215  4900 12603 
 723.24  3220  4973 13225.25 
 723.27  3225  5045 11341.5 
 723.34  3230  5118 11658.5 
 723.37  3235  5191 14363.5 
 723.44  3240  5264 16666.25 
 723.47  3245  5337 16785.75 
 723.54  3250  5410 15018 
 723.58  3255  5483 19225.25 
 723.65  3260  5556 23399.25 
 723.68  3265  5630 23942.5 
 723.74  3270  5704 23891.25 
 723.78  3275  5777 22640 
 723.84  3280  5851 20579 
 723.88  3285  5925 21548.75 
 723.94  3290  5999 26209.75 
 723.97  3295  6073 29460.5 
 724.04  3300  6147 29850 
 724.08  3305  6222 24138.25 
 724.14  3310  6296 24517 
 724.18  3315  6371 24869.25 
 724.24  3320  6446 26728.25 
 724.28  3325  6521 26733.75 
 724.34  3330  6595 26585 
 724.38  3335  6671 24070.75 
 724.44  3340  6746 24907.5 
 724.48  3345  6821 28235.75 
 724.54  3350  6896 26923.25 
 724.58  3355  6972 30463.25 
 724.64  3360  7048 20977.25 
 724.68  3365  7123 25480.25 
 724.75  3370  7199 20681.75 
 724.78  3375  7275 26038.25 
 724.84  3380  7351 24722.5 
 724.88  3385  7428 28124.25 
 724.94  3390  7504 27487.5 
 724.97  3395  7580 26850.25 
 725.04  3400  7657 31482 
 725.08  3405  7733 27946.75 
 725.14  3410  7810 27104.25 
 725.18  3415  7887 25105.25 
 725.24  3420  7964 29403.25 
 725.28  3425  8041 27232.25 
 725.34  3430  8118 29431.25 
 725.38  3435  8196 27467.75 
 725.44  3440  8273 19935.25 
 725.48  3445  8351 20664 
 725.54  3450  8428 26695.75 
 725.58  3455  8506 27102 
 725.64  3460  8584 23138 
 725.68  3465  8662 25925.5 
 725.74  3470  8740 27583.25 
 725.78  3475  8818 22120.75 
 725.84  3480  8897 25599.75 
 725.88  3485  8975 25360 
 725.95  3490  9054 23342 
 725.98  3495  9132 23415.25 
 726.05  3500  9211 28804.75 
 726.18  3505  7411 27576 
 726.36  3510  7492 25215.75 
 726.39  3515  7573 23972.5 
 726.46  3520  7653 26103.75 
 726.5  3525  7734 20145.25 
 726.56  3530  7815 25476.25 
 726.59  3535  7896 26983.25 
 726.66  3540  7978 28036 
 726.69  3545  8059 28421.25 
 726.76  3550  8141 28465 
 726.8  3555  8222 25334 
 726.86  3560  8304 26523.25 
 726.89  3565  8386 22544 
 726.96  3570  8468 18709.5 
 727  3575  8550 22660.5 
 727.06  3580  8633 17557 
 727.09  3585  8715 15148 
 727.16  3590  8798 21217 
 727.2  3595  8881 26018.25 
 727.26  3600  8963 27436.75 
 727.3  3605  9046 21593.75 
 727.36  3610  9130 19759 
 727.4  3615  9213 22929.75 
 727.46  3620  9296 19353.25 
 727.5  3625  9380 26843.75 
 727.56  3630  9463 23312.75 
end
uaIntegration time is 0.2294 seconds per sampledt  3E-08 cy 1dh020318Manchester 53.47 2.23 2.750537pr1000dark .8 
 750.02  2900  563 0 
 750.1  2905  629 2.75 
 750.13  2910  694 1.75 
 750.19  2915  760 1.5 
 750.22  2920  826 1.5 
 750.29  2925  892 2.25 
 750.33  2930  957 2 
 750.39  2935  1024 2.5 
 750.43  2940  1090 1.25 
 750.49  2945  1156 2.5 
 750.53  2950  1222 2.75 
 750.59  2955  1289 2 
 750.62  2960  1356 .25 
 750.69  2965  1422 2 
 750.72  2970  1489 1.75 
 750.79  2975  1556 2.5 
 750.82  2980  1623 2.25 
 750.9  2985  1690 1.5 
 750.93  2990  1758 3 
 750.99  2995  1825 3.5 
 751.02  3000  1892 3.75 
 751.09  3005  1960 6.5 
 751.13  3010  2028 9.25 
 751.2  3015  2096 15.25 
 751.23  3020  2163 15.75 
 751.29  3025  2231 30.5 
 751.33  3030  2300 63 
 751.39  3035  2368 86.25 
 751.43  3040  2436 94 
 751.49  3045  2505 138.5 
 751.53  3050  2573 235.5 
 751.6  3055  2642 284.75 
 751.63  3060  2711 296.75 
 751.69  3065  2780 391.75 
 751.72  3070  2849 628 
 751.79  3075  2918 851 
 751.83  3080  2987 940.25 
 751.89  3085  3057 1112.25 
 751.93  3090  3126 1075 
 751.99  3095  3196 1401 
 752.03  3100  3265 1530 
 752.1  3105  3335 2471 
 752.13  3110  3405 3209.75 
 752.19  3115  3475 3235.25 
 752.23  3120  3545 3444 
 752.29  3125  3616 4366.75 
 752.33  3130  3686 4795.75 
 752.4  3135  3757 4853.5 
 752.43  3140  3827 6084 
 752.49  3145  3898 5791 
 752.53  3150  3969 7628 
 752.59  3155  4040 6519 
 752.63  3160  4111 5978.75 
 752.69  3165  4182 8719 
 752.72  3170  4253 10791.75 
 752.79  3175  4325 11085.25 
 752.83  3180  4396 8900.75 
 752.89  3185  4468 11383.5 
 752.93  3190  4540 13340.75 
 752.99  3195  4612 11278.25 
 753.03  3200  4684 13443.25 
 753.09  3205  4756 16630.75 
 753.13  3210  4828 15045.25 
 753.19  3215  4900 14586 
 753.23  3220  4973 15526 
 753.29  3225  5045 13294.5 
 753.33  3230  5118 13616 
 753.39  3235  5191 16816 
 753.43  3240  5264 19636.75 
 753.49  3245  5337 19720 
 753.53  3250  5410 17666 
 753.59  3255  5483 22609.75 
 753.63  3260  5556 27440.5 
 753.69  3265  5630 28081.25 
 753.73  3270  5704 28053.25 
 753.79  3275  5777 26622 
 753.83  3280  5851 24175.5 
 753.89  3285  5925 25318.25 
 753.93  3290  5999 30723 
 754  3295  6073 34697.75 
 754.03  3300  6147 34957.25 
 754.1  3305  6222 28303 
 754.13  3310  6296 28584.25 
 754.19  3315  6371 29186.5 
 754.23  3320  6446 31126.75 
 754.29  3325  6521 31099 
 754.33  3330  6595 30774.25 
 754.39  3335  6671 27896 
 754.43  3340  6746 28739.25 
 754.49  3345  6821 32410.5 
 754.53  3350  6896 30789.75 
 754.59  3355  6972 34522.5 
 754.62  3360  7048 23731.25 
 754.69  3365  7123 28752.75 
 754.73  3370  7199 23239.75 
 754.8  3375  7275 29174 
 754.83  3380  7351 27621 
 754.89  3385  7428 31404.25 
 754.93  3390  7504 30755.75 
 754.99  3395  7580 30136 
 755.03  3400  7657 35389.25 
 755.09  3405  7733 31478 
 755.13  3410  7810 30692 
 755.19  3415  7887 28642.75 
 755.23  3420  7964 33673 
 755.3  3425  8041 31387.75 
 755.33  3430  8118 34123.25 
 755.4  3435  8196 31843 
 755.43  3440  8273 23119.75 
 755.49  3445  8351 24343 
 755.53  3450  8428 31344.5 
 755.59  3455  8506 31749 
 755.63  3460  8584 27271.75 
 755.69  3465  8662 30642.5 
 755.73  3470  8740 32533 
 755.79  3475  8818 25998 
 755.83  3480  8897 30060.75 
 755.89  3485  8975 29705.5 
 755.93  3490  9054 27026.25 
 755.99  3495  9132 27217.75 
 756.03  3500  9211 33074.75 
 756.18  3505  7411 31220.5 
 756.36  3510  7492 27709 
 756.4  3515  7573 26257 
 756.46  3520  7653 28316 
 756.49  3525  7734 21902.25 
 756.56  3530  7815 27435.5 
 756.6  3535  7896 28942.5 
 756.66  3540  7978 29865.75 
 756.69  3545  8059 30234.75 
 756.76  3550  8141 29932.75 
 756.8  3555  8222 26762.75 
 756.86  3560  8304 27804.75 
 756.9  3565  8386 23551.75 
 756.96  3570  8468 19519.75 
 756.99  3575  8550 23729.5 
 757.06  3580  8633 18427.25 
 757.1  3585  8715 15938.25 
 757.16  3590  8798 22328 
 757.2  3595  8881 27603 
 757.26  3600  8963 29214.25 
 757.3  3605  9046 22973.25 
 757.36  3610  9130 21111.5 
 757.4  3615  9213 24495 
 757.46  3620  9296 20541.5 
 757.5  3625  9380 28771.5 
 757.56  3630  9463 25112.25 
end
uaIntegration time is 0.2294 seconds per sampledt  3E-08 cy 1dh020318Manchester 53.47 2.23 2.750537pr1000dark 1.75 
 780.02  2900  563 3.75 
 780.09  2905  629 1.5 
 780.12  2910  694 1 
 780.19  2915  760 1 
 780.23  2920  826 2.75 
 780.29  2925  892 3 
 780.33  2930  957 2.25 
 780.39  2935  1024 2 
 780.43  2940  1090 2.5 
 780.49  2945  1156 .5 
 780.52  2950  1222 1.75 
 780.59  2955  1289 1.75 
 780.63  2960  1356 2.75 
 780.69  2965  1422 1.75 
 780.73  2970  1489 2.75 
 780.79  2975  1556 1.75 
 780.83  2980  1623 2 
 780.89  2985  1690 1.5 
 780.93  2990  1758 1.25 
 780.99  2995  1825 2.5 
 781.02  3000  1892 3.5 
 781.09  3005  1960 5.5 
 781.13  3010  2028 7 
 781.19  3015  2096 12.5 
 781.23  3020  2163 13 
 781.29  3025  2231 25.5 
 781.33  3030  2300 55 
 781.39  3035  2368 72.5 
 781.43  3040  2436 79.75 
 781.49  3045  2505 122.5 
 781.53  3050  2573 212 
 781.59  3055  2642 237.75 
 781.63  3060  2711 256.75 
 781.7  3065  2780 345 
 781.73  3070  2849 545.75 
 781.79  3075  2918 742.5 
 781.83  3080  2987 834.25 
 781.89  3085  3057 1000.5 
 781.93  3090  3126 951.5 
 781.99  3095  3196 1226.25 
 782.03  3100  3265 1338 
 782.09  3105  3335 2163.75 
 782.13  3110  3405 2789 
 782.19  3115  3475 2855.25 
 782.23  3120  3545 3050.25 
 782.29  3125  3616 3795.75 
 782.33  3130  3686 4220.25 
 782.39  3135  3757 4220.5 
 782.43  3140  3827 5277.75 
 782.49  3145  3898 5024 
 782.53  3150  3969 6602 
 782.59  3155  4040 5616 
 782.63  3160  4111 5144.5 
 782.7  3165  4182 7475 
 782.73  3170  4253 9207.25 
 782.79  3175  4325 9570.75 
 782.83  3180  4396 7666.25 
 782.89  3185  4468 9770 
 782.93  3190  4540 11490.75 
 782.99  3195  4612 9681 
 783.03  3200  4684 11482 
 783.09  3205  4756 14209.5 
 783.13  3210  4828 12914.25 
 783.19  3215  4900 12579.5 
 783.23  3220  4973 13276.5 
 783.29  3225  5045 11380.75 
 783.33  3230  5118 11704 
 783.39  3235  5191 14415.5 
 783.43  3240  5264 16812.5 
 783.5  3245  5337 16966.25 
 783.53  3250  5410 15113 
 783.6  3255  5483 19223.25 
 783.63  3260  5556 23404.75 
 783.69  3265  5630 23782.25 
 783.73  3270  5704 23670.75 
 783.79  3275  5777 22388.5 
 783.82  3280  5851 20084.75 
 783.9  3285  5925 20916.25 
 783.93  3290  5999 25314 
 783.99  3295  6073 28430.75 
 784.03  3300  6147 28717.5 
 784.1  3305  6222 23166.25 
 784.13  3310  6296 23337 
 784.19  3315  6371 23714.25 
 784.23  3320  6446 25374 
 784.3  3325  6521 25311.75 
 784.33  3330  6595 24961.25 
 784.39  3335  6671 22664.5 
 784.43  3340  6746 23381.75 
 784.49  3345  6821 26506.75 
 784.53  3350  6896 25194 
 784.59  3355  6972 28364.5 
 784.63  3360  7048 19641 
 784.69  3365  7123 23716.75 
 784.73  3370  7199 19135.5 
 784.79  3375  7275 24059.75 
 784.83  3380  7351 22856 
 784.89  3385  7428 25867.25 
 784.93  3390  7504 25401.75 
 784.99  3395  7580 24807.25 
 785.03  3400  7657 29076.25 
 785.09  3405  7733 25929.75 
 785.13  3410  7810 25091 
 785.19  3415  7887 23285 
 785.23  3420  7964 27333 
 785.3  3425  8041 25369.5 
 785.33  3430  8118 27545.75 
 785.39  3435  8196 25664.25 
 785.43  3440  8273 18781.75 
 785.49  3445  8351 19483 
 785.53  3450  8428 25225 
 785.59  3455  8506 25651.5 
 785.63  3460  8584 22039.75 
 785.69  3465  8662 24939.25 
 785.73  3470  8740 26418.5 
 785.79  3475  8818 21437.25 
 785.83  3480  8897 24745.25 
 785.89  3485  8975 24584.75 
 785.93  3490  9054 22493.25 
 785.99  3495  9132 22728.25 
 786.03  3500  9211 27785.25 
 786.18  3505  7411 26492.75 
 786.36  3510  7492 23951.25 
 786.4  3515  7573 22588.75 
 786.46  3520  7653 24556.5 
 786.5  3525  7734 18992 
 786.56  3530  7815 23694 
 786.59  3535  7896 25138.5 
 786.66  3540  7978 26077.5 
 786.7  3545  8059 26318.25 
 786.76  3550  8141 26233.75 
 786.8  3555  8222 23380.75 
 786.86  3560  8304 24323.75 
 786.9  3565  8386 20828.5 
 786.96  3570  8468 17109 
 786.99  3575  8550 20811 
 787.06  3580  8633 16243.5 
 787.09  3585  8715 13980.25 
 787.16  3590  8798 19489.5 
 787.2  3595  8881 24097.25 
 787.26  3600  8963 25522.75 
 787.3  3605  9046 20130 
 787.36  3610  9130 18437.25 
 787.4  3615  9213 21425.5 
 787.46  3620  9296 18006.5 
 787.5  3625  9380 24954.75 
 787.56  3630  9463 21855 
end
uaIntegration time is 0.2294 seconds per sampledt  3E-08 cy 1dh020318Manchester 53.47 2.23 2.750537pr1000dark .7 
 810.02  2900  563 0 
 810.09  2905  629 .75 
 810.13  2910  694 2.25 
 810.2  2915  760 2 
 810.23  2920  826 0 
 810.3  2925  892 1.5 
 810.34  2930  957 1.25 
 810.4  2935  1024 2 
 810.44  2940  1090 2 
 810.5  2945  1156 1 
 810.54  2950  1222 2 
 810.6  2955  1289 1 
 810.63  2960  1356 .5 
 810.7  2965  1422 1.75 
 810.74  2970  1489 2 
 810.8  2975  1556 1.25 
 810.83  2980  1623 1.75 
 810.9  2985  1690 .75 
 810.93  2990  1758 2.5 
 811  2995  1825 2.25 
 811.03  3000  1892 4.75 
 811.1  3005  1960 5.25 
 811.14  3010  2028 6.5 
 811.2  3015  2096 10.75 
 811.23  3020  2163 10.5 
 811.3  3025  2231 22.75 
 811.33  3030  2300 42.5 
 811.4  3035  2368 61 
 811.44  3040  2436 69 
 811.5  3045  2505 100.5 
 811.54  3050  2573 176.5 
 811.6  3055  2642 217.25 
 811.63  3060  2711 228.25 
 811.7  3065  2780 301 
 811.74  3070  2849 468.5 
 811.8  3075  2918 674.5 
 811.84  3080  2987 749.25 
 811.9  3085  3057 888.25 
 811.93  3090  3126 849.75 
 812  3095  3196 1128.5 
 812.04  3100  3265 1225.25 
 812.1  3105  3335 2028.25 
 812.13  3110  3405 2593 
 812.2  3115  3475 2668.25 
 812.23  3120  3545 2852.5 
 812.3  3125  3616 3628.5 
 812.33  3130  3686 3979.5 
 812.4  3135  3757 4023.75 
 812.44  3140  3827 5084.5 
 812.5  3145  3898 4851.5 
 812.54  3150  3969 6441.75 
 812.6  3155  4040 5496.75 
 812.63  3160  4111 5028 
 812.7  3165  4182 7423.5 
 812.73  3170  4253 9156.25 
 812.8  3175  4325 9401.5 
 812.83  3180  4396 7584.5 
 812.9  3185  4468 9804.25 
 812.94  3190  4540 11516.75 
 813  3195  4612 9782 
 813.04  3200  4684 11645.25 
 813.1  3205  4756 14516 
 813.13  3210  4828 13285.75 
 813.2  3215  4900 12996.25 
 813.23  3220  4973 13814.25 
 813.3  3225  5045 11803.75 
 813.33  3230  5118 12063.75 
 813.4  3235  5191 15015 
 813.43  3240  5264 17522.75 
 813.5  3245  5337 17619 
 813.54  3250  5410 15643 
 813.6  3255  5483 19842.75 
 813.63  3260  5556 24233.5 
 813.7  3265  5630 24672.25 
 813.73  3270  5704 24518 
 813.8  3275  5777 23101.25 
 813.84  3280  5851 20791.5 
 813.9  3285  5925 21618.75 
 813.94  3290  5999 26199.5 
 814  3295  6073 29656.75 
 814.04  3300  6147 29795.25 
 814.1  3305  6222 24042 
 814.14  3310  6296 24237.75 
 814.2  3315  6371 24553 
 814.24  3320  6446 26383.25 
 814.3  3325  6521 26381 
 814.33  3330  6595 26121 
 814.4  3335  6671 23609.25 
 814.43  3340  6746 24276 
 814.5  3345  6821 27628.5 
 814.54  3350  6896 26352.75 
 814.6  3355  6972 29707.75 
 814.64  3360  7048 20589.75 
 814.7  3365  7123 24822.25 
 814.74  3370  7199 20148.75 
 814.8  3375  7275 25344.25 
 814.84  3380  7351 24170.5 
 814.9  3385  7428 27579.25 
 814.94  3390  7504 27212.75 
 815  3395  7580 26595 
 815.04  3400  7657 31277.25 
 815.1  3405  7733 28061.75 
 815.13  3410  7810 27225.25 
 815.2  3415  7887 25274.25 
 815.24  3420  7964 30007 
 815.3  3425  8041 27985.25 
 815.34  3430  8118 30347.75 
 815.4  3435  8196 28540.75 
 815.43  3440  8273 20941.25 
 815.5  3445  8351 21507.25 
 815.54  3450  8428 28094 
 815.6  3455  8506 28628 
 815.63  3460  8584 24462.5 
 815.7  3465  8662 27434.75 
 815.74  3470  8740 29236.75 
 815.8  3475  8818 23414.75 
 815.83  3480  8897 27067.75 
 815.9  3485  8975 26726.25 
 815.94  3490  9054 24386.25 
 816  3495  9132 24437.5 
 816.03  3500  9211 29797.25 
 816.19  3505  7411 28319 
 816.37  3510  7492 25395 
 816.4  3515  7573 24018.25 
 816.47  3520  7653 26016 
 816.51  3525  7734 20081.5 
 816.56  3530  7815 25082.5 
 816.6  3535  7896 26563.5 
 816.66  3540  7978 27353.5 
 816.7  3545  8059 27636.25 
 816.77  3550  8141 27454.5 
 816.8  3555  8222 24396.25 
 816.87  3560  8304 25302.75 
 816.91  3565  8386 21509.75 
 816.97  3570  8468 17747.25 
 817  3575  8550 21597.75 
 817.06  3580  8633 16766.25 
 817.1  3585  8715 14495 
 817.17  3590  8798 20237 
 817.21  3595  8881 24915.75 
 817.27  3600  8963 26328.25 
 817.3  3605  9046 20743.25 
 817.36  3610  9130 18957.25 
 817.4  3615  9213 21986 
 817.47  3620  9296 18380.75 
 817.5  3625  9380 25536.25 
 817.56  3630  9463 22265.75 
end
uaIntegration time is 0.2294 seconds per sampledt  3E-08 cy 1dh020318Manchester 53.47 2.23 2.750537pr1000dark 1.2 
 870.02  2900  563 1.75 
 870.09  2905  629 1.75 
 870.13  2910  694 0 
 870.2  2915  760 0 
 870.23  2920  826 1 
 870.29  2925  892 0 
 870.33  2930  957 .75 
 870.4  2935  1024 2 
 870.43  2940  1090 1.5 
 870.5  2945  1156 1.75 
 870.53  2950  1222 2 
 870.59  2955  1289 1.5 
 870.62  2960  1356 2 
 870.69  2965  1422 2.25 
 870.73  2970  1489 2 
 870.79  2975  1556 2.25 
 870.83  2980  1623 2.25 
 870.89  2985  1690 2.25 
 870.93  2990  1758 1.75 
 870.99  2995  1825 2.5 
 871.03  3000  1892 2.25 
 871.09  3005  1960 2 
 871.13  3010  2028 2.75 
 871.19  3015  2096 4.5 
 871.23  3020  2163 4.75 
 871.29  3025  2231 10 
 871.33  3030  2300 21.25 
 871.4  3035  2368 27.25 
 871.43  3040  2436 31.25 
 871.5  3045  2505 51.75 
 871.53  3050  2573 92.5 
 871.59  3055  2642 113.5 
 871.63  3060  2711 126 
 871.7  3065  2780 166.25 
 871.73  3070  2849 285.5 
 871.79  3075  2918 402 
 871.83  3080  2987 454.5 
 871.89  3085  3057 560.25 
 871.93  3090  3126 548 
 871.99  3095  3196 746.5 
 872.03  3100  3265 834 
 872.09  3105  3335 1376.25 
 872.13  3110  3405 1800.75 
 872.19  3115  3475 1857.5 
 872.23  3120  3545 2057.75 
 872.29  3125  3616 2683 
 872.33  3130  3686 2953.25 
 872.4  3135  3757 2990.25 
 872.43  3140  3827 3820.25 
 872.5  3145  3898 3795.75 
 872.53  3150  3969 5006 
 872.6  3155  4040 4235 
 872.63  3160  4111 4004 
 872.69  3165  4182 5950.25 
 872.73  3170  4253 7365.5 
 872.79  3175  4325 7522.75 
 872.83  3180  4396 6087.75 
 872.89  3185  4468 8130 
 872.93  3190  4540 9589.5 
 873  3195  4612 8090.5 
 873.03  3200  4684 9617.5 
 873.09  3205  4756 12187.25 
 873.13  3210  4828 11213.5 
 873.19  3215  4900 11049 
 873.23  3220  4973 11427.75 
 873.3  3225  5045 9798 
 873.33  3230  5118 10250.75 
 873.39  3235  5191 12884.5 
 873.43  3240  5264 15138.75 
 873.5  3245  5337 14951.5 
 873.53  3250  5410 13222.75 
 873.59  3255  5483 17020 
 873.63  3260  5556 20942.5 
 873.7  3265  5630 21533.75 
 873.73  3270  5704 21349.5 
 873.79  3275  5777 20126 
 873.83  3280  5851 17978.25 
 873.9  3285  5925 18993.5 
 873.93  3290  5999 23281.25 
 873.99  3295  6073 26359.75 
 874.03  3300  6147 26483.75 
 874.09  3305  6222 21208.5 
 874.13  3310  6296 21389 
 874.2  3315  6371 21895.25 
 874.23  3320  6446 23593.5 
 874.29  3325  6521 23709.25 
 874.33  3330  6595 23414.5 
 874.39  3335  6671 21168.25 
 874.43  3340  6746 21747 
 874.49  3345  6821 24858.25 
 874.53  3350  6896 23798.5 
 874.59  3355  6972 26817.25 
 874.63  3360  7048 18596.5 
 874.69  3365  7123 22431 
 874.73  3370  7199 18104 
 874.8  3375  7275 22749.75 
 874.83  3380  7351 21741 
 874.89  3385  7428 24849 
 874.93  3390  7504 24401.25 
 874.99  3395  7580 23901 
 875.03  3400  7657 28040.5 
 875.09  3405  7733 25043 
 875.13  3410  7810 24442.5 
 875.2  3415  7887 22689 
 875.23  3420  7964 26839 
 875.29  3425  8041 24925.5 
 875.33  3430  8118 27071 
 875.39  3435  8196 25323.25 
 875.43  3440  8273 18418.75 
 875.49  3445  8351 19164.75 
 875.53  3450  8428 24886.25 
 875.59  3455  8506 25345 
 875.63  3460  8584 21638 
 875.7  3465  8662 24456.25 
 875.73  3470  8740 25984.5 
 875.79  3475  8818 20764.75 
 875.83  3480  8897 24130.75 
 875.89  3485  8975 23838.25 
 875.93  3490  9054 21802.75 
 875.99  3495  9132 21963.75 
 876.03  3500  9211 26907.5 
 876.18  3505  7411 25612 
 876.36  3510  7492 22915.75 
 876.4  3515  7573 21755.5 
 876.46  3520  7653 23655.25 
 876.49  3525  7734 18251.25 
 876.56  3530  7815 22941.5 
 876.6  3535  7896 24364.5 
 876.66  3540  7978 25270.75 
 876.69  3545  8059 25530 
 876.76  3550  8141 25438.25 
 876.8  3555  8222 22665 
 876.86  3560  8304 23688.5 
 876.9  3565  8386 20132.5 
 876.96  3570  8468 16584 
 877  3575  8550 20242 
 877.06  3580  8633 15687.25 
 877.1  3585  8715 13570.5 
 877.16  3590  8798 19118.25 
 877.2  3595  8881 23427 
 877.26  3600  8963 24746.5 
 877.29  3605  9046 19494 
 877.36  3610  9130 17870.75 
 877.39  3615  9213 20634.5 
 877.46  3620  9296 17380.5 
 877.5  3625  9380 24196.5 
 877.56  3630  9463 20917.5 
end
uaIntegration time is 0.2294 seconds per sampledt  3E-08 cy 1dh020318Manchester 53.47 2.23 2.750537pr1000dark 1.55 
 900.02  2900  563 2.75 
 900.09  2905  629 2 
 900.13  2910  694 3.25 
 900.19  2915  760 .75 
 900.22  2920  826 1.5 
 900.29  2925  892 1 
 900.33  2930  957 2 
 900.39  2935  1024 3 
 900.42  2940  1090 1 
 900.49  2945  1156 1.75 
 900.53  2950  1222 1 
 900.59  2955  1289 2 
 900.63  2960  1356 2.25 
 900.69  2965  1422 .75 
 900.73  2970  1489 1.25 
 900.79  2975  1556 .75 
 900.83  2980  1623 1.75 
 900.89  2985  1690 2 
 900.92  2990  1758 3.25 
 900.99  2995  1825 1.25 
 901.03  3000  1892 2.5 
 901.09  3005  1960 2.5 
 901.13  3010  2028 2.5 
 901.19  3015  2096 3.75 
 901.23  3020  2163 4.5 
 901.29  3025  2231 9 
 901.33  3030  2300 15.75 
 901.39  3035  2368 25.75 
 901.43  3040  2436 25.25 
 901.49  3045  2505 41 
 901.52  3050  2573 69.5 
 901.6  3055  2642 89 
 901.63  3060  2711 95.5 
 901.69  3065  2780 124.75 
 901.73  3070  2849 224 
 901.79  3075  2918 321.5 
 901.82  3080  2987 374 
 901.89  3085  3057 463.5 
 901.92  3090  3126 446 
 901.99  3095  3196 643.25 
 902.03  3100  3265 712.75 
 902.09  3105  3335 1222.75 
 902.13  3110  3405 1575.25 
 902.19  3115  3475 1654 
 902.23  3120  3545 1872.25 
 902.3  3125  3616 2451 
 902.33  3130  3686 2758 
 902.39  3135  3757 2754 
 902.42  3140  3827 3613.75 
 902.49  3145  3898 3643.75 
 902.52  3150  3969 4869.25 
 902.59  3155  4040 4077 
 902.63  3160  4111 3884.5 
 902.69  3165  4182 5884 
 902.73  3170  4253 7326.25 
 902.8  3175  4325 7433.75 
 902.83  3180  4396 6110 
 902.89  3185  4468 8308.5 
 902.93  3190  4540 9934 
 903  3195  4612 8153.75 
 903.03  3200  4684 9671.25 
 903.09  3205  4756 12516 
 903.13  3210  4828 11715.75 
 903.19  3215  4900 11486.25 
 903.22  3220  4973 11849.5 
 903.29  3225  5045 10108.75 
 903.33  3230  5118 10640 
 903.39  3235  5191 13611.5 
 903.43  3240  5264 16007.5 
 903.5  3245  5337 15786.25 
 903.53  3250  5410 13827.5 
 903.6  3255  5483 17935 
 903.63  3260  5556 22256.75 
 903.69  3265  5630 23107.75 
 903.73  3270  5704 22904.25 
 903.79  3275  5777 21371.5 
 903.83  3280  5851 19013.25 
 903.89  3285  5925 20207.5 
 903.92  3290  5999 25193.75 
 903.99  3295  6073 28517.75 
 904.02  3300  6147 28558.5 
 904.09  3305  6222 22699.25 
 904.12  3310  6296 22858.25 
 904.19  3315  6371 23547.75 
 904.22  3320  6446 25511 
 904.3  3325  6521 25780 
 904.33  3330  6595 25400.25 
 904.39  3335  6671 22764 
 904.43  3340  6746 23398 
 904.49  3345  6821 26822.75 
 904.53  3350  6896 25704.25 
 904.59  3355  6972 29142.75 
 904.63  3360  7048 20010.25 
 904.69  3365  7123 24134.25 
 904.73  3370  7199 19437.5 
 904.79  3375  7275 24467 
 904.83  3380  7351 23408 
 904.89  3385  7428 26818.25 
 904.93  3390  7504 26408.25 
 905  3395  7580 25782.5 
 905.03  3400  7657 30242.75 
 905.1  3405  7733 26960.25 
 905.13  3410  7810 26408.75 
 905.19  3415  7887 24488.75 
 905.23  3420  7964 29040.25 
 905.29  3425  8041 27004.25 
 905.32  3430  8118 29295.75 
 905.39  3435  8196 27317.25 
 905.43  3440  8273 19873.25 
 905.5  3445  8351 20706.25 
 905.53  3450  8428 26969.5 
 905.6  3455  8506 27432.5 
 905.63  3460  8584 23420.75 
 905.69  3465  8662 26379.5 
 905.73  3470  8740 28055.5 
 905.8  3475  8818 22445.25 
 905.83  3480  8897 26004.75 
 905.89  3485  8975 25823.75 
 905.93  3490  9054 23461.25 
 905.99  3495  9132 23627.75 
 906.02  3500  9211 28972 
 906.18  3505  7411 27372.75 
 906.36  3510  7492 24611.5 
 906.4  3515  7573 23287.25 
 906.46  3520  7653 25312.5 
 906.5  3525  7734 19433.25 
 906.56  3530  7815 24481.75 
 906.59  3535  7896 25989 
 906.66  3540  7978 26902.75 
 906.7  3545  8059 27256.75 
 906.76  3550  8141 27156.25 
 906.79  3555  8222 24189 
 906.86  3560  8304 25296.25 
 906.9  3565  8386 21443.25 
 906.96  3570  8468 17838.75 
 906.99  3575  8550 21562.25 
 907.06  3580  8633 16793.75 
 907.09  3585  8715 14497.5 
 907.16  3590  8798 20333.25 
 907.19  3595  8881 25134 
 907.26  3600  8963 26572.75 
 907.3  3605  9046 20851.25 
 907.36  3610  9130 19087.75 
 907.39  3615  9213 22147.75 
 907.46  3620  9296 18491 
 907.5  3625  9380 25895 
 907.56  3630  9463 22393.75 
end
uaIntegration time is 0.2294 seconds per sampledt  3E-08 cy 1dh020318Manchester 53.47 2.23 2.750537pr1000dark 1.3 
 1080.02  2900  563 2.25 
 1080.09  2905  629 1.5 
 1080.12  2910  694 1.5 
 1080.19  2915  760 2.5 
 1080.23  2920  826 1.25 
 1080.3  2925  892 1.5 
 1080.33  2930  957 2.25 
 1080.39  2935  1024 2.25 
 1080.43  2940  1090 3.25 
 1080.49  2945  1156 1 
 1080.53  2950  1222 2 
 1080.59  2955  1289 .25 
 1080.63  2960  1356 .5 
 1080.69  2965  1422 .75 
 1080.72  2970  1489 2 
 1080.79  2975  1556 1.75 
 1080.83  2980  1623 1 
 1080.89  2985  1690 1.25 
 1080.92  2990  1758 2 
 1080.99  2995  1825 2.25 
 1081.02  3000  1892 1.5 
 1081.09  3005  1960 0 
 1081.12  3010  2028 .5 
 1081.19  3015  2096 2.25 
 1081.22  3020  2163 2 
 1081.29  3025  2231 2.25 
 1081.33  3030  2300 1 
 1081.39  3035  2368 1.25 
 1081.43  3040  2436 .75 
 1081.49  3045  2505 2 
 1081.53  3050  2573 1.5 
 1081.59  3055  2642 1.75 
 1081.63  3060  2711 1 
 1081.69  3065  2780 1.75 
 1081.73  3070  2849 1 
 1081.79  3075  2918 3.5 
 1081.82  3080  2987 1.25 
 1081.89  3085  3057 2 
 1081.92  3090  3126 1.5 
 1081.99  3095  3196 1.5 
 1082.03  3100  3265 1.25 
 1082.09  3105  3335 2.25 
 1082.12  3110  3405 2.75 
 1082.19  3115  3475 3.25 
 1082.23  3120  3545 2.5 
 1082.29  3125  3616 2.5 
 1082.33  3130  3686 3.5 
 1082.4  3135  3757 2.25 
 1082.43  3140  3827 3 
 1082.49  3145  3898 3 
 1082.53  3150  3969 3.5 
 1082.59  3155  4040 3.25 
 1082.63  3160  4111 3.75 
 1082.69  3165  4182 4 
 1082.73  3170  4253 5.25 
 1082.79  3175  4325 4.75 
 1082.83  3180  4396 4.5 
 1082.89  3185  4468 6.5 
 1082.93  3190  4540 6.75 
 1082.99  3195  4612 6.25 
 1083.03  3200  4684 6 
 1083.09  3205  4756 8.75 
 1083.13  3210  4828 9.25 
 1083.19  3215  4900 7.5 
 1083.23  3220  4973 8.5 
 1083.29  3225  5045 7 
 1083.33  3230  5118 8.5 
 1083.39  3235  5191 15 
 1083.42  3240  5264 15.25 
 1083.49  3245  5337 14.25 
 1083.53  3250  5410 10.5 
 1083.59  3255  5483 13.5 
 1083.63  3260  5556 23.25 
 1083.69  3265  5630 25.5 
 1083.73  3270  5704 23.25 
 1083.79  3275  5777 20.75 
 1083.83  3280  5851 14.75 
 1083.89  3285  5925 20.5 
 1083.93  3290  5999 28.25 
 1083.99  3295  6073 38 
 1084.03  3300  6147 34.5 
 1084.09  3305  6222 24.5 
 1084.13  3310  6296 20.5 
 1084.2  3315  6371 26.25 
 1084.23  3320  6446 33.25 
 1084.29  3325  6521 39.5 
 1084.33  3330  6595 34.75 
 1084.39  3335  6671 29.25 
 1084.43  3340  6746 30 
 1084.49  3345  6821 36.5 
 1084.53  3350  6896 40.75 
 1084.59  3355  6972 47.25 
 1084.62  3360  7048 34 
 1084.7  3365  7123 33.75 
 1084.73  3370  7199 28.5 
 1084.79  3375  7275 32.25 
 1084.83  3380  7351 35 
 1084.9  3385  7428 43.25 
 1084.93  3390  7504 44.75 
 1084.99  3395  7580 42.75 
 1085.03  3400  7657 46.25 
 1085.09  3405  7733 41.75 
 1085.13  3410  7810 44 
 1085.19  3415  7887 46.75 
 1085.22  3420  7964 52 
 1085.29  3425  8041 49 
 1085.33  3430  8118 50.75 
 1085.39  3435  8196 47.75 
 1085.43  3440  8273 33 
 1085.49  3445  8351 33.75 
 1085.53  3450  8428 46.25 
 1085.59  3455  8506 47.75 
 1085.63  3460  8584 39.25 
 1085.69  3465  8662 43 
 1085.73  3470  8740 48 
 1085.79  3475  8818 38.75 
 1085.83  3480  8897 45 
 1085.89  3485  8975 41.5 
 1085.93  3490  9054 43 
 1085.99  3495  9132 38.5 
 1086.03  3500  9211 44.5 
 1086.18  3505  7411 45 
 1086.36  3510  7492 40 
 1086.39  3515  7573 36 
 1086.46  3520  7653 40.5 
 1086.5  3525  7734 28.25 
 1086.56  3530  7815 41.5 
 1086.59  3535  7896 36.75 
 1086.66  3540  7978 44 
 1086.69  3545  8059 42.25 
 1086.76  3550  8141 39.5 
 1086.79  3555  8222 36.5 
 1086.86  3560  8304 40.75 
 1086.89  3565  8386 35.5 
 1086.96  3570  8468 30 
 1086.99  3575  8550 32.25 
 1087.06  3580  8633 28.25 
 1087.1  3585  8715 25 
 1087.16  3590  8798 32.25 
 1087.2  3595  8881 38.5 
 1087.26  3600  8963 40.25 
 1087.29  3605  9046 34 
 1087.36  3610  9130 31 
 1087.4  3615  9213 38 
 1087.46  3620  9296 33 
 1087.49  3625  9380 40.5 
 1087.56  3630  9463 35.25 
end
