uaIntegration time is 0.2294 seconds per sampledt  3E-08 cy 1dh171217Manchester 53.47 2.23 2.804185pr1000dark 1.6 
 480.02  2900  563 1.25 
 480.09  2905  629 2.5 
 480.13  2910  694 2 
 480.19  2915  760 2 
 480.22  2920  826 2 
 480.29  2925  892 2 
 480.33  2930  957 .5 
 480.39  2935  1024 .75 
 480.43  2940  1090 1.25 
 480.49  2945  1156 2.25 
 480.53  2950  1222 .25 
 480.59  2955  1289 .75 
 480.63  2960  1356 1.75 
 480.69  2965  1422 .75 
 480.72  2970  1489 .5 
 480.79  2975  1556 .5 
 480.83  2980  1623 2.25 
 480.89  2985  1690 1.75 
 480.93  2990  1758 1.75 
 480.99  2995  1825 2.5 
 481.03  3000  1892 0 
 481.09  3005  1960 1.5 
 481.13  3010  2028 1.25 
 481.19  3015  2096 1.25 
 481.23  3020  2163 1.75 
 481.29  3025  2231 1.5 
 481.33  3030  2300 2.75 
 481.39  3035  2368 1.25 
 481.43  3040  2436 1 
 481.49  3045  2505 2 
 481.52  3050  2573 2 
 481.59  3055  2642 2.5 
 481.63  3060  2711 1.75 
 481.69  3065  2780 2.75 
 481.73  3070  2849 2.5 
 481.79  3075  2918 3.25 
 481.83  3080  2987 3.5 
 481.9  3085  3057 2.75 
 481.93  3090  3126 3.75 
 481.99  3095  3196 4.75 
 482.03  3100  3265 3.25 
 482.09  3105  3335 7 
 482.13  3110  3405 8.75 
 482.19  3115  3475 8.25 
 482.22  3120  3545 8.5 
 482.29  3125  3616 9.5 
 482.33  3130  3686 9.75 
 482.39  3135  3757 12 
 482.43  3140  3827 12.75 
 482.49  3145  3898 11.25 
 482.53  3150  3969 17 
 482.6  3155  4040 13.25 
 482.63  3160  4111 12.5 
 482.69  3165  4182 19.75 
 482.73  3170  4253 24.75 
 482.79  3175  4325 22 
 482.82  3180  4396 17.75 
 482.89  3185  4468 28 
 482.93  3190  4540 32.5 
 483  3195  4612 26.5 
 483.03  3200  4684 30 
 483.09  3205  4756 44 
 483.12  3210  4828 43 
 483.19  3215  4900 42.5 
 483.23  3220  4973 39.25 
 483.29  3225  5045 34.5 
 483.33  3230  5118 41 
 483.4  3235  5191 58.5 
 483.43  3240  5264 72.5 
 483.49  3245  5337 66.25 
 483.53  3250  5410 53.5 
 483.59  3255  5483 76 
 483.63  3260  5556 102.75 
 483.69  3265  5630 119.25 
 483.73  3270  5704 112.5 
 483.79  3275  5777 101.5 
 483.82  3280  5851 84 
 483.89  3285  5925 100.75 
 483.93  3290  5999 141.5 
 483.99  3295  6073 164.75 
 484.02  3300  6147 159.25 
 484.09  3305  6222 118.75 
 484.13  3310  6296 118 
 484.19  3315  6371 130.5 
 484.23  3320  6446 156.75 
 484.3  3325  6521 172 
 484.33  3330  6595 159.25 
 484.39  3335  6671 132.75 
 484.43  3340  6746 141 
 484.5  3345  6821 172.75 
 484.53  3350  6896 177.75 
 484.6  3355  6972 211 
 484.63  3360  7048 136.5 
 484.69  3365  7123 162.25 
 484.73  3370  7199 131.25 
 484.79  3375  7275 162.75 
 484.83  3380  7351 167.75 
 484.89  3385  7428 197.5 
 484.93  3390  7504 198.75 
 484.99  3395  7580 194 
 485.03  3400  7657 218 
 485.1  3405  7733 201 
 485.13  3410  7810 204.5 
 485.19  3415  7887 192.5 
 485.23  3420  7964 233 
 485.29  3425  8041 220.25 
 485.33  3430  8118 233.75 
 485.39  3435  8196 222.25 
 485.43  3440  8273 151.25 
 485.49  3445  8351 163 
 485.53  3450  8428 216.25 
 485.59  3455  8506 218.25 
 485.62  3460  8584 195.75 
 485.69  3465  8662 218.5 
 485.73  3470  8740 237 
 485.79  3475  8818 184 
 485.83  3480  8897 223.25 
 485.9  3485  8975 219.5 
 485.93  3490  9054 198 
 485.99  3495  9132 206 
 486.03  3500  9211 250 
 486.18  3505  7411 243.75 
 486.36  3510  7492 216.5 
 486.4  3515  7573 205.75 
 486.46  3520  7653 222.75 
 486.5  3525  7734 177.75 
 486.56  3530  7815 231 
 486.59  3535  7896 242.5 
 486.66  3540  7978 244.25 
 486.7  3545  8059 244 
 486.76  3550  8141 250.25 
 486.79  3555  8222 230.5 
 486.86  3560  8304 235.75 
 486.9  3565  8386 201.75 
 486.96  3570  8468 161.25 
 487  3575  8550 199.75 
 487.06  3580  8633 154.25 
 487.1  3585  8715 136.25 
 487.16  3590  8798 186.5 
 487.2  3595  8881 244.5 
 487.26  3600  8963 245.5 
 487.29  3605  9046 193.75 
 487.36  3610  9130 186 
 487.4  3615  9213 207.25 
 487.46  3620  9296 185 
 487.5  3625  9380 255.75 
 487.56  3630  9463 217.75 
end
uaIntegration time is 0.2294 seconds per sampledt  3E-08 cy 1dh171217Manchester 53.47 2.23 2.804185pr1000dark 1.8 
 510.02  2900  563 2.25 
 510.1  2905  629 2.25 
 510.13  2910  694 0 
 510.19  2915  760 2.5 
 510.23  2920  826 .25 
 510.29  2925  892 1 
 510.33  2930  957 2.25 
 510.39  2935  1024 1.75 
 510.43  2940  1090 3.25 
 510.5  2945  1156 2 
 510.53  2950  1222 1.5 
 510.59  2955  1289 0 
 510.63  2960  1356 2.25 
 510.69  2965  1422 2 
 510.73  2970  1489 2.25 
 510.79  2975  1556 1.5 
 510.83  2980  1623 .5 
 510.89  2985  1690 .5 
 510.93  2990  1758 2 
 510.99  2995  1825 3 
 511.03  3000  1892 2 
 511.09  3005  1960 3 
 511.13  3010  2028 1.5 
 511.19  3015  2096 2.5 
 511.23  3020  2163 2.25 
 511.29  3025  2231 2 
 511.33  3030  2300 2.75 
 511.39  3035  2368 2.75 
 511.42  3040  2436 2.5 
 511.49  3045  2505 3 
 511.53  3050  2573 4.25 
 511.59  3055  2642 4.75 
 511.62  3060  2711 5 
 511.69  3065  2780 7.75 
 511.73  3070  2849 8.25 
 511.79  3075  2918 10.75 
 511.82  3080  2987 10.5 
 511.89  3085  3057 11.5 
 511.93  3090  3126 11.5 
 511.99  3095  3196 14 
 512.0301  3100  3265 13.75 
 512.0901  3105  3335 21.5 
 512.13  3110  3405 27 
 512.19  3115  3475 24.25 
 512.23  3120  3545 27.25 
 512.29  3125  3616 35.25 
 512.3301  3130  3686 40.25 
 512.39  3135  3757 41 
 512.43  3140  3827 53 
 512.5  3145  3898 51.5 
 512.5301  3150  3969 65.75 
 512.5901  3155  4040 59.75 
 512.63  3160  4111 54.75 
 512.69  3165  4182 89.25 
 512.73  3170  4253 111.25 
 512.79  3175  4325 107.75 
 512.8301  3180  4396 92.25 
 512.89  3185  4468 142.5 
 512.93  3190  4540 167.5 
 512.99  3195  4612 127.5 
 513.0301  3200  4684 155.25 
 513.0901  3205  4756 227.75 
 513.13  3210  4828 239 
 513.19  3215  4900 236.25 
 513.23  3220  4973 215.25 
 513.29  3225  5045 184.5 
 513.3301  3230  5118 224.25 
 513.4001  3235  5191 345 
 513.43  3240  5264 409.75 
 513.49  3245  5337 374 
 513.5301  3250  5410 297 
 513.5901  3255  5483 399.75 
 513.63  3260  5556 590.25 
 513.69  3265  5630 691.25 
 513.73  3270  5704 661 
 513.79  3275  5777 572.25 
 513.8301  3280  5851 464 
 513.89  3285  5925 577.75 
 513.93  3290  5999 819.75 
 513.99  3295  6073 950.5 
 514.0201  3300  6147 916.75 
 514.0901  3305  6222 661.75 
 514.13  3310  6296 668 
 514.19  3315  6371 724.25 
 514.23  3320  6446 870 
 514.3  3325  6521 916.5 
 514.3301  3330  6595 877.25 
 514.39  3335  6671 757 
 514.43  3340  6746 758 
 514.49  3345  6821 932.25 
 514.5301  3350  6896 948.5 
 514.5901  3355  6972 1095 
 514.63  3360  7048 770.25 
 514.69  3365  7123 866.75 
 514.73  3370  7199 675.75 
 514.79  3375  7275 847.75 
 514.8301  3380  7351 858.75 
 514.9001  3385  7428 1012.25 
 514.93  3390  7504 1024.25 
 514.99  3395  7580 991 
 515.0301  3400  7657 1116.5 
 515.0901  3405  7733 1013 
 515.13  3410  7810 1026 
 515.19  3415  7887 973.5 
 515.23  3420  7964 1137.5 
 515.29  3425  8041 1071.5 
 515.3301  3430  8118 1159.5 
 515.39  3435  8196 1070 
 515.43  3440  8273 759.5 
 515.49  3445  8351 813.75 
 515.5301  3450  8428 1065.75 
 515.5901  3455  8506 1086.75 
 515.63  3460  8584 945.25 
 515.69  3465  8662 1048.5 
 515.73  3470  8740 1137 
 515.79  3475  8818 905.25 
 515.8301  3480  8897 1032.5 
 515.89  3485  8975 1028.5 
 515.93  3490  9054 964 
 515.99  3495  9132 965.75 
 516.0301  3500  9211 1185 
 516.18  3505  7411 1143.75 
 516.36  3510  7492 1034.25 
 516.39  3515  7573 964.75 
 516.4601  3520  7653 1063.75 
 516.5  3525  7734 835 
 516.56  3530  7815 1043.5 
 516.6  3535  7896 1108.5 
 516.66  3540  7978 1147 
 516.69  3545  8059 1165 
 516.76  3550  8141 1159 
 516.8  3555  8222 1047.25 
 516.86  3560  8304 1084.25 
 516.9001  3565  8386 929.5 
 516.9601  3570  8468 780 
 516.99  3575  8550 935 
 517.06  3580  8633 737 
 517.0901  3585  8715 645 
 517.16  3590  8798 886.5 
 517.2  3595  8881 1089.25 
 517.26  3600  8963 1154.5 
 517.3  3605  9046 921.25 
 517.36  3610  9130 837.75 
 517.4001  3615  9213 996.75 
 517.4601  3620  9296 830.75 
 517.5  3625  9380 1162 
 517.56  3630  9463 1016.75 
end
uaIntegration time is 0.2294 seconds per sampledt  3E-08 cy 1dh171217Manchester 53.47 2.23 2.804185pr1000dark 1.85 
 540.02  2900  563 2 
 540.09  2905  629 4.5 
 540.12  2910  694 .5 
 540.19  2915  760 1.5 
 540.23  2920  826 2.5 
 540.29  2925  892 1.5 
 540.33  2930  957 2 
 540.4  2935  1024 1.5 
 540.43  2940  1090 .5 
 540.49  2945  1156 2 
 540.52  2950  1222 3 
 540.59  2955  1289 2.25 
 540.63  2960  1356 1.25 
 540.69  2965  1422 .75 
 540.72  2970  1489 1.5 
 540.79  2975  1556 1.5 
 540.83  2980  1623 1 
 540.89  2985  1690 2.5 
 540.92  2990  1758 3.25 
 540.99  2995  1825 2.5 
 541.03  3000  1892 1.5 
 541.09  3005  1960 1.25 
 541.13  3010  2028 1.5 
 541.19  3015  2096 1.75 
 541.23  3020  2163 2.5 
 541.29  3025  2231 3 
 541.32  3030  2300 3.25 
 541.39  3035  2368 4.25 
 541.43  3040  2436 4 
 541.49  3045  2505 4.25 
 541.53  3050  2573 7.25 
 541.59  3055  2642 8.25 
 541.63  3060  2711 8 
 541.69  3065  2780 9.5 
 541.72  3070  2849 14 
 541.79  3075  2918 15.25 
 541.83  3080  2987 16.75 
 541.89  3085  3057 17.75 
 541.93  3090  3126 19 
 542  3095  3196 22.25 
 542.03  3100  3265 26.25 
 542.09  3105  3335 33.75 
 542.13  3110  3405 46.75 
 542.19  3115  3475 52.75 
 542.23  3120  3545 54.25 
 542.29  3125  3616 71.75 
 542.33  3130  3686 83 
 542.39  3135  3757 78.25 
 542.43  3140  3827 110.25 
 542.49  3145  3898 113.25 
 542.53  3150  3969 151 
 542.59  3155  4040 125.25 
 542.62  3160  4111 128.5 
 542.69  3165  4182 202.25 
 542.73  3170  4253 248.25 
 542.79  3175  4325 236.25 
 542.83  3180  4396 219.5 
 542.9  3185  4468 324.5 
 542.93  3190  4540 409.25 
 542.99  3195  4612 306.5 
 543.02  3200  4684 360.25 
 543.09  3205  4756 523.5 
 543.13  3210  4828 553 
 543.2  3215  4900 540.25 
 543.23  3220  4973 500.25 
 543.29  3225  5045 431.75 
 543.33  3230  5118 504 
 543.39  3235  5191 717.5 
 543.43  3240  5264 859.25 
 543.49  3245  5337 788 
 543.53  3250  5410 659 
 543.59  3255  5483 883.5 
 543.63  3260  5556 1203 
 543.69  3265  5630 1339.25 
 543.73  3270  5704 1287.75 
 543.79  3275  5777 1146.5 
 543.82  3280  5851 962.75 
 543.89  3285  5925 1144 
 543.92  3290  5999 1505.75 
 543.99  3295  6073 1743.5 
 544.03  3300  6147 1719 
 544.1  3305  6222 1305.5 
 544.13  3310  6296 1301 
 544.19  3315  6371 1395.25 
 544.23  3320  6446 1562.5 
 544.29  3325  6521 1635 
 544.32  3330  6595 1577.5 
 544.39  3335  6671 1351 
 544.43  3340  6746 1393.75 
 544.49  3345  6821 1659 
 544.53  3350  6896 1646.5 
 544.59  3355  6972 1856.5 
 544.63  3360  7048 1306.75 
 544.69  3365  7123 1518.5 
 544.73  3370  7199 1214 
 544.79  3375  7275 1503.25 
 544.82  3380  7351 1473.25 
 544.89  3385  7428 1705 
 544.92  3390  7504 1722.5 
 545  3395  7580 1683.25 
 545.03  3400  7657 1917.75 
 545.09  3405  7733 1729.25 
 545.12  3410  7810 1735.75 
 545.19  3415  7887 1611.75 
 545.23  3420  7964 1894.75 
 545.29  3425  8041 1782.75 
 545.33  3430  8118 1911 
 545.39  3435  8196 1779.75 
 545.42  3440  8273 1301.75 
 545.49  3445  8351 1353.5 
 545.53  3450  8428 1759.75 
 545.59  3455  8506 1801.25 
 545.62  3460  8584 1573 
 545.69  3465  8662 1753.75 
 545.73  3470  8740 1864.5 
 545.79  3475  8818 1496.75 
 545.83  3480  8897 1724.25 
 545.89  3485  8975 1709.25 
 545.93  3490  9054 1577.5 
 545.99  3495  9132 1601.75 
 546.03  3500  9211 1951.75 
 546.18  3505  7411 1831.25 
 546.36  3510  7492 1659.5 
 546.4  3515  7573 1581.25 
 546.46  3520  7653 1698.75 
 546.49  3525  7734 1348.5 
 546.56  3530  7815 1658 
 546.59  3535  7896 1753.25 
 546.66  3540  7978 1813.5 
 546.7  3545  8059 1856.75 
 546.76  3550  8141 1857.75 
 546.8  3555  8222 1654.5 
 546.86  3560  8304 1719.25 
 546.89  3565  8386 1470.25 
 546.96  3570  8468 1215.75 
 547  3575  8550 1445.25 
 547.06  3580  8633 1141.75 
 547.1  3585  8715 985.5 
 547.16  3590  8798 1385 
 547.2  3595  8881 1676.25 
 547.26  3600  8963 1764.5 
 547.29  3605  9046 1411 
 547.36  3610  9130 1272.5 
 547.4  3615  9213 1482 
 547.46  3620  9296 1255.5 
 547.5  3625  9380 1707.75 
 547.56  3630  9463 1487.75 
end
uaIntegration time is 0.2294 seconds per sampledt  3E-08 cy 1dh171217Manchester 53.47 2.23 2.804185pr1000dark 1 
 570.02  2900  563 1.5 
 570.1  2905  629 1.75 
 570.13  2910  694 1.5 
 570.19  2915  760 1.25 
 570.22  2920  826 1.25 
 570.29  2925  892 2.25 
 570.32  2930  957 2.75 
 570.39  2935  1024 1.25 
 570.43  2940  1090 1.5 
 570.49  2945  1156 2.75 
 570.52  2950  1222 1 
 570.59  2955  1289 2 
 570.62  2960  1356 2.25 
 570.69  2965  1422 1.25 
 570.73  2970  1489 .75 
 570.79  2975  1556 4.25 
 570.82  2980  1623 1.75 
 570.89  2985  1690 1.5 
 570.93  2990  1758 1.25 
 570.99  2995  1825 2.25 
 571.02  3000  1892 1.75 
 571.09  3005  1960 2.75 
 571.12  3010  2028 1.75 
 571.2  3015  2096 2.75 
 571.23  3020  2163 1.5 
 571.29  3025  2231 4.75 
 571.32  3030  2300 5 
 571.39  3035  2368 5.25 
 571.43  3040  2436 6 
 571.49  3045  2505 8.25 
 571.52  3050  2573 12.5 
 571.59  3055  2642 14.25 
 571.62  3060  2711 13.75 
 571.69  3065  2780 18.25 
 571.73  3070  2849 24.25 
 571.8  3075  2918 29.5 
 571.83  3080  2987 33.5 
 571.89  3085  3057 39.25 
 571.92  3090  3126 34 
 571.99  3095  3196 48 
 572.03  3100  3265 50.5 
 572.1  3105  3335 89 
 572.13  3110  3405 108.75 
 572.19  3115  3475 123.25 
 572.23  3120  3545 138.75 
 572.29  3125  3616 175.5 
 572.33  3130  3686 197.75 
 572.39  3135  3757 198.75 
 572.42  3140  3827 267.25 
 572.49  3145  3898 281.5 
 572.53  3150  3969 369.75 
 572.6  3155  4040 321.75 
 572.63  3160  4111 314.25 
 572.69  3165  4182 492.5 
 572.73  3170  4253 598.5 
 572.79  3175  4325 606.25 
 572.83  3180  4396 528.5 
 572.89  3185  4468 753.75 
 572.93  3190  4540 906.75 
 572.99  3195  4612 720.5 
 573.03  3200  4684 846.75 
 573.09  3205  4756 1171.5 
 573.12  3210  4828 1151 
 573.19  3215  4900 1136.75 
 573.23  3220  4973 1095 
 573.29  3225  5045 933 
 573.33  3230  5118 1040.25 
 573.4  3235  5191 1432.25 
 573.43  3240  5264 1706.25 
 573.49  3245  5337 1602.25 
 573.53  3250  5410 1364.25 
 573.59  3255  5483 1790.25 
 573.63  3260  5556 2369 
 573.69  3265  5630 2509.25 
 573.73  3270  5704 2444.75 
 573.79  3275  5777 2222.25 
 573.82  3280  5851 1925.25 
 573.89  3285  5925 2189.5 
 573.93  3290  5999 2788.25 
 573.99  3295  6073 3128 
 574.02  3300  6147 3114.5 
 574.1  3305  6222 2428.75 
 574.13  3310  6296 2404.5 
 574.2  3315  6371 2519 
 574.23  3320  6446 2804.25 
 574.29  3325  6521 2831.75 
 574.32  3330  6595 2791.5 
 574.39  3335  6671 2481.75 
 574.43  3340  6746 2498.25 
 574.49  3345  6821 2907.5 
 574.53  3350  6896 2821.5 
 574.59  3355  6972 3176 
 574.63  3360  7048 2190.75 
 574.69  3365  7123 2582.75 
 574.73  3370  7199 2077 
 574.79  3375  7275 2557.5 
 574.83  3380  7351 2507.25 
 574.9  3385  7428 2877.75 
 574.93  3390  7504 2834 
 575  3395  7580 2768.5 
 575.03  3400  7657 3208 
 575.09  3405  7733 2888.5 
 575.12  3410  7810 2779 
 575.19  3415  7887 2582.5 
 575.22  3420  7964 3037 
 575.29  3425  8041 2844.5 
 575.33  3430  8118 3031.25 
 575.4  3435  8196 2820.25 
 575.43  3440  8273 2088 
 575.49  3445  8351 2151.75 
 575.53  3450  8428 2745.5 
 575.59  3455  8506 2787.25 
 575.62  3460  8584 2391 
 575.69  3465  8662 2715.5 
 575.73  3470  8740 2818.25 
 575.79  3475  8818 2272 
 575.83  3480  8897 2594 
 575.89  3485  8975 2581.75 
 575.93  3490  9054 2349.75 
 575.99  3495  9132 2367 
 576.03  3500  9211 2863.25 
 576.18  3505  7411 2706.5 
 576.36  3510  7492 2417.5 
 576.4  3515  7573 2278 
 576.46  3520  7653 2490.25 
 576.5  3525  7734 1915.5 
 576.56  3530  7815 2388 
 576.6  3535  7896 2513.5 
 576.66  3540  7978 2615 
 576.7  3545  8059 2631.25 
 576.76  3550  8141 2631.5 
 576.79  3555  8222 2350.5 
 576.86  3560  8304 2430.5 
 576.89  3565  8386 2069.25 
 576.96  3570  8468 1726.75 
 577  3575  8550 2059.5 
 577.06  3580  8633 1644.25 
 577.1  3585  8715 1400.25 
 577.16  3590  8798 1936 
 577.19  3595  8881 2386.75 
 577.26  3600  8963 2505 
 577.29  3605  9046 2000.25 
 577.36  3610  9130 1799.25 
 577.4  3615  9213 2103.5 
 577.46  3620  9296 1778.25 
 577.5  3625  9380 2438.75 
 577.56  3630  9463 2146 
end
uaIntegration time is 0.2294 seconds per sampledt  3E-08 cy 1dh171217Manchester 53.47 2.23 2.804185pr1000dark 1.95 
 600.02  2900  563 .25 
 600.09  2905  629 1 
 600.13  2910  694 2.75 
 600.19  2915  760 2 
 600.23  2920  826 2.5 
 600.29  2925  892 1.25 
 600.32  2930  957 1.5 
 600.39  2935  1024 2 
 600.43  2940  1090 0 
 600.5  2945  1156 2.5 
 600.53  2950  1222 2.75 
 600.59  2955  1289 2 
 600.63  2960  1356 1.75 
 600.69  2965  1422 1.25 
 600.73  2970  1489 1.75 
 600.79  2975  1556 1.25 
 600.83  2980  1623 3.75 
 600.89  2985  1690 1.75 
 600.92  2990  1758 2.5 
 600.99  2995  1825 2.75 
 601.03  3000  1892 3 
 601.09  3005  1960 1.75 
 601.12  3010  2028 4 
 601.19  3015  2096 4.25 
 601.22  3020  2163 4 
 601.29  3025  2231 5.25 
 601.33  3030  2300 6.75 
 601.39  3035  2368 10.75 
 601.42  3040  2436 10 
 601.49  3045  2505 14 
 601.53  3050  2573 20.5 
 601.59  3055  2642 23.5 
 601.63  3060  2711 22.75 
 601.69  3065  2780 29.25 
 601.73  3070  2849 41 
 601.79  3075  2918 62 
 601.82  3080  2987 67.75 
 601.89  3085  3057 74.75 
 601.93  3090  3126 74.25 
 601.99  3095  3196 105.75 
 602.03  3100  3265 117.25 
 602.09  3105  3335 198.75 
 602.13  3110  3405 248 
 602.19  3115  3475 268.75 
 602.23  3120  3545 310.75 
 602.29  3125  3616 406 
 602.32  3130  3686 437.75 
 602.39  3135  3757 448.5 
 602.43  3140  3827 587.5 
 602.5  3145  3898 619.5 
 602.53  3150  3969 815.25 
 602.59  3155  4040 666.25 
 602.63  3160  4111 680.25 
 602.7  3165  4182 1039.75 
 602.73  3170  4253 1266 
 602.8  3175  4325 1282.25 
 602.83  3180  4396 1106.75 
 602.89  3185  4468 1553.75 
 602.93  3190  4540 1855.5 
 602.99  3195  4612 1456.75 
 603.03  3200  4684 1769.25 
 603.09  3205  4756 2383 
 603.13  3210  4828 2295.75 
 603.2  3215  4900 2262.25 
 603.23  3220  4973 2206.25 
 603.29  3225  5045 1916.75 
 603.33  3230  5118 2099.5 
 603.4  3235  5191 2784 
 603.43  3240  5264 3244.5 
 603.49  3245  5337 3146.25 
 603.53  3250  5410 2727 
 603.6  3255  5483 3583.25 
 603.63  3260  5556 4561 
 603.69  3265  5630 4804.25 
 603.73  3270  5704 4730.5 
 603.79  3275  5777 4384.25 
 603.83  3280  5851 3862 
 603.89  3285  5925 4230.5 
 603.93  3290  5999 5340.25 
 603.99  3295  6073 6042.25 
 604.03  3300  6147 6009.75 
 604.1  3305  6222 4760.5 
 604.13  3310  6296 4780.5 
 604.19  3315  6371 4958.5 
 604.23  3320  6446 5486.25 
 604.29  3325  6521 5487.5 
 604.33  3330  6595 5425.25 
 604.39  3335  6671 4845.25 
 604.43  3340  6746 4980.25 
 604.49  3345  6821 5772.25 
 604.53  3350  6896 5600.5 
 604.59  3355  6972 6296.25 
 604.63  3360  7048 4373.5 
 604.69  3365  7123 5296 
 604.73  3370  7199 4231.75 
 604.79  3375  7275 5299.75 
 604.83  3380  7351 5163.75 
 604.89  3385  7428 5956.5 
 604.93  3390  7504 5839 
 605  3395  7580 5758.5 
 605.03  3400  7657 6701 
 605.09  3405  7733 6026.75 
 605.13  3410  7810 5893.25 
 605.19  3415  7887 5503.25 
 605.23  3420  7964 6507.25 
 605.29  3425  8041 6051 
 605.33  3430  8118 6553.75 
 605.39  3435  8196 6141 
 605.43  3440  8273 4478 
 605.49  3445  8351 4735.75 
 605.53  3450  8428 6070.5 
 605.59  3455  8506 6233.5 
 605.63  3460  8584 5388.5 
 605.69  3465  8662 6050.75 
 605.73  3470  8740 6422 
 605.79  3475  8818 5149 
 605.83  3480  8897 5970.5 
 605.9  3485  8975 5956.75 
 605.93  3490  9054 5445.25 
 605.99  3495  9132 5499.75 
 606.03  3500  9211 6742 
 606.17  3505  7411 6443 
 606.36  3510  7492 5823 
 606.4  3515  7573 5563.5 
 606.46  3520  7653 5989.5 
 606.5  3525  7734 4661.5 
 606.56  3530  7815 5850.75 
 606.6  3535  7896 6225 
 606.66  3540  7978 6428.75 
 606.7  3545  8059 6504.5 
 606.76  3550  8141 6430.25 
 606.8  3555  8222 5741.25 
 606.86  3560  8304 5982.5 
 606.9  3565  8386 5060.75 
 606.96  3570  8468 4244.25 
 607  3575  8550 5075.75 
 607.06  3580  8633 3938 
 607.1  3585  8715 3425.5 
 607.16  3590  8798 4763 
 607.19  3595  8881 5843.5 
 607.26  3600  8963 6092.25 
 607.3  3605  9046 4817.5 
 607.36  3610  9130 4422.5 
 607.39  3615  9213 5064 
 607.46  3620  9296 4259.25 
 607.5  3625  9380 5862 
 607.56  3630  9463 5028.25 
end
uaIntegration time is 0.2294 seconds per sampledt  3E-08 cy 1dh171217Manchester 53.47 2.23 2.804185pr1000dark 1.9 
 630.02  2900  563 1.25 
 630.1  2905  629 2.75 
 630.13  2910  694 3.75 
 630.2  2915  760 1.25 
 630.23  2920  826 2.25 
 630.29  2925  892 1.75 
 630.33  2930  957 2 
 630.39  2935  1024 1 
 630.43  2940  1090 1 
 630.5  2945  1156 3 
 630.53  2950  1222 2.75 
 630.59  2955  1289 .75 
 630.63  2960  1356 1.75 
 630.69  2965  1422 2.25 
 630.73  2970  1489 1 
 630.79  2975  1556 1.75 
 630.83  2980  1623 2.75 
 630.9  2985  1690 3.5 
 630.93  2990  1758 2.25 
 631  2995  1825 2 
 631.03  3000  1892 3.25 
 631.09  3005  1960 2.75 
 631.13  3010  2028 4 
 631.19  3015  2096 4.75 
 631.23  3020  2163 4.25 
 631.3  3025  2231 7.25 
 631.33  3030  2300 10.25 
 631.39  3035  2368 14 
 631.43  3040  2436 14.75 
 631.49  3045  2505 20.25 
 631.53  3050  2573 32 
 631.6  3055  2642 34.25 
 631.63  3060  2711 34 
 631.69  3065  2780 49 
 631.73  3070  2849 75.75 
 631.8  3075  2918 108.75 
 631.83  3080  2987 114.75 
 631.89  3085  3057 139.75 
 631.93  3090  3126 138 
 632  3095  3196 187.5 
 632.03  3100  3265 205.5 
 632.1  3105  3335 333.75 
 632.13  3110  3405 438.25 
 632.2  3115  3475 454.25 
 632.23  3120  3545 514.75 
 632.29  3125  3616 677.75 
 632.33  3130  3686 760.5 
 632.4  3135  3757 765.75 
 632.43  3140  3827 984.75 
 632.49  3145  3898 1017.75 
 632.53  3150  3969 1366 
 632.59  3155  4040 1127.75 
 632.63  3160  4111 1098.25 
 632.7  3165  4182 1696.25 
 632.73  3170  4253 2092.25 
 632.79  3175  4325 2130 
 632.83  3180  4396 1805.75 
 632.89  3185  4468 2491.75 
 632.93  3190  4540 2969.5 
 633  3195  4612 2466 
 633.03  3200  4684 2913.5 
 633.09  3205  4756 3838.75 
 633.13  3210  4828 3648.75 
 633.2  3215  4900 3585.75 
 633.23  3220  4973 3599.25 
 633.29  3225  5045 3124.75 
 633.33  3230  5118 3353.5 
 633.4  3235  5191 4362 
 633.43  3240  5264 5089.5 
 633.49  3245  5337 5016.25 
 633.53  3250  5410 4358.25 
 633.59  3255  5483 5705.5 
 633.63  3260  5556 7185.5 
 633.7  3265  5630 7499.75 
 633.73  3270  5704 7393 
 633.8  3275  5777 6886 
 633.83  3280  5851 6129.5 
 633.89  3285  5925 6662.75 
 633.93  3290  5999 8284.5 
 633.99  3295  6073 9344.75 
 634.03  3300  6147 9353.5 
 634.1  3305  6222 7489.25 
 634.13  3310  6296 7538.25 
 634.19  3315  6371 7780 
 634.23  3320  6446 8513.5 
 634.3  3325  6521 8576.5 
 634.33  3330  6595 8454 
 634.39  3335  6671 7594 
 634.43  3340  6746 7790 
 634.5  3345  6821 8920.75 
 634.53  3350  6896 8666.25 
 634.59  3355  6972 9727.25 
 634.63  3360  7048 6803.25 
 634.7  3365  7123 8153.25 
 634.73  3370  7199 6533.25 
 634.79  3375  7275 8263.25 
 634.83  3380  7351 7962 
 634.9  3385  7428 9138.75 
 634.93  3390  7504 9021.75 
 634.99  3395  7580 8895.75 
 635.03  3400  7657 10335.25 
 635.09  3405  7733 9347.5 
 635.13  3410  7810 9156.75 
 635.2  3415  7887 8636.75 
 635.23  3420  7964 10125.75 
 635.29  3425  8041 9550.75 
 635.33  3430  8118 10357.75 
 635.4  3435  8196 9737 
 635.43  3440  8273 7125 
 635.5  3445  8351 7457.5 
 635.53  3450  8428 9625 
 635.6  3455  8506 9875.25 
 635.63  3460  8584 8459 
 635.69  3465  8662 9455.25 
 635.73  3470  8740 9991.25 
 635.79  3475  8818 7968 
 635.83  3480  8897 9262.75 
 635.89  3485  8975 9157.75 
 635.93  3490  9054 8338.25 
 636  3495  9132 8399.5 
 636.03  3500  9211 10273.75 
 636.18  3505  7411 9650.75 
 636.36  3510  7492 8730.5 
 636.4  3515  7573 8255 
 636.46  3520  7653 8968.5 
 636.5  3525  7734 6977.25 
 636.56  3530  7815 8762.5 
 636.59  3535  7896 9278 
 636.66  3540  7978 9602.5 
 636.7  3545  8059 9686 
 636.76  3550  8141 9624 
 636.8  3555  8222 8547.75 
 636.86  3560  8304 8929 
 636.9  3565  8386 7554.25 
 636.96  3570  8468 6261.75 
 637  3575  8550 7580 
 637.06  3580  8633 5883 
 637.1  3585  8715 5095 
 637.16  3590  8798 7103.75 
 637.2  3595  8881 8726.25 
 637.26  3600  8963 9178.75 
 637.3  3605  9046 7180.75 
 637.37  3610  9130 6614.5 
 637.4  3615  9213 7627 
 637.46  3620  9296 6428.25 
 637.5  3625  9380 8845 
 637.56  3630  9463 7745.75 
end
uaIntegration time is 0.2294 seconds per sampledt  3E-08 cy 1dh171217Manchester 53.47 2.23 2.804185pr1000dark 1.85 
 660.02  2900  563 1.5 
 660.09  2905  629 2 
 660.13  2910  694 2.5 
 660.19  2915  760 2 
 660.23  2920  826 .25 
 660.29  2925  892 2 
 660.33  2930  957 2.75 
 660.39  2935  1024 1.75 
 660.42  2940  1090 2.5 
 660.49  2945  1156 2 
 660.53  2950  1222 1 
 660.59  2955  1289 1.5 
 660.63  2960  1356 1.75 
 660.69  2965  1422 1.75 
 660.73  2970  1489 1.75 
 660.79  2975  1556 2.5 
 660.83  2980  1623 .75 
 660.89  2985  1690 2 
 660.93  2990  1758 2 
 660.99  2995  1825 4 
 661.03  3000  1892 2.75 
 661.09  3005  1960 3.5 
 661.13  3010  2028 5 
 661.19  3015  2096 6.5 
 661.23  3020  2163 7.25 
 661.29  3025  2231 11.5 
 661.33  3030  2300 18 
 661.39  3035  2368 25 
 661.42  3040  2436 28.5 
 661.49  3045  2505 35.25 
 661.53  3050  2573 60 
 661.59  3055  2642 67.25 
 661.62  3060  2711 68.25 
 661.69  3065  2780 88.5 
 661.73  3070  2849 144.5 
 661.79  3075  2918 191 
 661.83  3080  2987 216.75 
 661.89  3085  3057 256.5 
 661.93  3090  3126 256 
 661.99  3095  3196 332 
 662.02  3100  3265 368 
 662.09  3105  3335 608.75 
 662.13  3110  3405 786.25 
 662.2  3115  3475 792.75 
 662.23  3120  3545 883.25 
 662.29  3125  3616 1128 
 662.33  3130  3686 1255.5 
 662.4  3135  3757 1229.75 
 662.43  3140  3827 1591.75 
 662.49  3145  3898 1579.25 
 662.52  3150  3969 2054.25 
 662.59  3155  4040 1711.5 
 662.63  3160  4111 1611.25 
 662.69  3165  4182 2417.75 
 662.73  3170  4253 2918.5 
 662.79  3175  4325 2940 
 662.82  3180  4396 2406.5 
 662.89  3185  4468 3254.5 
 662.93  3190  4540 3832 
 662.99  3195  4612 3118.75 
 663.03  3200  4684 3624 
 663.09  3205  4756 4675 
 663.13  3210  4828 4345.75 
 663.19  3215  4900 4147.5 
 663.22  3220  4973 4226 
 663.29  3225  5045 3529.75 
 663.33  3230  5118 3722.5 
 663.39  3235  5191 4673.25 
 663.43  3240  5264 5409.5 
 663.49  3245  5337 5234.75 
 663.53  3250  5410 4570.5 
 663.59  3255  5483 5834.25 
 663.63  3260  5556 7254.25 
 663.69  3265  5630 7516.25 
 663.73  3270  5704 7387.5 
 663.79  3275  5777 6881.5 
 663.83  3280  5851 6125.75 
 663.89  3285  5925 6666.75 
 663.93  3290  5999 8186.75 
 663.99  3295  6073 9324.25 
 664.03  3300  6147 9372.25 
 664.1  3305  6222 7590.5 
 664.13  3310  6296 7611.75 
 664.19  3315  6371 7928 
 664.23  3320  6446 8585.5 
 664.29  3325  6521 8592.5 
 664.33  3330  6595 8513.25 
 664.4  3335  6671 7640.5 
 664.43  3340  6746 7836.75 
 664.49  3345  6821 8928.25 
 664.53  3350  6896 8551.25 
 664.59  3355  6972 9611 
 664.63  3360  7048 6649.75 
 664.69  3365  7123 7966.75 
 664.73  3370  7199 6418.75 
 664.79  3375  7275 7996.75 
 664.83  3380  7351 7694 
 664.89  3385  7428 8755 
 664.93  3390  7504 8570.25 
 664.99  3395  7580 8349.25 
 665.03  3400  7657 9723.5 
 665.09  3405  7733 8619.75 
 665.13  3410  7810 8426.5 
 665.19  3415  7887 7794 
 665.23  3420  7964 9096.75 
 665.29  3425  8041 8473.75 
 665.33  3430  8118 9146.25 
 665.39  3435  8196 8463 
 665.43  3440  8273 6183.75 
 665.5  3445  8351 6393.25 
 665.53  3450  8428 8216.5 
 665.59  3455  8506 8371 
 665.63  3460  8584 7216.75 
 665.69  3465  8662 8057.25 
 665.73  3470  8740 8507.75 
 665.79  3475  8818 6800.75 
 665.83  3480  8897 7814.5 
 665.9  3485  8975 7708.75 
 665.93  3490  9054 7103.25 
 665.99  3495  9132 7113.75 
 666.03  3500  9211 8704.75 
 666.18  3505  7411 8270.25 
 666.36  3510  7492 7460.5 
 666.4  3515  7573 7059.75 
 666.46  3520  7653 7659 
 666.5  3525  7734 5920 
 666.56  3530  7815 7377 
 666.59  3535  7896 7789.75 
 666.66  3540  7978 8139.75 
 666.69  3545  8059 8127.25 
 666.76  3550  8141 8049.5 
 666.79  3555  8222 7161.5 
 666.86  3560  8304 7466.5 
 666.9  3565  8386 6241.75 
 666.96  3570  8468 5234.75 
 667  3575  8550 6302.5 
 667.06  3580  8633 4890.75 
 667.09  3585  8715 4188 
 667.16  3590  8798 5800.25 
 667.2  3595  8881 7074.25 
 667.26  3600  8963 7392.75 
 667.3  3605  9046 5885.5 
 667.36  3610  9130 5362 
 667.4  3615  9213 6115.75 
 667.46  3620  9296 5147.25 
 667.49  3625  9380 7114.5 
 667.56  3630  9463 6204.5 
end
uaIntegration time is 0.2294 seconds per sampledt  3E-08 cy 1dh171217Manchester 53.47 2.23 2.804185pr1000dark 1.9 
 690.02  2900  563 2 
 690.09  2905  629 1.75 
 690.13  2910  694 1 
 690.19  2915  760 1.25 
 690.22  2920  826 2 
 690.29  2925  892 0 
 690.33  2930  957 1.25 
 690.39  2935  1024 1.5 
 690.43  2940  1090 3.25 
 690.5  2945  1156 1 
 690.53  2950  1222 2.5 
 690.59  2955  1289 1.5 
 690.62  2960  1356 2.5 
 690.69  2965  1422 1.25 
 690.73  2970  1489 2 
 690.79  2975  1556 1.75 
 690.82  2980  1623 2.25 
 690.89  2985  1690 1.75 
 690.93  2990  1758 1.75 
 690.99  2995  1825 3.25 
 691.03  3000  1892 2.25 
 691.09  3005  1960 4.25 
 691.13  3010  2028 5.75 
 691.19  3015  2096 7 
 691.23  3020  2163 6 
 691.29  3025  2231 11.75 
 691.32  3030  2300 19.25 
 691.39  3035  2368 23.75 
 691.43  3040  2436 25 
 691.49  3045  2505 38 
 691.53  3050  2573 57.25 
 691.59  3055  2642 66.5 
 691.63  3060  2711 67.25 
 691.69  3065  2780 89.5 
 691.72  3070  2849 141.25 
 691.79  3075  2918 194.75 
 691.83  3080  2987 212.25 
 691.89  3085  3057 257 
 691.93  3090  3126 250.75 
 691.99  3095  3196 328.75 
 692.03  3100  3265 388 
 692.09  3105  3335 622.25 
 692.13  3110  3405 792.25 
 692.19  3115  3475 838 
 692.23  3120  3545 938.75 
 692.29  3125  3616 1205.75 
 692.33  3130  3686 1365.75 
 692.39  3135  3757 1371 
 692.43  3140  3827 1792.5 
 692.49  3145  3898 1803.5 
 692.53  3150  3969 2408.75 
 692.59  3155  4040 2049.75 
 692.63  3160  4111 1938 
 692.69  3165  4182 2880.5 
 692.73  3170  4253 3515.25 
 692.79  3175  4325 3552.5 
 692.83  3180  4396 2894.75 
 692.9  3185  4468 3774.25 
 692.93  3190  4540 4429.5 
 692.99  3195  4612 3614.5 
 693.03  3200  4684 4270.25 
 693.1  3205  4756 5424.5 
 693.13  3210  4828 5030.75 
 693.19  3215  4900 4830.5 
 693.23  3220  4973 4968.25 
 693.29  3225  5045 4249.25 
 693.33  3230  5118 4436.25 
 693.4  3235  5191 5609.5 
 693.43  3240  5264 6512.25 
 693.49  3245  5337 6476.5 
 693.52  3250  5410 5669 
 693.59  3255  5483 7308.75 
 693.63  3260  5556 9046 
 693.7  3265  5630 9290.25 
 693.73  3270  5704 9146.25 
 693.79  3275  5777 8526.5 
 693.82  3280  5851 7569 
 693.89  3285  5925 7995.75 
 693.93  3290  5999 9761.5 
 693.99  3295  6073 10855.25 
 694.03  3300  6147 10758.5 
 694.09  3305  6222 8514.5 
 694.12  3310  6296 8491.75 
 694.19  3315  6371 8701.25 
 694.23  3320  6446 9309.75 
 694.3  3325  6521 9280.5 
 694.33  3330  6595 9131 
 694.39  3335  6671 8169.5 
 694.43  3340  6746 8399.25 
 694.5  3345  6821 9539.75 
 694.53  3350  6896 9102.75 
 694.6  3355  6972 10238.75 
 694.63  3360  7048 7088 
 694.69  3365  7123 8589.75 
 694.73  3370  7199 6903.25 
 694.79  3375  7275 8801.25 
 694.82  3380  7351 8436.25 
 694.89  3385  7428 9672.5 
 694.93  3390  7504 9488 
 695  3395  7580 9395.25 
 695.03  3400  7657 11085.25 
 695.1  3405  7733 9978.25 
 695.13  3410  7810 9827.25 
 695.19  3415  7887 9333.5 
 695.23  3420  7964 11180.25 
 695.29  3425  8041 10591 
 695.33  3430  8118 11663.5 
 695.4  3435  8196 11197 
 695.43  3440  8273 8219.75 
 695.49  3445  8351 8778 
 695.53  3450  8428 11469.5 
 695.59  3455  8506 11862.75 
 695.63  3460  8584 10178 
 695.69  3465  8662 11428 
 695.73  3470  8740 12086 
 695.8  3475  8818 9519.75 
 695.83  3480  8897 10932.75 
 695.89  3485  8975 10545 
 695.93  3490  9054 9542.5 
 695.99  3495  9132 9441.25 
 696.03  3500  9211 11391 
 696.18  3505  7411 10484.75 
 696.36  3510  7492 9108 
 696.4  3515  7573 8669.75 
 696.46  3520  7653 9272.5 
 696.5  3525  7734 7186.25 
 696.56  3530  7815 8874.25 
 696.59  3535  7896 9425 
 696.66  3540  7978 9679 
 696.69  3545  8059 9805.25 
 696.76  3550  8141 9701.25 
 696.8  3555  8222 8626.75 
 696.86  3560  8304 8932.25 
 696.9  3565  8386 7584.75 
 696.96  3570  8468 6277.75 
 697  3575  8550 7584.25 
 697.06  3580  8633 5874 
 697.09  3585  8715 5075.25 
 697.16  3590  8798 7051.25 
 697.2  3595  8881 8705.25 
 697.26  3600  8963 9223.25 
 697.3  3605  9046 7267.75 
 697.36  3610  9130 6663.5 
 697.4  3615  9213 7775 
 697.46  3620  9296 6596.75 
 697.5  3625  9380 9142 
 697.56  3630  9463 7971.25 
end
uaIntegration time is 0.2294 seconds per sampledt  3E-08 cy 1dh171217Manchester 53.47 2.23 2.804185pr1000dark 1.6 
 720.02  2900  563 .5 
 720.09  2905  629 1.5 
 720.13  2910  694 2.75 
 720.19  2915  760 2 
 720.23  2920  826 2 
 720.29  2925  892 3 
 720.33  2930  957 2.75 
 720.39  2935  1024 .25 
 720.43  2940  1090 1.5 
 720.49  2945  1156 2.25 
 720.53  2950  1222 1.75 
 720.59  2955  1289 2 
 720.62  2960  1356 2.25 
 720.69  2965  1422 2.75 
 720.73  2970  1489 .25 
 720.79  2975  1556 1.25 
 720.83  2980  1623 1.5 
 720.89  2985  1690 1.25 
 720.93  2990  1758 2.25 
 720.99  2995  1825 2.75 
 721.02  3000  1892 3 
 721.09  3005  1960 3.25 
 721.13  3010  2028 4.5 
 721.19  3015  2096 5.5 
 721.22  3020  2163 6.25 
 721.29  3025  2231 7.5 
 721.32  3030  2300 13 
 721.39  3035  2368 17 
 721.43  3040  2436 20.25 
 721.49  3045  2505 31.75 
 721.53  3050  2573 46.5 
 721.59  3055  2642 59 
 721.63  3060  2711 58.75 
 721.69  3065  2780 76.25 
 721.72  3070  2849 126.25 
 721.79  3075  2918 177.25 
 721.82  3080  2987 198 
 721.89  3085  3057 227.25 
 721.93  3090  3126 230.75 
 721.99  3095  3196 300.25 
 722.03  3100  3265 333.25 
 722.09  3105  3335 530.5 
 722.13  3110  3405 669.75 
 722.19  3115  3475 704.75 
 722.23  3120  3545 767.5 
 722.29  3125  3616 975.25 
 722.32  3130  3686 1063.25 
 722.39  3135  3757 1040.25 
 722.43  3140  3827 1330.25 
 722.49  3145  3898 1330.25 
 722.52  3150  3969 1734.5 
 722.6  3155  4040 1467.25 
 722.63  3160  4111 1385.25 
 722.69  3165  4182 2080 
 722.72  3170  4253 2571.25 
 722.79  3175  4325 2626.75 
 722.82  3180  4396 2152.25 
 722.9  3185  4468 2855.25 
 722.93  3190  4540 3365.5 
 722.99  3195  4612 2787.75 
 723.03  3200  4684 3309.5 
 723.09  3205  4756 4174.75 
 723.12  3210  4828 3891.5 
 723.19  3215  4900 3782.25 
 723.23  3220  4973 3904.5 
 723.29  3225  5045 3380.25 
 723.33  3230  5118 3547.25 
 723.4  3235  5191 4554.5 
 723.43  3240  5264 5322 
 723.49  3245  5337 5362.5 
 723.53  3250  5410 4742.75 
 723.59  3255  5483 6303.5 
 723.63  3260  5556 7778 
 723.69  3265  5630 8131.75 
 723.72  3270  5704 8119.75 
 723.79  3275  5777 7671.25 
 723.83  3280  5851 6894.25 
 723.89  3285  5925 7380 
 723.92  3290  5999 9136 
 723.99  3295  6073 10227.25 
 724.02  3300  6147 10239.5 
 724.09  3305  6222 8226.5 
 724.13  3310  6296 8225.5 
 724.19  3315  6371 8332.25 
 724.23  3320  6446 8936 
 724.29  3325  6521 8857.5 
 724.33  3330  6595 8714.75 
 724.4  3335  6671 7808 
 724.43  3340  6746 8040.75 
 724.49  3345  6821 9119.25 
 724.53  3350  6896 8734.75 
 724.59  3355  6972 9808 
 724.63  3360  7048 6798.25 
 724.69  3365  7123 8208.75 
 724.73  3370  7199 6591.5 
 724.79  3375  7275 8404.5 
 724.82  3380  7351 8108.5 
 724.89  3385  7428 9315.5 
 724.93  3390  7504 9210.25 
 724.99  3395  7580 9186.5 
 725.03  3400  7657 10784.25 
 725.09  3405  7733 9764.25 
 725.13  3410  7810 9503.75 
 725.19  3415  7887 8929.75 
 725.23  3420  7964 10536.25 
 725.29  3425  8041 9821.75 
 725.33  3430  8118 10655 
 725.4  3435  8196 9894.75 
 725.43  3440  8273 7166.5 
 725.49  3445  8351 7473 
 725.53  3450  8428 9598 
 725.59  3455  8506 9714.75 
 725.62  3460  8584 8304 
 725.69  3465  8662 9325 
 725.73  3470  8740 9826 
 725.79  3475  8818 7898.5 
 725.83  3480  8897 9123.25 
 725.89  3485  8975 8974.5 
 725.93  3490  9054 8185.75 
 726  3495  9132 8163 
 726.03  3500  9211 9918.25 
 726.18  3505  7411 9231 
 726.36  3510  7492 8111.75 
 726.4  3515  7573 7708.75 
 726.46  3520  7653 8286.5 
 726.49  3525  7734 6359 
 726.56  3530  7815 7907.75 
 726.59  3535  7896 8354.5 
 726.66  3540  7978 8552.75 
 726.7  3545  8059 8635.5 
 726.76  3550  8141 8653.5 
 726.8  3555  8222 7650.25 
 726.86  3560  8304 8019.5 
 726.89  3565  8386 6792 
 726.96  3570  8468 5688 
 727  3575  8550 6876.75 
 727.06  3580  8633 5326.5 
 727.1  3585  8715 4643 
 727.16  3590  8798 6376 
 727.2  3595  8881 7852.25 
 727.26  3600  8963 8266.5 
 727.29  3605  9046 6544 
 727.36  3610  9130 5983.5 
 727.4  3615  9213 6954.5 
 727.46  3620  9296 5835.25 
 727.49  3625  9380 8170.5 
 727.56  3630  9463 7156 
end
uaIntegration time is 0.2294 seconds per sampledt  3E-08 cy 1dh171217Manchester 53.47 2.23 2.804185pr1000dark 1.1 
 750.02  2900  563 1 
 750.09  2905  629 2 
 750.13  2910  694 1.75 
 750.19  2915  760 3.75 
 750.22  2920  826 1.25 
 750.29  2925  892 .5 
 750.33  2930  957 .75 
 750.39  2935  1024 1.5 
 750.42  2940  1090 2 
 750.49  2945  1156 .5 
 750.53  2950  1222 2.25 
 750.59  2955  1289 1 
 750.63  2960  1356 2.25 
 750.69  2965  1422 1.25 
 750.73  2970  1489 1.5 
 750.8  2975  1556 1.5 
 750.83  2980  1623 2.25 
 750.89  2985  1690 1.5 
 750.93  2990  1758 2 
 750.99  2995  1825 2.5 
 751.03  3000  1892 3.75 
 751.09  3005  1960 2.75 
 751.13  3010  2028 4 
 751.19  3015  2096 5 
 751.23  3020  2163 6.25 
 751.29  3025  2231 10.5 
 751.33  3030  2300 15.25 
 751.4  3035  2368 21.75 
 751.43  3040  2436 22.25 
 751.49  3045  2505 31 
 751.52  3050  2573 51.25 
 751.59  3055  2642 57 
 751.63  3060  2711 57.75 
 751.69  3065  2780 80 
 751.72  3070  2849 136 
 751.79  3075  2918 181.75 
 751.83  3080  2987 204.75 
 751.89  3085  3057 234 
 751.92  3090  3126 232.5 
 751.99  3095  3196 327.25 
 752.03  3100  3265 361 
 752.09  3105  3335 590.5 
 752.13  3110  3405 755.25 
 752.19  3115  3475 788.25 
 752.23  3120  3545 883.25 
 752.29  3125  3616 1117 
 752.33  3130  3686 1240.25 
 752.39  3135  3757 1244.25 
 752.42  3140  3827 1616 
 752.49  3145  3898 1629 
 752.53  3150  3969 2113 
 752.59  3155  4040 1809.5 
 752.63  3160  4111 1755.75 
 752.69  3165  4182 2665 
 752.73  3170  4253 3272.75 
 752.79  3175  4325 3365.25 
 752.83  3180  4396 2830.25 
 752.9  3185  4468 3784.75 
 752.93  3190  4540 4525.75 
 752.99  3195  4612 3791.75 
 753.03  3200  4684 4523.75 
 753.09  3205  4756 5822.25 
 753.13  3210  4828 5411.75 
 753.19  3215  4900 5361.25 
 753.23  3220  4973 5471.5 
 753.3  3225  5045 4743.25 
 753.33  3230  5118 4991 
 753.39  3235  5191 6248.5 
 753.42  3240  5264 7235 
 753.49  3245  5337 7090.25 
 753.52  3250  5410 6178.25 
 753.59  3255  5483 7853.75 
 753.63  3260  5556 9575 
 753.69  3265  5630 9692.5 
 753.73  3270  5704 9464.75 
 753.79  3275  5777 8690.75 
 753.83  3280  5851 7673.25 
 753.89  3285  5925 8062.25 
 753.93  3290  5999 9714.5 
 754  3295  6073 10687.25 
 754.03  3300  6147 10533.5 
 754.09  3305  6222 8245.75 
 754.13  3310  6296 8229.75 
 754.2  3315  6371 8176.25 
 754.23  3320  6446 8776.25 
 754.3  3325  6521 8676.5 
 754.33  3330  6595 8475.75 
 754.39  3335  6671 7577.75 
 754.43  3340  6746 7793.5 
 754.5  3345  6821 8956.25 
 754.53  3350  6896 8616.75 
 754.59  3355  6972 9736.5 
 754.63  3360  7048 6797.75 
 754.69  3365  7123 8191.5 
 754.73  3370  7199 6609.5 
 754.79  3375  7275 8359.5 
 754.83  3380  7351 8031.5 
 754.89  3385  7428 9098.75 
 754.93  3390  7504 8947.75 
 754.99  3395  7580 8698.25 
 755.03  3400  7657 10177 
 755.09  3405  7733 8971.25 
 755.13  3410  7810 8732.5 
 755.19  3415  7887 8093.75 
 755.23  3420  7964 9511.75 
 755.29  3425  8041 8775.75 
 755.32  3430  8118 9491.5 
 755.4  3435  8196 8807 
 755.43  3440  8273 6423.5 
 755.5  3445  8351 6673.75 
 755.53  3450  8428 8505.5 
 755.59  3455  8506 8702.25 
 755.63  3460  8584 7438.25 
 755.69  3465  8662 8258.75 
 755.73  3470  8740 8741.25 
 755.79  3475  8818 7032.25 
 755.83  3480  8897 8071.5 
 755.89  3485  8975 8006.25 
 755.93  3490  9054 7333.25 
 755.99  3495  9132 7443.75 
 756.03  3500  9211 9136.75 
 756.18  3505  7411 8812.25 
 756.36  3510  7492 8067.75 
 756.39  3515  7573 7733.25 
 756.46  3520  7653 8462.75 
 756.49  3525  7734 6574.75 
 756.56  3530  7815 8353.5 
 756.59  3535  7896 8867.75 
 756.66  3540  7978 9288.25 
 756.7  3545  8059 9425.75 
 756.76  3550  8141 9485 
 756.79  3555  8222 8521 
 756.86  3560  8304 8979 
 756.89  3565  8386 7672 
 756.96  3570  8468 6408.75 
 756.99  3575  8550 7784 
 757.06  3580  8633 6105.5 
 757.09  3585  8715 5312.25 
 757.16  3590  8798 7396.5 
 757.2  3595  8881 9138.75 
 757.26  3600  8963 9600.25 
 757.29  3605  9046 7519.75 
 757.36  3610  9130 6909.5 
 757.4  3615  9213 7921.5 
 757.46  3620  9296 6677 
 757.5  3625  9380 9235 
 757.56  3630  9463 8041.25 
end
uaIntegration time is 0.2294 seconds per sampledt  3E-08 cy 1dh171217Manchester 53.47 2.23 2.804185pr1000dark 1.5 
 780.02  2900  563 2.25 
 780.09  2905  629 1 
 780.13  2910  694 .75 
 780.19  2915  760 2 
 780.22  2920  826 2 
 780.29  2925  892 1.25 
 780.33  2930  957 1.25 
 780.39  2935  1024 2 
 780.43  2940  1090 1.5 
 780.49  2945  1156 .75 
 780.52  2950  1222 1.5 
 780.59  2955  1289 1.5 
 780.63  2960  1356 1.5 
 780.69  2965  1422 2 
 780.73  2970  1489 3 
 780.79  2975  1556 .5 
 780.83  2980  1623 2.25 
 780.89  2985  1690 2.75 
 780.93  2990  1758 2 
 780.99  2995  1825 3.75 
 781.03  3000  1892 4.5 
 781.09  3005  1960 2.75 
 781.12  3010  2028 4.75 
 781.19  3015  2096 5.25 
 781.23  3020  2163 4.5 
 781.29  3025  2231 8.25 
 781.33  3030  2300 13.75 
 781.4  3035  2368 16.75 
 781.43  3040  2436 17.25 
 781.49  3045  2505 24.5 
 781.52  3050  2573 35.25 
 781.59  3055  2642 45 
 781.63  3060  2711 36.25 
 781.7  3065  2780 55.25 
 781.73  3070  2849 86 
 781.79  3075  2918 118.25 
 781.83  3080  2987 125.5 
 781.89  3085  3057 153.75 
 781.93  3090  3126 144.75 
 782  3095  3196 191.5 
 782.03  3100  3265 217.5 
 782.09  3105  3335 338.5 
 782.12  3110  3405 427.25 
 782.2  3115  3475 451 
 782.23  3120  3545 495.5 
 782.29  3125  3616 644.75 
 782.33  3130  3686 702.25 
 782.39  3135  3757 689.25 
 782.42  3140  3827 904 
 782.49  3145  3898 884.25 
 782.53  3150  3969 1177 
 782.59  3155  4040 973.75 
 782.62  3160  4111 929 
 782.7  3165  4182 1382.5 
 782.73  3170  4253 1683.25 
 782.8  3175  4325 1716 
 782.83  3180  4396 1426.5 
 782.89  3185  4468 1875.25 
 782.93  3190  4540 2199.5 
 782.99  3195  4612 1822.25 
 783.03  3200  4684 2159 
 783.09  3205  4756 2758.5 
 783.13  3210  4828 2594.5 
 783.19  3215  4900 2531.75 
 783.23  3220  4973 2591.75 
 783.29  3225  5045 2249.25 
 783.33  3230  5118 2383.5 
 783.4  3235  5191 3045.25 
 783.43  3240  5264 3521.75 
 783.49  3245  5337 3511 
 783.53  3250  5410 3122 
 783.59  3255  5483 4019.5 
 783.63  3260  5556 5014 
 783.7  3265  5630 5214.5 
 783.73  3270  5704 5166.75 
 783.8  3275  5777 4863.75 
 783.83  3280  5851 4346 
 783.9  3285  5925 4691 
 783.93  3290  5999 5755.75 
 783.99  3295  6073 6537.5 
 784.03  3300  6147 6566 
 784.1  3305  6222 5280.75 
 784.13  3310  6296 5315.75 
 784.2  3315  6371 5450.5 
 784.23  3320  6446 5854.25 
 784.29  3325  6521 5858.5 
 784.33  3330  6595 5757.5 
 784.4  3335  6671 5172.75 
 784.43  3340  6746 5337 
 784.49  3345  6821 6115.75 
 784.53  3350  6896 5813.5 
 784.6  3355  6972 6644.25 
 784.63  3360  7048 4630.5 
 784.69  3365  7123 5613.5 
 784.72  3370  7199 4528.25 
 784.8  3375  7275 5726 
 784.83  3380  7351 5505.75 
 784.9  3385  7428 6193 
 784.93  3390  7504 6104.25 
 785  3395  7580 5940.25 
 785.03  3400  7657 6920.5 
 785.09  3405  7733 6171 
 785.13  3410  7810 6010 
 785.19  3415  7887 5543 
 785.23  3420  7964 6496.75 
 785.3  3425  8041 5995.25 
 785.33  3430  8118 6546.5 
 785.39  3435  8196 6089.25 
 785.43  3440  8273 4466.75 
 785.49  3445  8351 4591 
 785.52  3450  8428 5910.5 
 785.59  3455  8506 6089.75 
 785.63  3460  8584 5208 
 785.69  3465  8662 5856.25 
 785.73  3470  8740 6258.25 
 785.79  3475  8818 5081.25 
 785.83  3480  8897 5840.75 
 785.89  3485  8975 5755.5 
 785.93  3490  9054 5286.25 
 785.99  3495  9132 5277 
 786.03  3500  9211 6485.75 
 786.18  3505  7411 6105.75 
 786.36  3510  7492 5509.75 
 786.4  3515  7573 5231.75 
 786.46  3520  7653 5704.75 
 786.5  3525  7734 4416 
 786.56  3530  7815 5495.75 
 786.6  3535  7896 5851 
 786.66  3540  7978 6032.75 
 786.7  3545  8059 6048.75 
 786.76  3550  8141 6032 
 786.8  3555  8222 5345.75 
 786.86  3560  8304 5578.25 
 786.9  3565  8386 4728 
 786.96  3570  8468 3891.5 
 787  3575  8550 4716 
 787.06  3580  8633 3655.5 
 787.1  3585  8715 3188.25 
 787.16  3590  8798 4413.25 
 787.2  3595  8881 5421.5 
 787.26  3600  8963 5710.75 
 787.3  3605  9046 4486.5 
 787.36  3610  9130 4081.75 
 787.39  3615  9213 4706 
 787.46  3620  9296 3951.75 
 787.5  3625  9380 5469.75 
 787.56  3630  9463 4771.75 
end
uaIntegration time is 0.2294 seconds per sampledt  3E-08 cy 1dh171217Manchester 53.47 2.23 2.804185pr1000dark 1.6 
 810.02  2900  563 2.25 
 810.09  2905  629 1.25 
 810.13  2910  694 2 
 810.19  2915  760 .25 
 810.23  2920  826 2.25 
 810.29  2925  892 2 
 810.33  2930  957 1.75 
 810.39  2935  1024 1.75 
 810.43  2940  1090 1.75 
 810.49  2945  1156 3.25 
 810.53  2950  1222 1.25 
 810.59  2955  1289 2 
 810.63  2960  1356 .25 
 810.69  2965  1422 2 
 810.73  2970  1489 1.75 
 810.79  2975  1556 4 
 810.82  2980  1623 2 
 810.89  2985  1690 2 
 810.93  2990  1758 2.25 
 810.99  2995  1825 2 
 811.03  3000  1892 1.75 
 811.09  3005  1960 2.75 
 811.12  3010  2028 3.25 
 811.19  3015  2096 3 
 811.23  3020  2163 4 
 811.29  3025  2231 3.25 
 811.33  3030  2300 8.75 
 811.39  3035  2368 9.25 
 811.43  3040  2436 10.25 
 811.5  3045  2505 12.5 
 811.53  3050  2573 23.25 
 811.59  3055  2642 24.75 
 811.63  3060  2711 27.75 
 811.69  3065  2780 31 
 811.73  3070  2849 52.25 
 811.79  3075  2918 73.5 
 811.83  3080  2987 80 
 811.89  3085  3057 96.75 
 811.93  3090  3126 98.75 
 811.99  3095  3196 134.75 
 812.03  3100  3265 145.5 
 812.1  3105  3335 233.5 
 812.13  3110  3405 314 
 812.19  3115  3475 325.75 
 812.23  3120  3545 362 
 812.29  3125  3616 472.25 
 812.33  3130  3686 517 
 812.39  3135  3757 531.75 
 812.43  3140  3827 678 
 812.49  3145  3898 687.5 
 812.52  3150  3969 897.75 
 812.59  3155  4040 752.75 
 812.62  3160  4111 733.5 
 812.69  3165  4182 1113.25 
 812.73  3170  4253 1347.25 
 812.79  3175  4325 1376 
 812.82  3180  4396 1139.5 
 812.89  3185  4468 1559.5 
 812.93  3190  4540 1855.25 
 812.99  3195  4612 1503.75 
 813.03  3200  4684 1794 
 813.09  3205  4756 2334.5 
 813.13  3210  4828 2211.25 
 813.19  3215  4900 2175.5 
 813.23  3220  4973 2197.25 
 813.29  3225  5045 1894 
 813.33  3230  5118 2022.75 
 813.4  3235  5191 2632.25 
 813.43  3240  5264 3082.75 
 813.49  3245  5337 3071.25 
 813.53  3250  5410 2668.25 
 813.59  3255  5483 3517.25 
 813.62  3260  5556 4440.75 
 813.69  3265  5630 4711 
 813.73  3270  5704 4693.25 
 813.79  3275  5777 4419.5 
 813.83  3280  5851 3977 
 813.89  3285  5925 4355.5 
 813.93  3290  5999 5470 
 813.99  3295  6073 6210.25 
 814.03  3300  6147 6263.75 
 814.1  3305  6222 5070.25 
 814.13  3310  6296 5089 
 814.2  3315  6371 5315.75 
 814.23  3320  6446 5808.75 
 814.3  3325  6521 5839.5 
 814.33  3330  6595 5804.5 
 814.39  3335  6671 5233.5 
 814.43  3340  6746 5465.5 
 814.49  3345  6821 6318.25 
 814.53  3350  6896 6183.75 
 814.59  3355  6972 7098 
 814.62  3360  7048 4944.75 
 814.69  3365  7123 6070.25 
 814.73  3370  7199 4904.25 
 814.79  3375  7275 6267 
 814.83  3380  7351 6081.75 
 814.89  3385  7428 6924.75 
 814.93  3390  7504 6885.75 
 814.99  3395  7580 6785.5 
 815.03  3400  7657 7861.25 
 815.09  3405  7733 7097.75 
 815.13  3410  7810 6915.25 
 815.19  3415  7887 6425.25 
 815.23  3420  7964 7603.75 
 815.29  3425  8041 7037 
 815.33  3430  8118 7596.5 
 815.4  3435  8196 7087.5 
 815.43  3440  8273 5173.25 
 815.49  3445  8351 5340.25 
 815.53  3450  8428 6970.5 
 815.59  3455  8506 7095.5 
 815.63  3460  8584 6118 
 815.69  3465  8662 6908 
 815.73  3470  8740 7362 
 815.8  3475  8818 5938.5 
 815.83  3480  8897 6877.5 
 815.89  3485  8975 6831.5 
 815.93  3490  9054 6294 
 815.99  3495  9132 6386.25 
 816.03  3500  9211 7732.25 
 816.18  3505  7411 7444.25 
 816.36  3510  7492 6808 
 816.4  3515  7573 6465.5 
 816.46  3520  7653 7028 
 816.5  3525  7734 5420 
 816.56  3530  7815 6753.75 
 816.59  3535  7896 7232.5 
 816.66  3540  7978 7429.25 
 816.69  3545  8059 7459.75 
 816.76  3550  8141 7423.75 
 816.8  3555  8222 6574.5 
 816.86  3560  8304 6776.5 
 816.9  3565  8386 5767.75 
 816.96  3570  8468 4750.75 
 817  3575  8550 5738.25 
 817.06  3580  8633 4431.75 
 817.1  3585  8715 3835.25 
 817.16  3590  8798 5289.5 
 817.2  3595  8881 6492.75 
 817.26  3600  8963 6811.25 
 817.29  3605  9046 5395.5 
 817.36  3610  9130 4849.5 
 817.39  3615  9213 5658.25 
 817.46  3620  9296 4694.75 
 817.5  3625  9380 6504 
 817.56  3630  9463 5685 
end
uaIntegration time is 0.2294 seconds per sampledt  3E-08 cy 1dh171217Manchester 53.47 2.23 2.804185pr1000dark 1.6 
 840.02  2900  563 2.5 
 840.09  2905  629 0 
 840.13  2910  694 .75 
 840.19  2915  760 1 
 840.23  2920  826 .75 
 840.29  2925  892 2 
 840.33  2930  957 1.75 
 840.39  2935  1024 2.25 
 840.43  2940  1090 1.5 
 840.49  2945  1156 2 
 840.53  2950  1222 1.25 
 840.59  2955  1289 2.25 
 840.62  2960  1356 1.5 
 840.69  2965  1422 1.75 
 840.72  2970  1489 0 
 840.79  2975  1556 1.75 
 840.83  2980  1623 1.5 
 840.9  2985  1690 0 
 840.93  2990  1758 2.25 
 840.99  2995  1825 1.5 
 841.03  3000  1892 4.5 
 841.09  3005  1960 1.25 
 841.12  3010  2028 2.75 
 841.19  3015  2096 2.25 
 841.23  3020  2163 3.75 
 841.29  3025  2231 3.5 
 841.33  3030  2300 6 
 841.39  3035  2368 7 
 841.43  3040  2436 8.75 
 841.49  3045  2505 10 
 841.53  3050  2573 15 
 841.59  3055  2642 17.75 
 841.63  3060  2711 16 
 841.69  3065  2780 21.25 
 841.73  3070  2849 36 
 841.79  3075  2918 45.5 
 841.83  3080  2987 48.5 
 841.9  3085  3057 61.5 
 841.93  3090  3126 58.75 
 841.99  3095  3196 82.5 
 842.03  3100  3265 91.5 
 842.09  3105  3335 149.75 
 842.12  3110  3405 200.25 
 842.19  3115  3475 210.75 
 842.23  3120  3545 243.5 
 842.29  3125  3616 317.75 
 842.33  3130  3686 357.5 
 842.39  3135  3757 361 
 842.42  3140  3827 489 
 842.49  3145  3898 515 
 842.53  3150  3969 685.5 
 842.59  3155  4040 578.75 
 842.63  3160  4111 576 
 842.69  3165  4182 887 
 842.72  3170  4253 1083.25 
 842.79  3175  4325 1115.25 
 842.83  3180  4396 956.75 
 842.89  3185  4468 1342.25 
 842.93  3190  4540 1605.5 
 843  3195  4612 1299 
 843.03  3200  4684 1541.25 
 843.09  3205  4756 2027.25 
 843.13  3210  4828 1969.5 
 843.2  3215  4900 1924.75 
 843.23  3220  4973 1904.5 
 843.29  3225  5045 1656 
 843.33  3230  5118 1801.75 
 843.39  3235  5191 2376 
 843.43  3240  5264 2762.5 
 843.49  3245  5337 2698.5 
 843.53  3250  5410 2343.5 
 843.59  3255  5483 3061.25 
 843.62  3260  5556 3945.5 
 843.7  3265  5630 4152.5 
 843.73  3270  5704 4070.25 
 843.79  3275  5777 3737.5 
 843.83  3280  5851 3276.25 
 843.89  3285  5925 3595.75 
 843.93  3290  5999 4478.5 
 843.99  3295  6073 5002.75 
 844.03  3300  6147 4967.75 
 844.09  3305  6222 3911.5 
 844.12  3310  6296 3901 
 844.19  3315  6371 4054.25 
 844.23  3320  6446 4461.5 
 844.29  3325  6521 4501 
 844.33  3330  6595 4426.25 
 844.39  3335  6671 3978 
 844.43  3340  6746 4119.5 
 844.5  3345  6821 4733.5 
 844.53  3350  6896 4566.75 
 844.59  3355  6972 5208.75 
 844.62  3360  7048 3634 
 844.69  3365  7123 4303.25 
 844.73  3370  7199 3491.5 
 844.79  3375  7275 4338.75 
 844.82  3380  7351 4186.25 
 844.89  3385  7428 4787.75 
 844.93  3390  7504 4747.25 
 845  3395  7580 4638 
 845.03  3400  7657 5398 
 845.09  3405  7733 4812.75 
 845.13  3410  7810 4673 
 845.19  3415  7887 4357.25 
 845.22  3420  7964 5148.75 
 845.29  3425  8041 4714.25 
 845.33  3430  8118 5119 
 845.39  3435  8196 4749 
 845.43  3440  8273 3521.75 
 845.49  3445  8351 3632.25 
 845.53  3450  8428 4767.25 
 845.59  3455  8506 4864.25 
 845.63  3460  8584 4144.25 
 845.69  3465  8662 4665 
 845.73  3470  8740 4926 
 845.79  3475  8818 3964.75 
 845.83  3480  8897 4590.5 
 845.89  3485  8975 4501.75 
 845.93  3490  9054 4097 
 845.99  3495  9132 4095.75 
 846.03  3500  9211 4945.5 
 846.18  3505  7411 4541.25 
 846.36  3510  7492 3877 
 846.4  3515  7573 3656 
 846.46  3520  7653 3886 
 846.5  3525  7734 3018.25 
 846.56  3530  7815 3790 
 846.6  3535  7896 4008.5 
 846.65  3540  7978 4106.75 
 846.69  3545  8059 4169 
 846.76  3550  8141 4152.25 
 846.8  3555  8222 3729 
 846.86  3560  8304 3878.5 
 846.9  3565  8386 3323.75 
 846.96  3570  8468 2773.5 
 846.99  3575  8550 3366 
 847.06  3580  8633 2642 
 847.09  3585  8715 2313 
 847.16  3590  8798 3276.5 
 847.2  3595  8881 3987.75 
 847.26  3600  8963 4217.5 
 847.3  3605  9046 3388.25 
 847.36  3610  9130 3109.5 
 847.4  3615  9213 3594 
 847.46  3620  9296 3084.25 
 847.5  3625  9380 4244.5 
 847.56  3630  9463 3766.75 
end
uaIntegration time is 0.2294 seconds per sampledt  3E-08 cy 1dh171217Manchester 53.47 2.23 2.804185pr1000dark 1.65 
 870.02  2900  563 2.75 
 870.1  2905  629 1.75 
 870.13  2910  694 0 
 870.19  2915  760 1 
 870.23  2920  826 1.75 
 870.29  2925  892 .25 
 870.32  2930  957 2 
 870.39  2935  1024 2 
 870.43  2940  1090 .25 
 870.49  2945  1156 1.5 
 870.53  2950  1222 2 
 870.59  2955  1289 1.5 
 870.63  2960  1356 0 
 870.69  2965  1422 1.25 
 870.73  2970  1489 1.75 
 870.79  2975  1556 2.75 
 870.83  2980  1623 2.5 
 870.89  2985  1690 3.75 
 870.93  2990  1758 3.75 
 871  2995  1825 1.75 
 871.03  3000  1892 2.25 
 871.09  3005  1960 2 
 871.13  3010  2028 2.25 
 871.19  3015  2096 2.75 
 871.23  3020  2163 3.75 
 871.29  3025  2231 4.75 
 871.33  3030  2300 6.25 
 871.39  3035  2368 8.75 
 871.43  3040  2436 11.25 
 871.5  3045  2505 12.25 
 871.53  3050  2573 15 
 871.59  3055  2642 15 
 871.63  3060  2711 14 
 871.7  3065  2780 21.25 
 871.73  3070  2849 27.25 
 871.79  3075  2918 39.75 
 871.83  3080  2987 42 
 871.89  3085  3057 50.75 
 871.93  3090  3126 50.5 
 871.99  3095  3196 65.75 
 872.02  3100  3265 76.25 
 872.09  3105  3335 129 
 872.13  3110  3405 166.75 
 872.19  3115  3475 174.5 
 872.23  3120  3545 207.75 
 872.3  3125  3616 281.25 
 872.33  3130  3686 326.25 
 872.39  3135  3757 322 
 872.43  3140  3827 432.5 
 872.49  3145  3898 451.5 
 872.53  3150  3969 609 
 872.59  3155  4040 493.75 
 872.63  3160  4111 501.75 
 872.69  3165  4182 799.25 
 872.72  3170  4253 969.25 
 872.79  3175  4325 967.25 
 872.83  3180  4396 841 
 872.89  3185  4468 1212.25 
 872.93  3190  4540 1459.5 
 873  3195  4612 1137.75 
 873.03  3200  4684 1317 
 873.09  3205  4756 1839 
 873.13  3210  4828 1811.25 
 873.19  3215  4900 1761.75 
 873.23  3220  4973 1694 
 873.29  3225  5045 1477.5 
 873.33  3230  5118 1656 
 873.4  3235  5191 2317.5 
 873.43  3240  5264 2696.5 
 873.49  3245  5337 2584.5 
 873.53  3250  5410 2193.75 
 873.59  3255  5483 2892.75 
 873.63  3260  5556 3751.5 
 873.7  3265  5630 4014.5 
 873.73  3270  5704 3876 
 873.79  3275  5777 3493.5 
 873.83  3280  5851 3008.25 
 873.89  3285  5925 3314.25 
 873.93  3290  5999 4216.25 
 873.99  3295  6073 4734.75 
 874.03  3300  6147 4732 
 874.09  3305  6222 3666 
 874.13  3310  6296 3646 
 874.19  3315  6371 3848.5 
 874.22  3320  6446 4311.75 
 874.29  3325  6521 4328 
 874.33  3330  6595 4237.75 
 874.39  3335  6671 3684.75 
 874.43  3340  6746 3760.25 
 874.49  3345  6821 4352.25 
 874.53  3350  6896 4217 
 874.59  3355  6972 4726.25 
 874.63  3360  7048 3245.25 
 874.69  3365  7123 3851.5 
 874.73  3370  7199 3041.5 
 874.8  3375  7275 3738.75 
 874.83  3380  7351 3619.75 
 874.9  3385  7428 4178 
 874.93  3390  7504 4111 
 874.99  3395  7580 4041.75 
 875.03  3400  7657 4666 
 875.1  3405  7733 4167.75 
 875.13  3410  7810 4063 
 875.19  3415  7887 3817.75 
 875.23  3420  7964 4481.75 
 875.29  3425  8041 4183 
 875.33  3430  8118 4512.25 
 875.4  3435  8196 4170.75 
 875.43  3440  8273 3024 
 875.49  3445  8351 3110 
 875.53  3450  8428 4033.75 
 875.59  3455  8506 4033.25 
 875.63  3460  8584 3455 
 875.7  3465  8662 3713.5 
 875.73  3470  8740 3912.25 
 875.8  3475  8818 3073.5 
 875.83  3480  8897 3521 
 875.89  3485  8975 3413.25 
 875.93  3490  9054 3100.25 
 875.99  3495  9132 3093.5 
 876.03  3500  9211 3743 
 876.18  3505  7411 3500.75 
 876.36  3510  7492 3200 
 876.4  3515  7573 3060.5 
 876.46  3520  7653 3308.75 
 876.49  3525  7734 2551.5 
 876.56  3530  7815 3141 
 876.6  3535  7896 3370.25 
 876.66  3540  7978 3446.25 
 876.7  3545  8059 3466.25 
 876.76  3550  8141 3451.75 
 876.8  3555  8222 3090.75 
 876.86  3560  8304 3185.25 
 876.89  3565  8386 2709.75 
 876.96  3570  8468 2227.5 
 877  3575  8550 2660.75 
 877.06  3580  8633 2063.25 
 877.1  3585  8715 1785.25 
 877.16  3590  8798 2479.5 
 877.19  3595  8881 3036.25 
 877.26  3600  8963 3179 
 877.3  3605  9046 2504.5 
 877.36  3610  9130 2321 
 877.39  3615  9213 2660.5 
 877.46  3620  9296 2225.5 
 877.5  3625  9380 3131 
 877.56  3630  9463 2743.25 
end
uaIntegration time is 0.2294 seconds per sampledt  3E-08 cy 1dh171217Manchester 53.47 2.23 2.804185pr1000dark 1.7 
 900.02  2900  563 1.75 
 900.09  2905  629 1.5 
 900.13  2910  694 1.5 
 900.19  2915  760 1.25 
 900.23  2920  826 3.5 
 900.3  2925  892 2.25 
 900.33  2930  957 2.25 
 900.4  2935  1024 2 
 900.43  2940  1090 2 
 900.49  2945  1156 1 
 900.52  2950  1222 1.5 
 900.59  2955  1289 2.25 
 900.63  2960  1356 2 
 900.69  2965  1422 0 
 900.73  2970  1489 1 
 900.79  2975  1556 1.25 
 900.83  2980  1623 1 
 900.89  2985  1690 .5 
 900.92  2990  1758 2 
 900.99  2995  1825 1.5 
 901.03  3000  1892 1 
 901.09  3005  1960 1.25 
 901.12  3010  2028 2 
 901.19  3015  2096 2.5 
 901.23  3020  2163 .75 
 901.29  3025  2231 3 
 901.33  3030  2300 3.25 
 901.39  3035  2368 3.25 
 901.42  3040  2436 3 
 901.49  3045  2505 3.75 
 901.53  3050  2573 5.25 
 901.6  3055  2642 5.25 
 901.63  3060  2711 4.75 
 901.69  3065  2780 7 
 901.73  3070  2849 9.75 
 901.79  3075  2918 12.5 
 901.82  3080  2987 12.25 
 901.89  3085  3057 14.75 
 901.93  3090  3126 13.75 
 901.99  3095  3196 18.5 
 902.03  3100  3265 20.75 
 902.1  3105  3335 32.75 
 902.13  3110  3405 40.25 
 902.19  3115  3475 40.75 
 902.22  3120  3545 45.25 
 902.29  3125  3616 59 
 902.32  3130  3686 67 
 902.39  3135  3757 63 
 902.43  3140  3827 86.25 
 902.5  3145  3898 94.5 
 902.53  3150  3969 128.75 
 902.59  3155  4040 101.75 
 902.62  3160  4111 102.5 
 902.69  3165  4182 166.75 
 902.73  3170  4253 203.25 
 902.79  3175  4325 205.5 
 902.83  3180  4396 180 
 902.89  3185  4468 281.25 
 902.93  3190  4540 337.5 
 902.99  3195  4612 267.5 
 903.03  3200  4684 326.5 
 903.09  3205  4756 462.5 
 903.13  3210  4828 494.5 
 903.2  3215  4900 498 
 903.23  3220  4973 463.75 
 903.29  3225  5045 402.75 
 903.33  3230  5118 471.75 
 903.39  3235  5191 660.5 
 903.43  3240  5264 771.25 
 903.49  3245  5337 742.5 
 903.53  3250  5410 591 
 903.59  3255  5483 773.75 
 903.63  3260  5556 1062.75 
 903.69  3265  5630 1165.5 
 903.73  3270  5704 1143.25 
 903.79  3275  5777 1034.5 
 903.83  3280  5851 890 
 903.89  3285  5925 1062 
 903.93  3290  5999 1418.25 
 904  3295  6073 1657.75 
 904.03  3300  6147 1650.75 
 904.09  3305  6222 1264.5 
 904.12  3310  6296 1243 
 904.19  3315  6371 1341.75 
 904.22  3320  6446 1521.5 
 904.29  3325  6521 1556.75 
 904.33  3330  6595 1500 
 904.39  3335  6671 1306.75 
 904.43  3340  6746 1327.25 
 904.5  3345  6821 1546.75 
 904.53  3350  6896 1530.25 
 904.59  3355  6972 1716.25 
 904.63  3360  7048 1202.75 
 904.69  3365  7123 1413.75 
 904.73  3370  7199 1135 
 904.79  3375  7275 1391.25 
 904.82  3380  7351 1406.5 
 904.89  3385  7428 1667.25 
 904.93  3390  7504 1700.5 
 905  3395  7580 1653 
 905.03  3400  7657 1867.25 
 905.09  3405  7733 1642 
 905.13  3410  7810 1617 
 905.19  3415  7887 1480 
 905.22  3420  7964 1691.75 
 905.29  3425  8041 1557.75 
 905.33  3430  8118 1678 
 905.39  3435  8196 1514 
 905.43  3440  8273 1112.75 
 905.49  3445  8351 1170.5 
 905.53  3450  8428 1514.75 
 905.59  3455  8506 1552 
 905.63  3460  8584 1329.5 
 905.69  3465  8662 1477 
 905.73  3470  8740 1546 
 905.8  3475  8818 1249 
 905.83  3480  8897 1406.75 
 905.89  3485  8975 1381.25 
 905.93  3490  9054 1262 
 905.99  3495  9132 1290.75 
 906.03  3500  9211 1584 
 906.17  3505  7411 1518.25 
 906.36  3510  7492 1369.25 
 906.4  3515  7573 1260 
 906.46  3520  7653 1355.75 
 906.49  3525  7734 1064.75 
 906.56  3530  7815 1285.75 
 906.6  3535  7896 1357 
 906.66  3540  7978 1394.25 
 906.69  3545  8059 1406.75 
 906.76  3550  8141 1382.5 
 906.79  3555  8222 1228.25 
 906.86  3560  8304 1261.5 
 906.9  3565  8386 1059.25 
 906.96  3570  8468 854.75 
 906.99  3575  8550 1033.75 
 907.06  3580  8633 791.75 
 907.1  3585  8715 683.25 
 907.16  3590  8798 917.5 
 907.19  3595  8881 1134 
 907.26  3600  8963 1147.75 
 907.3  3605  9046 918.75 
 907.36  3610  9130 823.75 
 907.39  3615  9213 954.25 
 907.46  3620  9296 817.25 
 907.49  3625  9380 1103 
 907.56  3630  9463 1009 
end
uaIntegration time is 0.2294 seconds per sampledt  3E-08 cy 1dh171217Manchester 53.47 2.23 2.804185pr1000dark 1.3 
 930.02  2900  563 3 
 930.09  2905  629 .5 
 930.13  2910  694 .5 
 930.19  2915  760 1.75 
 930.23  2920  826 2 
 930.29  2925  892 .75 
 930.32  2930  957 1.25 
 930.4  2935  1024 1.75 
 930.43  2940  1090 5.5 
 930.49  2945  1156 .25 
 930.53  2950  1222 0 
 930.59  2955  1289 2 
 930.63  2960  1356 .5 
 930.69  2965  1422 2.5 
 930.73  2970  1489 1.5 
 930.79  2975  1556 1.5 
 930.82  2980  1623 2 
 930.89  2985  1690 2 
 930.93  2990  1758 2.25 
 930.99  2995  1825 2 
 931.03  3000  1892 1.25 
 931.09  3005  1960 2 
 931.12  3010  2028 2.25 
 931.19  3015  2096 1.75 
 931.23  3020  2163 2.25 
 931.29  3025  2231 3.25 
 931.33  3030  2300 2 
 931.39  3035  2368 1.5 
 931.43  3040  2436 2.75 
 931.49  3045  2505 2 
 931.53  3050  2573 2.75 
 931.6  3055  2642 2.75 
 931.63  3060  2711 4 
 931.7  3065  2780 5 
 931.73  3070  2849 5.75 
 931.79  3075  2918 5.25 
 931.83  3080  2987 6.75 
 931.89  3085  3057 7 
 931.93  3090  3126 6.5 
 932  3095  3196 9 
 932.03  3100  3265 9.75 
 932.09  3105  3335 15.25 
 932.13  3110  3405 17 
 932.2  3115  3475 16.75 
 932.23  3120  3545 19.25 
 932.29  3125  3616 23.75 
 932.33  3130  3686 27 
 932.39  3135  3757 26 
 932.43  3140  3827 32.5 
 932.49  3145  3898 34.5 
 932.52  3150  3969 47.25 
 932.59  3155  4040 38.75 
 932.63  3160  4111 41 
 932.69  3165  4182 67.25 
 932.73  3170  4253 77.75 
 932.79  3175  4325 83.75 
 932.83  3180  4396 70 
 932.89  3185  4468 102.75 
 932.93  3190  4540 127.25 
 932.99  3195  4612 103.25 
 933.02  3200  4684 115.75 
 933.09  3205  4756 169.5 
 933.13  3210  4828 186.75 
 933.19  3215  4900 179.75 
 933.23  3220  4973 163 
 933.3  3225  5045 132.5 
 933.33  3230  5118 165 
 933.39  3235  5191 244.5 
 933.43  3240  5264 291 
 933.49  3245  5337 264.5 
 933.52  3250  5410 200 
 933.59  3255  5483 261.5 
 933.63  3260  5556 377.25 
 933.69  3265  5630 423.25 
 933.73  3270  5704 412.75 
 933.79  3275  5777 345 
 933.83  3280  5851 279.75 
 933.89  3285  5925 340.75 
 933.93  3290  5999 483 
 933.99  3295  6073 559.75 
 934.03  3300  6147 537.25 
 934.09  3305  6222 375.75 
 934.13  3310  6296 378.5 
 934.19  3315  6371 407.75 
 934.23  3320  6446 476.75 
 934.29  3325  6521 519.5 
 934.32  3330  6595 490.5 
 934.4  3335  6671 407.75 
 934.43  3340  6746 399.5 
 934.49  3345  6821 497.75 
 934.52  3350  6896 502.5 
 934.59  3355  6972 582.5 
 934.62  3360  7048 397.25 
 934.7  3365  7123 453.75 
 934.73  3370  7199 370.25 
 934.79  3375  7275 451 
 934.83  3380  7351 460.75 
 934.9  3385  7428 547.25 
 934.93  3390  7504 562.25 
 934.99  3395  7580 545.75 
 935.03  3400  7657 601.75 
 935.09  3405  7733 547.5 
 935.13  3410  7810 552.5 
 935.19  3415  7887 524.25 
 935.23  3420  7964 604 
 935.29  3425  8041 563.5 
 935.32  3430  8118 610.25 
 935.4  3435  8196 563.75 
 935.43  3440  8273 417.25 
 935.49  3445  8351 425.75 
 935.53  3450  8428 557.25 
 935.59  3455  8506 582.5 
 935.63  3460  8584 508 
 935.69  3465  8662 578.75 
 935.73  3470  8740 598.5 
 935.79  3475  8818 488 
 935.83  3480  8897 564.25 
 935.89  3485  8975 559.25 
 935.93  3490  9054 516.75 
 935.99  3495  9132 509.25 
 936.03  3500  9211 610 
 936.17  3505  7411 573.5 
 936.36  3510  7492 513 
 936.4  3515  7573 471.5 
 936.46  3520  7653 516.25 
 936.5  3525  7734 399 
 936.56  3530  7815 497.25 
 936.6  3535  7896 530 
 936.66  3540  7978 543.75 
 936.7  3545  8059 548.25 
 936.76  3550  8141 548.25 
 936.8  3555  8222 504.75 
 936.86  3560  8304 521.75 
 936.89  3565  8386 442.75 
 936.96  3570  8468 369.75 
 937  3575  8550 439.5 
 937.06  3580  8633 340.75 
 937.1  3585  8715 295.75 
 937.16  3590  8798 411.5 
 937.2  3595  8881 487.25 
 937.26  3600  8963 520.5 
 937.3  3605  9046 410.5 
 937.36  3610  9130 371.25 
 937.4  3615  9213 428.5 
 937.46  3620  9296 366 
 937.5  3625  9380 504.5 
 937.56  3630  9463 457.5 
end
uaIntegration time is 0.2294 seconds per sampledt  3E-08 cy 1dh171217Manchester 53.47 2.23 2.804185pr1000dark 1.8 
 960.02  2900  563 2.5 
 960.09  2905  629 3 
 960.12  2910  694 2.25 
 960.19  2915  760 2.25 
 960.22  2920  826 2 
 960.29  2925  892 1.5 
 960.33  2930  957 0 
 960.39  2935  1024 1 
 960.43  2940  1090 2.25 
 960.49  2945  1156 1.75 
 960.53  2950  1222 1.25 
 960.6  2955  1289 2.5 
 960.63  2960  1356 2 
 960.69  2965  1422 2.75 
 960.73  2970  1489 2.25 
 960.79  2975  1556 2.5 
 960.82  2980  1623 2 
 960.89  2985  1690 1.75 
 960.93  2990  1758 2 
 961  2995  1825 .5 
 961.03  3000  1892 1.5 
 961.09  3005  1960 2 
 961.13  3010  2028 2 
 961.19  3015  2096 1.75 
 961.23  3020  2163 1.5 
 961.29  3025  2231 1.25 
 961.33  3030  2300 1.75 
 961.39  3035  2368 1.75 
 961.42  3040  2436 .25 
 961.49  3045  2505 2.25 
 961.53  3050  2573 2.75 
 961.59  3055  2642 3 
 961.63  3060  2711 1.75 
 961.69  3065  2780 3 
 961.73  3070  2849 2.75 
 961.79  3075  2918 3.25 
 961.83  3080  2987 4 
 961.89  3085  3057 3 
 961.93  3090  3126 3.25 
 961.99  3095  3196 3.5 
 962.02  3100  3265 3.5 
 962.09  3105  3335 5 
 962.13  3110  3405 5.75 
 962.2  3115  3475 6.5 
 962.23  3120  3545 5 
 962.29  3125  3616 8 
 962.33  3130  3686 7.25 
 962.39  3135  3757 7.75 
 962.43  3140  3827 9.25 
 962.49  3145  3898 10 
 962.52  3150  3969 9.75 
 962.59  3155  4040 10.25 
 962.63  3160  4111 8.5 
 962.69  3165  4182 13.5 
 962.73  3170  4253 13.25 
 962.79  3175  4325 14 
 962.83  3180  4396 11.5 
 962.89  3185  4468 14.25 
 962.93  3190  4540 18 
 962.99  3195  4612 12 
 963.03  3200  4684 14.75 
 963.09  3205  4756 22 
 963.13  3210  4828 17.75 
 963.19  3215  4900 18 
 963.23  3220  4973 16.25 
 963.29  3225  5045 17 
 963.33  3230  5118 16.5 
 963.39  3235  5191 22.5 
 963.43  3240  5264 29 
 963.49  3245  5337 24 
 963.53  3250  5410 22 
 963.59  3255  5483 27.5 
 963.63  3260  5556 40 
 963.69  3265  5630 47 
 963.72  3270  5704 42.25 
 963.79  3275  5777 40 
 963.82  3280  5851 29.5 
 963.89  3285  5925 38.75 
 963.92  3290  5999 50.5 
 963.99  3295  6073 59.75 
 964.03  3300  6147 55.75 
 964.1  3305  6222 42.25 
 964.13  3310  6296 41 
 964.19  3315  6371 40.75 
 964.23  3320  6446 57.25 
 964.29  3325  6521 53.75 
 964.33  3330  6595 52 
 964.39  3335  6671 43.5 
 964.43  3340  6746 39.75 
 964.49  3345  6821 55 
 964.53  3350  6896 54 
 964.6  3355  6972 61.25 
 964.63  3360  7048 44.75 
 964.7  3365  7123 48.5 
 964.73  3370  7199 38.75 
 964.79  3375  7275 46.25 
 964.83  3380  7351 51.5 
 964.9  3385  7428 61 
 964.93  3390  7504 60.75 
 964.99  3395  7580 59.25 
 965.03  3400  7657 72.5 
 965.1  3405  7733 60.25 
 965.13  3410  7810 68.75 
 965.19  3415  7887 66.25 
 965.23  3420  7964 75 
 965.29  3425  8041 75 
 965.33  3430  8118 73 
 965.39  3435  8196 66.75 
 965.42  3440  8273 52 
 965.49  3445  8351 52.5 
 965.53  3450  8428 70 
 965.59  3455  8506 71 
 965.63  3460  8584 62.25 
 965.7  3465  8662 71.25 
 965.73  3470  8740 79.5 
 965.79  3475  8818 65.75 
 965.83  3480  8897 74.5 
 965.89  3485  8975 76.5 
 965.93  3490  9054 70.5 
 966  3495  9132 72.75 
 966.03  3500  9211 89.25 
 966.18  3505  7411 84 
 966.36  3510  7492 69.25 
 966.39  3515  7573 68.5 
 966.46  3520  7653 64.5 
 966.5  3525  7734 53 
 966.56  3530  7815 64.75 
 966.59  3535  7896 68.25 
 966.66  3540  7978 65.75 
 966.7  3545  8059 67.75 
 966.76  3550  8141 64.75 
 966.8  3555  8222 58.5 
 966.86  3560  8304 61.25 
 966.9  3565  8386 46 
 966.96  3570  8468 41.75 
 966.99  3575  8550 50.25 
 967.06  3580  8633 37 
 967.1  3585  8715 30.75 
 967.16  3590  8798 45.75 
 967.2  3595  8881 49.75 
 967.26  3600  8963 50.5 
 967.3  3605  9046 45.5 
 967.36  3610  9130 38 
 967.39  3615  9213 48.5 
 967.46  3620  9296 35.5 
 967.5  3625  9380 49.75 
 967.56  3630  9463 46.75 
end
