000000       
0.1832       
0.1345       
0.4972       
-0.2288      
0            
0.3377       
2.35         
1.1342       
1488         
140          
.000000032   
1024         
14           
1693         
0            
4300         
9080         
13800        
21700        
25000        
2972         
mkiii       
2            
0            
0            
0            
0            
0            
0            
0            
-1           
-4           
242          
-3           
770          
740          
8028         
178          
2503         
.9965        
10           
1735         
250          
0            
64           
256          
0            
000          
0            
2227         
Jun 23/04    
