ufIntegration time is 0.2294 seconds per sampledt  4E-08 cy 4dh020219Santa_Cruz 28.4633 16.2557 2.96pr1014.0dark 2.2 
 447.02  2900  1280 3 
 447.06  2905  1350 0 
 447.09  2910  1420 1 
 447.12  2915  1490 2 
 447.16  2920  1561 3 
 447.19  2925  1631 2 
 447.23  2930  1702 2 
 447.27  2935  1773 2 
 447.3  2940  1843 2 
 447.33  2945  1914 2 
 447.37  2950  1985 1 
 447.4  2955  2056 3 
 447.44  2960  2127 1 
 447.47  2965  2198 3 
 447.51  2970  2269 2 
 447.54  2975  2340 1 
 447.58  2980  2411 2 
 447.61  2985  2483 2 
 447.65  2990  2554 2 
 447.68  2995  2626 2 
 447.72  3000  2697 2 
 447.75  3005  2769 2 
 447.79  3010  2841 1 
 447.82  3015  2912 2 
 447.86  3020  2984 2 
 447.89  3025  3056 2 
 447.93  3030  3128 1 
 447.96  3035  3200 3 
 448  3040  3273 4 
 448.03  3045  3345 2 
 448.07  3050  3417 1 
 448.1  3055  3490 3 
 448.14  3060  3562 1 
 448.17  3065  3635 2 
 448.21  3070  3707 2 
 448.24  3075  3780 4 
 448.28  3080  3853 3 
 448.31  3085  3926 2 
 448.35  3090  3998 4 
 448.38  3095  4071 4 
 448.42  3100  4145 3 
 448.45  3105  4218 2 
 448.49  3110  4291 3 
 448.52  3115  4364 3 
 448.56  3120  4438 3 
 448.59  3125  4511 5 
 448.63  3130  4585 4 
 448.66  3135  4658 4 
 448.7  3140  4732 4 
 448.73  3145  4806 4 
 448.77  3150  4880 8 
 448.8  3155  4954 3 
 448.84  3160  5028 4 
 448.87  3165  5102 5 
 448.91  3170  5176 7 
 448.94  3175  5251 10 
 448.98  3180  5325 6 
 449.01  3185  5399 9 
 449.05  3190  5474 8 
 449.08  3195  5549 7 
 449.12  3200  5623 9 
 449.15  3205  5698 6 
 449.19  3210  5773 8 
 449.22  3215  5848 8 
 449.26  3220  5923 8 
 449.29  3225  5998 5 
 449.33  3230  6073 5 
 449.36  3235  6149 9 
 449.4  3240  6224 9 
 449.43  3245  6300 9 
 449.47  3250  6375 7 
end
ufIntegration time is 0.2294 seconds per sampledt  4E-08 cy 4dh020219Santa_Cruz 28.4633 16.2557 2.96pr1014.0dark 1.8 
 466.45  2900  1280 1 
 466.48  2905  1350 2 
 466.52  2910  1420 4 
 466.55  2915  1490 2 
 466.59  2920  1561 2 
 466.62  2925  1631 3 
 466.66  2930  1702 3 
 466.69  2935  1773 2 
 466.73  2940  1843 3 
 466.76  2945  1914 2 
 466.8  2950  1985 2 
 466.83  2955  2056 2 
 466.87  2960  2127 3 
 466.9  2965  2198 2 
 466.94  2970  2269 2 
 466.97  2975  2340 1 
 467.01  2980  2411 1 
 467.04  2985  2483 2 
 467.08  2990  2554 4 
 467.11  2995  2626 1 
 467.15  3000  2697 3 
 467.18  3005  2769 3 
 467.22  3010  2841 3 
 467.25  3015  2912 7 
 467.29  3020  2984 5 
 467.32  3025  3056 7 
 467.36  3030  3128 11 
 467.39  3035  3200 11 
 467.43  3040  3273 9 
 467.46  3045  3345 8 
 467.5  3050  3417 20 
 467.53  3055  3490 21 
 467.57  3060  3562 15 
 467.6  3065  3635 19 
 467.64  3070  3707 25 
 467.67  3075  3780 36 
 467.71  3080  3853 36 
 467.74  3085  3926 44 
 467.78  3090  3998 42 
 467.81  3095  4071 46 
 467.85  3100  4145 42 
 467.88  3105  4218 68 
 467.92  3110  4291 80 
 467.95  3115  4364 88 
 467.99  3120  4438 84 
 468.02  3125  4511 130 
 468.06  3130  4585 113 
 468.09  3135  4658 108 
 468.13  3140  4732 153 
 468.16  3145  4806 125 
 468.2  3150  4880 154 
 468.23  3155  4954 168 
 468.27  3160  5028 114 
 468.3  3165  5102 172 
 468.34  3170  5176 208 
 468.37  3175  5251 201 
 468.41  3180  5325 155 
 468.44  3185  5399 229 
 468.48  3190  5474 282 
 468.51  3195  5549 181 
 468.55  3200  5623 219 
 468.58  3205  5698 279 
 468.62  3210  5773 270 
 468.65  3215  5848 272 
 468.69  3220  5923 243 
 468.72  3225  5998 174 
 468.76  3230  6073 227 
 468.79  3235  6149 278 
 468.83  3240  6224 324 
 468.86  3245  6300 292 
 468.9  3250  6375 203 
end
ufIntegration time is 0.2294 seconds per sampledt  4E-08 cy 4dh020219Santa_Cruz 28.4633 16.2557 2.94pr1014.0dark 2 
 492.68  2900  1280 2 
 492.72  2905  1350 4 
 492.75  2910  1420 2 
 492.78  2915  1490 6 
 492.82  2920  1561 5 
 492.85  2925  1631 5 
 492.89  2930  1702 7 
 492.92  2935  1773 3 
 492.96  2940  1843 4 
 492.99  2945  1914 6 
 493.03  2950  1985 4 
 493.06  2955  2056 6 
 493.1  2960  2127 5 
 493.13  2965  2198 5 
 493.17  2970  2269 5 
 493.2  2975  2340 6 
 493.24  2980  2411 8 
 493.27  2985  2483 7 
 493.31  2990  2554 7 
 493.34  2995  2626 11 
 493.38  3000  2697 10 
 493.41  3005  2769 9 
 493.45  3010  2841 17 
 493.48  3015  2912 18 
 493.52  3020  2984 18 
 493.55  3025  3056 29 
 493.59  3030  3128 41 
 493.62  3035  3200 54 
 493.66  3040  3273 54 
 493.69  3045  3345 69 
 493.73  3050  3417 80 
 493.76  3055  3490 90 
 493.8  3060  3562 94 
 493.83  3065  3635 108 
 493.87  3070  3707 160 
 493.9  3075  3780 189 
 493.94  3080  3853 227 
 493.97  3085  3926 232 
 494.01  3090  3998 201 
 494.04  3095  4071 250 
 494.08  3100  4145 286 
 494.11  3105  4218 451 
 494.15  3110  4291 567 
 494.18  3115  4364 566 
 494.22  3120  4438 616 
 494.25  3125  4511 800 
 494.29  3130  4585 897 
 494.32  3135  4658 903 
 494.36  3140  4732 1121 
 494.39  3145  4806 1195 
 494.43  3150  4880 1604 
 494.46  3155  4954 1243 
 494.5  3160  5028 1254 
 494.53  3165  5102 2022 
 494.57  3170  5176 2394 
 494.6  3175  5251 2280 
 494.64  3180  5325 1884 
 494.67  3185  5399 2902 
 494.71  3190  5474 3473 
 494.74  3195  5549 2444 
 494.78  3200  5623 2802 
 494.81  3205  5698 3937 
 494.85  3210  5773 3790 
 494.88  3215  5848 3617 
 494.92  3220  5923 3081 
 494.95  3225  5998 2496 
 494.99  3230  6073 2719 
 495.02  3235  6149 3707 
 495.06  3240  6224 4055 
 495.09  3245  6300 3440 
 495.13  3250  6375 2653 
end
ufIntegration time is 0.2294 seconds per sampledt  4E-08 cy 4dh020219Santa_Cruz 28.4633 16.2557 2.94pr1014.0dark 1.8 
 530.22  2900  1280 19 
 530.25  2905  1350 13 
 530.29  2910  1420 13 
 530.32  2915  1490 18 
 530.36  2920  1561 15 
 530.39  2925  1631 15 
 530.43  2930  1702 16 
 530.46  2935  1773 17 
 530.5  2940  1843 15 
 530.53  2945  1914 17 
 530.57  2950  1985 19 
 530.6  2955  2056 19 
 530.64  2960  2127 19 
 530.67  2965  2198 21 
 530.71  2970  2269 17 
 530.75  2975  2340 26 
 530.78  2980  2411 26 
 530.82  2985  2483 26 
 530.85  2990  2554 28 
 530.88  2995  2626 37 
 530.92  3000  2697 34 
 530.96  3005  2769 33 
 530.99  3010  2841 55 
 531.02  3015  2912 58 
 531.06  3020  2984 57 
 531.09  3025  3056 96 
 531.13  3030  3128 149 
 531.16  3035  3200 183 
 531.2  3040  3273 186 
 531.23  3045  3345 276 
 531.27  3050  3417 398 
 531.3  3055  3490 444 
 531.34  3060  3562 458 
 531.37  3065  3635 589 
 531.41  3070  3707 966 
 531.44  3075  3780 1234 
 531.48  3080  3853 1451 
 531.51  3085  3926 1704 
 531.55  3090  3998 1562 
 531.58  3095  4071 2221 
 531.62  3100  4145 2370 
 531.65  3105  4218 4072 
 531.69  3110  4291 4963 
 531.72  3115  4364 5165 
 531.76  3120  4438 5720 
 531.79  3125  4511 7282 
 531.83  3130  4585 7881 
 531.86  3135  4658 7806 
 531.9  3140  4732 9920 
 531.93  3145  4806 9601 
 531.97  3150  4880 12551 
 532  3155  4954 10125 
 532.04  3160  5028 9464 
 532.07  3165  5102 14131 
 532.11  3170  5176 16497 
 532.14  3175  5251 15930 
 532.18  3180  5325 12663 
 532.21  3185  5399 16909 
 532.25  3190  5474 18808 
 532.28  3195  5549 14753 
 532.32  3200  5623 16814 
 532.35  3205  5698 20727 
 532.39  3210  5773 17833 
 532.42  3215  5848 16831 
 532.46  3220  5923 16032 
 532.49  3225  5998 12808 
 532.53  3230  6073 12789 
 532.56  3235  6149 15023 
 532.6  3240  6224 16497 
 532.63  3245  6300 14790 
 532.67  3250  6375 12095 
end
ufIntegration time is 0.2294 seconds per sampledt  4E-08 cy 4dh020219Santa_Cruz 28.4633 16.2557 2.92pr1014.0dark 1.6 
 553.27  2900  1280 30 
 553.3  2905  1350 26 
 553.34  2910  1420 28 
 553.37  2915  1490 32 
 553.41  2920  1561 31 
 553.44  2925  1631 34 
 553.48  2930  1702 31 
 553.51  2935  1773 34 
 553.55  2940  1843 31 
 553.58  2945  1914 36 
 553.62  2950  1985 33 
 553.65  2955  2056 36 
 553.69  2960  2127 30 
 553.72  2965  2198 36 
 553.76  2970  2269 35 
 553.79  2975  2340 35 
 553.83  2980  2411 40 
 553.86  2985  2483 47 
 553.9  2990  2554 47 
 553.93  2995  2626 54 
 553.97  3000  2697 61 
 554  3005  2769 82 
 554.04  3010  2841 105 
 554.07  3015  2912 142 
 554.11  3020  2984 167 
 554.14  3025  3056 232 
 554.18  3030  3128 379 
 554.21  3035  3200 477 
 554.25  3040  3273 512 
 554.28  3045  3345 755 
 554.32  3050  3417 1192 
 554.35  3055  3490 1308 
 554.39  3060  3562 1403 
 554.42  3065  3635 1749 
 554.46  3070  3707 2803 
 554.49  3075  3780 3690 
 554.53  3080  3853 4047 
 554.56  3085  3926 4786 
 554.6  3090  3998 4348 
 554.63  3095  4071 5810 
 554.67  3100  4145 6286 
 554.7  3105  4218 10201 
 554.74  3110  4291 12520 
 554.77  3115  4364 12678 
 554.81  3120  4438 13409 
 554.84  3125  4511 16561 
 554.88  3130  4585 17840 
 554.91  3135  4658 17520 
 554.95  3140  4732 21457 
 554.98  3145  4806 20228 
 555.02  3150  4880 25755 
 555.05  3155  4954 21056 
 555.09  3160  5028 19134 
 555.12  3165  5102 27327 
 555.16  3170  5176 32431 
 555.19  3175  5251 31281 
 555.23  3180  5325 24233 
 555.26  3185  5399 31156 
 555.3  3190  5474 33674 
 555.33  3195  5549 27561 
 555.37  3200  5623 30802 
 555.4  3205  5698 36893 
 555.44  3210  5773 30686 
 555.47  3215  5848 28945 
 555.51  3220  5923 28172 
 555.54  3225  5998 22800 
 555.58  3230  6073 21967 
 555.61  3235  6149 25043 
 555.65  3240  6224 27262 
 555.68  3245  6300 24659 
 555.72  3250  6375 20414 
end
ufIntegration time is 0.2294 seconds per sampledt  4E-08 cy 4dh020219Santa_Cruz 28.4633 16.2557 2.96pr1014.0dark 1.4 
 566.98  2900  1280 35 
 567.02  2905  1350 28 
 567.05  2910  1420 34 
 567.09  2915  1490 28 
 567.12  2920  1561 31 
 567.16  2925  1631 31 
 567.19  2930  1702 33 
 567.23  2935  1773 34 
 567.26  2940  1843 32 
 567.3  2945  1914 33 
 567.33  2950  1985 34 
 567.37  2955  2056 35 
 567.4  2960  2127 44 
 567.44  2965  2198 39 
 567.47  2970  2269 36 
 567.51  2975  2340 46 
 567.54  2980  2411 44 
 567.58  2985  2483 44 
 567.61  2990  2554 57 
 567.65  2995  2626 61 
 567.68  3000  2697 80 
 567.72  3005  2769 102 
 567.75  3010  2841 148 
 567.79  3015  2912 187 
 567.82  3020  2984 179 
 567.86  3025  3056 337 
 567.89  3030  3128 548 
 567.93  3035  3200 703 
 567.96  3040  3273 739 
 568  3045  3345 1106 
 568.03  3050  3417 1718 
 568.07  3055  3490 1896 
 568.1  3060  3562 2006 
 568.13  3065  3635 2426 
 568.17  3070  3707 3820 
 568.21  3075  3780 4848 
 568.24  3080  3853 5227 
 568.28  3085  3926 6157 
 568.31  3090  3998 5701 
 568.35  3095  4071 7278 
 568.38  3100  4145 7453 
 568.42  3105  4218 12277 
 568.45  3110  4291 14703 
 568.48  3115  4364 14725 
 568.52  3120  4438 15100 
 568.56  3125  4511 18442 
 568.59  3130  4585 19635 
 568.62  3135  4658 19402 
 568.66  3140  4732 23315 
 568.69  3145  4806 21159 
 568.73  3150  4880 27052 
 568.76  3155  4954 22457 
 568.8  3160  5028 19732 
 568.83  3165  5102 27663 
 568.87  3170  5176 32488 
 568.9  3175  5251 31684 
 568.94  3180  5325 24285 
 568.97  3185  5399 30021 
 569.01  3190  5474 32817 
 569.04  3195  5549 26691 
 569.08  3200  5623 30142 
 569.11  3205  5698 35333 
 569.15  3210  5773 29297 
 569.18  3215  5848 27324 
 569.22  3220  5923 26965 
 569.25  3225  5998 21795 
 569.29  3230  6073 20591 
 569.32  3235  6149 23055 
 569.36  3240  6224 24726 
 569.39  3245  6300 22858 
 569.43  3250  6375 18915 
end
ufIntegration time is 0.2294 seconds per sampledt  4E-08 cy 4dh020219Santa_Cruz 28.4633 16.2557 2.98pr1014.0dark 1.6 
 584.75  2900  1280 38 
 584.79  2905  1350 37 
 584.83  2910  1420 29 
 584.86  2915  1490 33 
 584.89  2920  1561 31 
 584.93  2925  1631 31 
 584.97  2930  1702 32 
 585  2935  1773 34 
 585.03  2940  1843 36 
 585.07  2945  1914 42 
 585.1  2950  1985 43 
 585.14  2955  2056 39 
 585.17  2960  2127 40 
 585.21  2965  2198 41 
 585.24  2970  2269 41 
 585.28  2975  2340 47 
 585.31  2980  2411 51 
 585.35  2985  2483 53 
 585.38  2990  2554 72 
 585.42  2995  2626 86 
 585.45  3000  2697 100 
 585.49  3005  2769 139 
 585.52  3010  2841 195 
 585.56  3015  2912 261 
 585.59  3020  2984 249 
 585.63  3025  3056 513 
 585.66  3030  3128 833 
 585.7  3035  3200 1048 
 585.73  3040  3273 1067 
 585.77  3045  3345 1583 
 585.8  3050  3417 2368 
 585.84  3055  3490 2626 
 585.87  3060  3562 2702 
 585.91  3065  3635 3352 
 585.94  3070  3707 4967 
 585.98  3075  3780 6356 
 586.01  3080  3853 6829 
 586.05  3085  3926 7906 
 586.08  3090  3998 7298 
 586.12  3095  4071 8905 
 586.15  3100  4145 9087 
 586.19  3105  4218 14920 
 586.22  3110  4291 18001 
 586.26  3115  4364 17714 
 586.29  3120  4438 17787 
 586.33  3125  4511 21286 
 586.36  3130  4585 22532 
 586.4  3135  4658 22530 
 586.43  3140  4732 26693 
 586.47  3145  4806 23925 
 586.5  3150  4880 30315 
 586.54  3155  4954 25140 
 586.57  3160  5028 21949 
 586.61  3165  5102 30458 
 586.64  3170  5176 36080 
 586.68  3175  5251 35497 
 586.71  3180  5325 26795 
 586.75  3185  5399 32787 
 586.78  3190  5474 35235 
 586.82  3195  5549 29237 
 586.85  3200  5623 33121 
 586.89  3205  5698 38251 
 586.92  3210  5773 31194 
 586.96  3215  5848 29336 
 586.99  3220  5923 29256 
 587.03  3225  5998 23470 
 587.06  3230  6073 22412 
 587.1  3235  6149 24644 
 587.13  3240  6224 26397 
 587.17  3245  6300 24561 
 587.2  3250  6375 20543 
end
ufIntegration time is 0.2294 seconds per sampledt  4E-08 cy 4dh020219Santa_Cruz 28.4633 16.2557 3.03pr1014.0dark 1.8 
 610.56  2900  1280 56 
 610.6  2905  1350 55 
 610.63  2910  1420 54 
 610.67  2915  1490 49 
 610.7  2920  1561 54 
 610.74  2925  1631 56 
 610.77  2930  1702 43 
 610.81  2935  1773 53 
 610.84  2940  1843 55 
 610.88  2945  1914 64 
 610.91  2950  1985 55 
 610.95  2955  2056 57 
 610.98  2960  2127 66 
 611.02  2965  2198 64 
 611.05  2970  2269 70 
 611.09  2975  2340 92 
 611.12  2980  2411 103 
 611.16  2985  2483 132 
 611.19  2990  2554 162 
 611.22  2995  2626 214 
 611.26  3000  2697 218 
 611.3  3005  2769 315 
 611.33  3010  2841 479 
 611.37  3015  2912 660 
 611.4  3020  2984 648 
 611.44  3025  3056 1199 
 611.47  3030  3128 1976 
 611.51  3035  3200 2577 
 611.55  3040  3273 2581 
 611.58  3045  3345 3596 
 611.62  3050  3417 5388 
 611.65  3055  3490 5725 
 611.69  3060  3562 5805 
 611.72  3065  3635 7160 
 611.76  3070  3707 10175 
 611.8  3075  3780 12519 
 611.83  3080  3853 13431 
 611.87  3085  3926 15417 
 611.9  3090  3998 13814 
 611.94  3095  4071 16500 
 611.97  3100  4145 16757 
 612.01  3105  4218 27131 
 612.04  3110  4291 32199 
 612.08  3115  4364 31539 
 612.11  3120  4438 30833 
 612.15  3125  4511 36264 
 612.18  3130  4585 38459 
 612.22  3135  4658 37965 
 612.25  3140  4732 44619 
 612.29  3145  4806 39404 
 612.32  3150  4880 49644 
 612.36  3155  4954 41250 
 612.39  3160  5028 35463 
 612.43  3165  5102 48252 
 612.46  3170  5176 57343 
 612.49  3175  5251 56354 
 612.53  3180  5325 42194 
 612.57  3185  5399 50710 
 612.6  3190  5474 54118 
 612.63  3195  5549 45427 
 612.67  3200  5623 51428 
 612.7  3205  5698 58024 
 612.74  3210  5773 46702 
 612.77  3215  5848 43749 
 612.81  3220  5923 44291 
 612.84  3225  5998 35619 
 612.88  3230  6073 33483 
 612.91  3235  6149 36415 
 612.95  3240  6224 39010 
 612.98  3245  6300 36395 
 613.02  3250  6375 30688 
end
ufIntegration time is 0.2294 seconds per sampledt  4E-08 cy 4dh020219Santa_Cruz 28.4633 16.2557 3.09pr1014.0dark 2.4 
 626.32  2900  1280 62 
 626.36  2905  1350 59 
 626.39  2910  1420 62 
 626.43  2915  1490 63 
 626.46  2920  1561 67 
 626.5  2925  1631 61 
 626.53  2930  1702 63 
 626.57  2935  1773 66 
 626.6  2940  1843 66 
 626.64  2945  1914 76 
 626.67  2950  1985 72 
 626.71  2955  2056 77 
 626.74  2960  2127 96 
 626.78  2965  2198 94 
 626.81  2970  2269 106 
 626.85  2975  2340 156 
 626.88  2980  2411 133 
 626.92  2985  2483 161 
 626.95  2990  2554 270 
 626.99  2995  2626 351 
 627.02  3000  2697 339 
 627.06  3005  2769 473 
 627.09  3010  2841 778 
 627.13  3015  2912 1014 
 627.16  3020  2984 992 
 627.2  3025  3056 1834 
 627.23  3030  3128 3040 
 627.27  3035  3200 3700 
 627.3  3040  3273 3707 
 627.34  3045  3345 5221 
 627.37  3050  3417 7455 
 627.41  3055  3490 7665 
 627.44  3060  3562 8024 
 627.48  3065  3635 9567 
 627.51  3070  3707 13546 
 627.55  3075  3780 16366 
 627.58  3080  3853 17617 
 627.62  3085  3926 19743 
 627.65  3090  3998 17476 
 627.69  3095  4071 20762 
 627.72  3100  4145 21039 
 627.76  3105  4218 33696 
 627.79  3110  4291 39636 
 627.83  3115  4364 38737 
 627.86  3120  4438 37563 
 627.9  3125  4511 44019 
 627.93  3130  4585 46009 
 627.97  3135  4658 45856 
 628  3140  4732 53282 
 628.04  3145  4806 46323 
 628.07  3150  4880 58362 
 628.11  3155  4954 48486 
 628.14  3160  5028 41244 
 628.17  3165  5102 56344 
 628.21  3170  5176 66730 
 628.25  3175  5251 65182 
 628.28  3180  5325 48622 
 628.32  3185  5399 58258 
 628.35  3190  5474 61626 
 628.38  3195  5549 52055 
 628.42  3200  5623 59386 
 628.46  3205  5698 66341 
 628.49  3210  5773 53053 
 628.52  3215  5848 50078 
 628.56  3220  5923 50610 
 628.6  3225  5998 40461 
 628.63  3230  6073 38247 
 628.66  3235  6149 40971 
 628.7  3240  6224 43950 
 628.73  3245  6300 41024 
 628.77  3250  6375 34693 
end
ufIntegration time is 0.2294 seconds per sampledt  4E-08 cy 4dh020219Santa_Cruz 28.4633 16.2557 3.11pr1014.0dark 2.4 
 648.53  2900  1280 56 
 648.57  2905  1350 49 
 648.6  2910  1420 59 
 648.63  2915  1490 60 
 648.67  2920  1561 58 
 648.7  2925  1631 64 
 648.74  2930  1702 57 
 648.77  2935  1773 67 
 648.81  2940  1843 61 
 648.84  2945  1914 68 
 648.88  2950  1985 61 
 648.91  2955  2056 77 
 648.95  2960  2127 88 
 648.98  2965  2198 90 
 649.02  2970  2269 101 
 649.05  2975  2340 155 
 649.09  2980  2411 158 
 649.12  2985  2483 177 
 649.16  2990  2554 296 
 649.19  2995  2626 383 
 649.23  3000  2697 422 
 649.26  3005  2769 567 
 649.3  3010  2841 950 
 649.33  3015  2912 1221 
 649.37  3020  2984 1215 
 649.4  3025  3056 2156 
 649.44  3030  3128 3519 
 649.47  3035  3200 4279 
 649.51  3040  3273 4196 
 649.54  3045  3345 5783 
 649.58  3050  3417 8210 
 649.61  3055  3490 8427 
 649.65  3060  3562 8723 
 649.68  3065  3635 10162 
 649.72  3070  3707 14345 
 649.75  3075  3780 16998 
 649.79  3080  3853 17944 
 649.82  3085  3926 20300 
 649.86  3090  3998 17856 
 649.89  3095  4071 20649 
 649.93  3100  4145 20661 
 649.96  3105  4218 33464 
 650  3110  4291 39191 
 650.03  3115  4364 37979 
 650.07  3120  4438 36276 
 650.1  3125  4511 42375 
 650.14  3130  4585 44313 
 650.17  3135  4658 44023 
 650.21  3140  4732 50683 
 650.24  3145  4806 43631 
 650.28  3150  4880 55187 
 650.31  3155  4954 46187 
 650.35  3160  5028 38595 
 650.38  3165  5102 52147 
 650.42  3170  5176 62611 
 650.45  3175  5251 61287 
 650.49  3180  5325 45132 
 650.52  3185  5399 53914 
 650.56  3190  5474 57294 
 650.59  3195  5549 48458 
 650.63  3200  5623 55451 
 650.66  3205  5698 61429 
 650.7  3210  5773 48732 
 650.73  3215  5848 45981 
 650.77  3220  5923 47209 
 650.8  3225  5998 37456 
 650.84  3230  6073 35238 
 650.87  3235  6149 37764 
 650.91  3240  6224 40318 
 650.94  3245  6300 37937 
 650.98  3250  6375 32050 
end
ufIntegration time is 0.2294 seconds per sampledt  4E-08 cy 4dh020219Santa_Cruz 28.4633 16.2557 3.13pr1014.0dark 2.2 
 655.72  2900  1280 58 
 655.75  2905  1350 65 
 655.79  2910  1420 65 
 655.82  2915  1490 58 
 655.86  2920  1561 58 
 655.89  2925  1631 54 
 655.93  2930  1702 60 
 655.96  2935  1773 65 
 656  2940  1843 61 
 656.03  2945  1914 65 
 656.07  2950  1985 67 
 656.1  2955  2056 76 
 656.14  2960  2127 89 
 656.17  2965  2198 96 
 656.21  2970  2269 102 
 656.24  2975  2340 151 
 656.28  2980  2411 176 
 656.31  2985  2483 191 
 656.35  2990  2554 296 
 656.38  2995  2626 393 
 656.42  3000  2697 428 
 656.45  3005  2769 578 
 656.49  3010  2841 908 
 656.52  3015  2912 1282 
 656.56  3020  2984 1167 
 656.59  3025  3056 2194 
 656.63  3030  3128 3390 
 656.66  3035  3200 4174 
 656.7  3040  3273 4095 
 656.73  3045  3345 5616 
 656.77  3050  3417 7807 
 656.8  3055  3490 7975 
 656.84  3060  3562 8142 
 656.87  3065  3635 9546 
 656.91  3070  3707 13293 
 656.94  3075  3780 15811 
 656.98  3080  3853 16662 
 657.01  3085  3926 18744 
 657.05  3090  3998 16284 
 657.08  3095  4071 18804 
 657.12  3100  4145 18901 
 657.15  3105  4218 30379 
 657.19  3110  4291 35121 
 657.22  3115  4364 33996 
 657.26  3120  4438 32373 
 657.29  3125  4511 37735 
 657.33  3130  4585 39071 
 657.36  3135  4658 39080 
 657.4  3140  4732 44840 
 657.43  3145  4806 38051 
 657.47  3150  4880 47879 
 657.5  3155  4954 39850 
 657.54  3160  5028 33542 
 657.57  3165  5102 45432 
 657.61  3170  5176 53750 
 657.64  3175  5251 52591 
 657.68  3180  5325 38753 
 657.71  3185  5399 46272 
 657.75  3190  5474 48513 
 657.78  3195  5549 41073 
 657.82  3200  5623 46780 
 657.85  3205  5698 51888 
 657.89  3210  5773 40745 
 657.92  3215  5848 38368 
 657.96  3220  5923 39248 
 657.99  3225  5998 31130 
 658.03  3230  6073 29294 
 658.06  3235  6149 31132 
 658.1  3240  6224 33262 
 658.13  3245  6300 31172 
 658.17  3250  6375 26590 
end
ufIntegration time is 0.2294 seconds per sampledt  4E-08 cy 4dh020219Santa_Cruz 28.4633 16.2557 3.15pr1014.0dark 3 
 681.69  2900  1280 56 
 681.73  2905  1350 54 
 681.76  2910  1420 55 
 681.8  2915  1490 51 
 681.83  2920  1561 53 
 681.87  2925  1631 61 
 681.9  2930  1702 49 
 681.94  2935  1773 53 
 681.97  2940  1843 62 
 682.01  2945  1914 68 
 682.04  2950  1985 67 
 682.08  2955  2056 71 
 682.11  2960  2127 81 
 682.15  2965  2198 86 
 682.18  2970  2269 122 
 682.22  2975  2340 159 
 682.25  2980  2411 194 
 682.29  2985  2483 207 
 682.32  2990  2554 350 
 682.36  2995  2626 493 
 682.39  3000  2697 503 
 682.43  3005  2769 666 
 682.46  3010  2841 1040 
 682.5  3015  2912 1443 
 682.53  3020  2984 1328 
 682.57  3025  3056 2390 
 682.6  3030  3128 3719 
 682.64  3035  3200 4505 
 682.67  3040  3273 4338 
 682.71  3045  3345 5974 
 682.74  3050  3417 8177 
 682.78  3055  3490 8325 
 682.81  3060  3562 8421 
 682.85  3065  3635 9837 
 682.88  3070  3707 13526 
 682.92  3075  3780 15817 
 682.95  3080  3853 16449 
 682.99  3085  3926 18609 
 683.02  3090  3998 16208 
 683.06  3095  4071 18406 
 683.09  3100  4145 18179 
 683.13  3105  4218 29592 
 683.16  3110  4291 33921 
 683.2  3115  4364 32539 
 683.23  3120  4438 30809 
 683.27  3125  4511 35494 
 683.3  3130  4585 36976 
 683.34  3135  4658 37026 
 683.37  3140  4732 41872 
 683.41  3145  4806 35726 
 683.44  3150  4880 44665 
 683.48  3155  4954 37479 
 683.51  3160  5028 31044 
 683.55  3165  5102 41834 
 683.58  3170  5176 49721 
 683.62  3175  5251 48777 
 683.65  3180  5325 35681 
 683.69  3185  5399 42315 
 683.72  3190  5474 44476 
 683.75  3195  5549 38094 
 683.79  3200  5623 42973 
 683.83  3205  5698 47640 
 683.86  3210  5773 37059 
 683.9  3215  5848 34896 
 683.93  3220  5923 35807 
 683.97  3225  5998 28718 
 684  3230  6073 26754 
 684.04  3235  6149 28248 
 684.07  3240  6224 30274 
 684.1  3245  6300 28531 
 684.14  3250  6375 24253 
end
ufIntegration time is 0.2294 seconds per sampledt  4E-08 cy 4dh020219Santa_Cruz 28.4633 16.2557 3.21pr1014.0dark 3.4 
 722.85  2900  1280 124 
 722.88  2905  1350 158 
 722.92  2910  1420 123 
 722.95  2915  1490 122 
 722.99  2920  1561 144 
 723.02  2925  1631 160 
 723.06  2930  1702 134 
 723.09  2935  1773 143 
 723.13  2940  1843 149 
 723.16  2945  1914 144 
 723.2  2950  1985 172 
 723.23  2955  2056 194 
 723.27  2960  2127 250 
 723.3  2965  2198 265 
 723.34  2970  2269 341 
 723.37  2975  2340 544 
 723.41  2980  2411 672 
 723.44  2985  2483 669 
 723.48  2990  2554 1163 
 723.51  2995  2626 1531 
 723.55  3000  2697 1587 
 723.58  3005  2769 2151 
 723.62  3010  2841 3261 
 723.65  3015  2912 4296 
 723.69  3020  2984 3934 
 723.72  3025  3056 6965 
 723.76  3030  3128 10786 
 723.79  3035  3200 12953 
 723.83  3040  3273 12259 
 723.86  3045  3345 16358 
 723.9  3050  3417 22113 
 723.93  3055  3490 22268 
 723.97  3060  3562 22295 
 724  3065  3635 25686 
 724.04  3070  3707 34595 
 724.07  3075  3780 40207 
 724.11  3080  3853 41813 
 724.14  3085  3926 46865 
 724.18  3090  3998 40219 
 724.21  3095  4071 44996 
 724.25  3100  4145 44668 
 724.28  3105  4218 71737 
 724.32  3110  4291 82162 
 724.35  3115  4364 78477 
 724.39  3120  4438 73639 
 724.42  3125  4511 84487 
 724.46  3130  4585 87376 
 724.49  3135  4658 87141 
 724.53  3140  4732 98323 
 724.56  3145  4806 83077 
 724.6  3150  4880 103646 
 724.63  3155  4954 87043 
 724.67  3160  5028 72342 
 724.7  3165  5102 96687 
 724.74  3170  5176 114478 
 724.77  3175  5251 112097 
 724.81  3180  5325 82041 
 724.84  3185  5399 96888 
 724.88  3190  5474 101048 
 724.91  3195  5549 86660 
 724.95  3200  5623 98633 
 724.98  3205  5698 108311 
 725.02  3210  5773 84180 
 725.05  3215  5848 79390 
 725.09  3220  5923 81924 
 725.12  3225  5998 65442 
 725.16  3230  6073 60674 
 725.19  3235  6149 64094 
 725.23  3240  6224 68141 
 725.26  3245  6300 64529 
 725.3  3250  6375 55024 
end
ufIntegration time is 0.2294 seconds per sampledt  4E-08 cy 4dh020219Santa_Cruz 28.4633 16.2557 3.27pr1014.0dark 3.4 
 755.8  2900  1280 202 
 755.83  2905  1350 211 
 755.87  2910  1420 198 
 755.9  2915  1490 223 
 755.94  2920  1561 213 
 755.97  2925  1631 208 
 756.01  2930  1702 235 
 756.04  2935  1773 258 
 756.08  2940  1843 265 
 756.11  2945  1914 263 
 756.15  2950  1985 309 
 756.18  2955  2056 387 
 756.22  2960  2127 471 
 756.25  2965  2198 542 
 756.29  2970  2269 627 
 756.32  2975  2340 1054 
 756.36  2980  2411 1305 
 756.39  2985  2483 1335 
 756.43  2990  2554 2287 
 756.46  2995  2626 3078 
 756.5  3000  2697 3085 
 756.53  3005  2769 4109 
 756.57  3010  2841 6419 
 756.6  3015  2912 8279 
 756.64  3020  2984 7234 
 756.67  3025  3056 13129 
 756.71  3030  3128 20140 
 756.74  3035  3200 23752 
 756.78  3040  3273 22538 
 756.81  3045  3345 29795 
 756.85  3050  3417 40260 
 756.88  3055  3490 40233 
 756.92  3060  3562 40140 
 756.95  3065  3635 45745 
 756.99  3070  3707 61743 
 757.02  3075  3780 70765 
 757.06  3080  3853 73915 
 757.09  3085  3926 81993 
 757.13  3090  3998 70262 
 757.16  3095  4071 78384 
 757.2  3100  4145 76694 
 757.23  3105  4218 122638 
 757.27  3110  4291 141309 
 757.3  3115  4364 135118 
 757.34  3120  4438 125853 
 757.37  3125  4511 144461 
 757.41  3130  4585 149084 
 757.44  3135  4658 148587 
 757.48  3140  4732 168008 
 757.51  3145  4806 140181 
 757.55  3150  4880 176415 
 757.58  3155  4954 148253 
 757.62  3160  5028 121752 
 757.65  3165  5102 163381 
 757.69  3170  5176 194709 
 757.72  3175  5251 190804 
 757.76  3180  5325 138780 
 757.79  3185  5399 163455 
 757.83  3190  5474 169961 
 757.86  3195  5549 145869 
 757.9  3200  5623 156916 
 757.93  3205  5698 161397 
 757.97  3210  5773 120567 
 758  3215  5848 118661 
 758.04  3220  5923 121135 
 758.07  3225  5998 92365 
 758.11  3230  6073 88102 
 758.14  3235  6149 94694 
 758.18  3240  6224 95538 
 758.21  3245  6300 84392 
 758.25  3250  6375 70484 
end
ufIntegration time is 0.2294 seconds per sampledt  4E-08 cy 4dh020219Santa_Cruz 28.4633 16.2557 3.33pr1014.0dark 4.6 
 779.71  2900  1280 185 
 779.74  2905  1350 206 
 779.78  2910  1420 200 
 779.81  2915  1490 193 
 779.85  2920  1561 203 
 779.88  2925  1631 200 
 779.92  2930  1702 198 
 779.95  2935  1773 209 
 779.99  2940  1843 233 
 780.02  2945  1914 257 
 780.06  2950  1985 276 
 780.09  2955  2056 338 
 780.13  2960  2127 454 
 780.16  2965  2198 487 
 780.2  2970  2269 555 
 780.23  2975  2340 969 
 780.27  2980  2411 1128 
 780.3  2985  2483 1128 
 780.34  2990  2554 1918 
 780.37  2995  2626 2494 
 780.41  3000  2697 2521 
 780.44  3005  2769 3343 
 780.48  3010  2841 5300 
 780.51  3015  2912 7409 
 780.55  3020  2984 6468 
 780.58  3025  3056 11307 
 780.62  3030  3128 17335 
 780.65  3035  3200 20707 
 780.69  3040  3273 19533 
 780.72  3045  3345 27426 
 780.76  3050  3417 39199 
 780.79  3055  3490 39514 
 780.83  3060  3562 37380 
 780.86  3065  3635 42654 
 780.9  3070  3707 56167 
 780.93  3075  3780 61441 
 780.97  3080  3853 61391 
 781  3085  3926 66336 
 781.04  3090  3998 56099 
 781.07  3095  4071 61239 
 781.1  3100  4145 59456 
 781.14  3105  4218 93878 
 781.17  3110  4291 109099 
 781.21  3115  4364 105541 
 781.25  3120  4438 99859 
 781.28  3125  4511 114617 
 781.31  3130  4585 117614 
 781.35  3135  4658 116819 
 781.39  3140  4732 129472 
 781.42  3145  4806 105538 
 781.45  3150  4880 129102 
 781.49  3155  4954 107423 
 781.53  3160  5028 87989 
 781.56  3165  5102 115952 
 781.59  3170  5176 136398 
 781.63  3175  5251 132168 
 781.66  3180  5325 96150 
 781.7  3185  5399 111460 
 781.73  3190  5474 116557 
 781.77  3195  5549 99043 
 781.8  3200  5623 111562 
 781.84  3205  5698 121828 
 781.87  3210  5773 94796 
 781.91  3215  5848 87908 
 781.94  3220  5923 91150 
 781.98  3225  5998 72714 
 782.01  3230  6073 66746 
 782.05  3235  6149 70030 
 782.08  3240  6224 74135 
 782.12  3245  6300 69835 
 782.15  3250  6375 59412 
end
ufIntegration time is 0.2294 seconds per sampledt  4E-08 cy 4dh020219Santa_Cruz 28.4633 16.2557 3.37pr1014.0dark 5.4 
 801.28  2900  1280 152 
 801.31  2905  1350 152 
 801.35  2910  1420 153 
 801.38  2915  1490 153 
 801.42  2920  1561 160 
 801.45  2925  1631 179 
 801.49  2930  1702 162 
 801.52  2935  1773 176 
 801.56  2940  1843 183 
 801.59  2945  1914 200 
 801.63  2950  1985 275 
 801.66  2955  2056 291 
 801.7  2960  2127 426 
 801.73  2965  2198 484 
 801.77  2970  2269 632 
 801.8  2975  2340 1118 
 801.84  2980  2411 1405 
 801.87  2985  2483 1496 
 801.91  2990  2554 2638 
 801.94  2995  2626 3509 
 801.98  3000  2697 3512 
 802.01  3005  2769 4578 
 802.05  3010  2841 7250 
 802.08  3015  2912 9307 
 802.12  3020  2984 8347 
 802.15  3025  3056 15046 
 802.19  3030  3128 22734 
 802.22  3035  3200 26792 
 802.26  3040  3273 25387 
 802.29  3045  3345 33603 
 802.33  3050  3417 44909 
 802.36  3055  3490 44654 
 802.4  3060  3562 44795 
 802.43  3065  3635 51122 
 802.47  3070  3707 68744 
 802.5  3075  3780 78775 
 802.54  3080  3853 81882 
 802.57  3085  3926 90990 
 802.61  3090  3998 77045 
 802.64  3095  4071 84239 
 802.68  3100  4145 81571 
 802.71  3105  4218 131244 
 802.75  3110  4291 147290 
 802.78  3115  4364 137120 
 802.82  3120  4438 126909 
 802.85  3125  4511 145435 
 802.89  3130  4585 150052 
 802.92  3135  4658 150240 
 802.96  3140  4732 167179 
 802.99  3145  4806 139733 
 803.03  3150  4880 175213 
 803.06  3155  4954 143633 
 803.1  3160  5028 116872 
 803.13  3165  5102 155008 
 803.17  3170  5176 182307 
 803.2  3175  5251 179698 
 803.24  3180  5325 134640 
 803.27  3185  5399 163156 
 803.31  3190  5474 168623 
 803.34  3195  5549 146714 
 803.38  3200  5623 171077 
 803.41  3205  5698 193738 
 803.45  3210  5773 154845 
 803.48  3215  5848 148605 
 803.52  3220  5923 154191 
 803.55  3225  5998 121820 
 803.59  3230  6073 113717 
 803.62  3235  6149 119775 
 803.66  3240  6224 127128 
 803.69  3245  6300 119017 
 803.73  3250  6375 100180 
end
ufIntegration time is 0.2294 seconds per sampledt  4E-08 cy 4dh020219Santa_Cruz 28.4633 16.2557 3.43pr1014.0dark 7 
 823.46  2900  1280 194 
 823.5  2905  1350 193 
 823.53  2910  1420 186 
 823.57  2915  1490 201 
 823.6  2920  1561 185 
 823.63  2925  1631 191 
 823.67  2930  1702 196 
 823.71  2935  1773 210 
 823.74  2940  1843 244 
 823.77  2945  1914 263 
 823.81  2950  1985 300 
 823.84  2955  2056 363 
 823.88  2960  2127 464 
 823.91  2965  2198 509 
 823.95  2970  2269 609 
 823.98  2975  2340 964 
 824.02  2980  2411 1069 
 824.05  2985  2483 1075 
 824.09  2990  2554 1903 
 824.12  2995  2626 2581 
 824.16  3000  2697 2797 
 824.19  3005  2769 4013 
 824.23  3010  2841 6321 
 824.26  3015  2912 8079 
 824.3  3020  2984 6893 
 824.33  3025  3056 11550 
 824.37  3030  3128 17348 
 824.4  3035  3200 21667 
 824.44  3040  3273 21589 
 824.47  3045  3345 29645 
 824.51  3050  3417 42632 
 824.54  3055  3490 42999 
 824.58  3060  3562 42279 
 824.61  3065  3635 47119 
 824.65  3070  3707 58872 
 824.68  3075  3780 65627 
 824.72  3080  3853 63800 
 824.75  3085  3926 66827 
 824.79  3090  3998 56014 
 824.82  3095  4071 62357 
 824.86  3100  4145 60644 
 824.89  3105  4218 95380 
 824.93  3110  4291 106657 
 824.96  3115  4364 100247 
 825  3120  4438 92980 
 825.03  3125  4511 106326 
 825.07  3130  4585 109194 
 825.1  3135  4658 108806 
 825.14  3140  4732 122909 
 825.17  3145  4806 103377 
 825.21  3150  4880 129455 
 825.24  3155  4954 109882 
 825.28  3160  5028 91696 
 825.31  3165  5102 123510 
 825.35  3170  5176 147440 
 825.38  3175  5251 144628 
 825.42  3180  5325 105298 
 825.45  3185  5399 124525 
 825.49  3190  5474 129571 
 825.52  3195  5549 112344 
 825.56  3200  5623 127354 
 825.59  3205  5698 139803 
 825.63  3210  5773 107831 
 825.66  3215  5848 101804 
 825.7  3220  5923 106045 
 825.73  3225  5998 84865 
 825.77  3230  6073 78885 
 825.8  3235  6149 83003 
 825.84  3240  6224 88771 
 825.87  3245  6300 83006 
 825.91  3250  6375 70548 
end
ufIntegration time is 0.2294 seconds per sampledt  4E-08 cy 4dh020219Santa_Cruz 28.4633 16.2557 3.45pr1014.0dark 8.2 
 864.64  2900  1280 114 
 864.68  2905  1350 115 
 864.71  2910  1420 148 
 864.75  2915  1490 136 
 864.78  2920  1561 126 
 864.82  2925  1631 136 
 864.85  2930  1702 136 
 864.89  2935  1773 133 
 864.92  2940  1843 133 
 864.96  2945  1914 151 
 864.99  2950  1985 166 
 865.03  2955  2056 192 
 865.06  2960  2127 271 
 865.1  2965  2198 264 
 865.13  2970  2269 311 
 865.17  2975  2340 538 
 865.2  2980  2411 626 
 865.24  2985  2483 643 
 865.27  2990  2554 1074 
 865.31  2995  2626 1463 
 865.34  3000  2697 1468 
 865.38  3005  2769 1987 
 865.41  3010  2841 3007 
 865.45  3015  2912 4040 
 865.48  3020  2984 3625 
 865.52  3025  3056 6468 
 865.55  3030  3128 9923 
 865.59  3035  3200 11904 
 865.62  3040  3273 11310 
 865.66  3045  3345 14981 
 865.69  3050  3417 20285 
 865.73  3055  3490 20472 
 865.76  3060  3562 20522 
 865.8  3065  3635 23651 
 865.83  3070  3707 31885 
 865.87  3075  3780 36525 
 865.9  3080  3853 38210 
 865.94  3085  3926 42493 
 865.97  3090  3998 36420 
 866.01  3095  4071 40900 
 866.04  3100  4145 40278 
 866.08  3105  4218 64517 
 866.11  3110  4291 73830 
 866.15  3115  4364 70363 
 866.18  3120  4438 65738 
 866.22  3125  4511 75820 
 866.25  3130  4585 78212 
 866.29  3135  4658 78422 
 866.32  3140  4732 87990 
 866.35  3145  4806 74122 
 866.39  3150  4880 92917 
 866.43  3155  4954 77324 
 866.46  3160  5028 64490 
 866.5  3165  5102 86170 
 866.53  3170  5176 102411 
 866.56  3175  5251 100947 
 866.6  3180  5325 73432 
 866.64  3185  5399 87843 
 866.67  3190  5474 90642 
 866.7  3195  5549 78297 
 866.74  3200  5623 88438 
 866.77  3205  5698 97700 
 866.81  3210  5773 75632 
 866.84  3215  5848 71771 
 866.88  3220  5923 74178 
 866.91  3225  5998 59441 
 866.95  3230  6073 55826 
 866.98  3235  6149 59070 
 867.02  3240  6224 63771 
 867.05  3245  6300 60134 
 867.09  3250  6375 51915 
end
ufIntegration time is 0.2294 seconds per sampledt  4E-08 cy 4dh020219Santa_Cruz 28.4633 16.2557 3.41pr1014.0dark 8.600001 
 897.64  2900  1280 73 
 897.68  2905  1350 70 
 897.71  2910  1420 86 
 897.75  2915  1490 83 
 897.78  2920  1561 89 
 897.82  2925  1631 79 
 897.85  2930  1702 84 
 897.89  2935  1773 102 
 897.92  2940  1843 93 
 897.96  2945  1914 100 
 897.99  2950  1985 111 
 898.03  2955  2056 156 
 898.06  2960  2127 142 
 898.1  2965  2198 152 
 898.13  2970  2269 180 
 898.17  2975  2340 284 
 898.2  2980  2411 355 
 898.24  2985  2483 392 
 898.27  2990  2554 593 
 898.31  2995  2626 818 
 898.34  3000  2697 822 
 898.38  3005  2769 1186 
 898.41  3010  2841 1820 
 898.45  3015  2912 2419 
 898.48  3020  2984 2242 
 898.52  3025  3056 4069 
 898.55  3030  3128 6299 
 898.59  3035  3200 7590 
 898.62  3040  3273 7362 
 898.66  3045  3345 9953 
 898.69  3050  3417 13652 
 898.73  3055  3490 13935 
 898.76  3060  3562 14098 
 898.8  3065  3635 16383 
 898.83  3070  3707 22299 
 898.87  3075  3780 26121 
 898.9  3080  3853 27557 
 898.94  3085  3926 31053 
 898.97  3090  3998 26802 
 899.01  3095  4071 30530 
 899.04  3100  4145 30458 
 899.08  3105  4218 48885 
 899.11  3110  4291 56512 
 899.15  3115  4364 54333 
 899.18  3120  4438 51721 
 899.22  3125  4511 59860 
 899.25  3130  4585 62089 
 899.29  3135  4658 61913 
 899.32  3140  4732 70429 
 899.35  3145  4806 60039 
 899.39  3150  4880 75108 
 899.43  3155  4954 62774 
 899.46  3160  5028 52925 
 899.5  3165  5102 70773 
 899.53  3170  5176 84512 
 899.57  3175  5251 82644 
 899.6  3180  5325 60892 
 899.64  3185  5399 72495 
 899.67  3190  5474 75683 
 899.7  3195  5549 65018 
 899.74  3200  5623 74233 
 899.78  3205  5698 81759 
 899.81  3210  5773 63634 
 899.84  3215  5848 60111 
 899.88  3220  5923 62302 
 899.91  3225  5998 49671 
 899.95  3230  6073 46601 
 899.98  3235  6149 49273 
 900.02  3240  6224 52760 
 900.05  3245  6300 49649 
 900.09  3250  6375 42330 
end
ufIntegration time is 0.2294 seconds per sampledt  4E-08 cy 4dh020219Santa_Cruz 28.4633 16.2557 3.41pr1014.0dark 7 
 931.23  2900  1280 70 
 931.26  2905  1350 64 
 931.3  2910  1420 65 
 931.34  2915  1490 71 
 931.37  2920  1561 72 
 931.4  2925  1631 69 
 931.44  2930  1702 77 
 931.47  2935  1773 72 
 931.51  2940  1843 80 
 931.55  2945  1914 79 
 931.58  2950  1985 81 
 931.61  2955  2056 113 
 931.65  2960  2127 89 
 931.69  2965  2198 107 
 931.72  2970  2269 160 
 931.75  2975  2340 169 
 931.79  2980  2411 186 
 931.83  2985  2483 212 
 931.86  2990  2554 328 
 931.89  2995  2626 444 
 931.93  3000  2697 516 
 931.96  3005  2769 644 
 932  3010  2841 1041 
 932.03  3015  2912 1396 
 932.07  3020  2984 1300 
 932.1  3025  3056 2342 
 932.14  3030  3128 3786 
 932.17  3035  3200 4621 
 932.21  3040  3273 4461 
 932.24  3045  3345 5971 
 932.28  3050  3417 8563 
 932.31  3055  3490 8739 
 932.35  3060  3562 8817 
 932.38  3065  3635 10287 
 932.42  3070  3707 14214 
 932.45  3075  3780 17016 
 932.49  3080  3853 17845 
 932.52  3085  3926 20025 
 932.56  3090  3998 17384 
 932.59  3095  4071 19892 
 932.63  3100  4145 19780 
 932.66  3105  4218 31758 
 932.7  3110  4291 37307 
 932.73  3115  4364 35841 
 932.77  3120  4438 34216 
 932.8  3125  4511 39620 
 932.84  3130  4585 41370 
 932.87  3135  4658 41635 
 932.91  3140  4732 48305 
 932.94  3145  4806 41848 
 932.98  3150  4880 56476 
 933.01  3155  4954 52168 
 933.05  3160  5028 41776 
 933.08  3165  5102 53011 
 933.12  3170  5176 60740 
 933.15  3175  5251 58888 
 933.19  3180  5325 42971 
 933.22  3185  5399 50072 
 933.26  3190  5474 52546 
 933.29  3195  5549 43412 
 933.33  3200  5623 49385 
 933.36  3205  5698 54558 
 933.4  3210  5773 42887 
 933.43  3215  5848 39915 
 933.47  3220  5923 40850 
 933.5  3225  5998 32819 
 933.54  3230  6073 30181 
 933.57  3235  6149 32151 
 933.61  3240  6224 34435 
 933.64  3245  6300 32244 
 933.68  3250  6375 27353 
end
ufIntegration time is 0.2294 seconds per sampledt  4E-08 cy 4dh020219Santa_Cruz 28.4633 16.2557 3.43pr1014.0dark 7.2 
 960.66  2900  1280 95 
 960.7  2905  1350 123 
 960.73  2910  1420 100 
 960.77  2915  1490 107 
 960.8  2920  1561 105 
 960.84  2925  1631 109 
 960.87  2930  1702 118 
 960.91  2935  1773 113 
 960.94  2940  1843 134 
 960.97  2945  1914 135 
 961.01  2950  1985 116 
 961.05  2955  2056 140 
 961.08  2960  2127 132 
 961.12  2965  2198 148 
 961.15  2970  2269 173 
 961.18  2975  2340 207 
 961.22  2980  2411 229 
 961.26  2985  2483 252 
 961.29  2990  2554 405 
 961.32  2995  2626 559 
 961.36  3000  2697 562 
 961.39  3005  2769 739 
 961.43  3010  2841 1165 
 961.46  3015  2912 1590 
 961.5  3020  2984 1408 
 961.53  3025  3056 2710 
 961.57  3030  3128 4174 
 961.6  3035  3200 5204 
 961.64  3040  3273 5250 
 961.67  3045  3345 7600 
 961.71  3050  3417 11810 
 961.74  3055  3490 12811 
 961.78  3060  3562 12994 
 961.81  3065  3635 15398 
 961.85  3070  3707 20911 
 961.88  3075  3780 23012 
 961.92  3080  3853 22990 
 961.95  3085  3926 25741 
 961.99  3090  3998 22754 
 962.02  3095  4071 26335 
 962.06  3100  4145 26383 
 962.09  3105  4218 42248 
 962.13  3110  4291 50015 
 962.16  3115  4364 48405 
 962.2  3120  4438 46527 
 962.23  3125  4511 54507 
 962.27  3130  4585 56685 
 962.3  3135  4658 56743 
 962.34  3140  4732 65958 
 962.37  3145  4806 56688 
 962.41  3150  4880 71680 
 962.44  3155  4954 60264 
 962.48  3160  5028 51333 
 962.51  3165  5102 69645 
 962.55  3170  5176 83113 
 962.58  3175  5251 81698 
 962.62  3180  5325 60113 
 962.65  3185  5399 71760 
 962.69  3190  5474 77015 
 962.72  3195  5549 64732 
 962.76  3200  5623 73602 
 962.79  3205  5698 82970 
 962.83  3210  5773 67144 
 962.86  3215  5848 64306 
 962.9  3220  5923 68611 
 962.93  3225  5998 56139 
 962.97  3230  6073 50797 
 963  3235  6149 55106 
 963.04  3240  6224 61360 
 963.07  3245  6300 59663 
 963.11  3250  6375 50182 
end
ufIntegration time is 0.2294 seconds per sampledt  4E-08 cy 4dh020219Santa_Cruz 28.4633 16.2557 3.43pr1014.0dark 7.6 
 993.31  2900  1280 58 
 993.34  2905  1350 58 
 993.38  2910  1420 60 
 993.41  2915  1490 62 
 993.45  2920  1561 65 
 993.48  2925  1631 59 
 993.52  2930  1702 70 
 993.55  2935  1773 64 
 993.59  2940  1843 59 
 993.62  2945  1914 62 
 993.66  2950  1985 75 
 993.69  2955  2056 64 
 993.73  2960  2127 68 
 993.76  2965  2198 69 
 993.8  2970  2269 76 
 993.83  2975  2340 90 
 993.87  2980  2411 131 
 993.9  2985  2483 108 
 993.94  2990  2554 152 
 993.97  2995  2626 196 
 994.01  3000  2697 206 
 994.04  3005  2769 279 
 994.08  3010  2841 446 
 994.11  3015  2912 602 
 994.15  3020  2984 579 
 994.18  3025  3056 1074 
 994.22  3030  3128 1726 
 994.25  3035  3200 2287 
 994.29  3040  3273 2322 
 994.32  3045  3345 3267 
 994.36  3050  3417 4896 
 994.39  3055  3490 5285 
 994.43  3060  3562 5476 
 994.46  3065  3635 6485 
 994.5  3070  3707 9453 
 994.53  3075  3780 11798 
 994.57  3080  3853 12681 
 994.6  3085  3926 14500 
 994.64  3090  3998 13179 
 994.67  3095  4071 15760 
 994.71  3100  4145 16122 
 994.74  3105  4218 25961 
 994.78  3110  4291 30760 
 994.81  3115  4364 30349 
 994.85  3120  4438 30123 
 994.88  3125  4511 35926 
 994.92  3130  4585 37560 
 994.95  3135  4658 37521 
 994.99  3140  4732 44216 
 995.02  3145  4806 38907 
 995.06  3150  4880 48988 
 995.09  3155  4954 40786 
 995.13  3160  5028 35290 
 995.16  3165  5102 48801 
 995.2  3170  5176 57504 
 995.23  3175  5251 56434 
 995.27  3180  5325 42415 
 995.3  3185  5399 51553 
 995.34  3190  5474 55772 
 995.37  3195  5549 46072 
 995.41  3200  5623 52127 
 995.44  3205  5698 59570 
 995.48  3210  5773 48376 
 995.51  3215  5848 45210 
 995.55  3220  5923 45799 
 995.58  3225  5998 37236 
 995.62  3230  6073 34502 
 995.65  3235  6149 37980 
 995.69  3240  6224 40678 
 995.72  3245  6300 38037 
 995.76  3250  6375 31784 
end
ufIntegration time is 0.2294 seconds per sampledt  4E-08 cy 4dh020219Santa_Cruz 28.4633 16.2557 3.37pr1014.0dark 6.6 
 1024.02  2900  1280 33 
 1024.06  2905  1350 28 
 1024.09  2910  1420 33 
 1024.13  2915  1490 29 
 1024.16  2920  1561 31 
 1024.2  2925  1631 32 
 1024.23  2930  1702 37 
 1024.27  2935  1773 37 
 1024.3  2940  1843 30 
 1024.34  2945  1914 31 
 1024.37  2950  1985 35 
 1024.41  2955  2056 36 
 1024.44  2960  2127 40 
 1024.48  2965  2198 38 
 1024.51  2970  2269 35 
 1024.55  2975  2340 37 
 1024.58  2980  2411 41 
 1024.62  2985  2483 50 
 1024.65  2990  2554 52 
 1024.69  2995  2626 62 
 1024.72  3000  2697 67 
 1024.76  3005  2769 82 
 1024.79  3010  2841 120 
 1024.83  3015  2912 169 
 1024.86  3020  2984 164 
 1024.9  3025  3056 264 
 1024.93  3030  3128 451 
 1024.97  3035  3200 613 
 1025  3040  3273 607 
 1025.04  3045  3345 947 
 1025.07  3050  3417 1462 
 1025.11  3055  3490 1596 
 1025.14  3060  3562 1674 
 1025.18  3065  3635 2074 
 1025.21  3070  3707 3179 
 1025.25  3075  3780 4002 
 1025.28  3080  3853 4379 
 1025.32  3085  3926 5170 
 1025.35  3090  3998 4727 
 1025.39  3095  4071 5960 
 1025.42  3100  4145 6210 
 1025.46  3105  4218 10147 
 1025.49  3110  4291 12369 
 1025.53  3115  4364 12181 
 1025.56  3120  4438 12429 
 1025.6  3125  4511 15181 
 1025.63  3130  4585 16080 
 1025.67  3135  4658 15984 
 1025.7  3140  4732 19096 
 1025.74  3145  4806 17377 
 1025.77  3150  4880 21882 
 1025.81  3155  4954 18233 
 1025.84  3160  5028 16093 
 1025.88  3165  5102 22588 
 1025.91  3170  5176 26522 
 1025.95  3175  5251 25784 
 1025.98  3180  5325 19740 
 1026.02  3185  5399 24465 
 1026.05  3190  5474 26805 
 1026.09  3195  5549 21646 
 1026.12  3200  5623 24540 
 1026.16  3205  5698 28721 
 1026.19  3210  5773 23525 
 1026.23  3215  5848 22020 
 1026.26  3220  5923 21954 
 1026.3  3225  5998 17774 
 1026.33  3230  6073 16726 
 1026.37  3235  6149 18819 
 1026.4  3240  6224 20093 
 1026.44  3245  6300 18595 
 1026.47  3250  6375 15362 
end
ufIntegration time is 0.2294 seconds per sampledt  4E-08 cy 4dh020219Santa_Cruz 28.4633 16.2557 3.31pr1014.0dark 5.6 
 1064.86  2900  1280 12 
 1064.9  2905  1350 20 
 1064.93  2910  1420 17 
 1064.97  2915  1490 17 
 1065  2920  1561 19 
 1065.04  2925  1631 15 
 1065.07  2930  1702 18 
 1065.11  2935  1773 17 
 1065.14  2940  1843 19 
 1065.18  2945  1914 16 
 1065.21  2950  1985 15 
 1065.25  2955  2056 16 
 1065.28  2960  2127 19 
 1065.32  2965  2198 19 
 1065.35  2970  2269 19 
 1065.39  2975  2340 20 
 1065.42  2980  2411 28 
 1065.46  2985  2483 24 
 1065.49  2990  2554 22 
 1065.53  2995  2626 25 
 1065.56  3000  2697 31 
 1065.6  3005  2769 32 
 1065.63  3010  2841 39 
 1065.67  3015  2912 44 
 1065.7  3020  2984 41 
 1065.74  3025  3056 64 
 1065.77  3030  3128 97 
 1065.81  3035  3200 161 
 1065.84  3040  3273 133 
 1065.88  3045  3345 178 
 1065.91  3050  3417 288 
 1065.95  3055  3490 312 
 1065.98  3060  3562 337 
 1066.02  3065  3635 426 
 1066.05  3070  3707 668 
 1066.09  3075  3780 935 
 1066.12  3080  3853 1009 
 1066.16  3085  3926 1184 
 1066.19  3090  3998 1147 
 1066.23  3095  4071 1558 
 1066.26  3100  4145 1696 
 1066.3  3105  4218 2865 
 1066.33  3110  4291 3572 
 1066.37  3115  4364 3739 
 1066.4  3120  4438 4089 
 1066.44  3125  4511 5152 
 1066.47  3130  4585 5646 
 1066.51  3135  4658 5594 
 1066.54  3140  4732 7079 
 1066.58  3145  4806 6868 
 1066.61  3150  4880 8853 
 1066.65  3155  4954 7330 
 1066.68  3160  5028 6891 
 1066.72  3165  5102 9924 
 1066.75  3170  5176 11718 
 1066.79  3175  5251 11373 
 1066.82  3180  5325 9153 
 1066.86  3185  5399 11797 
 1066.89  3190  5474 13474 
 1066.93  3195  5549 10547 
 1066.96  3200  5623 11874 
 1067  3205  5698 14532 
 1067.03  3210  5773 12814 
 1067.07  3215  5848 11948 
 1067.1  3220  5923 11364 
 1067.14  3225  5998 9247 
 1067.17  3230  6073 9081 
 1067.21  3235  6149 10590 
 1067.24  3240  6224 11610 
 1067.27  3245  6300 10610 
 1067.31  3250  6375 8568 
end
ufIntegration time is 0.2294 seconds per sampledt  4E-08 cy 4dh020219Santa_Cruz 28.4633 16.2557 3.25pr1014.0dark 5.6 
 1090.55  2900  1280 11 
 1090.58  2905  1350 13 
 1090.61  2910  1420 10 
 1090.65  2915  1490 11 
 1090.69  2920  1561 11 
 1090.72  2925  1631 6 
 1090.75  2930  1702 9 
 1090.79  2935  1773 13 
 1090.83  2940  1843 10 
 1090.86  2945  1914 12 
 1090.89  2950  1985 11 
 1090.93  2955  2056 12 
 1090.96  2960  2127 14 
 1091  2965  2198 8 
 1091.03  2970  2269 12 
 1091.07  2975  2340 10 
 1091.1  2980  2411 12 
 1091.14  2985  2483 13 
 1091.17  2990  2554 14 
 1091.21  2995  2626 15 
 1091.24  3000  2697 17 
 1091.28  3005  2769 19 
 1091.31  3010  2841 18 
 1091.35  3015  2912 28 
 1091.38  3020  2984 26 
 1091.42  3025  3056 37 
 1091.45  3030  3128 56 
 1091.49  3035  3200 58 
 1091.53  3040  3273 57 
 1091.56  3045  3345 76 
 1091.6  3050  3417 115 
 1091.63  3055  3490 132 
 1091.67  3060  3562 114 
 1091.71  3065  3635 145 
 1091.74  3070  3707 197 
 1091.78  3075  3780 270 
 1091.81  3080  3853 291 
 1091.85  3085  3926 312 
 1091.88  3090  3998 317 
 1091.92  3095  4071 428 
 1091.95  3100  4145 475 
 1091.99  3105  4218 745 
 1092.02  3110  4291 976 
 1092.06  3115  4364 984 
 1092.09  3120  4438 1119 
 1092.13  3125  4511 1472 
 1092.16  3130  4585 1600 
 1092.2  3135  4658 1523 
 1092.23  3140  4732 2111 
 1092.27  3145  4806 2138 
 1092.3  3150  4880 2848 
 1092.34  3155  4954 2233 
 1092.37  3160  5028 2187 
 1092.41  3165  5102 3468 
 1092.44  3170  5176 4120 
 1092.48  3175  5251 3850 
 1092.51  3180  5325 3152 
 1092.55  3185  5399 4580 
 1092.58  3190  5474 5330 
 1092.62  3195  5549 3958 
 1092.65  3200  5623 4460 
 1092.69  3205  5698 5986 
 1092.72  3210  5773 5488 
 1092.76  3215  5848 5125 
 1092.79  3220  5923 4663 
 1092.83  3225  5998 3694 
 1092.86  3230  6073 3875 
 1092.9  3235  6149 4990 
 1092.93  3240  6224 5488 
 1092.97  3245  6300 4820 
 1093  3250  6375 3595 
end
ufIntegration time is 0.2294 seconds per sampledt  4E-08 cy 4dh020219Santa_Cruz 28.4633 16.2557 3.21pr1014.0dark 4.8 
 1112.91  2900  1280 4 
 1112.94  2905  1350 5 
 1112.98  2910  1420 4 
 1113.01  2915  1490 4 
 1113.05  2920  1561 5 
 1113.08  2925  1631 5 
 1113.12  2930  1702 7 
 1113.15  2935  1773 6 
 1113.19  2940  1843 7 
 1113.22  2945  1914 6 
 1113.26  2950  1985 4 
 1113.29  2955  2056 7 
 1113.33  2960  2127 5 
 1113.36  2965  2198 7 
 1113.4  2970  2269 5 
 1113.43  2975  2340 8 
 1113.47  2980  2411 6 
 1113.5  2985  2483 7 
 1113.54  2990  2554 7 
 1113.57  2995  2626 8 
 1113.61  3000  2697 8 
 1113.64  3005  2769 10 
 1113.68  3010  2841 12 
 1113.71  3015  2912 11 
 1113.75  3020  2984 11 
 1113.78  3025  3056 16 
 1113.82  3030  3128 24 
 1113.85  3035  3200 24 
 1113.89  3040  3273 23 
 1113.92  3045  3345 29 
 1113.96  3050  3417 36 
 1113.99  3055  3490 36 
 1114.03  3060  3562 42 
 1114.06  3065  3635 50 
 1114.1  3070  3707 75 
 1114.13  3075  3780 80 
 1114.17  3080  3853 88 
 1114.2  3085  3926 93 
 1114.24  3090  3998 90 
 1114.27  3095  4071 125 
 1114.31  3100  4145 114 
 1114.34  3105  4218 172 
 1114.38  3110  4291 205 
 1114.41  3115  4364 204 
 1114.45  3120  4438 214 
 1114.48  3125  4511 266 
 1114.52  3130  4585 292 
 1114.55  3135  4658 279 
 1114.59  3140  4732 399 
 1114.62  3145  4806 364 
 1114.65  3150  4880 449 
 1114.69  3155  4954 344 
 1114.73  3160  5028 335 
 1114.76  3165  5102 548 
 1114.79  3170  5176 637 
 1114.83  3175  5251 622 
 1114.87  3180  5325 507 
 1114.9  3185  5399 741 
 1114.93  3190  5474 920 
 1114.97  3195  5549 639 
 1115  3200  5623 733 
 1115.04  3205  5698 1024 
 1115.07  3210  5773 999 
 1115.11  3215  5848 948 
 1115.14  3220  5923 813 
 1115.18  3225  5998 650 
 1115.21  3230  6073 742 
 1115.25  3235  6149 1019 
 1115.28  3240  6224 1151 
 1115.32  3245  6300 954 
 1115.35  3250  6375 708 
end
ufIntegration time is 0.2294 seconds per sampledt  4E-08 cy 4dh020219Santa_Cruz 28.4633 16.2557 3.17pr1014.0dark 4 
 1142.07  2900  1280 3 
 1142.11  2905  1350 2 
 1142.14  2910  1420 4 
 1142.18  2915  1490 3 
 1142.21  2920  1561 4 
 1142.25  2925  1631 4 
 1142.28  2930  1702 3 
 1142.32  2935  1773 6 
 1142.35  2940  1843 4 
 1142.39  2945  1914 5 
 1142.42  2950  1985 4 
 1142.46  2955  2056 4 
 1142.49  2960  2127 2 
 1142.53  2965  2198 2 
 1142.56  2970  2269 4 
 1142.6  2975  2340 4 
 1142.63  2980  2411 3 
 1142.67  2985  2483 4 
 1142.7  2990  2554 4 
 1142.74  2995  2626 3 
 1142.77  3000  2697 5 
 1142.81  3005  2769 4 
 1142.84  3010  2841 5 
 1142.88  3015  2912 5 
 1142.91  3020  2984 2 
 1142.95  3025  3056 6 
 1142.98  3030  3128 4 
 1143.02  3035  3200 5 
 1143.05  3040  3273 2 
 1143.09  3045  3345 5 
 1143.12  3050  3417 4 
 1143.16  3055  3490 5 
 1143.19  3060  3562 4 
 1143.23  3065  3635 5 
 1143.26  3070  3707 5 
 1143.3  3075  3780 7 
 1143.33  3080  3853 7 
 1143.37  3085  3926 5 
 1143.4  3090  3998 5 
 1143.44  3095  4071 8 
 1143.47  3100  4145 5 
 1143.51  3105  4218 6 
 1143.54  3110  4291 4 
 1143.58  3115  4364 7 
 1143.61  3120  4438 6 
 1143.65  3125  4511 8 
 1143.68  3130  4585 10 
 1143.72  3135  4658 7 
 1143.75  3140  4732 11 
 1143.79  3145  4806 10 
 1143.82  3150  4880 10 
 1143.85  3155  4954 7 
 1143.89  3160  5028 10 
 1143.93  3165  5102 8 
 1143.96  3170  5176 11 
 1144  3175  5251 13 
 1144.03  3180  5325 7 
 1144.06  3185  5399 12 
 1144.1  3190  5474 12 
 1144.14  3195  5549 13 
 1144.17  3200  5623 11 
 1144.2  3205  5698 14 
 1144.24  3210  5773 15 
 1144.28  3215  5848 10 
 1144.31  3220  5923 10 
 1144.34  3225  5998 12 
 1144.38  3230  6073 9 
 1144.41  3235  6149 16 
 1144.45  3240  6224 13 
 1144.48  3245  6300 13 
 1144.52  3250  6375 7 
end
