ufIntegration time is 0.2294 seconds per sampledt  4E-08 cy 4dh150718Santa_Cruz 28.4633 16.2557 3.17pr1014.0dark 3.2 
 331.41  2900  1280 4 
 331.45  2905  1350 2 
 331.48  2910  1420 4 
 331.52  2915  1490 4 
 331.55  2920  1561 2 
 331.59  2925  1631 3 
 331.62  2930  1702 3 
 331.66  2935  1773 3 
 331.69  2940  1843 5 
 331.73  2945  1914 4 
 331.76  2950  1985 4 
 331.8  2955  2056 3 
 331.83  2960  2127 4 
 331.87  2965  2198 4 
 331.9  2970  2269 3 
 331.94  2975  2340 4 
 331.97  2980  2411 4 
 332.01  2985  2483 5 
 332.04  2990  2554 4 
 332.08  2995  2626 3 
 332.11  3000  2697 3 
 332.15  3005  2769 5 
 332.18  3010  2841 5 
 332.22  3015  2912 2 
 332.25  3020  2984 4 
 332.29  3025  3056 4 
 332.32  3030  3128 4 
 332.36  3035  3200 4 
 332.39  3040  3273 5 
 332.43  3045  3345 3 
 332.46  3050  3417 3 
 332.5  3055  3490 2 
 332.53  3060  3562 4 
 332.57  3065  3635 2 
 332.6  3070  3707 2 
 332.64  3075  3780 2 
 332.67  3080  3853 3 
 332.71  3085  3926 3 
 332.74  3090  3998 3 
 332.78  3095  4071 3 
 332.81  3100  4145 4 
 332.85  3105  4218 3 
 332.88  3110  4291 2 
 332.92  3115  4364 3 
 332.95  3120  4438 3 
 332.99  3125  4511 4 
 333.02  3130  4585 5 
 333.06  3135  4658 3 
 333.09  3140  4732 2 
 333.13  3145  4806 3 
 333.16  3150  4880 3 
 333.2  3155  4954 4 
 333.23  3160  5028 3 
 333.27  3165  5102 3 
 333.3  3170  5176 3 
 333.34  3175  5251 4 
 333.37  3180  5325 4 
 333.41  3185  5399 4 
 333.44  3190  5474 4 
 333.48  3195  5549 2 
 333.51  3200  5623 1 
 333.55  3205  5698 4 
 333.58  3210  5773 2 
 333.62  3215  5848 3 
 333.65  3220  5923 4 
 333.69  3225  5998 3 
 333.72  3230  6073 4 
 333.76  3235  6149 4 
 333.79  3240  6224 4 
 333.83  3245  6300 4 
 333.86  3250  6375 4 
end
ufIntegration time is 0.2294 seconds per sampledt  4E-08 cy 4dh150718Santa_Cruz 28.4633 16.2557 3.17pr1014.0dark 4.4 
 352.35  2900  1280 2 
 352.39  2905  1350 3 
 352.42  2910  1420 2 
 352.46  2915  1490 2 
 352.49  2920  1561 5 
 352.53  2925  1631 3 
 352.56  2930  1702 1 
 352.6  2935  1773 4 
 352.63  2940  1843 2 
 352.67  2945  1914 3 
 352.7  2950  1985 2 
 352.74  2955  2056 4 
 352.77  2960  2127 2 
 352.81  2965  2198 2 
 352.84  2970  2269 4 
 352.88  2975  2340 2 
 352.91  2980  2411 4 
 352.95  2985  2483 3 
 352.98  2990  2554 3 
 353.02  2995  2626 4 
 353.05  3000  2697 2 
 353.09  3005  2769 4 
 353.12  3010  2841 3 
 353.16  3015  2912 3 
 353.19  3020  2984 3 
 353.23  3025  3056 3 
 353.26  3030  3128 4 
 353.3  3035  3200 4 
 353.33  3040  3273 4 
 353.37  3045  3345 4 
 353.4  3050  3417 3 
 353.44  3055  3490 2 
 353.47  3060  3562 3 
 353.51  3065  3635 4 
 353.54  3070  3707 3 
 353.58  3075  3780 3 
 353.61  3080  3853 5 
 353.65  3085  3926 6 
 353.68  3090  3998 4 
 353.72  3095  4071 4 
 353.75  3100  4145 4 
 353.79  3105  4218 6 
 353.82  3110  4291 7 
 353.86  3115  4364 4 
 353.89  3120  4438 5 
 353.93  3125  4511 5 
 353.96  3130  4585 7 
 354  3135  4658 8 
 354.03  3140  4732 6 
 354.07  3145  4806 9 
 354.1  3150  4880 6 
 354.14  3155  4954 7 
 354.17  3160  5028 8 
 354.21  3165  5102 9 
 354.24  3170  5176 9 
 354.28  3175  5251 7 
 354.31  3180  5325 8 
 354.35  3185  5399 8 
 354.38  3190  5474 10 
 354.42  3195  5549 10 
 354.45  3200  5623 10 
 354.49  3205  5698 8 
 354.52  3210  5773 15 
 354.56  3215  5848 9 
 354.59  3220  5923 11 
 354.63  3225  5998 8 
 354.66  3230  6073 6 
 354.7  3235  6149 12 
 354.73  3240  6224 13 
 354.77  3245  6300 11 
 354.8  3250  6375 11 
end
ufIntegration time is 0.2294 seconds per sampledt  4E-08 cy 4dh150718Santa_Cruz 28.4633 16.2557 3.17pr1014.0dark 3.4 
 367.82  2900  1280 3 
 367.85  2905  1350 2 
 367.89  2910  1420 2 
 367.92  2915  1490 5 
 367.96  2920  1561 5 
 367.99  2925  1631 5 
 368.03  2930  1702 5 
 368.06  2935  1773 3 
 368.1  2940  1843 3 
 368.13  2945  1914 4 
 368.17  2950  1985 3 
 368.2  2955  2056 4 
 368.24  2960  2127 5 
 368.27  2965  2198 3 
 368.31  2970  2269 3 
 368.34  2975  2340 7 
 368.38  2980  2411 3 
 368.41  2985  2483 3 
 368.45  2990  2554 3 
 368.48  2995  2626 3 
 368.52  3000  2697 6 
 368.55  3005  2769 2 
 368.59  3010  2841 4 
 368.62  3015  2912 5 
 368.66  3020  2984 4 
 368.69  3025  3056 6 
 368.73  3030  3128 7 
 368.76  3035  3200 7 
 368.8  3040  3273 8 
 368.83  3045  3345 8 
 368.87  3050  3417 9 
 368.9  3055  3490 12 
 368.94  3060  3562 13 
 368.97  3065  3635 14 
 369.01  3070  3707 15 
 369.04  3075  3780 18 
 369.08  3080  3853 23 
 369.11  3085  3926 18 
 369.15  3090  3998 19 
 369.18  3095  4071 23 
 369.22  3100  4145 28 
 369.25  3105  4218 37 
 369.29  3110  4291 48 
 369.32  3115  4364 41 
 369.36  3120  4438 41 
 369.39  3125  4511 60 
 369.43  3130  4585 58 
 369.46  3135  4658 64 
 369.5  3140  4732 69 
 369.53  3145  4806 60 
 369.57  3150  4880 92 
 369.6  3155  4954 65 
 369.64  3160  5028 72 
 369.67  3165  5102 85 
 369.71  3170  5176 114 
 369.74  3175  5251 103 
 369.78  3180  5325 89 
 369.81  3185  5399 119 
 369.85  3190  5474 124 
 369.88  3195  5549 117 
 369.92  3200  5623 128 
 369.95  3205  5698 147 
 369.99  3210  5773 163 
 370.02  3215  5848 139 
 370.06  3220  5923 118 
 370.09  3225  5998 93 
 370.13  3230  6073 148 
 370.16  3235  6149 157 
 370.2  3240  6224 168 
 370.23  3245  6300 136 
 370.27  3250  6375 136 
end
ufIntegration time is 0.2294 seconds per sampledt  4E-08 cy 4dh150718Santa_Cruz 28.4633 16.2557 3.17pr1014.0dark 2.8 
 395.7  2900  1280 4 
 395.74  2905  1350 3 
 395.77  2910  1420 6 
 395.81  2915  1490 6 
 395.84  2920  1561 6 
 395.88  2925  1631 6 
 395.91  2930  1702 5 
 395.95  2935  1773 6 
 395.98  2940  1843 6 
 396.02  2945  1914 7 
 396.05  2950  1985 6 
 396.09  2955  2056 8 
 396.12  2960  2127 6 
 396.16  2965  2198 5 
 396.19  2970  2269 6 
 396.23  2975  2340 7 
 396.26  2980  2411 7 
 396.3  2985  2483 6 
 396.33  2990  2554 9 
 396.37  2995  2626 7 
 396.4  3000  2697 9 
 396.44  3005  2769 10 
 396.47  3010  2841 14 
 396.51  3015  2912 14 
 396.54  3020  2984 10 
 396.58  3025  3056 21 
 396.61  3030  3128 33 
 396.65  3035  3200 33 
 396.68  3040  3273 30 
 396.72  3045  3345 38 
 396.75  3050  3417 65 
 396.79  3055  3490 60 
 396.82  3060  3562 66 
 396.86  3065  3635 78 
 396.89  3070  3707 137 
 396.93  3075  3780 159 
 396.96  3080  3853 156 
 397  3085  3926 164 
 397.03  3090  3998 152 
 397.07  3095  4071 173 
 397.1  3100  4145 188 
 397.14  3105  4218 301 
 397.17  3110  4291 351 
 397.21  3115  4364 367 
 397.24  3120  4438 392 
 397.28  3125  4511 513 
 397.31  3130  4585 562 
 397.35  3135  4658 536 
 397.38  3140  4732 704 
 397.42  3145  4806 710 
 397.45  3150  4880 946 
 397.49  3155  4954 727 
 397.52  3160  5028 780 
 397.56  3165  5102 1197 
 397.59  3170  5176 1435 
 397.63  3175  5251 1431 
 397.66  3180  5325 1201 
 397.7  3185  5399 1848 
 397.73  3190  5474 2147 
 397.77  3195  5549 1552 
 397.8  3200  5623 1813 
 397.84  3205  5698 2589 
 397.87  3210  5773 2543 
 397.91  3215  5848 2449 
 397.94  3220  5923 2078 
 397.98  3225  5998 1621 
 398.01  3230  6073 2001 
 398.05  3235  6149 2703 
 398.08  3240  6224 2964 
 398.12  3245  6300 2434 
 398.15  3250  6375 1877 
end
ufIntegration time is 0.2294 seconds per sampledt  4E-08 cy 4dh150718Santa_Cruz 28.4633 16.2557 3.17pr1014.0dark 3.8 
 426.22  2900  1280 12 
 426.26  2905  1350 11 
 426.29  2910  1420 11 
 426.33  2915  1490 13 
 426.36  2920  1561 15 
 426.4  2925  1631 15 
 426.43  2930  1702 10 
 426.47  2935  1773 13 
 426.5  2940  1843 14 
 426.54  2945  1914 13 
 426.57  2950  1985 15 
 426.61  2955  2056 10 
 426.64  2960  2127 13 
 426.68  2965  2198 15 
 426.71  2970  2269 15 
 426.75  2975  2340 13 
 426.78  2980  2411 15 
 426.82  2985  2483 19 
 426.85  2990  2554 17 
 426.89  2995  2626 22 
 426.92  3000  2697 20 
 426.96  3005  2769 24 
 426.99  3010  2841 27 
 427.03  3015  2912 34 
 427.06  3020  2984 33 
 427.1  3025  3056 47 
 427.13  3030  3128 74 
 427.17  3035  3200 75 
 427.2  3040  3273 78 
 427.24  3045  3345 174 
 427.27  3050  3417 160 
 427.31  3055  3490 175 
 427.34  3060  3562 187 
 427.38  3065  3635 261 
 427.41  3070  3707 384 
 427.45  3075  3780 512 
 427.48  3080  3853 560 
 427.52  3085  3926 695 
 427.55  3090  3998 655 
 427.59  3095  4071 933 
 427.62  3100  4145 1022 
 427.66  3105  4218 1743 
 427.69  3110  4291 2183 
 427.73  3115  4364 2249 
 427.76  3120  4438 2692 
 427.8  3125  4511 3439 
 427.83  3130  4585 3853 
 427.87  3135  4658 3777 
 427.9  3140  4732 4980 
 427.93  3145  4806 5082 
 427.97  3150  4880 6613 
 428.01  3155  4954 5229 
 428.04  3160  5028 5394 
 428.07  3165  5102 8137 
 428.11  3170  5176 9475 
 428.14  3175  5251 9109 
 428.18  3180  5325 7501 
 428.22  3185  5399 10322 
 428.25  3190  5474 11337 
 428.28  3195  5549 9065 
 428.32  3200  5623 10357 
 428.35  3205  5698 13160 
 428.39  3210  5773 11647 
 428.42  3215  5848 11020 
 428.46  3220  5923 10167 
 428.49  3225  5998 8209 
 428.53  3230  6073 8747 
 428.56  3235  6149 10393 
 428.6  3240  6224 11452 
 428.63  3245  6300 10080 
 428.67  3250  6375 8079 
end
ufIntegration time is 0.2294 seconds per sampledt  4E-08 cy 4dh150718Santa_Cruz 28.4633 16.2557 3.19pr1014.0dark 3.8 
 454.11  2900  1280 25 
 454.14  2905  1350 23 
 454.18  2910  1420 25 
 454.21  2915  1490 21 
 454.25  2920  1561 23 
 454.28  2925  1631 25 
 454.32  2930  1702 22 
 454.35  2935  1773 25 
 454.39  2940  1843 24 
 454.42  2945  1914 29 
 454.46  2950  1985 26 
 454.49  2955  2056 27 
 454.53  2960  2127 34 
 454.56  2965  2198 25 
 454.6  2970  2269 29 
 454.64  2975  2340 29 
 454.67  2980  2411 36 
 454.7  2985  2483 38 
 454.74  2990  2554 33 
 454.77  2995  2626 43 
 454.81  3000  2697 43 
 454.84  3005  2769 51 
 454.88  3010  2841 61 
 454.91  3015  2912 78 
 454.95  3020  2984 89 
 454.98  3025  3056 125 
 455.02  3030  3128 215 
 455.05  3035  3200 255 
 455.09  3040  3273 258 
 455.12  3045  3345 400 
 455.16  3050  3417 665 
 455.19  3055  3490 709 
 455.23  3060  3562 751 
 455.26  3065  3635 980 
 455.3  3070  3707 1603 
 455.33  3075  3780 2131 
 455.37  3080  3853 2365 
 455.4  3085  3926 2850 
 455.44  3090  3998 2681 
 455.47  3095  4071 3664 
 455.51  3100  4145 3941 
 455.54  3105  4218 6573 
 455.58  3110  4291 8195 
 455.61  3115  4364 8275 
 455.65  3120  4438 9019 
 455.68  3125  4511 11435 
 455.72  3130  4585 12166 
 455.75  3135  4658 11962 
 455.79  3140  4732 14973 
 455.82  3145  4806 14269 
 455.86  3150  4880 18387 
 455.89  3155  4954 14863 
 455.93  3160  5028 14034 
 455.96  3165  5102 19910 
 456  3170  5176 23767 
 456.03  3175  5251 23148 
 456.07  3180  5325 17977 
 456.1  3185  5399 23129 
 456.14  3190  5474 25348 
 456.17  3195  5549 20757 
 456.21  3200  5623 23548 
 456.24  3205  5698 28133 
 456.28  3210  5773 24012 
 456.31  3215  5848 22297 
 456.35  3220  5923 21843 
 456.38  3225  5998 17332 
 456.42  3230  6073 17356 
 456.45  3235  6149 19671 
 456.49  3240  6224 21375 
 456.52  3245  6300 19765 
 456.56  3250  6375 16139 
end
ufIntegration time is 0.2294 seconds per sampledt  4E-08 cy 4dh150718Santa_Cruz 28.4633 16.2557 3.23pr1014.0dark 3.8 
 481.99  2900  1280 41 
 482.02  2905  1350 48 
 482.06  2910  1420 44 
 482.09  2915  1490 45 
 482.13  2920  1561 41 
 482.16  2925  1631 39 
 482.2  2930  1702 49 
 482.23  2935  1773 48 
 482.27  2940  1843 50 
 482.3  2945  1914 52 
 482.34  2950  1985 46 
 482.37  2955  2056 47 
 482.41  2960  2127 55 
 482.44  2965  2198 56 
 482.48  2970  2269 47 
 482.51  2975  2340 61 
 482.55  2980  2411 63 
 482.58  2985  2483 72 
 482.62  2990  2554 73 
 482.65  2995  2626 95 
 482.69  3000  2697 102 
 482.72  3005  2769 136 
 482.76  3010  2841 166 
 482.79  3015  2912 271 
 482.83  3020  2984 228 
 482.86  3025  3056 415 
 482.9  3030  3128 721 
 482.93  3035  3200 929 
 482.97  3040  3273 998 
 483  3045  3345 1455 
 483.04  3050  3417 2234 
 483.07  3055  3490 2514 
 483.11  3060  3562 2630 
 483.14  3065  3635 3287 
 483.18  3070  3707 5268 
 483.21  3075  3780 6698 
 483.25  3080  3853 7288 
 483.28  3085  3926 8580 
 483.32  3090  3998 7782 
 483.35  3095  4071 9698 
 483.39  3100  4145 10360 
 483.42  3105  4218 17181 
 483.46  3110  4291 20779 
 483.49  3115  4364 20560 
 483.53  3120  4438 21170 
 483.56  3125  4511 25708 
 483.6  3130  4585 27398 
 483.63  3135  4658 27183 
 483.67  3140  4732 32796 
 483.7  3145  4806 29850 
 483.74  3150  4880 38223 
 483.77  3155  4954 30642 
 483.81  3160  5028 28358 
 483.84  3165  5102 39255 
 483.88  3170  5176 46556 
 483.91  3175  5251 45597 
 483.95  3180  5325 34379 
 483.98  3185  5399 43394 
 484.01  3190  5474 45970 
 484.05  3195  5549 38675 
 484.09  3200  5623 44166 
 484.12  3205  5698 50936 
 484.15  3210  5773 42160 
 484.19  3215  5848 39210 
 484.22  3220  5923 39621 
 484.26  3225  5998 31349 
 484.3  3230  6073 30748 
 484.33  3235  6149 33442 
 484.36  3240  6224 36541 
 484.4  3245  6300 33622 
 484.43  3250  6375 28100 
end
ufIntegration time is 0.2294 seconds per sampledt  4E-08 cy 4dh150718Santa_Cruz 28.4633 16.2557 3.35pr1014.0dark 5.2 
 513.39  2900  1280 67 
 513.42  2905  1350 67 
 513.4601  2910  1420 71 
 513.49  2915  1490 73 
 513.5301  2920  1561 77 
 513.56  2925  1631 74 
 513.6  2930  1702 69 
 513.63  2935  1773 81 
 513.67  2940  1843 78 
 513.7  2945  1914 74 
 513.74  2950  1985 71 
 513.7701  2955  2056 90 
 513.81  2960  2127 107 
 513.8401  2965  2198 118 
 513.88  2970  2269 93 
 513.91  2975  2340 131 
 513.95  2980  2411 141 
 513.98  2985  2483 162 
 514.0201  2990  2554 194 
 514.05  2995  2626 246 
 514.0901  3000  2697 263 
 514.12  3005  2769 362 
 514.16  3010  2841 568 
 514.19  3015  2912 770 
 514.23  3020  2984 755 
 514.26  3025  3056 1506 
 514.3  3030  3128 2490 
 514.3301  3035  3200 3061 
 514.37  3040  3273 3089 
 514.4001  3045  3345 4531 
 514.44  3050  3417 6681 
 514.47  3055  3490 7029 
 514.51  3060  3562 7263 
 514.55  3065  3635 8950 
 514.5801  3070  3707 13075 
 514.62  3075  3780 16106 
 514.6501  3080  3853 17206 
 514.69  3085  3926 19973 
 514.72  3090  3998 17364 
 514.76  3095  4071 21242 
 514.79  3100  4145 21531 
 514.8301  3105  4218 35283 
 514.86  3110  4291 41974 
 514.9001  3115  4364 40890 
 514.93  3120  4438 40814 
 514.97  3125  4511 48406 
 515  3130  4585 50799 
 515.04  3135  4658 50853 
 515.07  3140  4732 59472 
 515.11  3145  4806 52163 
 515.14  3150  4880 66437 
 515.18  3155  4954 53781 
 515.2101  3160  5028 48165 
 515.25  3165  5102 66116 
 515.2801  3170  5176 78129 
 515.32  3175  5251 76232 
 515.35  3180  5325 56803 
 515.39  3185  5399 69855 
 515.42  3190  5474 73060 
 515.4601  3195  5549 62917 
 515.49  3200  5623 71809 
 515.5301  3205  5698 80501 
 515.56  3210  5773 64298 
 515.6  3215  5848 60801 
 515.63  3220  5923 62166 
 515.67  3225  5998 48855 
 515.7  3230  6073 47108 
 515.74  3235  6149 50656 
 515.7701  3240  6224 54866 
 515.81  3245  6300 50947 
 515.8401  3250  6375 43076 
end
ufIntegration time is 0.2294 seconds per sampledt  4E-08 cy 4dh150718Santa_Cruz 28.4633 16.2557 3.45pr1014.0dark 5.4 
 535.43  2900  1280 105 
 535.47  2905  1350 94 
 535.5  2910  1420 98 
 535.54  2915  1490 102 
 535.57  2920  1561 105 
 535.61  2925  1631 108 
 535.64  2930  1702 123 
 535.68  2935  1773 132 
 535.71  2940  1843 149 
 535.75  2945  1914 115 
 535.78  2950  1985 129 
 535.82  2955  2056 152 
 535.85  2960  2127 141 
 535.89  2965  2198 148 
 535.92  2970  2269 151 
 535.96  2975  2340 194 
 535.99  2980  2411 236 
 536.03  2985  2483 250 
 536.06  2990  2554 361 
 536.1  2995  2626 533 
 536.13  3000  2697 544 
 536.17  3005  2769 739 
 536.2  3010  2841 1210 
 536.24  3015  2912 1613 
 536.27  3020  2984 1549 
 536.31  3025  3056 2947 
 536.34  3030  3128 4742 
 536.38  3035  3200 5733 
 536.41  3040  3273 5782 
 536.45  3045  3345 8175 
 536.48  3050  3417 11624 
 536.52  3055  3490 12111 
 536.55  3060  3562 12355 
 536.59  3065  3635 14699 
 536.62  3070  3707 21398 
 536.66  3075  3780 25511 
 536.69  3080  3853 26964 
 536.73  3085  3926 30734 
 536.76  3090  3998 26991 
 536.8  3095  4071 31534 
 536.83  3100  4145 31728 
 536.87  3105  4218 51875 
 536.9  3110  4291 61166 
 536.94  3115  4364 58905 
 536.97  3120  4438 57520 
 537.01  3125  4511 67393 
 537.04  3130  4585 70114 
 537.08  3135  4658 70144 
 537.11  3140  4732 81276 
 537.15  3145  4806 70043 
 537.18  3150  4880 88786 
 537.22  3155  4954 72510 
 537.25  3160  5028 63760 
 537.29  3165  5102 86309 
 537.32  3170  5176 101995 
 537.36  3175  5251 99714 
 537.39  3180  5325 73830 
 537.43  3185  5399 89090 
 537.46  3190  5474 92933 
 537.5  3195  5549 80695 
 537.53  3200  5623 91939 
 537.57  3205  5698 102107 
 537.6  3210  5773 81074 
 537.64  3215  5848 76181 
 537.67  3220  5923 78708 
 537.71  3225  5998 62016 
 537.74  3230  6073 59497 
 537.78  3235  6149 63396 
 537.81  3240  6224 67905 
 537.85  3245  6300 63748 
 537.88  3250  6375 54067 
end
ufIntegration time is 0.2294 seconds per sampledt  4E-08 cy 4dh150718Santa_Cruz 28.4633 16.2557 3.54pr1014.0dark 7.2 
 558.18  2900  1280 128 
 558.21  2905  1350 150 
 558.25  2910  1420 136 
 558.28  2915  1490 126 
 558.32  2920  1561 123 
 558.35  2925  1631 178 
 558.39  2930  1702 131 
 558.42  2935  1773 141 
 558.46  2940  1843 158 
 558.49  2945  1914 148 
 558.53  2950  1985 149 
 558.56  2955  2056 169 
 558.6  2960  2127 182 
 558.63  2965  2198 209 
 558.67  2970  2269 233 
 558.7  2975  2340 347 
 558.74  2980  2411 414 
 558.77  2985  2483 419 
 558.81  2990  2554 705 
 558.84  2995  2626 960 
 558.88  3000  2697 974 
 558.91  3005  2769 1410 
 558.95  3010  2841 2178 
 558.98  3015  2912 2977 
 559.02  3020  2984 2746 
 559.05  3025  3056 5078 
 559.09  3030  3128 8259 
 559.12  3035  3200 9851 
 559.16  3040  3273 9684 
 559.19  3045  3345 13273 
 559.23  3050  3417 18437 
 559.26  3055  3490 19069 
 559.3  3060  3562 19099 
 559.33  3065  3635 22542 
 559.37  3070  3707 31651 
 559.4  3075  3780 37136 
 559.44  3080  3853 39230 
 559.47  3085  3926 44426 
 559.51  3090  3998 38421 
 559.54  3095  4071 43565 
 559.58  3100  4145 43791 
 559.61  3105  4218 71742 
 559.65  3110  4291 83069 
 559.68  3115  4364 79545 
 559.72  3120  4438 76615 
 559.75  3125  4511 88805 
 559.79  3130  4585 92321 
 559.82  3135  4658 92100 
 559.86  3140  4732 105954 
 559.89  3145  4806 89791 
 559.93  3150  4880 113601 
 559.96  3155  4954 93379 
 560  3160  5028 80419 
 560.03  3165  5102 108614 
 560.07  3170  5176 128163 
 560.1  3175  5251 127153 
 560.14  3180  5325 93350 
 560.17  3185  5399 109725 
 560.21  3190  5474 115552 
 560.24  3195  5549 99896 
 560.28  3200  5623 114239 
 560.31  3205  5698 126207 
 560.35  3210  5773 99942 
 560.38  3215  5848 93107 
 560.42  3220  5923 97674 
 560.45  3225  5998 76752 
 560.49  3230  6073 72349 
 560.52  3235  6149 77417 
 560.56  3240  6224 82820 
 560.59  3245  6300 78099 
 560.63  3250  6375 66073 
end
ufIntegration time is 0.2294 seconds per sampledt  4E-08 cy 4dh150718Santa_Cruz 28.4633 16.2557 3.62pr1014.0dark 10 
 583.06  2900  1280 164 
 583.1  2905  1350 173 
 583.13  2910  1420 174 
 583.17  2915  1490 172 
 583.2  2920  1561 167 
 583.24  2925  1631 186 
 583.27  2930  1702 188 
 583.31  2935  1773 194 
 583.34  2940  1843 198 
 583.38  2945  1914 203 
 583.41  2950  1985 224 
 583.45  2955  2056 248 
 583.48  2960  2127 304 
 583.52  2965  2198 333 
 583.55  2970  2269 412 
 583.59  2975  2340 610 
 583.62  2980  2411 747 
 583.66  2985  2483 755 
 583.69  2990  2554 1305 
 583.73  2995  2626 1798 
 583.76  3000  2697 1787 
 583.8  3005  2769 2446 
 583.83  3010  2841 3790 
 583.87  3015  2912 5193 
 583.9  3020  2984 4692 
 583.94  3025  3056 8571 
 583.97  3030  3128 13314 
 584.01  3035  3200 15701 
 584.04  3040  3273 15437 
 584.08  3045  3345 20282 
 584.11  3050  3417 27579 
 584.15  3055  3490 28294 
 584.18  3060  3562 28034 
 584.22  3065  3635 32835 
 584.25  3070  3707 45111 
 584.29  3075  3780 52224 
 584.32  3080  3853 54980 
 584.36  3085  3926 61490 
 584.39  3090  3998 53015 
 584.43  3095  4071 58686 
 584.46  3100  4145 58555 
 584.5  3105  4218 95568 
 584.53  3110  4291 109902 
 584.57  3115  4364 104783 
 584.6  3120  4438 99351 
 584.64  3125  4511 114713 
 584.67  3130  4585 118362 
 584.71  3135  4658 118155 
 584.74  3140  4732 134168 
 584.78  3145  4806 113297 
 584.81  3150  4880 142415 
 584.85  3155  4954 116796 
 584.88  3160  5028 100980 
 584.92  3165  5102 134341 
 584.95  3170  5176 158321 
 584.99  3175  5251 157835 
 585.02  3180  5325 114746 
 585.06  3185  5399 136675 
 585.09  3190  5474 140115 
 585.13  3195  5549 122081 
 585.16  3200  5623 139992 
 585.2  3205  5698 153426 
 585.23  3210  5773 120930 
 585.27  3215  5848 112693 
 585.3  3220  5923 118458 
 585.34  3225  5998 93675 
 585.37  3230  6073 87831 
 585.41  3235  6149 92356 
 585.44  3240  6224 99052 
 585.47  3245  6300 93070 
 585.51  3250  6375 79846 
end
ufIntegration time is 0.2294 seconds per sampledt  4E-08 cy 4dh150718Santa_Cruz 28.4633 16.2557 3.68pr1014.0dark 13 
 608.01  2900  1280 194 
 608.04  2905  1350 187 
 608.08  2910  1420 197 
 608.11  2915  1490 203 
 608.15  2920  1561 206 
 608.18  2925  1631 207 
 608.22  2930  1702 235 
 608.25  2935  1773 273 
 608.29  2940  1843 270 
 608.32  2945  1914 273 
 608.36  2950  1985 293 
 608.39  2955  2056 390 
 608.43  2960  2127 456 
 608.46  2965  2198 516 
 608.5  2970  2269 623 
 608.53  2975  2340 1052 
 608.57  2980  2411 1221 
 608.6  2985  2483 1251 
 608.64  2990  2554 2211 
 608.67  2995  2626 3004 
 608.71  3000  2697 2939 
 608.74  3005  2769 3970 
 608.78  3010  2841 6037 
 608.81  3015  2912 8004 
 608.85  3020  2984 7025 
 608.88  3025  3056 12796 
 608.92  3030  3128 19534 
 608.95  3035  3200 22888 
 608.99  3040  3273 22275 
 609.02  3045  3345 29085 
 609.06  3050  3417 38889 
 609.09  3055  3490 38721 
 609.13  3060  3562 38717 
 609.16  3065  3635 44215 
 609.2  3070  3707 60200 
 609.23  3075  3780 68693 
 609.27  3080  3853 71539 
 609.3  3085  3926 80352 
 609.34  3090  3998 68761 
 609.37  3095  4071 75541 
 609.41  3100  4145 74421 
 609.44  3105  4218 120605 
 609.48  3110  4291 137930 
 609.51  3115  4364 131036 
 609.55  3120  4438 123507 
 609.58  3125  4511 140694 
 609.62  3130  4585 145478 
 609.65  3135  4658 145248 
 609.69  3140  4732 163794 
 609.72  3145  4806 136660 
 609.76  3150  4880 171942 
 609.79  3155  4954 141663 
 609.83  3160  5028 121078 
 609.86  3165  5102 160947 
 609.9  3170  5176 189828 
 609.93  3175  5251 188797 
 609.97  3180  5325 135935 
 610  3185  5399 159344 
 610.04  3190  5474 165364 
 610.07  3195  5549 145301 
 610.11  3200  5623 165299 
 610.14  3205  5698 180086 
 610.17  3210  5773 140454 
 610.21  3215  5848 131465 
 610.24  3220  5923 139479 
 610.28  3225  5998 109699 
 610.32  3230  6073 102447 
 610.35  3235  6149 107802 
 610.38  3240  6224 115585 
 610.42  3245  6300 109433 
 610.45  3250  6375 93291 
end
ufIntegration time is 0.2294 seconds per sampledt  4E-08 cy 4dh150718Santa_Cruz 28.4633 16.2557 3.72pr1014.0dark 14.6 
 632.93  2900  1280 261 
 632.97  2905  1350 258 
 633  2910  1420 277 
 633.04  2915  1490 252 
 633.07  2920  1561 287 
 633.11  2925  1631 273 
 633.14  2930  1702 291 
 633.18  2935  1773 289 
 633.21  2940  1843 311 
 633.25  2945  1914 361 
 633.28  2950  1985 429 
 633.32  2955  2056 563 
 633.35  2960  2127 727 
 633.39  2965  2198 766 
 633.42  2970  2269 884 
 633.46  2975  2340 1678 
 633.49  2980  2411 1907 
 633.53  2985  2483 1931 
 633.56  2990  2554 3397 
 633.6  2995  2626 4464 
 633.63  3000  2697 4358 
 633.67  3005  2769 5974 
 633.7  3010  2841 8837 
 633.74  3015  2912 11433 
 633.77  3020  2984 9877 
 633.81  3025  3056 18007 
 633.84  3030  3128 27047 
 633.88  3035  3200 31143 
 633.91  3040  3273 29831 
 633.95  3045  3345 39126 
 633.98  3050  3417 51057 
 634.02  3055  3490 50551 
 634.05  3060  3562 49881 
 634.09  3065  3635 57216 
 634.12  3070  3707 76557 
 634.16  3075  3780 86838 
 634.19  3080  3853 89828 
 634.23  3085  3926 100005 
 634.26  3090  3998 84652 
 634.3  3095  4071 92928 
 634.33  3100  4145 90779 
 634.37  3105  4218 145473 
 634.4  3110  4291 167460 
 634.44  3115  4364 157851 
 634.47  3120  4438 147664 
 634.51  3125  4511 168470 
 634.54  3130  4585 172351 
 634.58  3135  4658 173670 
 634.61  3140  4732 194550 
 634.65  3145  4806 160930 
 634.68  3150  4880 202310 
 634.72  3155  4954 166575 
 634.75  3160  5028 141940 
 634.79  3165  5102 187778 
 634.82  3170  5176 221817 
 634.86  3175  5251 218253 
 634.89  3180  5325 157834 
 634.93  3185  5399 185508 
 634.96  3190  5474 190438 
 635  3195  5549 168531 
 635.03  3200  5623 191847 
 635.07  3205  5698 207622 
 635.1  3210  5773 161187 
 635.14  3215  5848 151038 
 635.17  3220  5923 160389 
 635.21  3225  5998 126008 
 635.24  3230  6073 117704 
 635.28  3235  6149 122900 
 635.31  3240  6224 132296 
 635.35  3245  6300 124978 
 635.38  3250  6375 107253 
end
ufIntegration time is 0.2294 seconds per sampledt  4E-08 cy 4dh150718Santa_Cruz 28.4633 16.2557 3.76pr1014.0dark 18.2 
 658  2900  1280 284 
 658.03  2905  1350 290 
 658.07  2910  1420 313 
 658.1  2915  1490 289 
 658.14  2920  1561 310 
 658.17  2925  1631 335 
 658.21  2930  1702 341 
 658.24  2935  1773 356 
 658.28  2940  1843 395 
 658.31  2945  1914 453 
 658.35  2950  1985 552 
 658.38  2955  2056 736 
 658.42  2960  2127 1035 
 658.45  2965  2198 1074 
 658.49  2970  2269 1307 
 658.52  2975  2340 2426 
 658.56  2980  2411 2745 
 658.59  2985  2483 2797 
 658.63  2990  2554 4846 
 658.66  2995  2626 6283 
 658.7  3000  2697 6032 
 658.73  3005  2769 8165 
 658.77  3010  2841 11801 
 658.8  3015  2912 15483 
 658.84  3020  2984 13117 
 658.87  3025  3056 23678 
 658.9  3030  3128 35272 
 658.94  3035  3200 40104 
 658.98  3040  3273 37432 
 659.01  3045  3345 48708 
 659.05  3050  3417 64189 
 659.08  3055  3490 62775 
 659.11  3060  3562 62089 
 659.15  3065  3635 70842 
 659.19  3070  3707 93765 
 659.22  3075  3780 105394 
 659.25  3080  3853 109226 
 659.29  3085  3926 120997 
 659.32  3090  3998 102585 
 659.36  3095  4071 111147 
 659.39  3100  4145 107850 
 659.43  3105  4218 173206 
 659.46  3110  4291 198331 
 659.5  3115  4364 186830 
 659.53  3120  4438 173410 
 659.57  3125  4511 196822 
 659.6  3130  4585 201889 
 659.64  3135  4658 201986 
 659.67  3140  4732 225962 
 659.71  3145  4806 186341 
 659.74  3150  4880 234354 
 659.78  3155  4954 192881 
 659.81  3160  5028 164111 
 659.85  3165  5102 215585 
 659.88  3170  5176 253864 
 659.92  3175  5251 253425 
 659.95  3180  5325 181400 
 659.99  3185  5399 211346 
 660.02  3190  5474 217741 
 660.06  3195  5549 192908 
 660.09  3200  5623 219382 
 660.13  3205  5698 236687 
 660.16  3210  5773 183693 
 660.2  3215  5848 171771 
 660.23  3220  5923 183639 
 660.27  3225  5998 140446 
 660.3  3230  6073 132617 
 660.34  3235  6149 139675 
 660.37  3240  6224 149787 
 660.41  3245  6300 141746 
 660.44  3250  6375 121742 
end
ufIntegration time is 0.2294 seconds per sampledt  4E-08 cy 4dh150718Santa_Cruz 28.4633 16.2557 3.82pr1014.0dark 22.2 
 683.04  2900  1280 322 
 683.07  2905  1350 329 
 683.11  2910  1420 347 
 683.14  2915  1490 326 
 683.18  2920  1561 345 
 683.21  2925  1631 392 
 683.25  2930  1702 412 
 683.28  2935  1773 448 
 683.32  2940  1843 498 
 683.35  2945  1914 590 
 683.39  2950  1985 732 
 683.42  2955  2056 989 
 683.46  2960  2127 1355 
 683.49  2965  2198 1427 
 683.53  2970  2269 1765 
 683.56  2975  2340 3293 
 683.6  2980  2411 3659 
 683.63  2985  2483 3656 
 683.67  2990  2554 6484 
 683.7  2995  2626 8078 
 683.74  3000  2697 7783 
 683.77  3005  2769 10479 
 683.81  3010  2841 15184 
 683.84  3015  2912 19211 
 683.88  3020  2984 16274 
 683.91  3025  3056 29311 
 683.95  3030  3128 43117 
 683.98  3035  3200 49296 
 684.02  3040  3273 46570 
 684.05  3045  3345 59861 
 684.09  3050  3417 76396 
 684.12  3055  3490 75262 
 684.16  3060  3562 73704 
 684.19  3065  3635 83863 
 684.23  3070  3707 109989 
 684.26  3075  3780 123007 
 684.3  3080  3853 127477 
 684.33  3085  3926 140392 
 684.37  3090  3998 118462 
 684.4  3095  4071 127561 
 684.44  3100  4145 123910 
 684.47  3105  4218 197641 
 684.51  3110  4291 226277 
 684.54  3115  4364 212461 
 684.58  3120  4438 196492 
 684.61  3125  4511 222790 
 684.65  3130  4585 227574 
 684.68  3135  4658 228671 
 684.72  3140  4732 254574 
 684.75  3145  4806 208979 
 684.79  3150  4880 262600 
 684.82  3155  4954 216364 
 684.86  3160  5028 182969 
 684.89  3165  5102 240705 
 684.93  3170  5176 283660 
 684.96  3175  5251 281167 
 685  3180  5325 201757 
 685.03  3185  5399 235168 
 685.07  3190  5474 241407 
 685.1  3195  5549 214093 
 685.14  3200  5623 243665 
 685.17  3205  5698 261896 
 685.21  3210  5773 202306 
 685.24  3215  5848 189840 
 685.28  3220  5923 202754 
 685.31  3225  5998 160014 
 685.35  3230  6073 149095 
 685.38  3235  6149 154239 
 685.42  3240  6224 165272 
 685.45  3245  6300 156627 
 685.49  3250  6375 135096 
end
ufIntegration time is 0.2294 seconds per sampledt  4E-08 cy 4dh150718Santa_Cruz 28.4633 16.2557 3.88pr1014.0dark 25.6 
 708.45  2900  1280 249 
 708.49  2905  1350 260 
 708.52  2910  1420 269 
 708.56  2915  1490 389 
 708.59  2920  1561 421 
 708.63  2925  1631 414 
 708.66  2930  1702 470 
 708.7  2935  1773 511 
 708.73  2940  1843 630 
 708.77  2945  1914 712 
 708.8  2950  1985 843 
 708.84  2955  2056 1247 
 708.87  2960  2127 1754 
 708.91  2965  2198 1830 
 708.94  2970  2269 2235 
 708.98  2975  2340 4182 
 709.01  2980  2411 4686 
 709.05  2985  2483 4629 
 709.08  2990  2554 8093 
 709.12  2995  2626 10151 
 709.15  3000  2697 9563 
 709.19  3005  2769 12829 
 709.22  3010  2841 18476 
 709.26  3015  2912 23431 
 709.29  3020  2984 19928 
 709.33  3025  3056 35230 
 709.36  3030  3128 51935 
 709.4  3035  3200 58856 
 709.43  3040  3273 55660 
 709.47  3045  3345 71123 
 709.5  3050  3417 90290 
 709.54  3055  3490 87849 
 709.57  3060  3562 86119 
 709.61  3065  3635 98327 
 709.64  3070  3707 126477 
 709.68  3075  3780 142698 
 709.71  3080  3853 145902 
 709.75  3085  3926 162460 
 709.78  3090  3998 130722 
 709.82  3095  4071 147089 
 709.85  3100  4145 142106 
 709.89  3105  4218 226628 
 709.92  3110  4291 257555 
 709.96  3115  4364 242574 
 709.99  3120  4438 223278 
 710.03  3125  4511 243766 
 710.06  3130  4585 249461 
 710.1  3135  4658 258865 
 710.13  3140  4732 285234 
 710.17  3145  4806 233496 
 710.2  3150  4880 291450 
 710.24  3155  4954 242955 
 710.27  3160  5028 205266 
 710.31  3165  5102 268915 
 710.34  3170  5176 317396 
 710.38  3175  5251 315585 
 710.41  3180  5325 226259 
 710.45  3185  5399 259539 
 710.48  3190  5474 266600 
 710.51  3195  5549 235949 
 710.55  3200  5623 248253 
 710.59  3205  5698 272132 
 710.62  3210  5773 194416 
 710.65  3215  5848 155843 
 710.69  3220  5923 166887 
 710.72  3225  5998 158551 
 710.76  3230  6073 158961 
 710.79  3235  6149 162909 
 710.83  3240  6224 149191 
 710.86  3245  6300 147083 
 710.9  3250  6375 152835 
end
ufIntegration time is 0.2294 seconds per sampledt  4E-08 cy 4dh150718Santa_Cruz 28.4633 16.2557 3.88pr1014.0dark 27.8 
 734.34  2900  1280 369 
 734.37  2905  1350 412 
 734.41  2910  1420 380 
 734.44  2915  1490 404 
 734.48  2920  1561 365 
 734.51  2925  1631 473 
 734.55  2930  1702 525 
 734.58  2935  1773 604 
 734.62  2940  1843 691 
 734.65  2945  1914 791 
 734.69  2950  1985 1023 
 734.72  2955  2056 1481 
 734.76  2960  2127 2121 
 734.79  2965  2198 2132 
 734.83  2970  2269 2596 
 734.86  2975  2340 4913 
 734.9  2980  2411 5540 
 734.93  2985  2483 5356 
 734.97  2990  2554 8921 
 735  2995  2626 11278 
 735.04  3000  2697 8672 
 735.07  3005  2769 10808 
 735.11  3010  2841 15573 
 735.14  3015  2912 20455 
 735.18  3020  2984 18453 
 735.21  3025  3056 35824 
 735.25  3030  3128 52317 
 735.28  3035  3200 53627 
 735.32  3040  3273 48777 
 735.35  3045  3345 69094 
 735.39  3050  3417 92944 
 735.42  3055  3490 83456 
 735.46  3060  3562 75141 
 735.49  3065  3635 64356 
 735.53  3070  3707 80531 
 735.56  3075  3780 88515 
 735.6  3080  3853 90924 
 735.63  3085  3926 99873 
 735.67  3090  3998 83939 
 735.7  3095  4071 93076 
 735.74  3100  4145 89827 
 735.77  3105  4218 143802 
 735.81  3110  4291 163387 
 735.84  3115  4364 151695 
 735.88  3120  4438 137599 
 735.91  3125  4511 159242 
 735.95  3130  4585 181178 
 735.98  3135  4658 210698 
 736.02  3140  4732 247508 
 736.05  3145  4806 196182 
 736.09  3150  4880 213540 
 736.12  3155  4954 169322 
 736.16  3160  5028 142037 
 736.19  3165  5102 202744 
 736.23  3170  5176 216189 
 736.26  3175  5251 206447 
 736.3  3180  5325 136345 
 736.33  3185  5399 152587 
 736.37  3190  5474 150010 
 736.4  3195  5549 130343 
 736.44  3200  5623 145481 
 736.47  3205  5698 154489 
 736.51  3210  5773 117951 
 736.54  3215  5848 110288 
 736.58  3220  5923 116459 
 736.61  3225  5998 90861 
 736.65  3230  6073 84561 
 736.68  3235  6149 86488 
 736.72  3240  6224 92422 
 736.75  3245  6300 87163 
 736.79  3250  6375 74803 
end
ufIntegration time is 0.2294 seconds per sampledt  4E-08 cy 4dh150718Santa_Cruz 28.4633 16.2557 3.88pr1014.0dark 28.8 
 759.32  2900  1280 297 
 759.35  2905  1350 347 
 759.39  2910  1420 411 
 759.42  2915  1490 404 
 759.46  2920  1561 401 
 759.49  2925  1631 432 
 759.53  2930  1702 546 
 759.56  2935  1773 630 
 759.6  2940  1843 737 
 759.63  2945  1914 780 
 759.67  2950  1985 1122 
 759.7  2955  2056 1599 
 759.74  2960  2127 2336 
 759.77  2965  2198 2364 
 759.81  2970  2269 2519 
 759.84  2975  2340 4465 
 759.88  2980  2411 3982 
 759.91  2985  2483 3483 
 759.95  2990  2554 5427 
 759.98  2995  2626 6738 
 760.02  3000  2697 6293 
 760.05  3005  2769 8408 
 760.09  3010  2841 11831 
 760.12  3015  2912 15025 
 760.16  3020  2984 12797 
 760.19  3025  3056 22546 
 760.23  3030  3128 32378 
 760.26  3035  3200 36346 
 760.3  3040  3273 34953 
 760.33  3045  3345 46008 
 760.37  3050  3417 56733 
 760.4  3055  3490 56892 
 760.44  3060  3562 52970 
 760.47  3065  3635 56993 
 760.51  3070  3707 72445 
 760.54  3075  3780 79463 
 760.58  3080  3853 81755 
 760.61  3085  3926 89387 
 760.65  3090  3998 75107 
 760.68  3095  4071 80687 
 760.72  3100  4145 78453 
 760.75  3105  4218 125535 
 760.79  3110  4291 144484 
 760.82  3115  4364 139467 
 760.86  3120  4438 134701 
 760.89  3125  4511 174039 
 760.93  3130  4585 255756 
 760.96  3135  4658 255745 
 761  3140  4732 265899 
 761.03  3145  4806 229340 
 761.07  3150  4880 271075 
 761.1  3155  4954 231096 
 761.14  3160  5028 179935 
 761.17  3165  5102 244359 
 761.21  3170  5176 284915 
 761.24  3175  5251 282037 
 761.28  3180  5325 202850 
 761.31  3185  5399 266135 
 761.35  3190  5474 277056 
 761.38  3195  5549 248715 
 761.42  3200  5623 281919 
 761.45  3205  5698 301879 
 761.49  3210  5773 233218 
 761.52  3215  5848 218044 
 761.56  3220  5923 233470 
 761.59  3225  5998 184563 
 761.63  3230  6073 170792 
 761.66  3235  6149 175925 
 761.7  3240  6224 189251 
 761.73  3245  6300 179538 
 761.77  3250  6375 154128 
end
ufIntegration time is 0.2294 seconds per sampledt  4E-08 cy 4dh150718Santa_Cruz 28.4633 16.2557 3.86pr1014.0dark 27.8 
 788.59  2900  1280 395 
 788.63  2905  1350 393 
 788.66  2910  1420 412 
 788.69  2915  1490 408 
 788.73  2920  1561 442 
 788.77  2925  1631 485 
 788.8  2930  1702 526 
 788.83  2935  1773 618 
 788.87  2940  1843 700 
 788.91  2945  1914 840 
 788.94  2950  1985 1069 
 788.97  2955  2056 1549 
 789.01  2960  2127 2217 
 789.04  2965  2198 2282 
 789.08  2970  2269 2708 
 789.12  2975  2340 5137 
 789.15  2980  2411 5768 
 789.18  2985  2483 5600 
 789.22  2990  2554 9844 
 789.25  2995  2626 12101 
 789.29  3000  2697 11305 
 789.32  3005  2769 14985 
 789.36  3010  2841 21505 
 789.39  3015  2912 26859 
 789.43  3020  2984 22476 
 789.46  3025  3056 39506 
 789.5  3030  3128 57130 
 789.53  3035  3200 64958 
 789.57  3040  3273 60958 
 789.6  3045  3345 77148 
 789.64  3050  3417 97272 
 789.67  3055  3490 95351 
 789.71  3060  3562 92250 
 789.74  3065  3635 104723 
 789.78  3070  3707 136051 
 789.81  3075  3780 149378 
 789.85  3080  3853 154781 
 789.88  3085  3926 169985 
 789.92  3090  3998 143700 
 789.95  3095  4071 152564 
 789.99  3100  4145 146797 
 790.02  3105  4218 234123 
 790.06  3110  4291 265427 
 790.09  3115  4364 249448 
 790.13  3120  4438 228466 
 790.16  3125  4511 257740 
 790.2  3130  4585 262818 
 790.23  3135  4658 262726 
 790.27  3140  4732 293174 
 790.3  3145  4806 237886 
 790.34  3150  4880 298156 
 790.37  3155  4954 247928 
 790.41  3160  5028 207436 
 790.44  3165  5102 270405 
 790.48  3170  5176 318740 
 790.51  3175  5251 317597 
 790.55  3180  5325 227893 
 790.58  3185  5399 264109 
 790.62  3190  5474 270774 
 790.65  3195  5549 240043 
 790.69  3200  5623 273355 
 790.72  3205  5698 293594 
 790.76  3210  5773 225132 
 790.79  3215  5848 211186 
 790.83  3220  5923 226855 
 790.86  3225  5998 178543 
 790.9  3230  6073 165268 
 790.93  3235  6149 170640 
 790.97  3240  6224 183556 
 791  3245  6300 174384 
 791.04  3250  6375 150043 
end
ufIntegration time is 0.2294 seconds per sampledt  4E-08 cy 4dh150718Santa_Cruz 28.4633 16.2557 3.92pr1014.0dark 31.6 
 818.28  2900  1280 378 
 818.32  2905  1350 378 
 818.35  2910  1420 401 
 818.39  2915  1490 428 
 818.42  2920  1561 445 
 818.46  2925  1631 464 
 818.49  2930  1702 507 
 818.53  2935  1773 574 
 818.56  2940  1843 666 
 818.6  2945  1914 784 
 818.63  2950  1985 1043 
 818.67  2955  2056 1497 
 818.7  2960  2127 2118 
 818.74  2965  2198 2218 
 818.77  2970  2269 2609 
 818.81  2975  2340 4920 
 818.84  2980  2411 5465 
 818.88  2985  2483 5454 
 818.91  2990  2554 9403 
 818.95  2995  2626 11720 
 818.98  3000  2697 11002 
 819.02  3005  2769 14467 
 819.05  3010  2841 20703 
 819.09  3015  2912 26047 
 819.12  3020  2984 21704 
 819.16  3025  3056 38411 
 819.19  3030  3128 55982 
 819.23  3035  3200 63237 
 819.26  3040  3273 59401 
 819.3  3045  3345 75442 
 819.33  3050  3417 95104 
 819.37  3055  3490 92999 
 819.4  3060  3562 90518 
 819.44  3065  3635 102546 
 819.47  3070  3707 132893 
 819.51  3075  3780 146741 
 819.54  3080  3853 151716 
 819.58  3085  3926 166778 
 819.61  3090  3998 140233 
 819.65  3095  4071 149049 
 819.68  3100  4145 144183 
 819.72  3105  4218 230159 
 819.75  3110  4291 260954 
 819.79  3115  4364 245408 
 819.82  3120  4438 224682 
 819.86  3125  4511 252254 
 819.89  3130  4585 258217 
 819.93  3135  4658 258918 
 819.96  3140  4732 287150 
 820  3145  4806 234913 
 820.03  3150  4880 293436 
 820.07  3155  4954 243793 
 820.1  3160  5028 204232 
 820.14  3165  5102 266946 
 820.17  3170  5176 313668 
 820.21  3175  5251 313825 
 820.24  3180  5325 226031 
 820.28  3185  5399 256325 
 820.31  3190  5474 268227 
 820.35  3195  5549 235754 
 820.38  3200  5623 268949 
 820.42  3205  5698 288588 
 820.45  3210  5773 225022 
 820.49  3215  5848 208037 
 820.52  3220  5923 224118 
 820.56  3225  5998 176613 
 820.59  3230  6073 163000 
 820.63  3235  6149 167748 
 820.66  3240  6224 180394 
 820.7  3245  6300 171727 
 820.73  3250  6375 147773 
end
ufIntegration time is 0.2294 seconds per sampledt  4E-08 cy 4dh150718Santa_Cruz 28.4633 16.2557 3.98pr1014.0dark 38 
 856.81  2900  1280 359 
 856.85  2905  1350 401 
 856.88  2910  1420 379 
 856.92  2915  1490 410 
 856.95  2920  1561 414 
 856.99  2925  1631 422 
 857.02  2930  1702 473 
 857.06  2935  1773 559 
 857.09  2940  1843 608 
 857.13  2945  1914 717 
 857.16  2950  1985 928 
 857.2  2955  2056 1292 
 857.23  2960  2127 1771 
 857.27  2965  2198 1848 
 857.3  2970  2269 2258 
 857.34  2975  2340 4210 
 857.37  2980  2411 4719 
 857.41  2985  2483 4609 
 857.44  2990  2554 8156 
 857.48  2995  2626 10180 
 857.51  3000  2697 9617 
 857.55  3005  2769 12775 
 857.58  3010  2841 18250 
 857.62  3015  2912 23289 
 857.65  3020  2984 19495 
 857.69  3025  3056 34306 
 857.72  3030  3128 50215 
 857.76  3035  3200 56980 
 857.79  3040  3273 53630 
 857.83  3045  3345 68233 
 857.86  3050  3417 86464 
 857.9  3055  3490 84562 
 857.93  3060  3562 83181 
 857.97  3065  3635 93570 
 858  3070  3707 121427 
 858.04  3075  3780 135121 
 858.07  3080  3853 139754 
 858.11  3085  3926 154069 
 858.14  3090  3998 129786 
 858.18  3095  4071 138722 
 858.21  3100  4145 133944 
 858.25  3105  4218 213504 
 858.28  3110  4291 242951 
 858.32  3115  4364 229339 
 858.35  3120  4438 209944 
 858.39  3125  4511 236299 
 858.42  3130  4585 241496 
 858.46  3135  4658 242690 
 858.49  3140  4732 270321 
 858.53  3145  4806 221213 
 858.56  3150  4880 276825 
 858.6  3155  4954 229546 
 858.63  3160  5028 192414 
 858.67  3165  5102 251716 
 858.7  3170  5176 296606 
 858.74  3175  5251 295553 
 858.77  3180  5325 211583 
 858.81  3185  5399 245406 
 858.84  3190  5474 252163 
 858.88  3195  5549 222985 
 858.91  3200  5623 253018 
 858.95  3205  5698 270921 
 858.98  3210  5773 210144 
 859.02  3215  5848 184512 
 859.05  3220  5923 181208 
 859.09  3225  5998 140029 
 859.12  3230  6073 134642 
 859.15  3235  6149 145901 
 859.19  3240  6224 159158 
 859.23  3245  6300 160817 
 859.26  3250  6375 139499 
end
ufIntegration time is 0.2294 seconds per sampledt  4E-08 cy 4dh150718Santa_Cruz 28.4633 16.2557 4.01pr1014.0dark 39.8 
 878.94  2900  1280 339 
 878.97  2905  1350 355 
 879.01  2910  1420 360 
 879.04  2915  1490 389 
 879.08  2920  1561 406 
 879.11  2925  1631 410 
 879.15  2930  1702 439 
 879.18  2935  1773 478 
 879.22  2940  1843 560 
 879.25  2945  1914 660 
 879.29  2950  1985 793 
 879.32  2955  2056 1115 
 879.36  2960  2127 1598 
 879.39  2965  2198 1621 
 879.43  2970  2269 1999 
 879.46  2975  2340 3606 
 879.5  2980  2411 4034 
 879.53  2985  2483 3997 
 879.57  2990  2554 7007 
 879.6  2995  2626 8934 
 879.64  3000  2697 8460 
 879.67  3005  2769 11282 
 879.71  3010  2841 16104 
 879.74  3015  2912 20650 
 879.78  3020  2984 17392 
 879.81  3025  3056 31088 
 879.85  3030  3128 45615 
 879.88  3035  3200 51431 
 879.92  3040  3273 48747 
 879.95  3045  3345 62179 
 879.99  3050  3417 79441 
 880.02  3055  3490 77023 
 880.06  3060  3562 76556 
 880.09  3065  3635 86216 
 880.13  3070  3707 113069 
 880.16  3075  3780 125686 
 880.2  3080  3853 130098 
 880.23  3085  3926 143421 
 880.27  3090  3998 120850 
 880.3  3095  4071 129552 
 880.34  3100  4145 125567 
 880.37  3105  4218 201174 
 880.41  3110  4291 228319 
 880.44  3115  4364 214176 
 880.48  3120  4438 197712 
 880.51  3125  4511 222947 
 880.55  3130  4585 228645 
 880.58  3135  4658 229308 
 880.62  3140  4732 254803 
 880.65  3145  4806 209226 
 880.69  3150  4880 261727 
 880.72  3155  4954 216344 
 880.76  3160  5028 182947 
 880.79  3165  5102 239508 
 880.83  3170  5176 282417 
 880.86  3175  5251 280682 
 880.9  3180  5325 200991 
 880.93  3185  5399 234600 
 880.97  3190  5474 239882 
 881  3195  5549 212638 
 881.04  3200  5623 241970 
 881.07  3205  5698 260774 
 881.11  3210  5773 200684 
 881.14  3215  5848 188376 
 881.17  3220  5923 201202 
 881.21  3225  5998 158815 
 881.25  3230  6073 147129 
 881.28  3235  6149 152414 
 881.31  3240  6224 164087 
 881.35  3245  6300 155739 
 881.38  3250  6375 133676 
end
ufIntegration time is 0.2294 seconds per sampledt  4E-08 cy 4dh150718Santa_Cruz 28.4633 16.2557 4.01pr1014.0dark 44.2 
 903.16  2900  1280 324 
 903.19  2905  1350 323 
 903.23  2910  1420 348 
 903.26  2915  1490 344 
 903.3  2920  1561 349 
 903.33  2925  1631 367 
 903.37  2930  1702 416 
 903.4  2935  1773 422 
 903.44  2940  1843 482 
 903.47  2945  1914 544 
 903.51  2950  1985 674 
 903.54  2955  2056 914 
 903.58  2960  2127 1239 
 903.61  2965  2198 1309 
 903.65  2970  2269 1616 
 903.68  2975  2340 2917 
 903.72  2980  2411 3343 
 903.75  2985  2483 3326 
 903.79  2990  2554 5847 
 903.82  2995  2626 7414 
 903.86  3000  2697 6991 
 903.89  3005  2769 9391 
 903.93  3010  2841 13765 
 903.96  3015  2912 17523 
 904  3020  2984 14966 
 904.03  3025  3056 26718 
 904.07  3030  3128 39514 
 904.1  3035  3200 44828 
 904.14  3040  3273 42783 
 904.17  3045  3345 54553 
 904.21  3050  3417 70113 
 904.24  3055  3490 68952 
 904.28  3060  3562 68111 
 904.31  3065  3635 77212 
 904.35  3070  3707 101601 
 904.38  3075  3780 113294 
 904.42  3080  3853 118373 
 904.45  3085  3926 130393 
 904.49  3090  3998 110410 
 904.52  3095  4071 118629 
 904.56  3100  4145 115343 
 904.59  3105  4218 185395 
 904.63  3110  4291 210320 
 904.66  3115  4364 198030 
 904.7  3120  4438 183302 
 904.73  3125  4511 207521 
 904.77  3130  4585 212208 
 904.8  3135  4658 213000 
 904.84  3140  4732 237080 
 904.87  3145  4806 195831 
 904.91  3150  4880 245145 
 904.94  3155  4954 202295 
 904.98  3160  5028 171735 
 905.01  3165  5102 225029 
 905.05  3170  5176 264916 
 905.08  3175  5251 263578 
 905.12  3180  5325 190037 
 905.15  3185  5399 220865 
 905.19  3190  5474 226748 
 905.22  3195  5549 199841 
 905.26  3200  5623 227858 
 905.29  3205  5698 245740 
 905.33  3210  5773 190129 
 905.36  3215  5848 178002 
 905.4  3220  5923 189803 
 905.43  3225  5998 149428 
 905.47  3230  6073 138958 
 905.5  3235  6149 144563 
 905.54  3240  6224 155185 
 905.57  3245  6300 146807 
 905.61  3250  6375 126587 
end
ufIntegration time is 0.2294 seconds per sampledt  4E-08 cy 4dh150718Santa_Cruz 28.4633 16.2557 4.03pr1014.0dark 47.8 
 928.43  2900  1280 310 
 928.46  2905  1350 302 
 928.5  2910  1420 315 
 928.53  2915  1490 322 
 928.57  2920  1561 317 
 928.6  2925  1631 318 
 928.64  2930  1702 352 
 928.67  2935  1773 369 
 928.71  2940  1843 416 
 928.74  2945  1914 448 
 928.78  2950  1985 543 
 928.81  2955  2056 658 
 928.85  2960  2127 936 
 928.88  2965  2198 989 
 928.92  2970  2269 1241 
 928.95  2975  2340 2163 
 928.99  2980  2411 2493 
 929.02  2985  2483 2566 
 929.05  2990  2554 4400 
 929.09  2995  2626 5710 
 929.12  3000  2697 5484 
 929.16  3005  2769 7352 
 929.2  3010  2841 10783 
 929.23  3015  2912 14176 
 929.26  3020  2984 12101 
 929.3  3025  3056 21707 
 929.33  3030  3128 32316 
 929.37  3035  3200 37483 
 929.4  3040  3273 35817 
 929.44  3045  3345 46176 
 929.47  3050  3417 60425 
 929.51  3055  3490 59365 
 929.54  3060  3562 58488 
 929.58  3065  3635 67060 
 929.61  3070  3707 88943 
 929.65  3075  3780 99889 
 929.68  3080  3853 104190 
 929.72  3085  3926 115326 
 929.75  3090  3998 98101 
 929.79  3095  4071 106111 
 929.82  3100  4145 103793 
 929.86  3105  4218 165659 
 929.89  3110  4291 190360 
 929.93  3115  4364 179926 
 929.96  3120  4438 166954 
 930  3125  4511 189565 
 930.03  3130  4585 194669 
 930.07  3135  4658 194916 
 930.1  3140  4732 218620 
 930.14  3145  4806 180676 
 930.17  3150  4880 226897 
 930.21  3155  4954 187722 
 930.24  3160  5028 158680 
 930.28  3165  5102 209102 
 930.29  3170  5176 247004 
 930.35  3175  5251 245926 
 930.41  3180  5325 177591 
 930.47  3185  5399 205724 
 930.53  3190  5474 214033 
 930.59  3195  5549 183453 
 930.65  3200  5623 214647 
 930.71  3205  5698 232199 
 930.76  3210  5773 181351 
 930.8  3215  5848 167811 
 930.83  3220  5923 180515 
 930.87  3225  5998 141935 
 930.9  3230  6073 131643 
 930.94  3235  6149 137629 
 930.97  3240  6224 145780 
 931.01  3245  6300 140718 
 931.04  3250  6375 112966 
end
ufIntegration time is 0.2294 seconds per sampledt  4E-08 cy 4dh150718Santa_Cruz 28.4633 16.2557 4.03pr1014.0dark 45.8 
 953.5  2900  1280 266 
 953.53  2905  1350 274 
 953.57  2910  1420 297 
 953.6  2915  1490 281 
 953.64  2920  1561 270 
 953.67  2925  1631 287 
 953.71  2930  1702 309 
 953.75  2935  1773 317 
 953.78  2940  1843 346 
 953.81  2945  1914 366 
 953.85  2950  1985 436 
 953.88  2955  2056 534 
 953.92  2960  2127 683 
 953.95  2965  2198 701 
 953.99  2970  2269 879 
 954.02  2975  2340 1510 
 954.06  2980  2411 1749 
 954.09  2985  2483 1868 
 954.13  2990  2554 3161 
 954.16  2995  2626 4148 
 954.2  3000  2697 4001 
 954.23  3005  2769 5562 
 954.27  3010  2841 8150 
 954.3  3015  2912 10701 
 954.34  3020  2984 9384 
 954.37  3025  3056 16989 
 954.41  3030  3128 25726 
 954.44  3035  3200 29737 
 954.48  3040  3273 28612 
 954.51  3045  3345 37472 
 954.55  3050  3417 49505 
 954.58  3055  3490 48484 
 954.62  3060  3562 48781 
 954.65  3065  3635 55570 
 954.69  3070  3707 74751 
 954.72  3075  3780 84680 
 954.76  3080  3853 88090 
 954.79  3085  3926 98337 
 954.83  3090  3998 83122 
 954.86  3095  4071 91535 
 954.9  3100  4145 89840 
 954.93  3105  4218 145439 
 954.97  3110  4291 165913 
 955  3115  4364 156838 
 955.04  3120  4438 146455 
 955.07  3125  4511 167668 
 955.11  3130  4585 171832 
 955.14  3135  4658 172755 
 955.18  3140  4732 193236 
 955.21  3145  4806 161084 
 955.25  3150  4880 202072 
 955.28  3155  4954 166168 
 955.32  3160  5028 142262 
 955.35  3165  5102 187289 
 955.39  3170  5176 221215 
 955.42  3175  5251 218610 
 955.46  3180  5325 157899 
 955.49  3185  5399 185666 
 955.53  3190  5474 190821 
 955.56  3195  5549 167965 
 955.6  3200  5623 191598 
 955.63  3205  5698 207671 
 955.67  3210  5773 162840 
 955.7  3215  5848 151427 
 955.74  3220  5923 159702 
 955.77  3225  5998 125986 
 955.81  3230  6073 117477 
 955.84  3235  6149 122827 
 955.88  3240  6224 131956 
 955.91  3245  6300 124084 
 955.95  3250  6375 106373 
end
ufIntegration time is 0.2294 seconds per sampledt  4E-08 cy 4dh150718Santa_Cruz 28.4633 16.2557 4.03pr1014.0dark 44.2 
 978.63  2900  1280 247 
 978.66  2905  1350 276 
 978.7  2910  1420 257 
 978.73  2915  1490 263 
 978.77  2920  1561 268 
 978.8  2925  1631 263 
 978.84  2930  1702 279 
 978.87  2935  1773 256 
 978.91  2940  1843 291 
 978.94  2945  1914 297 
 978.98  2950  1985 324 
 979.01  2955  2056 379 
 979.05  2960  2127 457 
 979.08  2965  2198 518 
 979.12  2970  2269 603 
 979.15  2975  2340 1014 
 979.19  2980  2411 1124 
 979.22  2985  2483 1159 
 979.26  2990  2554 2010 
 979.29  2995  2626 2733 
 979.33  3000  2697 2662 
 979.36  3005  2769 3630 
 979.4  3010  2841 5520 
 979.43  3015  2912 7421 
 979.47  3020  2984 6536 
 979.5  3025  3056 11932 
 979.54  3030  3128 18368 
 979.57  3035  3200 21226 
 979.61  3040  3273 20780 
 979.64  3045  3345 27309 
 979.68  3050  3417 36763 
 979.71  3055  3490 36985 
 979.75  3060  3562 36770 
 979.78  3065  3635 42429 
 979.82  3070  3707 58175 
 979.85  3075  3780 66132 
 979.89  3080  3853 69438 
 979.92  3085  3926 77731 
 979.96  3090  3998 66532 
 979.99  3095  4071 73680 
 980.03  3100  4145 72700 
 980.06  3105  4218 117715 
 980.1  3110  4291 135363 
 980.13  3115  4364 127902 
 980.17  3120  4438 120871 
 980.2  3125  4511 138596 
 980.24  3130  4585 142975 
 980.27  3135  4658 143127 
 980.31  3140  4732 161152 
 980.34  3145  4806 135760 
 980.38  3150  4880 170168 
 980.41  3155  4954 139610 
 980.45  3160  5028 120290 
 980.48  3165  5102 159256 
 980.52  3170  5176 188468 
 980.55  3175  5251 186622 
 980.59  3180  5325 134881 
 980.62  3185  5399 160066 
 980.66  3190  5474 165417 
 980.69  3195  5549 144919 
 980.73  3200  5623 165261 
 980.76  3205  5698 180307 
 980.8  3210  5773 141163 
 980.83  3215  5848 131773 
 980.87  3220  5923 139159 
 980.9  3225  5998 109943 
 980.94  3230  6073 103160 
 980.97  3235  6149 108596 
 981.01  3240  6224 116790 
 981.04  3245  6300 109918 
 981.08  3250  6375 94078 
end
ufIntegration time is 0.2294 seconds per sampledt  4E-08 cy 4dh150718Santa_Cruz 28.4633 16.2557 4.01pr1014.0dark 45.6 
 1003.42  2900  1280 198 
 1003.46  2905  1350 194 
 1003.49  2910  1420 199 
 1003.53  2915  1490 198 
 1003.56  2920  1561 205 
 1003.6  2925  1631 211 
 1003.63  2930  1702 209 
 1003.67  2935  1773 206 
 1003.7  2940  1843 231 
 1003.74  2945  1914 236 
 1003.77  2950  1985 248 
 1003.81  2955  2056 294 
 1003.84  2960  2127 321 
 1003.88  2965  2198 323 
 1003.91  2970  2269 396 
 1003.95  2975  2340 579 
 1003.98  2980  2411 655 
 1004.02  2985  2483 741 
 1004.05  2990  2554 1175 
 1004.09  2995  2626 1542 
 1004.12  3000  2697 1621 
 1004.16  3005  2769 2170 
 1004.19  3010  2841 3354 
 1004.23  3015  2912 4612 
 1004.26  3020  2984 4118 
 1004.3  3025  3056 7556 
 1004.33  3030  3128 11824 
 1004.37  3035  3200 14140 
 1004.4  3040  3273 13793 
 1004.44  3045  3345 18542 
 1004.47  3050  3417 25165 
 1004.51  3055  3490 25827 
 1004.54  3060  3562 25797 
 1004.58  3065  3635 29955 
 1004.61  3070  3707 41643 
 1004.65  3075  3780 48454 
 1004.68  3080  3853 51120 
 1004.72  3085  3926 57325 
 1004.75  3090  3998 49362 
 1004.79  3095  4071 55710 
 1004.82  3100  4145 55481 
 1004.86  3105  4218 90180 
 1004.89  3110  4291 103793 
 1004.93  3115  4364 99242 
 1004.96  3120  4438 94521 
 1005  3125  4511 109181 
 1005.03  3130  4585 113184 
 1005.07  3135  4658 113149 
 1005.1  3140  4732 128854 
 1005.14  3145  4806 109140 
 1005.17  3150  4880 137446 
 1005.21  3155  4954 113216 
 1005.24  3160  5028 96996 
 1005.28  3165  5102 129840 
 1005.31  3170  5176 153525 
 1005.35  3175  5251 152446 
 1005.38  3180  5325 110687 
 1005.42  3185  5399 131108 
 1005.45  3190  5474 136646 
 1005.49  3195  5549 118907 
 1005.52  3200  5623 135435 
 1005.56  3205  5698 148917 
 1005.59  3210  5773 117618 
 1005.63  3215  5848 109467 
 1005.66  3220  5923 115233 
 1005.7  3225  5998 90935 
 1005.73  3230  6073 85501 
 1005.77  3235  6149 90312 
 1005.8  3240  6224 97005 
 1005.84  3245  6300 91122 
 1005.87  3250  6375 77518 
end
ufIntegration time is 0.2294 seconds per sampledt  4E-08 cy 4dh150718Santa_Cruz 28.4633 16.2557 3.98pr1014.0dark 44 
 1027.15  2900  1280 156 
 1027.19  2905  1350 155 
 1027.22  2910  1420 150 
 1027.26  2915  1490 168 
 1027.29  2920  1561 173 
 1027.33  2925  1631 163 
 1027.36  2930  1702 168 
 1027.4  2935  1773 165 
 1027.43  2940  1843 185 
 1027.47  2945  1914 180 
 1027.5  2950  1985 188 
 1027.54  2955  2056 202 
 1027.57  2960  2127 218 
 1027.61  2965  2198 234 
 1027.64  2970  2269 252 
 1027.68  2975  2340 334 
 1027.71  2980  2411 421 
 1027.75  2985  2483 417 
 1027.78  2990  2554 639 
 1027.82  2995  2626 866 
 1027.85  3000  2697 909 
 1027.89  3005  2769 1228 
 1027.92  3010  2841 1912 
 1027.96  3015  2912 2639 
 1027.99  3020  2984 2398 
 1028.03  3025  3056 4514 
 1028.06  3030  3128 7242 
 1028.1  3035  3200 8714 
 1028.13  3040  3273 8624 
 1028.17  3045  3345 11814 
 1028.2  3050  3417 16610 
 1028.24  3055  3490 17070 
 1028.27  3060  3562 17206 
 1028.31  3065  3635 20494 
 1028.34  3070  3707 28770 
 1028.38  3075  3780 34097 
 1028.41  3080  3853 36027 
 1028.45  3085  3926 40818 
 1028.48  3090  3998 35542 
 1028.52  3095  4071 40808 
 1028.55  3100  4145 40846 
 1028.59  3105  4218 66447 
 1028.62  3110  4291 77599 
 1028.66  3115  4364 74575 
 1028.69  3120  4438 72004 
 1028.73  3125  4511 83535 
 1028.76  3130  4585 86871 
 1028.8  3135  4658 87203 
 1028.83  3140  4732 100247 
 1028.86  3145  4806 85235 
 1028.9  3150  4880 107825 
 1028.94  3155  4954 88455 
 1028.97  3160  5028 76958 
 1029  3165  5102 103254 
 1029.04  3170  5176 121996 
 1029.08  3175  5251 121363 
 1029.11  3180  5325 88901 
 1029.14  3185  5399 105132 
 1029.18  3190  5474 110832 
 1029.21  3195  5549 95793 
 1029.25  3200  5623 109259 
 1029.29  3205  5698 121104 
 1029.32  3210  5773 96102 
 1029.35  3215  5848 89484 
 1029.39  3220  5923 93663 
 1029.42  3225  5998 73919 
 1029.46  3230  6073 69788 
 1029.49  3235  6149 74387 
 1029.53  3240  6224 80088 
 1029.56  3245  6300 75099 
 1029.6  3250  6375 64133 
end
ufIntegration time is 0.2294 seconds per sampledt  4E-08 cy 4dh150718Santa_Cruz 28.4633 16.2557 3.88pr1014.0dark 36.4 
 1051.53  2900  1280 141 
 1051.57  2905  1350 156 
 1051.6  2910  1420 129 
 1051.64  2915  1490 143 
 1051.67  2920  1561 129 
 1051.71  2925  1631 136 
 1051.74  2930  1702 130 
 1051.78  2935  1773 133 
 1051.81  2940  1843 135 
 1051.85  2945  1914 170 
 1051.88  2950  1985 136 
 1051.92  2955  2056 151 
 1051.95  2960  2127 149 
 1051.99  2965  2198 164 
 1052.02  2970  2269 155 
 1052.06  2975  2340 187 
 1052.09  2980  2411 227 
 1052.13  2985  2483 231 
 1052.16  2990  2554 328 
 1052.2  2995  2626 440 
 1052.23  3000  2697 461 
 1052.27  3005  2769 635 
 1052.3  3010  2841 949 
 1052.34  3015  2912 1322 
 1052.37  3020  2984 1246 
 1052.41  3025  3056 2392 
 1052.44  3030  3128 3978 
 1052.48  3035  3200 4704 
 1052.51  3040  3273 4804 
 1052.55  3045  3345 6707 
 1052.58  3050  3417 9696 
 1052.62  3055  3490 10236 
 1052.65  3060  3562 10431 
 1052.69  3065  3635 12443 
 1052.72  3070  3707 18189 
 1052.76  3075  3780 21868 
 1052.79  3080  3853 23387 
 1052.83  3085  3926 26722 
 1052.86  3090  3998 23358 
 1052.9  3095  4071 27766 
 1052.93  3100  4145 28062 
 1052.97  3105  4218 46081 
 1053  3110  4291 53878 
 1053.04  3115  4364 52421 
 1053.07  3120  4438 51574 
 1053.11  3125  4511 60442 
 1053.14  3130  4585 63372 
 1053.18  3135  4658 63277 
 1053.21  3140  4732 73760 
 1053.25  3145  4806 63665 
 1053.28  3150  4880 80724 
 1053.31  3155  4954 66019 
 1053.35  3160  5028 58209 
 1053.39  3165  5102 79449 
 1053.42  3170  5176 93786 
 1053.45  3175  5251 92013 
 1053.49  3180  5325 68036 
 1053.52  3185  5399 83176 
 1053.56  3190  5474 86644 
 1053.6  3195  5549 74252 
 1053.63  3200  5623 84908 
 1053.66  3205  5698 95150 
 1053.7  3210  5773 75300 
 1053.73  3215  5848 71348 
 1053.77  3220  5923 73501 
 1053.8  3225  5998 58171 
 1053.84  3230  6073 55297 
 1053.87  3235  6149 59353 
 1053.91  3240  6224 63908 
 1053.94  3245  6300 59875 
 1053.98  3250  6375 50484 
end
ufIntegration time is 0.2294 seconds per sampledt  4E-08 cy 4dh150718Santa_Cruz 28.4633 16.2557 3.8pr1014.0dark 30.6 
 1078.1  2900  1280 109 
 1078.13  2905  1350 87 
 1078.17  2910  1420 86 
 1078.2  2915  1490 90 
 1078.24  2920  1561 89 
 1078.27  2925  1631 87 
 1078.31  2930  1702 91 
 1078.34  2935  1773 94 
 1078.38  2940  1843 96 
 1078.41  2945  1914 95 
 1078.45  2950  1985 90 
 1078.48  2955  2056 124 
 1078.52  2960  2127 95 
 1078.55  2965  2198 107 
 1078.59  2970  2269 129 
 1078.62  2975  2340 129 
 1078.66  2980  2411 151 
 1078.69  2985  2483 134 
 1078.73  2990  2554 158 
 1078.76  2995  2626 199 
 1078.8  3000  2697 204 
 1078.83  3005  2769 261 
 1078.87  3010  2841 390 
 1078.9  3015  2912 529 
 1078.94  3020  2984 531 
 1078.97  3025  3056 990 
 1079.01  3030  3128 1590 
 1079.04  3035  3200 2016 
 1079.08  3040  3273 2118 
 1079.11  3045  3345 3070 
 1079.15  3050  3417 4485 
 1079.18  3055  3490 4921 
 1079.22  3060  3562 5054 
 1079.25  3065  3635 6219 
 1079.29  3070  3707 9495 
 1079.32  3075  3780 11770 
 1079.36  3080  3853 12571 
 1079.39  3085  3926 14633 
 1079.43  3090  3998 13224 
 1079.46  3095  4071 16252 
 1079.5  3100  4145 16612 
 1079.53  3105  4218 27406 
 1079.57  3110  4291 32433 
 1079.6  3115  4364 32112 
 1079.64  3120  4438 32349 
 1079.67  3125  4511 38751 
 1079.71  3130  4585 40527 
 1079.74  3135  4658 40539 
 1079.78  3140  4732 47801 
 1079.81  3145  4806 42550 
 1079.85  3150  4880 54049 
 1079.88  3155  4954 44006 
 1079.92  3160  5028 39670 
 1079.95  3165  5102 54651 
 1079.99  3170  5176 64556 
 1080.02  3175  5251 63291 
 1080.06  3180  5325 47534 
 1080.09  3185  5399 58894 
 1080.13  3190  5474 61964 
 1080.16  3195  5549 52626 
 1080.2  3200  5623 59751 
 1080.23  3205  5698 68062 
 1080.27  3210  5773 55086 
 1080.3  3215  5848 51881 
 1080.34  3220  5923 52964 
 1080.37  3225  5998 41678 
 1080.4  3230  6073 40331 
 1080.44  3235  6149 43962 
 1080.47  3240  6224 47481 
 1080.51  3245  6300 44099 
 1080.55  3250  6375 36898 
end
ufIntegration time is 0.2294 seconds per sampledt  4E-08 cy 4dh150718Santa_Cruz 28.4633 16.2557 3.74pr1014.0dark 25.4 
 1094.96  2900  1280 66 
 1094.99  2905  1350 71 
 1095.03  2910  1420 69 
 1095.06  2915  1490 75 
 1095.1  2920  1561 80 
 1095.13  2925  1631 74 
 1095.17  2930  1702 62 
 1095.2  2935  1773 73 
 1095.24  2940  1843 69 
 1095.27  2945  1914 79 
 1095.31  2950  1985 81 
 1095.34  2955  2056 74 
 1095.38  2960  2127 73 
 1095.41  2965  2198 82 
 1095.45  2970  2269 82 
 1095.48  2975  2340 90 
 1095.52  2980  2411 92 
 1095.55  2985  2483 86 
 1095.59  2990  2554 109 
 1095.62  2995  2626 134 
 1095.66  3000  2697 146 
 1095.69  3005  2769 151 
 1095.73  3010  2841 215 
 1095.76  3015  2912 273 
 1095.8  3020  2984 284 
 1095.83  3025  3056 496 
 1095.87  3030  3128 833 
 1095.9  3035  3200 1057 
 1095.94  3040  3273 1124 
 1095.97  3045  3345 1619 
 1096.01  3050  3417 2444 
 1096.04  3055  3490 2796 
 1096.08  3060  3562 2869 
 1096.11  3065  3635 3580 
 1096.15  3070  3707 5638 
 1096.18  3075  3780 7201 
 1096.22  3080  3853 7726 
 1096.25  3085  3926 9184 
 1096.29  3090  3998 8276 
 1096.32  3095  4071 10520 
 1096.36  3100  4145 10863 
 1096.39  3105  4218 18313 
 1096.42  3110  4291 21865 
 1096.46  3115  4364 21700 
 1096.5  3120  4438 22349 
 1096.53  3125  4511 27158 
 1096.56  3130  4585 28681 
 1096.6  3135  4658 28539 
 1096.63  3140  4732 34133 
 1096.67  3145  4806 31071 
 1096.7  3150  4880 39639 
 1096.74  3155  4954 31928 
 1096.77  3160  5028 29373 
 1096.81  3165  5102 40683 
 1096.84  3170  5176 48361 
 1096.88  3175  5251 47543 
 1096.91  3180  5325 35835 
 1096.95  3185  5399 44737 
 1096.98  3190  5474 47517 
 1097.02  3195  5549 40164 
 1097.05  3200  5623 45575 
 1097.09  3205  5698 52521 
 1097.12  3210  5773 43203 
 1097.16  3215  5848 40624 
 1097.19  3220  5923 40930 
 1097.23  3225  5998 32306 
 1097.26  3230  6073 31556 
 1097.3  3235  6149 34749 
 1097.33  3240  6224 37642 
 1097.37  3245  6300 34689 
 1097.4  3250  6375 28948 
end
ufIntegration time is 0.2294 seconds per sampledt  4E-08 cy 4dh150718Santa_Cruz 28.4633 16.2557 3.58pr1014.0dark 14.2 
 1146.99  2900  1280 27 
 1147.03  2905  1350 27 
 1147.06  2910  1420 27 
 1147.1  2915  1490 26 
 1147.13  2920  1561 25 
 1147.17  2925  1631 29 
 1147.2  2930  1702 25 
 1147.24  2935  1773 25 
 1147.27  2940  1843 28 
 1147.31  2945  1914 30 
 1147.34  2950  1985 28 
 1147.38  2955  2056 31 
 1147.41  2960  2127 24 
 1147.45  2965  2198 28 
 1147.48  2970  2269 35 
 1147.52  2975  2340 30 
 1147.55  2980  2411 30 
 1147.59  2985  2483 35 
 1147.62  2990  2554 35 
 1147.66  2995  2626 36 
 1147.69  3000  2697 38 
 1147.73  3005  2769 51 
 1147.76  3010  2841 45 
 1147.8  3015  2912 56 
 1147.83  3020  2984 58 
 1147.87  3025  3056 68 
 1147.9  3030  3128 102 
 1147.94  3035  3200 111 
 1147.97  3040  3273 118 
 1148.01  3045  3345 169 
 1148.04  3050  3417 239 
 1148.08  3055  3490 239 
 1148.11  3060  3562 272 
 1148.15  3065  3635 325 
 1148.18  3070  3707 565 
 1148.22  3075  3780 686 
 1148.25  3080  3853 801 
 1148.29  3085  3926 948 
 1148.32  3090  3998 903 
 1148.36  3095  4071 1281 
 1148.39  3100  4145 1423 
 1148.43  3105  4218 2428 
 1148.46  3110  4291 3046 
 1148.5  3115  4364 3087 
 1148.53  3120  4438 3558 
 1148.57  3125  4511 4641 
 1148.6  3130  4585 5084 
 1148.64  3135  4658 5015 
 1148.67  3140  4732 6510 
 1148.7  3145  4806 6576 
 1148.74  3150  4880 8464 
 1148.78  3155  4954 6678 
 1148.81  3160  5028 6655 
 1148.84  3165  5102 10000 
 1148.88  3170  5176 11741 
 1148.91  3175  5251 11342 
 1148.95  3180  5325 9179 
 1148.99  3185  5399 12497 
 1149.02  3190  5474 13743 
 1149.05  3195  5549 10995 
 1149.09  3200  5623 12341 
 1149.12  3205  5698 15603 
 1149.16  3210  5773 13801 
 1149.19  3215  5848 13058 
 1149.23  3220  5923 12228 
 1149.26  3225  5998 9632 
 1149.3  3230  6073 10198 
 1149.33  3235  6149 12048 
 1149.37  3240  6224 13148 
 1149.4  3245  6300 11546 
 1149.44  3250  6375 9378 
end
ufIntegration time is 0.2294 seconds per sampledt  4E-08 cy 4dh150718Santa_Cruz 28.4633 16.2557 3.5pr1014.0dark 11.6 
 1172.47  2900  1280 18 
 1172.5  2905  1350 16 
 1172.54  2910  1420 16 
 1172.57  2915  1490 17 
 1172.61  2920  1561 17 
 1172.64  2925  1631 17 
 1172.68  2930  1702 15 
 1172.71  2935  1773 18 
 1172.75  2940  1843 19 
 1172.78  2945  1914 14 
 1172.82  2950  1985 17 
 1172.85  2955  2056 16 
 1172.88  2960  2127 13 
 1172.92  2965  2198 20 
 1172.96  2970  2269 17 
 1172.99  2975  2340 19 
 1173.03  2980  2411 19 
 1173.06  2985  2483 15 
 1173.09  2990  2554 21 
 1173.13  2995  2626 19 
 1173.16  3000  2697 24 
 1173.2  3005  2769 23 
 1173.23  3010  2841 26 
 1173.27  3015  2912 30 
 1173.3  3020  2984 30 
 1173.34  3025  3056 44 
 1173.37  3030  3128 45 
 1173.41  3035  3200 52 
 1173.44  3040  3273 49 
 1173.48  3045  3345 68 
 1173.51  3050  3417 115 
 1173.55  3055  3490 102 
 1173.58  3060  3562 99 
 1173.62  3065  3635 154 
 1173.65  3070  3707 178 
 1173.69  3075  3780 199 
 1173.72  3080  3853 218 
 1173.76  3085  3926 266 
 1173.79  3090  3998 238 
 1173.83  3095  4071 292 
 1173.86  3100  4145 335 
 1173.9  3105  4218 510 
 1173.93  3110  4291 677 
 1173.97  3115  4364 704 
 1174  3120  4438 795 
 1174.04  3125  4511 1008 
 1174.07  3130  4585 1114 
 1174.11  3135  4658 1071 
 1174.14  3140  4732 1434 
 1174.18  3145  4806 1534 
 1174.21  3150  4880 2016 
 1174.25  3155  4954 1571 
 1174.28  3160  5028 1723 
 1174.32  3165  5102 2668 
 1174.35  3170  5176 3078 
 1174.39  3175  5251 2886 
 1174.42  3180  5325 2548 
 1174.46  3185  5399 3784 
 1174.49  3190  5474 4256 
 1174.53  3195  5549 3235 
 1174.57  3200  5623 3653 
 1174.6  3205  5698 5041 
 1174.64  3210  5773 4774 
 1174.67  3215  5848 4595 
 1174.71  3220  5923 3977 
 1174.74  3225  5998 3127 
 1174.78  3230  6073 3495 
 1174.81  3235  6149 4590 
 1174.85  3240  6224 5143 
 1174.88  3245  6300 4306 
 1174.92  3250  6375 3344 
end
ufIntegration time is 0.2294 seconds per sampledt  4E-08 cy 4dh150718Santa_Cruz 28.4633 16.2557 3.39pr1014.0dark 9.2 
 1209.48  2900  1280 7 
 1209.52  2905  1350 11 
 1209.55  2910  1420 11 
 1209.59  2915  1490 8 
 1209.62  2920  1561 10 
 1209.66  2925  1631 10 
 1209.69  2930  1702 9 
 1209.73  2935  1773 8 
 1209.76  2940  1843 8 
 1209.8  2945  1914 10 
 1209.83  2950  1985 10 
 1209.87  2955  2056 10 
 1209.9  2960  2127 8 
 1209.94  2965  2198 7 
 1209.97  2970  2269 8 
 1210.01  2975  2340 9 
 1210.04  2980  2411 10 
 1210.08  2985  2483 10 
 1210.11  2990  2554 10 
 1210.15  2995  2626 9 
 1210.18  3000  2697 9 
 1210.22  3005  2769 9 
 1210.25  3010  2841 8 
 1210.29  3015  2912 11 
 1210.32  3020  2984 10 
 1210.36  3025  3056 13 
 1210.39  3030  3128 11 
 1210.43  3035  3200 13 
 1210.46  3040  3273 11 
 1210.5  3045  3345 14 
 1210.53  3050  3417 16 
 1210.57  3055  3490 18 
 1210.6  3060  3562 17 
 1210.64  3065  3635 21 
 1210.67  3070  3707 26 
 1210.71  3075  3780 28 
 1210.74  3080  3853 32 
 1210.78  3085  3926 33 
 1210.81  3090  3998 32 
 1210.85  3095  4071 35 
 1210.88  3100  4145 39 
 1210.92  3105  4218 53 
 1210.95  3110  4291 60 
 1210.99  3115  4364 64 
 1211.02  3120  4438 59 
 1211.06  3125  4511 61 
 1211.09  3130  4585 78 
 1211.13  3135  4658 69 
 1211.16  3140  4732 81 
 1211.2  3145  4806 87 
 1211.23  3150  4880 92 
 1211.27  3155  4954 85 
 1211.3  3160  5028 82 
 1211.34  3165  5102 122 
 1211.37  3170  5176 176 
 1211.41  3175  5251 155 
 1211.44  3180  5325 111 
 1211.48  3185  5399 133 
 1211.51  3190  5474 132 
 1211.55  3195  5549 149 
 1211.58  3200  5623 126 
 1211.62  3205  5698 172 
 1211.65  3210  5773 160 
 1211.69  3215  5848 158 
 1211.72  3220  5923 142 
 1211.76  3225  5998 126 
 1211.79  3230  6073 117 
 1211.83  3235  6149 148 
 1211.86  3240  6224 166 
 1211.9  3245  6300 139 
 1211.93  3250  6375 103 
end
