19.05382     
18.40231     
17.76011     
17.10501     
16.33731     
0            
.3398        
2.35         
1.139        
3048         
3195         
.000000038   
294          
76           
1766         
0            
5000         
10000        
15000        
20000        
25000        
2816         
mkiv        
1            
0            
0            
0            
0            
0            
0            
0            
2984         
0            
242          
-3           
772          
770          
5642         
178          
2650         
0            
0            
3469         
75           
0.0          
64           
256          
64           
64           
52           
2112         
Sept 11/05   
