0            
-.2755       
-1.0579      
-1.5213      
-3.0124      
0            
0.3365       
2.35         
1.1362       
3320         
3470         
.000000042   
920          
94           
2404         
0            
5000         
10000        
15000        
20000        
25000        
2816         
mkii        
1            
0            
0            
0            
0            
0            
0            
0            
2666         
0            
0            
0            
0            
0            
0            
0            
2639         
0            
0            
2687         
75           
0            
0            
256          
0            
0            
29           
2112         
Sept 11/02   
