7.748        
8.0831       
7.7662       
6.5045       
4.7578       
0            
0.3365       
2.35         
1.1362       
3370         
3560         
.000000042   
920          
94           
2404         
0            
5000         
10000        
15000        
20000        
25000        
2816         
mkii        
2            
0            
0            
0            
0            
0            
0            
0            
2675         
0            
0            
0            
0            
0            
0            
0            
2639         
0            
0            
2687         
75           
0            
0            
256          
0            
0            
29           
2112         
Sept 15/01   
