7.748        
8.0831       
7.7662       
6.5045       
4.7578       
0            
.33583       
2.35         
1.1194       
3350         
3500         
.000000042   
138          
94           
1622         
0            
5000         
10000        
15000        
20000        
25000        
2816         
mkii        
2            
0            
0            
0            
0            
0            
0            
0            
1893         
0            
0            
0            
0            
0            
0            
0            
0            
0            
0            
3469         
75           
0            
0            
256          
0            
0            
37           
2112         
Oct. 5/00    
