0          
0      
0      
0      
0      
0.056        
0.3465       
2.35000      
1.13660      
1552         
421          
0.000000028  
285          
14           
1707         
0            
4161         
8914         
14356        
18942        
26412        
2972         
mkiii       
1            
0            
0            
0            
0            
0            
0            
0            
0            
0            
242          
-3.00000     
770          
740          
8028         
178          
2515         
1.0033       
-16.15       
2469         
250          
0.100        
0            
256          
0            
0            
0            
2214         
June 11/2013 

