0            
0            
0            
0            
0            
0.056        
0.3414       
2.35000      
1.13660      
1505         
421          
0.000000028  
285          
14           
1707         
0            
4161         
8914         
14356        
18942        
26412        
2972         
mkiii       
1            
0            
0            
0            
0            
0            
0            
0            
0            
0            
242          
-3.00000     
770          
740          
8028         
178          
2515         
1.0033       
-16.15       
2469         
250          
0.000        
0            
256          
0            
0            
0            
2224         
June 11/2013 
EXTRAS       
1            
0            
0            
25000        
80000        
1            
1            
0            
0            
06-26-2019
