0.00000      
-0.0303      
0.0226       
0.2607       
-0.0500      
0.0          
0.34440      
2.35000      
1.16160      
1781         
322          
0.000000030  
282          
92           
1682         
0            
5000         
10000        
15000        
20000        
25000        
2972         
mkiii       
2            
12           
0            
0            
0            
0            
0            
0            
6953         
7155         
178          
-3.00000     
770          
740          
8028         
178          
2497         
0.9988       
-10.9        
2469         
250          
0.000        
0            
256          
0            
64           
38           
2222         
September 06/
