0.00000      
-0.03030     
0.02260      
0.26070      
-0.05000     
0.0          
0.3432       
2.35000      
1.15090      
1738         
133          
0.0000000214 
284          
92           
1684         
0            
4385         
9358         
13754        
21466        
25162        
2972         
mkiii       
1            
12           
0            
0            
0            
0            
0            
0            
6957         
6906         
178          
-3.00000     
770          
740          
8028         
178          
2497         
0.9988       
-10.9        
2469         
250          
0.60         
0            
256          
0            
64           
0            
2229         
May 24/2006  
