0.0000       
-0.71        
-1.45        
-1.65        
-2.01        
0.0          
0.3435       
2.35000      
1.15220      
1710         
133          
0.000000030  
1015         
14           
2463         
0            
4385         
9358         
13754        
21466        
25162        
2972         
mkiii       
2            
0            
0            
0            
0            
0            
0            
0            
0            
0            
178          
-3.00000     
770          
740          
8028         
178          
2497         
0.99890      
-13.86       
1738         
250          
0.00         
0            
256          
0            
0            
0            
2211         
jun 02/2015  
EXTRAS       
1            
0            
0            
25000        
80000        
1            
1            
0            
0            
05-15-2017
