0.0000       
-0.4569      
-0.5240      
-0.5162      
-0.7265      
0.0          
0.3442       
2.35000      
1.15220      
1770         
133          
0.000000044  
1015         
14           
2463         
0            
4385         
9358         
13754        
21466        
25162        
2972         
mkiii       
1            
0            
0            
0            
0            
0            
0            
0            
12           
-139         
178          
-3.00000     
770          
740          
8028         
178          
2497         
0.99870      
-8.68        
1738         
250          
0.00         
0            
256          
0            
0            
0            
2211         
jun 02/2015  
EXTRAS       
1            
0            
0            
25000        
80000        
1            
1            
0            
0            
06-27-2016
