0.00000      
-0.4569      
-0.5240      
-0.5162      
-0.7265      
0.0          
0.3400       
2.35000      
1.15090      
1790         
133          
0.000000031  
1017         
12           
2463         
0            
4385         
9358         
13754        
21466        
25162        
2972         
mkiii       
1            
12           
0            
0            
0            
0            
0            
0            
0            
0            
178          
-3.00000     
770          
740          
8028         
178          
2497         
0.99870      
-8.68        
1738         
250          
0.00         
0            
256          
0            
0            
0            
2208         
jul 24/2014  
