0.00000      
-0.03030     
0.02260      
0.26070      
-0.05000     
0.0          
0.34320      
2.35000      
1.15090      
1735         
145          
0.0000000300 
284          
92           
1684         
0            
4385         
9358         
13754        
21466        
25162        
2972         
mkiii       
1            
12           
0            
0            
0            
0            
0            
0            
6961         
7141         
178          
-3.00000     
770          
740          
8028         
178          
2497         
0.99975      
-16.0        
2469         
250          
0.200        
0            
256          
0            
64           
38           
2222         
Aug 14/2007  
