 2893.6 
 346          281
 356          296
 366          290
 376          289
 386          317
 396          392
 406          883
 416         1275
 426         6972
 436        23928
 446        40720
 456        59516
 466        78896
 476        96136
 486       111761
 496       114654
 506       113156
 516        98960
 526        80848
 536        63046
 546        45781
 556        28852
 566        10078
 576         1281
 586          630
 596          370
 606          310
 616          328
 626          288
 636          271
 646          278
 646          275
 636          291
 626          294
 616          302
 606          309
 596          347
 586          636
 576         1241
 566         9103
 556        28162
 546        47312
 536        64316
 526        79303
 516        99220
 506       112771
 496       115134
 486       113185
 476        98010
 466        80608
 456        60684
 446        42852
 436        25465
 426         7796
 416         1406
 406          975
 396          392
 386          318
 376          295
 366          299
 356          290
 346          281
eof
186 mkiii
slit  1 
ZERO  2469 
CalStep 283
TE  31 
ND  0 
