 3499.952 
8481          972
8491          901
8501          927
8511          907
8521          914
8531          937
8541          938
8551          974
8561         1110
8571         2310
8581         3599
8591         4955
8601         6148
8611         7603
8621         8732
8631         9939
8641        10282
8651         9111
8661         7860
8671         6595
8681         5259
8691         3971
8701         2710
8711         1522
8721         1055
8731         1001
8741         1011
8751         1014
8761          987
8771          998
8781          998
8781          967
8771         1019
8761          978
8751         1007
8741          990
8731         1029
8721         1047
8711         1512
8701         2797
8691         3969
8681         5224
8671         6486
8661         7844
8651         9041
8641        10220
8631         9940
8621         8860
8611         7476
8601         6094
8591         4855
8581         3587
8571         2287
8561         1110
8551          946
8541          963
8531          932
8521          922
8511          922
8501          957
8491          953
8481          928
eof
186 mkiii
slit  2 
ZERO  2469 
CalStep 283
TE  27 
ND  0 
