 3133.167 
1659          252
1669          264
1679          247
1689          267
1699          276
1709          339
1719          460
1729         2039
1739         4949
1749         8185
1759        12505
1769        15946
1779        19307
1789        22741
1799        24314
1809        23195
1819        20265
1829        16697
1839        13590
1849        10149
1859         6550
1869         3031
1879          633
1889          419
1899          308
1909          284
1919          271
1929          283
1939          265
1949          258
1959          257
1959          262
1949          255
1939          263
1929          268
1919          280
1909          287
1899          302
1889          388
1879          593
1869         2806
1859         6564
1849        10079
1839        13451
1829        16902
1819        20338
1809        23373
1799        24361
1789        22535
1779        19608
1769        15738
1759        12685
1749         8731
1739         5022
1729         1897
1719          422
1709          351
1699          283
1689          257
1679          254
1669          244
1659          267
eof
186 mkiii
slit  5 
ZERO  2469 
CalStep 283
TE  27 
ND  0 
