0            
-0.39        
-0.94        
-1.68        
-2.72        
0            
.3398        
2.35         
1.139        
3020         
3160         
.000000035   
291          
76           
1766         
0            
4290         
9120         
14315        
19790        
25000        
2816         
mkiv        
2            
0            
0            
0            
0            
0            
0            
0            
2984         
0            
242          
-3           
772          
770          
5642         
178          
2650         
0            
0            
3469         
75           
0.0          
64           
256          
0            
64           
52           
2112         
July 8/11    

