Field of view Scan started at 08:25:42filter: 3CY 5SL  5 
-160.000      0.000    113.820     51.652    60.2 
-140.000      0.000    113.834     51.644    65.2 
-120.000      0.000    113.844     51.638    67.4 
-100.000      0.000    113.855     51.631    77.8 
 -80.000      0.000    113.866     51.625    89.4 
 -60.000      0.000    113.876     51.619    122.6 
 -40.000      0.000    113.887     51.613    31524.2 
 -20.000      0.000    113.897     51.606    39214.6 
   0.000      0.000    113.908     51.600    39610.6 
  20.000      0.000    113.919     51.594    39093 
  40.000      0.000    113.930     51.587    6903.4 
  60.000      0.000    113.940     51.581    106 
  80.000      0.000    113.951     51.575    84 
 100.000      0.000    113.961     51.568    76.4 
 120.000      0.000    113.972     51.562    64.4 
 140.000      0.000    113.983     51.556    55.2 
 160.000      0.000    113.993     51.550    55.8 
   0.000    -40.000    114.005     51.543    59.6 
   0.000    -36.000    114.019     51.534    62.4 
   0.000    -32.000    114.028     51.529    69.8 
   0.000    -28.000    114.037     51.524    71.8 
   0.000    -24.000    114.047     51.518    77.2 
   0.000    -20.000    114.056     51.513    88.4 
   0.000    -16.000    114.065     51.507    108.8 
   0.000    -12.000    114.075     51.502    191.6 
   0.000     -8.000    114.084     51.496    35718.4 
   0.000     -4.000    114.093     51.491    39466.6 
   0.000      0.000    114.102     51.485    39759 
   0.000      4.000    114.112     51.480    39647.4 
   0.000      8.000    114.121     51.474    39045.6 
   0.000     12.000    114.130     51.469    23867.2 
   0.000     16.000    114.140     51.463    139.8 
   0.000     20.000    114.149     51.458    98.6 
   0.000     24.000    114.159     51.452    82.2 
   0.000     28.000    114.168     51.447    72.4 
   0.000     32.000    114.177     51.442    70.8 
   0.000     36.000    114.187     51.436    62.8 
   0.000     40.000    114.196     51.430    60 
Field of view Scan started at 15:11:34filter: 3CY 5SL  5 
-160.000      0.000    250.713     54.354    55.6 
-140.000      0.000    250.727     54.363    57.8 
-120.000      0.000    250.737     54.369    61.2 
-100.000      0.000    250.747     54.376    68.6 
 -80.000      0.000    250.757     54.382    74.6 
 -60.000      0.000    250.767     54.389    108 
 -40.000      0.000    250.778     54.395    4080.8 
 -20.000      0.000    250.788     54.402    2983.8 
   0.000      0.000    250.798     54.408    3608.4 
  20.000      0.000    250.808     54.415    6093 
  40.000      0.000    250.818     54.422    5386.2 
  60.000      0.000    250.829     54.428    93.4 
  80.000      0.000    250.838     54.435    71.4 
 100.000      0.000    250.848     54.441    63 
 120.000      0.000    250.859     54.448    58.2 
 140.000      0.000    250.869     54.454    50 
 160.000      0.000    250.879     54.461    35 
   0.000    -40.000    250.889     54.468    46.4 
   0.000    -36.000    250.903     54.477    38.4 
   0.000    -32.000    250.912     54.482    38.6 
   0.000    -28.000    250.921     54.488    32.2 
   0.000    -24.000    250.929     54.494    30.6 
   0.000    -20.000    250.938     54.499    30 
   0.000    -16.000    250.947     54.505    47 
   0.000    -12.000    250.956     54.510    81 
   0.000     -8.000    250.964     54.516    9925.6 
   0.000     -4.000    250.973     54.522    11478 
   0.000      0.000    250.982     54.528    12100.8 
   0.000      4.000    250.991     54.533    12582.2 
   0.000      8.000    251.000     54.539    12874.4 
   0.000     12.000    251.008     54.544    9431.8 
   0.000     16.000    251.017     54.550    101.6 
   0.000     20.000    251.026     54.556    67.4 
   0.000     24.000    251.035     54.562    56.2 
   0.000     28.000    251.044     54.568    48.8 
   0.000     32.000    251.053     54.573    47.4 
   0.000     36.000    251.062     54.579    43.4 
   0.000     40.000    251.071     54.585    44.2 
