Field of view Scan started at 12:26:43filter: 3CY 5SL  5 
-160.000      0.000    207.589     31.788    164.6 
-140.000      0.000    207.618     31.794    163.2 
-120.000      0.000    207.639     31.798    139 
-100.000      0.000    207.661     31.802    116.2 
 -80.000      0.000    207.682     31.806    105 
 -60.000      0.000    207.703     31.810    98.2 
 -40.000      0.000    207.725     31.814    291.6 
 -20.000      0.000    207.746     31.818    1543.2 
   0.000      0.000    207.767     31.822    1421 
  20.000      0.000    207.788     31.826    1119.2 
  40.000      0.000    207.809     31.830    749.8 
  60.000      0.000    207.830     31.834    372.6 
  80.000      0.000    207.851     31.837    135 
 100.000      0.000    207.873     31.841    58.4 
 120.000      0.000    207.894     31.846    45.8 
 140.000      0.000    207.915     31.849    45.8 
 160.000      0.000    207.936     31.853    39.4 
   0.000    -40.000    207.957     31.857    34.8 
   0.000    -36.000    207.987     31.863    36 
   0.000    -32.000    208.006     31.867    35.8 
   0.000    -28.000    208.025     31.870    38.4 
   0.000    -24.000    208.043     31.874    40.2 
   0.000    -20.000    208.062     31.877    47.2 
   0.000    -16.000    208.080     31.881    63.4 
   0.000    -12.000    208.099     31.884    126.4 
   0.000     -8.000    208.116     31.887    262.6 
   0.000     -4.000    208.135     31.891    634.6 
   0.000      0.000    208.153     31.894    944.6 
   0.000      4.000    208.171     31.898    1248 
   0.000      8.000    208.190     31.901    1398.2 
   0.000     12.000    208.208     31.905    1476.4 
   0.000     16.000    208.228     31.909    1223.4 
   0.000     20.000    208.247     31.912    651.8 
   0.000     24.000    208.267     31.916    436.2 
   0.000     28.000    208.285     31.920    349.8 
   0.000     32.000    208.304     31.923    285.2 
   0.000     36.000    208.321     31.927    216.6 
   0.000     40.000    208.341     31.930    139.4 
Field of view Scan started at 12:56:47filter: 3CY 5SL  5 
-160.000      0.000    219.616     34.646    46 
-140.000      0.000    219.641     34.653    55.2 
-120.000      0.000    219.660     34.658    53.6 
-100.000      0.000    219.678     34.664    52.4 
 -80.000      0.000    219.697     34.669    45 
 -60.000      0.000    219.715     34.675    43.6 
 -40.000      0.000    219.734     34.680    82.8 
 -20.000      0.000    219.752     34.686    46.2 
   0.000      0.000    219.771     34.691    135.8 
  20.000      0.000    219.790     34.697    229 
  40.000      0.000    219.808     34.702    189.4 
  60.000      0.000    219.826     34.707    118.4 
  80.000      0.000    219.845     34.713    96 
 100.000      0.000    219.863     34.718    88 
 120.000      0.000    219.882     34.724    93.8 
 140.000      0.000    219.900     34.730    86.2 
 160.000      0.000    219.919     34.736    70.8 
   0.000    -40.000    219.937     34.741    30.8 
   0.000    -36.000    219.963     34.749    31 
   0.000    -32.000    219.979     34.754    32 
   0.000    -28.000    219.995     34.758    31.6 
   0.000    -24.000    220.011     34.763    34 
   0.000    -20.000    220.027     34.768    31.4 
   0.000    -16.000    220.043     34.773    33.6 
   0.000    -12.000    220.060     34.777    33.2 
   0.000     -8.000    220.075     34.782    33.6 
   0.000     -4.000    220.091     34.787    37 
   0.000      0.000    220.107     34.792    81.4 
   0.000      4.000    220.123     34.796    335.8 
   0.000      8.000    220.139     34.801    366.4 
   0.000     12.000    220.155     34.806    322.8 
   0.000     16.000    220.171     34.811    304 
   0.000     20.000    220.186     34.815    249.6 
   0.000     24.000    220.203     34.820    156.2 
   0.000     28.000    220.218     34.825    161.8 
   0.000     32.000    220.234     34.830    150.6 
   0.000     36.000    220.250     34.834    127.2 
   0.000     40.000    220.267     34.839    95.8 
Field of view Scan started at 13:26:54filter: 3CY 5SL  5 
-160.000      0.000    230.053     38.289    26.8 
-140.000      0.000    230.074     38.298    29.4 
-120.000      0.000    230.090     38.305    29.4 
-100.000      0.000    230.106     38.311    29.6 
 -80.000      0.000    230.122     38.318    32.6 
 -60.000      0.000    230.138     38.324    29.2 
 -40.000      0.000    230.154     38.330    31 
 -20.000      0.000    230.169     38.337    31.4 
   0.000      0.000    230.185     38.343    32.2 
  20.000      0.000    230.201     38.350    32.8 
  40.000      0.000    230.217     38.356    33.4 
  60.000      0.000    230.232     38.363    31.6 
  80.000      0.000    230.248     38.369    34.6 
 100.000      0.000    230.263     38.375    34.2 
 120.000      0.000    230.279     38.382    35.8 
 140.000      0.000    230.295     38.388    37.2 
 160.000      0.000    230.310     38.395    39.6 
   0.000    -40.000    230.326     38.401    35.8 
   0.000    -36.000    230.348     38.410    37.4 
   0.000    -32.000    230.362     38.416    34.4 
   0.000    -28.000    230.376     38.422    32.2 
   0.000    -24.000    230.390     38.428    33.6 
   0.000    -20.000    230.404     38.434    34.4 
   0.000    -16.000    230.419     38.439    30.8 
   0.000    -12.000    230.433     38.445    32 
   0.000     -8.000    230.447     38.451    29.6 
   0.000     -4.000    230.461     38.457    31.6 
   0.000      0.000    230.475     38.462    31.4 
   0.000      4.000    230.488     38.468    26 
   0.000      8.000    230.502     38.474    29.4 
   0.000     12.000    230.516     38.480    27.4 
   0.000     16.000    230.529     38.485    31.4 
   0.000     20.000    230.543     38.491    32.6 
   0.000     24.000    230.557     38.496    31.8 
   0.000     28.000    230.570     38.502    35.4 
   0.000     32.000    230.584     38.508    36.8 
   0.000     36.000    230.598     38.514    51.8 
   0.000     40.000    230.612     38.519    58.4 
Field of view Scan started at 13:56:58filter: 3CY 5SL  5 
-160.000      0.000    239.037     42.485    44.2 
-140.000      0.000    239.055     42.494    44.6 
-120.000      0.000    239.069     42.501    48.4 
-100.000      0.000    239.082     42.509    55.4 
 -80.000      0.000    239.095     42.516    139.6 
 -60.000      0.000    239.109     42.523    480.8 
 -40.000      0.000    239.123     42.530    1679.4 
 -20.000      0.000    239.137     42.537    5359.2 
   0.000      0.000    239.151     42.545    5103.4 
  20.000      0.000    239.165     42.553    4436.6 
  40.000      0.000    239.179     42.560    2400.6 
  60.000      0.000    239.192     42.567    363.2 
  80.000      0.000    239.206     42.575    251 
 100.000      0.000    239.219     42.582    173.6 
 120.000      0.000    239.233     42.589    138.2 
 140.000      0.000    239.246     42.596    114.4 
 160.000      0.000    239.260     42.603    109.4 
   0.000    -40.000    239.274     42.611    47.6 
   0.000    -36.000    239.292     42.620    50.2 
   0.000    -32.000    239.304     42.626    63 
   0.000    -28.000    239.315     42.633    70.4 
   0.000    -24.000    239.327     42.639    94.6 
   0.000    -20.000    239.339     42.645    155.2 
   0.000    -16.000    239.351     42.651    237.4 
   0.000    -12.000    239.363     42.658    339 
   0.000     -8.000    239.375     42.664    522.2 
   0.000     -4.000    239.387     42.671    831.2 
   0.000      0.000    239.399     42.677    1184.4 
   0.000      4.000    239.410     42.683    1364.2 
   0.000      8.000    239.422     42.690    1402.4 
   0.000     12.000    239.434     42.696    1167.8 
   0.000     16.000    239.446     42.702    274.2 
   0.000     20.000    239.458     42.709    72 
   0.000     24.000    239.470     42.715    44.8 
   0.000     28.000    239.482     42.721    37.6 
   0.000     32.000    239.494     42.728    38.4 
   0.000     36.000    239.505     42.734    46.2 
   0.000     40.000    239.518     42.740    56.8 
Field of view Scan started at 15:56:46filter: 0CY 5SL  5 
-160.000      0.000    265.888     61.959    1100 
-140.000      0.000    265.900     61.969    899.6 
-120.000      0.000    265.909     61.977    576 
-100.000      0.000    265.918     61.986    373.4 
 -80.000      0.000    265.927     61.994    336.6 
 -60.000      0.000    265.936     62.002    313.6 
 -40.000      0.000    265.946     62.011    302.2 
 -20.000      0.000    265.955     62.019    340.8 
   0.000      0.000    265.965     62.028    832.2 
  20.000      0.000    265.974     62.036    2327 
  40.000      0.000    265.983     62.044    3383.8 
  60.000      0.000    265.992     62.053    2134 
  80.000      0.000    266.001     62.061    830 
 100.000      0.000    266.010     62.070    372 
 120.000      0.000    266.019     62.078    244.8 
 140.000      0.000    266.028     62.085    196.4 
 160.000      0.000    266.037     62.094    144 
   0.000    -40.000    266.046     62.102    1056.6 
   0.000    -36.000    266.058     62.112    1176.2 
   0.000    -32.000    266.065     62.120    1378.2 
   0.000    -28.000    266.073     62.127    1533.8 
   0.000    -24.000    266.082     62.134    1645.8 
   0.000    -20.000    266.090     62.142    1723.4 
   0.000    -16.000    266.097     62.149    2189.8 
   0.000    -12.000    266.105     62.156    2335.8 
   0.000     -8.000    266.114     62.163    2270.4 
   0.000     -4.000    266.122     62.171    1732.8 
   0.000      0.000    266.129     62.178    1048 
   0.000      4.000    266.137     62.185    428.4 
   0.000      8.000    266.146     62.192    243 
   0.000     12.000    266.154     62.200    224.6 
   0.000     16.000    266.162     62.207    215.6 
   0.000     20.000    266.170     62.214    215.6 
   0.000     24.000    266.178     62.222    225 
   0.000     28.000    266.186     62.229    227 
   0.000     32.000    266.194     62.236    227.8 
   0.000     36.000    266.202     62.243    229.8 
   0.000     40.000    266.210     62.251    231.2 
Field of view Scan started at 16:18:02filter: 0CY 5SL  5 
-160.000      0.000    269.831     65.596    56.6 
-140.000      0.000    269.842     65.607    52.2 
-120.000      0.000    269.850     65.615    52 
-100.000      0.000    269.859     65.623    45.2 
 -80.000      0.000    269.868     65.631    43 
 -60.000      0.000    269.877     65.639    41 
 -40.000      0.000    269.886     65.648    40.4 
 -20.000      0.000    269.895     65.656    38 
   0.000      0.000    269.903     65.664    37 
  20.000      0.000    269.912     65.672    37.6 
  40.000      0.000    269.921     65.681    29 
  60.000      0.000    269.930     65.689    21.4 
  80.000      0.000    269.938     65.697    15.2 
 100.000      0.000    269.947     65.705    8 
 120.000      0.000    269.956     65.713    5.6 
 140.000      0.000    269.964     65.722    6.6 
 160.000      0.000    269.973     65.730    7.2 
   0.000    -40.000    269.982     65.738    37 
   0.000    -36.000    269.993     65.749    37.2 
   0.000    -32.000    270.001     65.756    34.6 
   0.000    -28.000    270.009     65.763    34 
   0.000    -24.000    270.017     65.771    34 
   0.000    -20.000    270.024     65.778    34.6 
   0.000    -16.000    270.032     65.785    31 
   0.000    -12.000    270.040     65.793    32.2 
   0.000     -8.000    270.048     65.800    31.2 
   0.000     -4.000    270.055     65.807    32.6 
   0.000      0.000    270.063     65.814    34.6 
   0.000      4.000    270.071     65.822    34.6 
   0.000      8.000    270.079     65.829    34.8 
   0.000     12.000    270.087     65.837    37 
   0.000     16.000    270.095     65.845    34.4 
   0.000     20.000    270.103     65.852    37.2 
   0.000     24.000    270.111     65.859    36.6 
   0.000     28.000    270.119     65.866    39.4 
   0.000     32.000    270.126     65.873    39.6 
   0.000     36.000    270.134     65.881    42 
   0.000     40.000    270.142     65.888    40.8 
Field of view Scan started at 16:46:08filter: 0CY 5SL  5 
-160.000      0.000    274.868     70.393    13 
-140.000      0.000    274.878     70.403    13.2 
-120.000      0.000    274.886     70.411    13 
-100.000      0.000    274.895     70.419    11 
 -80.000      0.000    274.903     70.428    6.8 
 -60.000      0.000    274.911     70.435    4.4 
 -40.000      0.000    274.920     70.444    2.2 
 -20.000      0.000    274.929     70.452    4.2 
   0.000      0.000    274.937     70.460    2.8 
  20.000      0.000    274.945     70.468    4 
  40.000      0.000    274.954     70.477    4.6 
  60.000      0.000    274.963     70.485    5.8 
  80.000      0.000    274.971     70.493    6.4 
 100.000      0.000    274.980     70.501    8.6 
 120.000      0.000    274.988     70.509    7.4 
 140.000      0.000    274.996     70.517    9 
 160.000      0.000    275.005     70.525    9.6 
   0.000    -40.000    275.013     70.533    5 
   0.000    -36.000    275.024     70.544    6.2 
   0.000    -32.000    275.032     70.551    4.2 
   0.000    -28.000    275.039     70.558    6.2 
   0.000    -24.000    275.047     70.566    6 
   0.000    -20.000    275.054     70.573    6.2 
   0.000    -16.000    275.062     70.580    7 
   0.000    -12.000    275.070     70.588    9.2 
   0.000     -8.000    275.077     70.595    7.4 
   0.000     -4.000    275.085     70.602    5.8 
   0.000      0.000    275.092     70.609    3.6 
   0.000      4.000    275.100     70.617    2.6 
   0.000      8.000    275.107     70.624    1.2 
   0.000     12.000    275.115     70.631    1.6 
   0.000     16.000    275.122     70.638    1.8 
   0.000     20.000    275.130     70.646    1.8 
   0.000     24.000    275.137     70.653    1.8 
   0.000     28.000    275.145     70.660    1.4 
   0.000     32.000    275.152     70.667    2 
   0.000     36.000    275.160     70.674    2.8 
   0.000     40.000    275.167     70.681    3.8 
Field of view Scan started at 17:16:07filter: 0CY 5SL  5 
-160.000      0.000    280.127     75.470    6.4 
-140.000      0.000    280.138     75.480    5 
-120.000      0.000    280.146     75.488    5.2 
-100.000      0.000    280.154     75.496    3.8 
 -80.000      0.000    280.162     75.504    4.2 
 -60.000      0.000    280.171     75.512    3.8 
 -40.000      0.000    280.179     75.520    3.8 
 -20.000      0.000    280.187     75.528    3.8 
   0.000      0.000    280.196     75.536    3.8 
  20.000      0.000    280.204     75.544    3.4 
  40.000      0.000    280.212     75.552    4 
  60.000      0.000    280.221     75.560    5.4 
  80.000      0.000    280.229     75.568    3.8 
 100.000      0.000    280.237     75.576    2.8 
 120.000      0.000    280.245     75.583    4 
 140.000      0.000    280.254     75.591    4.4 
 160.000      0.000    280.262     75.599    3.4 
   0.000    -40.000    280.270     75.608    5 
   0.000    -36.000    280.281     75.618    4.8 
   0.000    -32.000    280.288     75.625    5.4 
   0.000    -28.000    280.296     75.632    4.6 
   0.000    -24.000    280.303     75.639    5 
   0.000    -20.000    280.310     75.647    4.8 
   0.000    -16.000    280.318     75.654    3.8 
   0.000    -12.000    280.325     75.661    3.8 
   0.000     -8.000    280.333     75.668    3.2 
   0.000     -4.000    280.340     75.675    4 
   0.000      0.000    280.347     75.682    4 
   0.000      4.000    280.355     75.689    5.2 
   0.000      8.000    280.362     75.697    4 
   0.000     12.000    280.370     75.704    3.4 
   0.000     16.000    280.377     75.711    4.6 
   0.000     20.000    280.385     75.718    4 
   0.000     24.000    280.392     75.725    5.4 
   0.000     28.000    280.399     75.732    5.6 
   0.000     32.000    280.407     75.739    7 
   0.000     36.000    280.414     75.746    8.4 
   0.000     40.000    280.421     75.753    10.4 
Field of view Scan started at 17:46:07filter: 0CY 5SL  5 
-160.000      0.000    285.352     80.450    2.8 
-140.000      0.000    285.362     80.460    1.6 
-120.000      0.000    285.371     80.468    2.2 
-100.000      0.000    285.379     80.476    2.6 
 -80.000      0.000    285.387     80.483    2.4 
 -60.000      0.000    285.395     80.491    2.6 
 -40.000      0.000    285.404     80.499    1.8 
 -20.000      0.000    285.412     80.507    2.6 
   0.000      0.000    285.421     80.515    2 
  20.000      0.000    285.429     80.523    2.8 
  40.000      0.000    285.438     80.530    2 
  60.000      0.000    285.446     80.538    2 
  80.000      0.000    285.454     80.546    2.6 
 100.000      0.000    285.462     80.554    3.6 
 120.000      0.000    285.471     80.561    3.4 
 140.000      0.000    285.479     80.569    4.4 
 160.000      0.000    285.487     80.577    4.4 
   0.000    -40.000    285.496     80.585    1.8 
   0.000    -36.000    285.506     80.595    2 
   0.000    -32.000    285.514     80.602    2.4 
   0.000    -28.000    285.521     80.609    2 
   0.000    -24.000    285.528     80.615    1.8 
   0.000    -20.000    285.536     80.623    1.8 
   0.000    -16.000    285.543     80.629    1.8 
   0.000    -12.000    285.551     80.636    2.6 
   0.000     -8.000    285.558     80.643    2 
   0.000     -4.000    285.565     80.650    2 
   0.000      0.000    285.573     80.657    2.6 
   0.000      4.000    285.580     80.664    2.2 
   0.000      8.000    285.588     80.671    2 
   0.000     12.000    285.595     80.678    2.6 
   0.000     16.000    285.602     80.685    1.2 
   0.000     20.000    285.610     80.692    2.2 
   0.000     24.000    285.617     80.699    2.8 
   0.000     28.000    285.624     80.705    2.4 
   0.000     32.000    285.632     80.712    2.2 
   0.000     36.000    285.639     80.719    1.2 
   0.000     40.000    285.647     80.726    2.2 
