0.0000       
-0.1000      
-0.3000      
-0.8000      
-1.3000      
0.0          
0.3414       
2.35000      
1.16356      
1820         
332          
0.000000028  
1015         
14           
2463         
0.0000       
4385.0000    
9358.0000    
13754.0000   
21466.0000   
25162.0000   
2972         
mkiii       
1            
0            
0            
0            
0            
0            
0            
0            
0            
0            
178          
-3.00000     
770          
740          
8028         
178          
2497         
0.99890      
-13.86000    
1738         
250          
0.000        
0            
256          
0            
0            
0            
2231         
octubre 18/20
EXTRAS
 1
 0
 0
 25000
 80000
 1
 1
 0
 0
08-10-2018
