 0       
-0.64      
-1.40     
-2.06     
-3.55     
0            
.3336     
2.44         
1.106517     
3012         
3200         
3.8E-08      
159          
70           
1637         
0            
5000         
10000        
15000        
20000        
25000        
2816         
mkii        
2            
0            
0            
0            
0            
0            
0            
0            
2546         
0            
0            
0            
0            
0            
0            
0            
0            
0            
0            
4269         
75           
.1           
0            
256          
0            
0            
120          
2112         
July 12/04   
