uxIntegration time is 0.2294 seconds per sampledt  2.8E-08 cy 1dh291218Tamanrasset 22.79-5.529 4.974364pr865dark 1.65 
 365.79  2900  576 2 
 365.82  2905  641 2 
 365.86  2910  706 0 
 365.89  2915  772 1 
 365.92  2920  837 2 
 365.95  2925  903 2 
 365.98  2930  969 2 
 366.01  2935  1035 0 
 366.04  2940  1100 2.25 
 366.08  2945  1166 2 
 366.11  2950  1233 1.75 
 366.14  2955  1299 0 
 366.17  2960  1365 0 
 366.2  2965  1431 .5 
 366.23  2970  1498 .75 
 366.26  2975  1565 2 
 366.3  2980  1631 1 
 366.33  2985  1698 1.25 
 366.36  2990  1765 1.75 
 366.39  2995  1832 0 
 366.41  3000  1899 0 
 366.44  3005  1966 2 
 366.46  3010  2033 2 
 366.49  3015  2101 0 
 366.51  3020  2168 2 
 366.53  3025  2236 2 
 366.56  3030  2303 .5 
 366.58  3035  2371 1 
 366.6  3040  2439 1.5 
 366.63  3045  2507 1 
 366.65  3050  2575 1 
 366.68  3055  2643 3 
 366.7  3060  2712 1.5 
 366.72  3065  2780 3 
 366.75  3070  2849 2.5 
 366.77  3075  2917 3 
 366.8  3080  2986 3 
 366.82  3085  3055 2.5 
 366.84  3090  3124 3.5 
 366.87  3095  3193 3.5 
 366.89  3100  3262 4 
 366.92  3105  3331 5.5 
 366.94  3110  3400 6.5 
 366.96  3115  3470 5 
 366.99  3120  3539 6 
 367.01  3125  3609 7 
 367.04  3130  3679 8 
 367.06  3135  3749 5 
 367.08  3140  3819 7.5 
 367.11  3145  3889 8 
 367.13  3150  3959 7.5 
 367.16  3155  4029 9 
 367.18  3160  4100 9 
 367.2  3165  4170 11.5 
 367.23  3170  4241 14 
 367.25  3175  4312 12 
 367.28  3180  4383 10.5 
 367.3  3185  4454 18 
 367.32  3190  4525 17.5 
 367.35  3195  4596 14.5 
 367.37  3200  4667 19 
 367.4  3205  4739 20.5 
 367.42  3210  4811 24.5 
 367.44  3215  4882 20.5 
 367.47  3220  4954 23 
 367.49  3225  5026 18.5 
 367.52  3230  5098 23.5 
 367.54  3235  5170 33.5 
 367.56  3240  5243 40 
 367.59  3245  5315 37.5 
 367.61  3250  5388 29 
 367.64  3255  5460 36.5 
 367.66  3260  5533 54 
 367.68  3265  5606 72.5 
 367.71  3270  5679 71 
 367.73  3275  5753 57.5 
 367.76  3280  5826 47 
 367.78  3285  5899 53.5 
 367.81  3290  5973 77 
 367.83  3295  6047 98 
 367.85  3300  6121 105.5 
 367.88  3305  6195 73 
 367.9  3310  6269 68.5 
 367.93  3315  6343 78.5 
 367.95  3320  6417 97 
 367.98  3325  6492 108 
 368  3330  6567 106.5 
 368.02  3335  6641 85 
 368.05  3340  6716 85 
 368.07  3345  6791 112.5 
 368.1  3350  6867 119 
 368.12  3355  6942 140.5 
 368.15  3360  7017 101.5 
 368.17  3365  7093 118.5 
 368.2  3370  7169 83.5 
 368.22  3375  7245 99 
 368.24  3380  7321 111 
 368.27  3385  7397 141 
 368.29  3390  7473 141 
 368.32  3395  7550 132.5 
 368.34  3400  7626 156 
 368.37  3405  7703 141.5 
 368.39  3410  7780 144.5 
 368.41  3415  7857 139 
 368.44  3420  7934 171.5 
 368.46  3425  8012 163.5 
 368.49  3430  8089 178.5 
 368.51  3435  8167 163 
 368.54  3440  8245 107.5 
 368.56  3445  8323 121 
 368.59  3450  8401 162.5 
 368.61  3455  8479 167.5 
 368.64  3460  8557 142.5 
 368.66  3465  8636 165 
 368.69  3470  8715 175.5 
 368.71  3475  8794 139.5 
 368.74  3480  8873 166.5 
 368.76  3485  8952 167.5 
 368.79  3490  9031 156 
 368.81  3495  9111 164 
 368.84  3500  9191 200 
 368.96  3505  7382 239 
 368.99  3510  7462 206 
 369.01  3515  7542 197.5 
 369.04  3520  7623 234 
 369.06  3525  7703 176.5 
 369.09  3530  7783 224 
 369.11  3535  7864 239 
 369.14  3540  7945 251 
 369.16  3545  8026 262 
 369.19  3550  8107 259 
 369.21  3555  8188 241.5 
 369.24  3560  8269 252.5 
 369.26  3565  8351 223 
 369.29  3570  8432 178.5 
 369.31  3575  8514 227.5 
 369.33  3580  8596 177.5 
 369.36  3585  8678 152 
 369.38  3590  8760 196 
 369.41  3595  8843 271 
 369.43  3600  8925 281.5 
 369.46  3605  9008 234 
 369.48  3610  9091 209.5 
 369.51  3615  9174 240.5 
 369.53  3620  9257 212 
 369.56  3625  9341 305 
 369.58  3630  9424 254.5 
end
uxIntegration time is 0.2294 seconds per sampledt  2.8E-08 cy 1dh291218Tamanrasset 22.79-5.529 4.974364pr865dark 2 
 407.32  2900  576 .25 
 407.35  2905  641 .25 
 407.38  2910  706 0 
 407.41  2915  772 0 
 407.44  2920  837 1.5 
 407.47  2925  903 1.25 
 407.51  2930  969 2 
 407.54  2935  1035 .5 
 407.57  2940  1100 2 
 407.6  2945  1166 0 
 407.63  2950  1233 2 
 407.66  2955  1299 1.75 
 407.7  2960  1365 .75 
 407.73  2965  1431 1.25 
 407.76  2970  1498 1.25 
 407.79  2975  1565 1.5 
 407.82  2980  1631 1 
 407.85  2985  1698 2 
 407.88  2990  1765 1.25 
 407.92  2995  1832 2 
 407.94  3000  1899 2 
 407.96  3005  1966 1 
 407.99  3010  2033 2 
 408.01  3015  2101 4.5 
 408.04  3020  2168 3 
 408.06  3025  2236 5.5 
 408.08  3030  2303 6.5 
 408.11  3035  2371 10.5 
 408.13  3040  2439 9 
 408.16  3045  2507 14 
 408.18  3050  2575 14.5 
 408.2  3055  2643 17 
 408.23  3060  2712 15.5 
 408.25  3065  2780 22.5 
 408.28  3070  2849 34 
 408.3  3075  2917 37.5 
 408.32  3080  2986 41.5 
 408.35  3085  3055 48.5 
 408.37  3090  3124 39.5 
 408.4  3095  3193 60 
 408.42  3100  3262 68 
 408.44  3105  3331 105 
 408.47  3110  3400 126.5 
 408.49  3115  3470 129.5 
 408.52  3120  3539 152 
 408.54  3125  3609 207 
 408.56  3130  3679 238.5 
 408.59  3135  3749 233 
 408.61  3140  3819 306 
 408.64  3145  3889 343.5 
 408.66  3150  3959 456 
 408.68  3155  4029 396 
 408.71  3160  4100 368.5 
 408.73  3165  4170 589.5 
 408.76  3170  4241 745 
 408.78  3175  4312 766.5 
 408.8  3180  4383 638.5 
 408.83  3185  4454 936 
 408.85  3190  4525 1216.5 
 408.88  3195  4596 924.5 
 408.9  3200  4667 1078 
 408.93  3205  4739 1461 
 408.95  3210  4811 1570 
 408.97  3215  4882 1494.5 
 409  3220  4954 1512.5 
 409.02  3225  5026 1290 
 409.05  3230  5098 1326.5 
 409.07  3235  5170 1904 
 409.1  3240  5243 2273 
 409.12  3245  5315 2261 
 409.14  3250  5388 1872 
 409.17  3255  5460 2368.5 
 409.19  3260  5533 3220.5 
 409.22  3265  5606 3507 
 409.24  3270  5679 3590 
 409.26  3275  5753 3264 
 409.29  3280  5826 2779 
 409.31  3285  5899 3040 
 409.34  3290  5973 3810 
 409.36  3295  6047 4660.5 
 409.39  3300  6121 4702 
 409.41  3305  6195 3735.5 
 409.44  3310  6269 3628.5 
 409.46  3315  6343 3699 
 409.48  3320  6417 4347 
 409.51  3325  6492 4335 
 409.53  3330  6567 4400.5 
 409.56  3335  6641 4032 
 409.58  3340  6716 3887 
 409.61  3345  6791 4702 
 409.63  3350  6867 4510 
 409.65  3355  6942 5267 
 409.68  3360  7017 3775.5 
 409.7  3365  7093 4337 
 409.73  3370  7169 3603.5 
 409.75  3375  7245 4221.5 
 409.78  3380  7321 4332.5 
 409.8  3385  7397 4925.5 
 409.83  3390  7473 5096 
 409.85  3395  7550 4879.5 
 409.87  3400  7626 5803.5 
 409.9  3405  7703 5235 
 409.92  3410  7780 5126.5 
 409.95  3415  7857 4797.5 
 409.97  3420  7934 5769.5 
 410  3425  8012 5426.5 
 410.02  3430  8089 5909.5 
 410.05  3435  8167 5503.5 
 410.07  3440  8245 3937.5 
 410.1  3445  8323 4265.5 
 410.12  3450  8401 5633.5 
 410.15  3455  8479 5691 
 410.17  3460  8557 4919.5 
 410.2  3465  8636 5639 
 410.22  3470  8715 5958.5 
 410.25  3475  8794 4820 
 410.27  3480  8873 5697.5 
 410.3  3485  8952 5689 
 410.32  3490  9031 5061 
 410.35  3495  9111 5351 
 410.37  3500  9191 6813.5 
 410.5  3505  7382 7519.5 
 410.52  3510  7462 6913.5 
 410.55  3515  7542 6373.5 
 410.57  3520  7623 7230 
 410.6  3525  7703 5534.5 
 410.62  3530  7783 6921.5 
 410.65  3535  7864 7579 
 410.67  3540  7945 7946 
 410.7  3545  8026 8026.5 
 410.72  3550  8107 8106 
 410.75  3555  8188 7316 
 410.77  3560  8269 7520.5 
 410.8  3565  8351 6836.5 
 410.82  3570  8432 5515.5 
 410.85  3575  8514 6628.5 
 410.87  3580  8596 5525.5 
 410.9  3585  8678 4629.5 
 410.92  3590  8760 6280 
 410.95  3595  8843 7998 
 410.97  3600  8925 8749 
 411  3605  9008 6976.5 
 411.02  3610  9091 6269.5 
 411.05  3615  9174 7407.5 
 411.07  3620  9257 6237 
 411.1  3625  9341 8755.5 
 411.12  3630  9424 7759 
end
uxIntegration time is 0.2294 seconds per sampledt  2.8E-08 cy 1dh291218Tamanrasset 22.79-5.529 4.974364pr865dark 2 
 442.28  2900  576 1.5 
 442.31  2905  641 0 
 442.34  2910  706 0 
 442.38  2915  772 2 
 442.41  2920  837 1.25 
 442.44  2925  903 .5 
 442.47  2930  969 0 
 442.5  2935  1035 .5 
 442.53  2940  1100 2 
 442.56  2945  1166 1 
 442.6  2950  1233 1 
 442.63  2955  1299 1.75 
 442.66  2960  1365 1.25 
 442.69  2965  1431 2.25 
 442.72  2970  1498 2 
 442.75  2975  1565 1.75 
 442.79  2980  1631 1.5 
 442.82  2985  1698 1.75 
 442.85  2990  1765 3.5 
 442.88  2995  1832 2.75 
 442.91  3000  1899 4 
 442.93  3005  1966 5 
 442.95  3010  2033 5 
 442.98  3015  2101 6.5 
 443  3020  2168 8.5 
 443.02  3025  2236 14.5 
 443.05  3030  2303 25 
 443.07  3035  2371 34.5 
 443.1  3040  2439 35 
 443.12  3045  2507 45 
 443.14  3050  2575 82 
 443.17  3055  2643 93.5 
 443.19  3060  2712 91 
 443.22  3065  2780 122.5 
 443.24  3070  2849 195.5 
 443.26  3075  2917 264.5 
 443.29  3080  2986 284.5 
 443.31  3085  3055 343 
 443.34  3090  3124 328.5 
 443.36  3095  3193 428 
 443.39  3100  3262 473.5 
 443.41  3105  3331 774.5 
 443.44  3110  3400 988 
 443.46  3115  3470 1021 
 443.49  3120  3539 1087.5 
 443.51  3125  3609 1387.5 
 443.53  3130  3679 1525.5 
 443.56  3135  3749 1494.5 
 443.58  3140  3819 1923.5 
 443.61  3145  3889 1841 
 443.63  3150  3959 2466.5 
 443.65  3155  4029 2109 
 443.68  3160  4100 1842 
 443.7  3165  4170 2821 
 443.73  3170  4241 3475.5 
 443.75  3175  4312 3613.5 
 443.78  3180  4383 2903 
 443.8  3185  4454 3660.5 
 443.82  3190  4525 4503.5 
 443.85  3195  4596 3702 
 443.87  3200  4667 4384.5 
 443.9  3205  4739 5509 
 443.92  3210  4811 5199 
 443.94  3215  4882 4885.5 
 443.97  3220  4954 5297 
 443.99  3225  5026 4595.5 
 444.02  3230  5098 4548.5 
 444.04  3235  5170 5694.5 
 444.06  3240  5243 6735.5 
 444.09  3245  5315 6931 
 444.11  3250  5388 6067 
 444.14  3255  5460 7551 
 444.16  3260  5533 9504.5 
 444.19  3265  5606 9787.5 
 444.21  3270  5679 9966.5 
 444.24  3275  5753 9314.5 
 444.26  3280  5826 8503 
 444.28  3285  5899 8813 
 444.31  3290  5973 10435 
 444.33  3295  6047 12360 
 444.36  3300  6121 12510 
 444.38  3305  6195 10297.5 
 444.41  3310  6269 10187.5 
 444.43  3315  6343 10279 
 444.46  3320  6417 11376.5 
 444.48  3325  6492 11182 
 444.51  3330  6567 11297 
 444.53  3335  6641 10540 
 444.55  3340  6716 10445 
 444.58  3345  6791 12141 
 444.6  3350  6867 11477.5 
 444.63  3355  6942 13200.5 
 444.65  3360  7017 9448.5 
 444.68  3365  7093 11132 
 444.7  3370  7169 9162 
 444.72  3375  7245 11192 
 444.75  3380  7321 11226 
 444.77  3385  7397 12499.5 
 444.8  3390  7473 12752.5 
 444.82  3395  7550 12309 
 444.85  3400  7626 14622 
 444.87  3405  7703 13183 
 444.9  3410  7780 12876 
 444.92  3415  7857 12007.5 
 444.95  3420  7934 14316.5 
 444.97  3425  8012 13434 
 444.99  3430  8089 14653 
 445.02  3435  8167 13847.5 
 445.04  3440  8245 9854.5 
 445.07  3445  8323 10768 
 445.09  3450  8401 14024 
 445.12  3455  8479 14032.5 
 445.14  3460  8557 12168.5 
 445.17  3465  8636 13931 
 445.19  3470  8715 14655.5 
 445.22  3475  8794 11850 
 445.24  3480  8873 14001 
 445.27  3485  8952 14064 
 445.29  3490  9031 12510 
 445.32  3495  9111 13050.5 
 445.34  3500  9191 16764.5 
 445.47  3505  7382 18419 
 445.5  3510  7462 16702.5 
 445.52  3515  7542 15513 
 445.55  3520  7623 17572.5 
 445.57  3525  7703 13412 
 445.6  3530  7783 16979.5 
 445.62  3535  7864 18225 
 445.65  3540  7945 19246 
 445.67  3545  8026 19393.5 
 445.7  3550  8107 19635 
 445.72  3555  8188 17729.5 
 445.75  3560  8269 18388.5 
 445.77  3565  8351 16200.5 
 445.8  3570  8432 13295 
 445.82  3575  8514 16318.5 
 445.84  3580  8596 13112 
 445.87  3585  8678 11121.5 
 445.89  3590  8760 15235.5 
 445.92  3595  8843 19473.5 
 445.94  3600  8925 20988 
 445.97  3605  9008 16713 
 445.99  3610  9091 15209 
 446.02  3615  9174 17649.5 
 446.04  3620  9257 14524.5 
 446.07  3625  9341 4015 
 446.09  3630  9424 12831.5 
end
uxIntegration time is 0.2294 seconds per sampledt  2.8E-08 cy 1dh291218Tamanrasset 22.79-5.529 4.974364pr865dark 1.3 
 488.3  2900  576 2 
 488.33  2905  641 1.75 
 488.36  2910  706 2 
 488.4  2915  772 2 
 488.43  2920  837 1 
 488.46  2925  903 2 
 488.49  2930  969 0 
 488.52  2935  1035 2 
 488.55  2940  1100 .75 
 488.58  2945  1166 1.25 
 488.61  2950  1233 .75 
 488.65  2955  1299 .25 
 488.68  2960  1365 1.75 
 488.71  2965  1431 2 
 488.74  2970  1498 1.5 
 488.77  2975  1565 4 
 488.8  2980  1631 4.25 
 488.84  2985  1698 5.75 
 488.87  2990  1765 8.75 
 488.9  2995  1832 14.25 
 488.92  3000  1899 18 
 488.95  3005  1966 21.5 
 488.97  3010  2033 41.5 
 488.99  3015  2101 57 
 489.02  3020  2168 58 
 489.04  3025  2236 108.5 
 489.07  3030  2303 193.5 
 489.09  3035  2371 264 
 489.11  3040  2439 250 
 489.14  3045  2507 352.5 
 489.16  3050  2575 558.5 
 489.19  3055  2643 608 
 489.21  3060  2712 610 
 489.23  3065  2780 734.5 
 489.26  3070  2849 1072 
 489.28  3075  2917 1357 
 489.31  3080  2986 1477.5 
 489.33  3085  3055 1699 
 489.35  3090  3124 1563.5 
 489.38  3095  3193 1824.5 
 489.4  3100  3262 1911.5 
 489.43  3105  3331 3028 
 489.45  3110  3400 3792 
 489.47  3115  3470 3789.5 
 489.5  3120  3539 3749 
 489.52  3125  3609 4494.5 
 489.55  3130  3679 4872.5 
 489.57  3135  3749 4854.5 
 489.6  3140  3819 5958 
 489.62  3145  3889 5271.5 
 489.64  3150  3959 6828.5 
 489.67  3155  4029 6011.5 
 489.69  3160  4100 5017 
 489.72  3165  4170 7153.5 
 489.74  3170  4241 8829.5 
 489.76  3175  4312 9327 
 489.79  3180  4383 7330 
 489.81  3185  4454 8567.5 
 489.84  3190  4525 10305.5 
 489.86  3195  4596 8654 
 489.88  3200  4667 10428 
 489.91  3205  4739 12532.5 
 489.93  3210  4811 11419 
 489.96  3215  4882 10396 
 489.98  3220  4954 11887 
 490.01  3225  5026 10337.5 
 490.03  3230  5098 9777 
 490.05  3235  5170 11829 
 490.08  3240  5243 13593 
 490.1  3245  5315 14313 
 490.13  3250  5388 12913.5 
 490.15  3255  5460 15762 
 490.18  3260  5533 19131.5 
 490.2  3265  5606 19317.5 
 490.23  3270  5679 19569 
 490.25  3275  5753 18658.5 
 490.27  3280  5826 17207 
 490.3  3285  5899 17541.5 
 490.32  3290  5973 20037 
 490.35  3295  6047 23511.5 
 490.37  3300  6121 24046.5 
 490.4  3305  6195 20043 
 490.42  3310  6269 20067.5 
 490.45  3315  6343 19955 
 490.47  3320  6417 21646 
 490.5  3325  6492 21167 
 490.52  3330  6567 21330 
 490.54  3335  6641 20059.5 
 490.57  3340  6716 19999 
 490.59  3345  6791 22967.5 
 490.62  3350  6867 21707 
 490.64  3355  6942 24834 
 490.67  3360  7017 17658.5 
 490.69  3365  7093 20841.5 
 490.71  3370  7169 17314 
 490.74  3375  7245 21243 
 490.76  3380  7321 20885 
 490.79  3385  7397 23231.5 
 490.81  3390  7473 23490 
 490.84  3395  7550 22710.5 
 490.86  3400  7626 27305 
 490.89  3405  7703 24571.5 
 490.91  3410  7780 23780 
 490.94  3415  7857 22035.5 
 490.96  3420  7934 26379.5 
 490.98  3425  8012 24499.5 
 491.01  3430  8089 27037 
 491.03  3435  8167 25457.5 
 491.06  3440  8245 18195.5 
 491.08  3445  8323 19747.5 
 491.11  3450  8401 25693.5 
 491.13  3455  8479 25640.5 
 491.16  3460  8557 22229 
 491.18  3465  8636 25513 
 491.21  3470  8715 26786 
 491.23  3475  8794 21589 
 491.26  3480  8873 25600.5 
 491.28  3485  8952 25522 
 491.31  3490  9031 22813 
 491.33  3495  9111 23796 
 491.36  3500  9191 30463.5 
 491.49  3505  7382 33850.5 
 491.51  3510  7462 30950 
 491.53  3515  7542 28875 
 491.56  3520  7623 32404 
 491.58  3525  7703 24813 
 491.61  3530  7783 31186.5 
 491.63  3535  7864 33586 
 491.66  3540  7945 35394.5 
 491.68  3545  8026 35762.5 
 491.71  3550  8107 36107 
 491.73  3555  8188 32616.5 
 491.76  3560  8269 33739.5 
 491.78  3565  8351 29878.5 
 491.81  3570  8432 24393 
 491.83  3575  8514 29906.5 
 491.86  3580  8596 24076 
 491.88  3585  8678 20315.5 
 491.91  3590  8760 28107.5 
 491.93  3595  8843 35784 
 491.96  3600  8925 38578.5 
 491.98  3605  9008 30784.5 
 492.01  3610  9091 27829 
 492.03  3615  9174 32682.5 
 492.06  3620  9257 27295 
 492.08  3625  9341 38640.5 
 492.11  3630  9424 33638.5 
end
uxIntegration time is 0.2294 seconds per sampledt  2.8E-08 cy 1dh291218Tamanrasset 22.79-5.529 4.974364pr865dark 1.05 
 534.41  2900  576 1 
 534.44  2905  641 2 
 534.47  2910  706 2.25 
 534.5  2915  772 .5 
 534.53  2920  837 0 
 534.56  2925  903 1.75 
 534.59  2930  969 2 
 534.63  2935  1035 1.25 
 534.66  2940  1100 2 
 534.69  2945  1166 2 
 534.72  2950  1233 2.5 
 534.75  2955  1299 3.5 
 534.78  2960  1365 5.25 
 534.82  2965  1431 6.25 
 534.85  2970  1498 8 
 534.88  2975  1565 16 
 534.91  2980  1631 23.25 
 534.94  2985  1698 23.75 
 534.97  2990  1765 51 
 535.01  2995  1832 77.75 
 535.03  3000  1899 77.5 
 535.05  3005  1966 112.5 
 535.08  3010  2033 180 
 535.1  3015  2101 258.5 
 535.12  3020  2168 233.5 
 535.15  3025  2236 449.5 
 535.17  3030  2303 730 
 535.2  3035  2371 885.5 
 535.22  3040  2439 870 
 535.24  3045  2507 1159 
 535.27  3050  2575 1620.5 
 535.29  3055  2643 1760.5 
 535.32  3060  2712 1693 
 535.34  3065  2780 1987.5 
 535.37  3070  2849 2765.5 
 535.39  3075  2917 3304.5 
 535.41  3080  2986 3488.5 
 535.44  3085  3055 3986.5 
 535.46  3090  3124 3536 
 535.49  3095  3193 3978.5 
 535.51  3100  3262 4008.5 
 535.53  3105  3331 6308 
 535.56  3110  3400 7782 
 535.58  3115  3470 7594.5 
 535.61  3120  3539 7311 
 535.63  3125  3609 8542.5 
 535.65  3130  3679 9051 
 535.68  3135  3749 9082.5 
 535.7  3140  3819 10893 
 535.73  3145  3889 9310 
 535.75  3150  3959 12010.5 
 535.78  3155  4029 10647.5 
 535.8  3160  4100 8756 
 535.82  3165  4170 12150 
 535.85  3170  4241 15016 
 535.87  3175  4312 15946 
 535.9  3180  4383 12286 
 535.92  3185  4454 14184 
 535.95  3190  4525 16585 
 535.97  3195  4596 14199.5 
 535.99  3200  4667 17013.5 
 536.02  3205  4739 20208.5 
 536.04  3210  4811 17589.5 
 536.07  3215  4882 16421 
 536.09  3220  4954 18938 
 536.12  3225  5026 16463.5 
 536.14  3230  5098 15462 
 536.16  3235  5170 18193 
 536.19  3240  5243 20739 
 536.21  3245  5315 21878.5 
 536.24  3250  5388 19969 
 536.26  3255  5460 24490.5 
 536.29  3260  5533 29316 
 536.31  3265  5606 28882.5 
 536.33  3270  5679 29442.5 
 536.36  3275  5753 28340 
 536.38  3280  5826 26362.5 
 536.41  3285  5899 26445.5 
 536.43  3290  5973 30113 
 536.46  3295  6047 34910.5 
 536.48  3300  6121 35726.5 
 536.5  3305  6195 29972.5 
 536.53  3310  6269 30031.5 
 536.55  3315  6343 29838 
 536.58  3320  6417 32186.5 
 536.6  3325  6492 31298.5 
 536.63  3330  6567 31476 
 536.65  3335  6641 29765 
 536.68  3340  6716 29631.5 
 536.7  3345  6791 33920.5 
 536.72  3350  6867 31817 
 536.75  3355  6942 36415 
 536.77  3360  7017 25631 
 536.8  3365  7093 30734 
 536.82  3370  7169 25350.5 
 536.85  3375  7245 31430 
 536.87  3380  7321 30553 
 536.9  3385  7397 34078 
 536.92  3390  7473 34188.5 
 536.95  3395  7550 32941.5 
 536.97  3400  7626 39741 
 536.99  3405  7703 35794.5 
 537.02  3410  7780 34652.5 
 537.04  3415  7857 32096 
 537.07  3420  7934 38435.5 
 537.09  3425  8012 35780 
 537.12  3430  8089 39296.5 
 537.14  3435  8167 37123 
 537.17  3440  8245 26320.5 
 537.19  3445  8323 28700.5 
 537.22  3450  8401 37292 
 537.24  3455  8479 36982.5 
 537.27  3460  8557 32209 
 537.29  3465  8636 36740.5 
 537.32  3470  8715 38615.5 
 537.34  3475  8794 31123.5 
 537.37  3480  8873 36845 
 537.39  3485  8952 36941 
 537.42  3490  9031 32787 
 537.44  3495  9111 34278 
 537.47  3500  9191 43793.5 
 537.59  3505  7382 48978.5 
 537.62  3510  7462 44846.5 
 537.64  3515  7542 41625 
 537.67  3520  7623 46787 
 537.69  3525  7703 35725.5 
 537.72  3530  7783 45160 
 537.74  3535  7864 48705 
 537.77  3540  7945 50853 
 537.79  3545  8026 51505 
 537.82  3550  8107 52290 
 537.84  3555  8188 46871 
 537.87  3560  8269 48849 
 537.89  3565  8351 42834.5 
 537.92  3570  8432 35120 
 537.94  3575  8514 43122.5 
 537.97  3580  8596 34620 
 537.99  3585  8678 29210 
 538.02  3590  8760 40714 
 538.04  3595  8843 51704.5 
 538.07  3600  8925 55458 
 538.09  3605  9008 44092 
 538.12  3610  9091 40162 
 538.14  3615  9174 47084 
 538.17  3620  9257 39553.5 
 538.19  3625  9341 55971.5 
 538.22  3630  9424 47870 
end
uxIntegration time is 0.2294 seconds per sampledt  2.8E-08 cy 1dh291218Tamanrasset 22.79-5.529 4.974364pr865dark .65 
 582.63  2900  576 0 
 582.66  2905  641 1.5 
 582.69  2910  706 1.5 
 582.72  2915  772 1.25 
 582.76  2920  837 .75 
 582.79  2925  903 .5 
 582.82  2930  969 2 
 582.85  2935  1035 2 
 582.88  2940  1100 2 
 582.91  2945  1166 4.25 
 582.94  2950  1233 5.5 
 582.97  2955  1299 9.5 
 583.01  2960  1365 17.25 
 583.04  2965  1431 20 
 583.07  2970  1498 27.25 
 583.1  2975  1565 60.75 
 583.13  2980  1631 74 
 583.17  2985  1698 76.5 
 583.2  2990  1765 149.75 
 583.23  2995  1832 217 
 583.25  3000  1899 221 
 583.28  3005  1966 289.5 
 583.3  3010  2033 461.5 
 583.32  3015  2101 618 
 583.35  3020  2168 545 
 583.37  3025  2236 980 
 583.4  3030  2303 1561.5 
 583.42  3035  2371 1891.5 
 583.45  3040  2439 1773 
 583.47  3045  2507 2364.5 
 583.49  3050  2575 3134.5 
 583.52  3055  2643 3316.5 
 583.54  3060  2712 3138.5 
 583.57  3065  2780 3696 
 583.59  3070  2849 4939.5 
 583.61  3075  2917 5707 
 583.64  3080  2986 6032.5 
 583.66  3085  3055 6724 
 583.69  3090  3124 5828 
 583.71  3095  3193 6422.5 
 583.73  3100  3262 6441 
 583.76  3105  3331 10073 
 583.78  3110  3400 12224 
 583.81  3115  3470 11844.5 
 583.83  3120  3539 11194.5 
 583.86  3125  3609 13019.5 
 583.88  3130  3679 13656.5 
 583.9  3135  3749 13738 
 583.93  3140  3819 16132.5 
 583.95  3145  3889 13549 
 583.98  3150  3959 17415.5 
 584  3155  4029 15393 
 584.02  3160  4100 12553.5 
 584.05  3165  4170 17404 
 584.07  3170  4241 21374 
 584.1  3175  4312 22634.5 
 584.12  3180  4383 17287.5 
 584.15  3185  4454 19846.5 
 584.17  3190  4525 22949 
 584.19  3195  4596 19978.5 
 584.22  3200  4667 23816 
 584.24  3205  4739 27967.5 
 584.27  3210  4811 23970 
 584.29  3215  4882 22369 
 584.31  3220  4954 25895.5 
 584.34  3225  5026 22339.5 
 584.36  3230  5098 21171 
 584.39  3235  5170 24492.5 
 584.41  3240  5243 27969.5 
 584.44  3245  5315 29687 
 584.46  3250  5388 27125 
 584.48  3255  5460 33083 
 584.51  3260  5533 39252 
 584.53  3265  5606 38569.5 
 584.56  3270  5679 39156 
 584.58  3275  5753 37745 
 584.61  3280  5826 35365 
 584.63  3285  5899 35328 
 584.66  3290  5973 39971.5 
 584.68  3295  6047 46429 
 584.71  3300  6121 47360 
 584.73  3305  6195 39783.5 
 584.75  3310  6269 40021 
 584.78  3315  6343 39730.5 
 584.8  3320  6417 42277 
 584.83  3325  6492 41299 
 584.85  3330  6567 41615 
 584.88  3335  6641 39280 
 584.9  3340  6716 39538 
 584.92  3345  6791 44808 
 584.95  3350  6867 41950 
 584.97  3355  6942 48026.5 
 585  3360  7017 33552.5 
 585.02  3365  7093 40607 
 585.05  3370  7169 33349 
 585.07  3375  7245 41721.5 
 585.1  3380  7321 40172 
 585.12  3385  7397 44778.5 
 585.14  3390  7473 44833 
 585.17  3395  7550 43390.5 
 585.19  3400  7626 52525.5 
 585.22  3405  7703 47074.5 
 585.24  3410  7780 45526 
 585.27  3415  7857 42117.5 
 585.29  3420  7934 50441.5 
 585.32  3425  8012 46942.5 
 585.34  3430  8089 51655 
 585.37  3435  8167 48608.5 
 585.39  3440  8245 34505 
 585.42  3445  8323 37752 
 585.44  3450  8401 49091 
 585.47  3455  8479 48919.5 
 585.49  3460  8557 42360.5 
 585.52  3465  8636 48329 
 585.54  3470  8715 50794 
 585.57  3475  8794 40742.5 
 585.59  3480  8873 48481.5 
 585.62  3485  8952 48377.5 
 585.64  3490  9031 42986 
 585.67  3495  9111 44987.5 
 585.69  3500  9191 57699.5 
 585.82  3505  7382 63878.5 
 585.84  3510  7462 58219.5 
 585.87  3515  7542 54537.5 
 585.89  3520  7623 61142.5 
 585.92  3525  7703 46329 
 585.94  3530  7783 58943.5 
 585.97  3535  7864 63343.5 
 585.99  3540  7945 66435.5 
 586.02  3545  8026 67226.5 
 586.04  3550  8107 67858 
 586.07  3555  8188 61127.5 
 586.09  3560  8269 63519 
 586.12  3565  8351 56079.5 
 586.14  3570  8432 45532 
 586.17  3575  8514 56377.5 
 586.19  3580  8596 45212 
 586.22  3585  8678 38041.5 
 586.24  3590  8760 52915 
 586.27  3595  8843 67528.5 
 586.29  3600  8925 72267.5 
 586.32  3605  9008 57409.5 
 586.34  3610  9091 52195 
 586.37  3615  9174 61197.5 
 586.39  3620  9257 51342.5 
 586.42  3625  9341 72642.5 
 586.44  3630  9424 62420.5 
end
uxIntegration time is 0.2294 seconds per sampledt  2.8E-08 cy 1dh291218Tamanrasset 22.79-5.529 4.974364pr865dark 1.15 
 629.02  2900  576 1.5 
 629.05  2905  641 1.75 
 629.09  2910  706 1.5 
 629.12  2915  772 1.5 
 629.15  2920  837 1 
 629.18  2925  903 1.5 
 629.21  2930  969 2.25 
 629.24  2935  1035 3.75 
 629.27  2940  1100 5.25 
 629.31  2945  1166 8 
 629.34  2950  1233 10.75 
 629.37  2955  1299 20.75 
 629.4  2960  1365 36.25 
 629.43  2965  1431 39.5 
 629.46  2970  1498 49.25 
 629.5  2975  1565 110.75 
 629.53  2980  1631 122 
 629.56  2985  1698 125 
 629.59  2990  1765 229.25 
 629.62  2995  1832 319.5 
 629.65  3000  1899 328 
 629.67  3005  1966 414.5 
 629.69  3010  2033 645.5 
 629.72  3015  2101 830.5 
 629.74  3020  2168 736.5 
 629.77  3025  2236 1306 
 629.79  3030  2303 2010.5 
 629.81  3035  2371 2404 
 629.84  3040  2439 2231.5 
 629.86  3045  2507 2902 
 629.89  3050  2575 3844 
 629.91  3055  2643 3988.5 
 629.93  3060  2712 3746 
 629.96  3065  2780 4411.5 
 629.98  3070  2849 5764.5 
 630.01  3075  2917 6786.5 
 630.03  3080  2986 7070 
 630.05  3085  3055 7879.5 
 630.08  3090  3124 6867 
 630.1  3095  3193 7388.5 
 630.13  3100  3262 7287 
 630.15  3105  3331 11453.5 
 630.17  3110  3400 14013 
 630.2  3115  3470 13601 
 630.22  3120  3539 12654.5 
 630.25  3125  3609 14470 
 630.27  3130  3679 15278 
 630.3  3135  3749 15514.5 
 630.32  3140  3819 18298 
 630.34  3145  3889 15234.5 
 630.37  3150  3959 19508.5 
 630.39  3155  4029 17246 
 630.42  3160  4100 13887 
 630.44  3165  4170 19042.5 
 630.46  3170  4241 23396.5 
 630.49  3175  4312 24951 
 630.51  3180  4383 18896 
 630.54  3185  4454 21432.5 
 630.56  3190  4525 24859.5 
 630.59  3195  4596 21648 
 630.61  3200  4667 25768.5 
 630.63  3205  4739 29959.5 
 630.66  3210  4811 25598 
 630.68  3215  4882 23549.5 
 630.71  3220  4954 27191.5 
 630.73  3225  5026 23153.5 
 630.75  3230  5098 21400.5 
 630.78  3235  5170 24585 
 630.8  3240  5243 28220.5 
 630.83  3245  5315 30249 
 630.85  3250  5388 27747.5 
 630.88  3255  5460 33649 
 630.9  3260  5533 39834 
 630.92  3265  5606 39023 
 630.95  3270  5679 40075 
 630.97  3275  5753 38582 
 631  3280  5826 36309 
 631.02  3285  5899 36350 
 631.05  3290  5973 41016.5 
 631.07  3295  6047 47342 
 631.1  3300  6121 48238.5 
 631.12  3305  6195 40635 
 631.14  3310  6269 40911 
 631.17  3315  6343 40486.5 
 631.19  3320  6417 43072.5 
 631.22  3325  6492 41879.5 
 631.24  3330  6567 42131.5 
 631.27  3335  6641 39788 
 631.29  3340  6716 39770.5 
 631.31  3345  6791 45188 
 631.34  3350  6867 42301 
 631.36  3355  6942 48497 
 631.39  3360  7017 34210.5 
 631.41  3365  7093 40940.5 
 631.44  3370  7169 34170.5 
 631.46  3375  7245 42342 
 631.48  3380  7321 41345.5 
 631.51  3385  7397 46213 
 631.53  3390  7473 47044 
 631.56  3395  7550 46034.5 
 631.58  3400  7626 55957.5 
 631.61  3405  7703 50106 
 631.63  3410  7780 48520.5 
 631.66  3415  7857 45043.5 
 631.68  3420  7934 53884 
 631.7  3425  8012 49739.5 
 631.73  3430  8089 54262.5 
 631.75  3435  8167 51105 
 631.78  3440  8245 36582.5 
 631.8  3445  8323 39901.5 
 631.83  3450  8401 52130 
 631.85  3455  8479 51729.5 
 631.88  3460  8557 45283.5 
 631.9  3465  8636 52157 
 631.93  3470  8715 54404 
 631.95  3475  8794 43995.5 
 631.98  3480  8873 52129.5 
 632  3485  8952 51992 
 632.03  3490  9031 46292.5 
 632.05  3495  9111 48964 
 632.08  3500  9191 62991 
 632.2  3505  7382 69098 
 632.23  3510  7462 63303 
 632.25  3515  7542 58990.5 
 632.28  3520  7623 65670 
 632.3  3525  7703 49887 
 632.33  3530  7783 63674.5 
 632.35  3535  7864 68887 
 632.38  3540  7945 72203 
 632.4  3545  8026 72996 
 632.43  3550  8107 74104.5 
 632.45  3555  8188 67150 
 632.48  3560  8269 70790 
 632.5  3565  8351 62573.5 
 632.53  3570  8432 51088 
 632.55  3575  8514 63162.5 
 632.58  3580  8596 50449.5 
 632.6  3585  8678 42050 
 632.63  3590  8760 57838 
 632.65  3595  8843 73499 
 632.68  3600  8925 78871.5 
 632.7  3605  9008 62163 
 632.73  3610  9091 56154.5 
 632.75  3615  9174 65211.5 
 632.78  3620  9257 54831.5 
 632.8  3625  9341 77722 
 632.83  3630  9424 66596 
end
uxIntegration time is 0.2294 seconds per sampledt  2.8E-08 cy 1dh291218Tamanrasset 22.79-5.529 4.974364pr865dark 1 
 676.07  2900  576 1 
 676.1  2905  641 1.25 
 676.13  2910  706 1.75 
 676.16  2915  772 1.75 
 676.19  2920  837 2.5 
 676.22  2925  903 2 
 676.25  2930  969 3.75 
 676.29  2935  1035 5.75 
 676.32  2940  1100 7.75 
 676.35  2945  1166 10.25 
 676.38  2950  1233 18.25 
 676.41  2955  1299 33 
 676.44  2960  1365 56.75 
 676.48  2965  1431 65 
 676.51  2970  1498 84.75 
 676.54  2975  1565 168 
 676.57  2980  1631 211 
 676.6  2985  1698 191.5 
 676.63  2990  1765 364.25 
 676.67  2995  1832 488.75 
 676.69  3000  1899 480.5 
 676.71  3005  1966 636 
 676.74  3010  2033 975.5 
 676.76  3015  2101 1246.5 
 676.79  3020  2168 1061.5 
 676.81  3025  2236 1888.5 
 676.83  3030  2303 2874.5 
 676.86  3035  2371 3320.5 
 676.88  3040  2439 3182 
 676.91  3045  2507 4052.5 
 676.93  3050  2575 5267.5 
 676.95  3055  2643 5330.5 
 676.98  3060  2712 5125.5 
 677  3065  2780 5969 
 677.03  3070  2849 7723.5 
 677.05  3075  2917 8902.5 
 677.07  3080  2986 9303 
 677.1  3085  3055 10223.5 
 677.12  3090  3124 8844.5 
 677.15  3095  3193 9418.5 
 677.17  3100  3262 9351.5 
 677.19  3105  3331 14671.5 
 677.22  3110  3400 17508 
 677.24  3115  3470 16948.5 
 677.27  3120  3539 15728.5 
 677.29  3125  3609 18023 
 677.32  3130  3679 18922.5 
 677.34  3135  3749 19071 
 677.36  3140  3819 22231 
 677.39  3145  3889 18462 
 677.41  3150  3959 23709 
 677.44  3155  4029 20981 
 677.46  3160  4100 16908 
 677.48  3165  4170 23185.5 
 677.51  3170  4241 28598 
 677.53  3175  4312 30268.5 
 677.56  3180  4383 22808.5 
 677.58  3185  4454 25954.5 
 677.61  3190  4525 29975 
 677.63  3195  4596 26055.5 
 677.65  3200  4667 31193 
 677.68  3205  4739 36442 
 677.7  3210  4811 30796.5 
 677.73  3215  4882 28757 
 677.75  3220  4954 33537 
 677.77  3225  5026 29184.5 
 677.8  3230  5098 27231.5 
 677.82  3235  5170 31382 
 677.85  3240  5243 35726.5 
 677.87  3245  5315 38053.5 
 677.9  3250  5388 35001.5 
 677.92  3255  5460 42486.5 
 677.94  3260  5533 50298.5 
 677.97  3265  5606 49120.5 
 677.99  3270  5679 49757 
 678.02  3275  5753 48250 
 678.04  3280  5826 45151 
 678.07  3285  5899 45100.5 
 678.09  3290  5973 51223 
 678.12  3295  6047 58678.5 
 678.14  3300  6121 59832 
 678.16  3305  6195 50361.5 
 678.19  3310  6269 50960 
 678.21  3315  6343 50488.5 
 678.24  3320  6417 53666 
 678.26  3325  6492 52221.5 
 678.29  3330  6567 52703.5 
 678.31  3335  6641 49759.5 
 678.33  3340  6716 50025 
 678.36  3345  6791 56767 
 678.38  3350  6867 53087 
 678.41  3355  6942 60654.5 
 678.43  3360  7017 42418 
 678.46  3365  7093 51433.5 
 678.48  3370  7169 42520 
 678.51  3375  7245 52670 
 678.53  3380  7321 50792 
 678.55  3385  7397 56542 
 678.58  3390  7473 56776.5 
 678.6  3395  7550 54730 
 678.63  3400  7626 66184 
 678.65  3405  7703 59219.5 
 678.68  3410  7780 57212 
 678.7  3415  7857 52999.5 
 678.73  3420  7934 63141 
 678.75  3425  8012 59052 
 678.78  3430  8089 64745.5 
 678.8  3435  8167 60812.5 
 678.83  3440  8245 43201.5 
 678.85  3445  8323 47480 
 678.88  3450  8401 61812 
 678.9  3455  8479 61129.5 
 678.93  3460  8557 52974 
 678.95  3465  8636 60782 
 678.97  3470  8715 63533 
 679  3475  8794 51234 
 679.02  3480  8873 61032 
 679.05  3485  8952 60939 
 679.07  3490  9031 53789.5 
 679.1  3495  9111 56489.5 
 679.12  3500  9191 72516 
 679.25  3505  7382 80150.5 
 679.27  3510  7462 72989 
 679.3  3515  7542 68093 
 679.32  3520  7623 75763 
 679.35  3525  7703 57045.5 
 679.37  3530  7783 70891 
 679.4  3535  7864 75175 
 679.42  3540  7945 79148 
 679.45  3545  8026 80297.5 
 679.47  3550  8107 81494.5 
 679.5  3555  8188 74071.5 
 679.52  3560  8269 77400 
 679.55  3565  8351 67615.5 
 679.57  3570  8432 55213.5 
 679.6  3575  8514 68834.5 
 679.62  3580  8596 55040 
 679.65  3585  8678 45772 
 679.67  3590  8760 62957.5 
 679.7  3595  8843 78529.5 
 679.72  3600  8925 82307.5 
 679.75  3605  9008 64135.5 
 679.77  3610  9091 57276 
 679.8  3615  9174 66872 
 679.82  3620  9257 55904.5 
 679.85  3625  9341 80155 
 679.87  3630  9424 69065.5 
end
uxIntegration time is 0.2294 seconds per sampledt  2.8E-08 cy 1dh291218Tamanrasset 22.79-5.529 4.974364pr865dark 1.6 
 718.21  2900  576 2 
 718.25  2905  641 1.5 
 718.28  2910  706 1.75 
 718.31  2915  772 2 
 718.34  2920  837 3 
 718.37  2925  903 2 
 718.4  2930  969 3.25 
 718.43  2935  1035 5.75 
 718.47  2940  1100 8.25 
 718.5  2945  1166 12.75 
 718.53  2950  1233 21.25 
 718.56  2955  1299 34.75 
 718.59  2960  1365 57 
 718.62  2965  1431 63.75 
 718.66  2970  1498 81.25 
 718.69  2975  1565 174.75 
 718.72  2980  1631 205.25 
 718.75  2985  1698 199 
 718.78  2990  1765 381.75 
 718.82  2995  1832 511.5 
 718.84  3000  1899 508 
 718.86  3005  1966 635.5 
 718.89  3010  2033 980 
 718.91  3015  2101 1306 
 718.94  3020  2168 1105.5 
 718.96  3025  2236 1937 
 718.98  3030  2303 2966 
 719.01  3035  2371 3510.5 
 719.03  3040  2439 3295 
 719.06  3045  2507 4183 
 719.08  3050  2575 5421.5 
 719.1  3055  2643 5616 
 719.13  3060  2712 5254 
 719.15  3065  2780 6134.5 
 719.18  3070  2849 7956 
 719.2  3075  2917 9174.5 
 719.22  3080  2986 9638 
 719.25  3085  3055 10580.5 
 719.27  3090  3124 9105.5 
 719.3  3095  3193 9789.5 
 719.32  3100  3262 9650 
 719.35  3105  3331 15110.5 
 719.37  3110  3400 18189 
 719.39  3115  3470 17501.5 
 719.42  3120  3539 16229.5 
 719.44  3125  3609 18622 
 719.47  3130  3679 19500 
 719.49  3135  3749 19664 
 719.52  3140  3819 22923.5 
 719.54  3145  3889 19132.5 
 719.56  3150  3959 24495.5 
 719.59  3155  4029 21733.5 
 719.61  3160  4100 17569.5 
 719.64  3165  4170 24012.5 
 719.66  3170  4241 29608 
 719.68  3175  4312 31350 
 719.71  3180  4383 23633 
 719.73  3185  4454 26982 
 719.76  3190  4525 30938.5 
 719.78  3195  4596 27078 
 719.81  3200  4667 32723 
 719.83  3205  4739 37765 
 719.85  3210  4811 31987 
 719.88  3215  4882 30029 
 719.9  3220  4954 35042.5 
 719.93  3225  5026 30314.5 
 719.95  3230  5098 28388 
 719.97  3235  5170 32589 
 720  3240  5243 37034 
 720.02  3245  5315 39364 
 720.05  3250  5388 36246.5 
 720.07  3255  5460 44127.5 
 720.1  3260  5533 52025.5 
 720.12  3265  5606 50967 
 720.15  3270  5679 51691 
 720.17  3275  5753 49998 
 720.19  3280  5826 47039 
 720.22  3285  5899 46753 
 720.24  3290  5973 53205.5 
 720.27  3295  6047 60764 
 720.29  3300  6121 62035.5 
 720.32  3305  6195 52224 
 720.34  3310  6269 52846 
 720.37  3315  6343 52399.5 
 720.39  3320  6417 55724 
 720.41  3325  6492 54246 
 720.44  3330  6567 54772 
 720.46  3335  6641 51505.5 
 720.49  3340  6716 51909.5 
 720.51  3345  6791 58949 
 720.54  3350  6867 54896.5 
 720.56  3355  6942 62697 
 720.59  3360  7017 44297.5 
 720.61  3365  7093 53310 
 720.63  3370  7169 44086 
 720.66  3375  7245 54520 
 720.68  3380  7321 52771 
 720.71  3385  7397 58722 
 720.73  3390  7473 58951 
 720.76  3395  7550 56669.5 
 720.78  3400  7626 68538 
 720.81  3405  7703 61403.5 
 720.83  3410  7780 59426.5 
 720.86  3415  7857 55086.5 
 720.88  3420  7934 65822 
 720.91  3425  8012 61619 
 720.93  3430  8089 67528.5 
 720.96  3435  8167 63469 
 720.98  3440  8245 45163 
 721  3445  8323 49393 
 721.03  3450  8401 64266 
 721.05  3455  8479 63589 
 721.08  3460  8557 55156 
 721.11  3465  8636 63124 
 721.13  3470  8715 65909 
 721.16  3475  8794 53041 
 721.18  3480  8873 63229 
 721.21  3485  8952 63380 
 721.23  3490  9031 55807 
 721.26  3495  9111 58477.5 
 721.28  3500  9191 75226.5 
 721.41  3505  7382 82605.5 
 721.43  3510  7462 75400.5 
 721.46  3515  7542 70629.5 
 721.48  3520  7623 78536 
 721.51  3525  7703 59986 
 721.53  3530  7783 76142.5 
 721.56  3535  7864 81839 
 721.58  3540  7945 85559 
 721.61  3545  8026 86824 
 721.63  3550  8107 87735 
 721.66  3555  8188 78789.5 
 721.68  3560  8269 82073.5 
 721.71  3565  8351 71707.5 
 721.73  3570  8432 58843 
 721.76  3575  8514 72659 
 721.78  3580  8596 57880 
 721.81  3585  8678 49120 
 721.83  3590  8760 69026 
 721.86  3595  8843 87427 
 721.88  3600  8925 93237.5 
 721.91  3605  9008 73952 
 721.93  3610  9091 67569 
 721.96  3615  9174 79190 
 721.99  3620  9257 66615 
 722.01  3625  9341 93759.5 
 722.04  3630  9424 79995.5 
end
uxIntegration time is 0.2294 seconds per sampledt  2.8E-08 cy 1dh291218Tamanrasset 22.79-5.529 4.974364pr865dark 1.4 
 767  2900  576 1 
 767.03  2905  641 1.25 
 767.06  2910  706 1.5 
 767.09  2915  772 2.25 
 767.12  2920  837 1.25 
 767.16  2925  903 2.5 
 767.19  2930  969 3 
 767.22  2935  1035 4 
 767.25  2940  1100 6 
 767.28  2945  1166 8 
 767.32  2950  1233 12.5 
 767.35  2955  1299 22 
 767.38  2960  1365 38.5 
 767.41  2965  1431 44.5 
 767.44  2970  1498 58 
 767.47  2975  1565 125.5 
 767.51  2980  1631 145.5 
 767.54  2985  1698 143 
 767.57  2990  1765 271.75 
 767.6  2995  1832 367 
 767.62  3000  1899 359.5 
 767.65  3005  1966 484 
 767.67  3010  2033 744 
 767.7  3015  2101 1000.5 
 767.72  3020  2168 871 
 767.74  3025  2236 1561 
 767.77  3030  2303 2398 
 767.79  3035  2371 2863.5 
 767.82  3040  2439 2651.5 
 767.84  3045  2507 3416 
 767.86  3050  2575 4511.5 
 767.89  3055  2643 4668 
 767.91  3060  2712 4419.5 
 767.94  3065  2780 5133 
 767.96  3070  2849 6755 
 767.98  3075  2917 7823.5 
 768.01  3080  2986 8180.5 
 768.03  3085  3055 9056.5 
 768.06  3090  3124 7856.5 
 768.08  3095  3193 8395.5 
 768.11  3100  3262 8294.5 
 768.13  3105  3331 12912.5 
 768.15  3110  3400 15231.5 
 768.18  3115  3470 14353.5 
 768.2  3120  3539 13014 
 768.23  3125  3609 15096.5 
 768.25  3130  3679 15895.5 
 768.27  3135  3749 16332.5 
 768.3  3140  3819 19154.5 
 768.32  3145  3889 16052.5 
 768.35  3150  3959 20448.5 
 768.37  3155  4029 18063 
 768.4  3160  4100 14949 
 768.42  3165  4170 20633.5 
 768.44  3170  4241 25283 
 768.47  3175  4312 26950.5 
 768.49  3180  4383 20482 
 768.52  3185  4454 23540 
 768.54  3190  4525 27431.5 
 768.56  3195  4596 24001 
 768.59  3200  4667 28998.5 
 768.61  3205  4739 33750.5 
 768.64  3210  4811 28856.5 
 768.66  3215  4882 26851.5 
 768.69  3220  4954 31390.5 
 768.71  3225  5026 27246.5 
 768.73  3230  5098 25369 
 768.76  3235  5170 29272 
 768.78  3240  5243 33408.5 
 768.81  3245  5315 35478.5 
 768.83  3250  5388 32623.5 
 768.86  3255  5460 39517 
 768.88  3260  5533 46998 
 768.9  3265  5606 45872.5 
 768.93  3270  5679 46633 
 768.95  3275  5753 45105.5 
 768.98  3280  5826 42353.5 
 769  3285  5899 42091 
 769.03  3290  5973 47851.5 
 769.05  3295  6047 54721.5 
 769.07  3300  6121 56252 
 769.1  3305  6195 47322 
 769.12  3310  6269 47764.5 
 769.15  3315  6343 47229.5 
 769.17  3320  6417 50393 
 769.2  3325  6492 48866.5 
 769.22  3330  6567 49375.5 
 769.25  3335  6641 46651 
 769.27  3340  6716 46693.5 
 769.29  3345  6791 53334 
 769.32  3350  6867 49628.5 
 769.34  3355  6942 56735 
 769.37  3360  7017 39783 
 769.39  3365  7093 48212 
 769.42  3370  7169 39740.5 
 769.44  3375  7245 49464.5 
 769.47  3380  7321 47765.5 
 769.49  3385  7397 53074 
 769.51  3390  7473 53118.5 
 769.54  3395  7550 51446.5 
 769.56  3400  7626 62013.5 
 769.59  3405  7703 55468 
 769.61  3410  7780 53657.5 
 769.64  3415  7857 49858 
 769.66  3420  7934 59572 
 769.69  3425  8012 55597.5 
 769.71  3430  8089 60896.5 
 769.74  3435  8167 57277.5 
 769.76  3440  8245 40762.5 
 769.79  3445  8323 44487 
 769.81  3450  8401 57991.5 
 769.84  3455  8479 57225.5 
 769.86  3460  8557 49740 
 769.89  3465  8636 56542.5 
 769.91  3470  8715 59331 
 769.94  3475  8794 47989 
 769.96  3480  8873 57085.5 
 769.98  3485  8952 57003 
 770.01  3490  9031 50143.5 
 770.03  3495  9111 52683.5 
 770.06  3500  9191 67644.5 
 770.19  3505  7382 73595.5 
 770.21  3510  7462 67341.5 
 770.24  3515  7542 62947 
 770.26  3520  7623 70440 
 770.28  3525  7703 53575 
 770.31  3530  7783 67987 
 770.34  3535  7864 72942 
 770.36  3540  7945 76432.5 
 770.38  3545  8026 77525 
 770.41  3550  8107 78487 
 770.43  3555  8188 70676 
 770.46  3560  8269 72754.5 
 770.48  3565  8351 63075.5 
 770.51  3570  8432 51296.5 
 770.53  3575  8514 63392 
 770.56  3580  8596 50731 
 770.58  3585  8678 43323.5 
 770.61  3590  8760 60424 
 770.63  3595  8843 76837.5 
 770.66  3600  8925 80320 
 770.68  3605  9008 61620.5 
 770.71  3610  9091 55931 
 770.73  3615  9174 65498.5 
 770.76  3620  9257 54729 
 770.78  3625  9341 76858 
 770.81  3630  9424 63851 
end
uxIntegration time is 0.2294 seconds per sampledt  2.8E-08 cy 1dh291218Tamanrasset 22.79-5.529 4.974364pr865dark 1.35 
 813.52  2900  576 1.75 
 813.55  2905  641 1.75 
 813.59  2910  706 2 
 813.62  2915  772 2 
 813.65  2920  837 1.5 
 813.68  2925  903 2.5 
 813.71  2930  969 2 
 813.74  2935  1035 2.25 
 813.77  2940  1100 2.75 
 813.8  2945  1166 3 
 813.84  2950  1233 6.5 
 813.87  2955  1299 8.5 
 813.9  2960  1365 15.75 
 813.93  2965  1431 17 
 813.96  2970  1498 23 
 813.99  2975  1565 49 
 814.03  2980  1631 64 
 814.06  2985  1698 64.75 
 814.09  2990  1765 121.75 
 814.12  2995  1832 177.75 
 814.15  3000  1899 188 
 814.17  3005  1966 230.5 
 814.19  3010  2033 404.5 
 814.22  3015  2101 542.5 
 814.24  3020  2168 475.5 
 814.27  3025  2236 846.5 
 814.29  3030  2303 1372.5 
 814.31  3035  2371 1668.5 
 814.34  3040  2439 1587.5 
 814.36  3045  2507 2090 
 814.38  3050  2575 2807.5 
 814.41  3055  2643 2993.5 
 814.43  3060  2712 2846 
 814.46  3065  2780 3343.5 
 814.48  3070  2849 4424.5 
 814.5  3075  2917 5241 
 814.53  3080  2986 5539.5 
 814.55  3085  3055 6213.5 
 814.58  3090  3124 5457 
 814.6  3095  3193 6047.5 
 814.63  3100  3262 6075 
 814.65  3105  3331 9562 
 814.67  3110  3400 11639 
 814.7  3115  3470 11365.5 
 814.72  3120  3539 10721 
 814.75  3125  3609 12370.5 
 814.77  3130  3679 13034.5 
 814.79  3135  3749 13178 
 814.82  3140  3819 15536.5 
 814.84  3145  3889 13139.5 
 814.87  3150  3959 16810.5 
 814.89  3155  4029 14758 
 814.91  3160  4100 12098 
 814.94  3165  4170 16583 
 814.96  3170  4241 20598 
 814.99  3175  4312 21782 
 815.01  3180  4383 16345 
 815.04  3185  4454 18983.5 
 815.06  3190  4525 22088.5 
 815.08  3195  4596 19139.5 
 815.11  3200  4667 23131 
 815.13  3205  4739 26858 
 815.16  3210  4811 22890.5 
 815.18  3215  4882 21597 
 815.2  3220  4954 25175.5 
 815.23  3225  5026 21659.5 
 815.25  3230  5098 20685.5 
 815.28  3235  5170 23981.5 
 815.3  3240  5243 27480 
 815.33  3245  5315 29111.5 
 815.35  3250  5388 26846 
 815.37  3255  5460 32811 
 815.4  3260  5533 38745.5 
 815.42  3265  5606 38092 
 815.45  3270  5679 38710 
 815.47  3275  5753 37630 
 815.5  3280  5826 35680 
 815.52  3285  5899 35764.5 
 815.55  3290  5973 41017 
 815.57  3295  6047 46880 
 815.59  3300  6121 47985.5 
 815.62  3305  6195 40679 
 815.64  3310  6269 41198.5 
 815.67  3315  6343 40873.5 
 815.69  3320  6417 43357.5 
 815.72  3325  6492 41710.5 
 815.74  3330  6567 41808 
 815.76  3335  6641 39404.5 
 815.79  3340  6716 39026 
 815.81  3345  6791 44379 
 815.84  3350  6867 41792 
 815.86  3355  6942 48360.5 
 815.89  3360  7017 34225.5 
 815.91  3365  7093 40910.5 
 815.94  3370  7169 33886 
 815.96  3375  7245 41301.5 
 815.98  3380  7321 40161 
 816.01  3385  7397 44580 
 816.03  3390  7473 44167 
 816.06  3395  7550 41672.5 
 816.08  3400  7626 49965.5 
 816.11  3405  7703 44626.5 
 816.13  3410  7780 42511.5 
 816.15  3415  7857 38480.5 
 816.18  3420  7934 45857 
 816.2  3425  8012 42863.5 
 816.23  3430  8089 46793 
 816.25  3435  8167 44164 
 816.28  3440  8245 31467 
 816.3  3445  8323 34162 
 816.33  3450  8401 43087.5 
 816.35  3455  8479 41717 
 816.38  3460  8557 35368.5 
 816.4  3465  8636 39397.5 
 816.43  3470  8715 40575 
 816.45  3475  8794 32353 
 816.48  3480  8873 37795.5 
 816.5  3485  8952 37546.5 
 816.53  3490  9031 33071 
 816.55  3495  9111 35561.5 
 816.58  3500  9191 46314.5 
 816.7  3505  7382 47411.5 
 816.73  3510  7462 44048 
 816.75  3515  7542 41961 
 816.78  3520  7623 48367 
 816.8  3525  7703 38185 
 816.83  3530  7783 50022 
 816.85  3535  7864 54730.5 
 816.88  3540  7945 57238.5 
 816.9  3545  8026 57094.5 
 816.93  3550  8107 56653 
 816.95  3555  8188 50044.5 
 816.98  3560  8269 51439 
 817  3565  8351 44216.5 
 817.03  3570  8432 36033 
 817.05  3575  8514 43924 
 817.08  3580  8596 33964.5 
 817.1  3585  8678 27759 
 817.13  3590  8760 37721.5 
 817.15  3595  8843 47419 
 817.18  3600  8925 51733.5 
 817.2  3605  9008 42078.5 
 817.23  3610  9091 39639.5 
 817.25  3615  9174 48072.5 
 817.28  3620  9257 41375 
 817.3  3625  9341 58756 
 817.33  3630  9424 51206 
end
uxIntegration time is 0.2294 seconds per sampledt  2.8E-08 cy 1dh291218Tamanrasset 22.79-5.529 4.974364pr865dark 1.45 
 861.67  2900  576 2 
 861.7  2905  641 2 
 861.73  2910  706 2 
 861.77  2915  772 1.75 
 861.8  2920  837 1 
 861.83  2925  903 1.25 
 861.86  2930  969 2 
 861.89  2935  1035 2 
 861.92  2940  1100 2.5 
 861.95  2945  1166 2 
 861.99  2950  1233 2.25 
 862.02  2955  1299 5 
 862.05  2960  1365 5.75 
 862.08  2965  1431 6.5 
 862.11  2970  1498 8.25 
 862.14  2975  1565 18.75 
 862.18  2980  1631 26 
 862.21  2985  1698 26.25 
 862.24  2990  1765 54.5 
 862.27  2995  1832 74.5 
 862.3  3000  1899 85 
 862.32  3005  1966 120.5 
 862.34  3010  2033 187 
 862.37  3015  2101 271.5 
 862.39  3020  2168 229 
 862.42  3025  2236 458.5 
 862.44  3030  2303 741 
 862.46  3035  2371 891 
 862.49  3040  2439 877 
 862.51  3045  2507 1206 
 862.54  3050  2575 1677.5 
 862.56  3055  2643 1772 
 862.58  3060  2712 1700.5 
 862.61  3065  2780 2063 
 862.63  3070  2849 2865.5 
 862.66  3075  2917 3389.5 
 862.68  3080  2986 3594 
 862.7  3085  3055 3991.5 
 862.73  3090  3124 3476 
 862.75  3095  3193 3849.5 
 862.78  3100  3262 3855.5 
 862.8  3105  3331 6120 
 862.82  3110  3400 7329.5 
 862.85  3115  3470 7088 
 862.87  3120  3539 6807.5 
 862.9  3125  3609 8141.5 
 862.92  3130  3679 8731 
 862.95  3135  3749 9078 
 862.97  3140  3819 10779.5 
 862.99  3145  3889 9234 
 863.02  3150  3959 12019 
 863.04  3155  4029 10418.5 
 863.07  3160  4100 8623.5 
 863.09  3165  4170 12020.5 
 863.12  3170  4241 14746 
 863.14  3175  4312 15544.5 
 863.16  3180  4383 11876.5 
 863.19  3185  4454 13920.5 
 863.21  3190  4525 16255.5 
 863.24  3195  4596 13993 
 863.26  3200  4667 16815 
 863.28  3205  4739 19817 
 863.31  3210  4811 17203.5 
 863.33  3215  4882 16076.5 
 863.36  3220  4954 18522 
 863.38  3225  5026 16143.5 
 863.41  3230  5098 15206.5 
 863.43  3235  5170 17803.5 
 863.45  3240  5243 20323.5 
 863.48  3245  5315 21367 
 863.5  3250  5388 19316 
 863.53  3255  5460 23322.5 
 863.55  3260  5533 27632 
 863.58  3265  5606 27094 
 863.6  3270  5679 27451 
 863.62  3275  5753 26483.5 
 863.65  3280  5826 24549 
 863.67  3285  5899 24783.5 
 863.7  3290  5973 28113.5 
 863.72  3295  6047 32178 
 863.75  3300  6121 32851.5 
 863.77  3305  6195 27463 
 863.8  3310  6269 27592.5 
 863.82  3315  6343 27269.5 
 863.84  3320  6417 29131.5 
 863.87  3325  6492 28163 
 863.89  3330  6567 28125.5 
 863.92  3335  6641 26670.5 
 863.94  3340  6716 26534 
 863.97  3345  6791 29712.5 
 863.99  3350  6867 26977.5 
 864.02  3355  6942 30378 
 864.04  3360  7017 21196 
 864.07  3365  7093 25276 
 864.09  3370  7169 21014 
 864.11  3375  7245 25869.5 
 864.14  3380  7321 25583.5 
 864.16  3385  7397 28880 
 864.19  3390  7473 29371.5 
 864.21  3395  7550 28688 
 864.24  3400  7626 35229.5 
 864.26  3405  7703 32045 
 864.29  3410  7780 31339 
 864.31  3415  7857 29240.5 
 864.33  3420  7934 35072 
 864.36  3425  8012 32780.5 
 864.38  3430  8089 35841.5 
 864.41  3435  8167 33699 
 864.44  3440  8245 24031.5 
 864.46  3445  8323 26483.5 
 864.48  3450  8401 34312.5 
 864.51  3455  8479 34436 
 864.54  3460  8557 30085 
 864.56  3465  8636 34673.5 
 864.59  3470  8715 36722.5 
 864.61  3475  8794 29842 
 864.64  3480  8873 35650 
 864.66  3485  8952 35848.5 
 864.69  3490  9031 31706.5 
 864.71  3495  9111 33499.5 
 864.74  3500  9191 43284 
 864.86  3505  7382 48324 
 864.89  3510  7462 44158 
 864.91  3515  7542 41596.5 
 864.94  3520  7623 46297.5 
 864.96  3525  7703 35323 
 864.99  3530  7783 45045.5 
 865.01  3535  7864 48566 
 865.04  3540  7945 50778 
 865.06  3545  8026 51471.5 
 865.09  3550  8107 52232.5 
 865.11  3555  8188 46870.5 
 865.14  3560  8269 48954.5 
 865.16  3565  8351 42854 
 865.19  3570  8432 35134 
 865.21  3575  8514 43401.5 
 865.24  3580  8596 34504 
 865.26  3585  8678 29368 
 865.29  3590  8760 41146.5 
 865.31  3595  8843 52160 
 865.34  3600  8925 55748 
 865.36  3605  9008 44304 
 865.39  3610  9091 40396 
 865.41  3615  9174 47418.5 
 865.44  3620  9257 40030 
 865.46  3625  9341 56418 
 865.49  3630  9424 48129.5 
end
uxIntegration time is 0.2294 seconds per sampledt  2.8E-08 cy 1dh291218Tamanrasset 22.79-5.529 4.974364pr865dark 1.7 
 907.75  2900  576 1 
 907.78  2905  641 1.25 
 907.81  2910  706 1.25 
 907.85  2915  772 1.75 
 907.88  2920  837 1 
 907.91  2925  903 1.75 
 907.94  2930  969 1.25 
 907.97  2935  1035 1.5 
 908  2940  1100 1.25 
 908.04  2945  1166 2.25 
 908.07  2950  1233 1.5 
 908.1  2955  1299 1.75 
 908.13  2960  1365 2.25 
 908.16  2965  1431 2.25 
 908.19  2970  1498 2.25 
 908.22  2975  1565 4.75 
 908.26  2980  1631 5.5 
 908.29  2985  1698 6.75 
 908.32  2990  1765 9.75 
 908.35  2995  1832 15 
 908.37  3000  1899 16 
 908.4  3005  1966 22 
 908.42  3010  2033 38 
 908.45  3015  2101 68.5 
 908.47  3020  2168 59 
 908.49  3025  2236 114.5 
 908.52  3030  2303 205.5 
 908.54  3035  2371 256 
 908.57  3040  2439 257 
 908.59  3045  2507 374.5 
 908.61  3050  2575 569 
 908.64  3055  2643 599 
 908.66  3060  2712 593 
 908.69  3065  2780 744 
 908.71  3070  2849 1110.5 
 908.73  3075  2917 1396.5 
 908.76  3080  2986 1493 
 908.78  3085  3055 1715 
 908.81  3090  3124 1554.5 
 908.83  3095  3193 1860.5 
 908.85  3100  3262 1915 
 908.88  3105  3331 3053 
 908.9  3110  3400 3854 
 908.93  3115  3470 3779.5 
 908.95  3120  3539 3758.5 
 908.97  3125  3609 4564.5 
 909  3130  3679 4837.5 
 909.02  3135  3749 4917 
 909.05  3140  3819 5968 
 909.07  3145  3889 5352 
 909.1  3150  3959 6860.5 
 909.12  3155  4029 5976.5 
 909.14  3160  4100 5117.5 
 909.17  3165  4170 7249 
 909.19  3170  4241 9001.5 
 909.22  3175  4312 9456 
 909.24  3180  4383 7323.5 
 909.26  3185  4454 8884.5 
 909.29  3190  4525 10394 
 909.31  3195  4596 8845.5 
 909.34  3200  4667 10540 
 909.36  3205  4739 12704 
 909.39  3210  4811 11265.5 
 909.41  3215  4882 10584 
 909.43  3220  4954 11952.5 
 909.46  3225  5026 10336.5 
 909.48  3230  5098 9934 
 909.51  3235  5170 12000.5 
 909.53  3240  5243 13767.5 
 909.55  3245  5315 14355.5 
 909.58  3250  5388 13027.5 
 909.6  3255  5460 15949 
 909.63  3260  5533 19410 
 909.65  3265  5606 19371.5 
 909.68  3270  5679 19714.5 
 909.7  3275  5753 18843 
 909.72  3280  5826 17354 
 909.75  3285  5899 17630.5 
 909.77  3290  5973 20536.5 
 909.8  3295  6047 23719 
 909.82  3300  6121 24174.5 
 909.85  3305  6195 20048 
 909.87  3310  6269 20119 
 909.9  3315  6343 20151.5 
 909.92  3320  6417 21802.5 
 909.94  3325  6492 21276 
 909.97  3330  6567 21392.5 
 909.99  3335  6641 20098 
 910.02  3340  6716 20062 
 910.04  3345  6791 23062 
 910.07  3350  6867 21732.5 
 910.09  3355  6942 24801 
 910.12  3360  7017 17525.5 
 910.14  3365  7093 21030 
 910.16  3370  7169 17316 
 910.19  3375  7245 21368 
 910.21  3380  7321 20759 
 910.24  3385  7397 23363 
 910.26  3390  7473 23394.5 
 910.29  3395  7550 22636 
 910.31  3400  7626 27395.5 
 910.34  3405  7703 24446.5 
 910.36  3410  7780 23744.5 
 910.39  3415  7857 21945.5 
 910.41  3420  7934 26253 
 910.43  3425  8012 24622.5 
 910.46  3430  8089 26868.5 
 910.48  3435  8167 25215.5 
 910.51  3440  8245 17829 
 910.53  3445  8323 19846 
 910.56  3450  8401 25645 
 910.58  3455  8479 25415 
 910.61  3460  8557 22141 
 910.63  3465  8636 25274.5 
 910.66  3470  8715 26347 
 910.68  3475  8794 21336.5 
 910.71  3480  8873 25284.5 
 910.73  3485  8952 25363.5 
 910.76  3490  9031 22181 
 910.78  3495  9111 23485 
 910.81  3500  9191 30194 
 910.93  3505  7382 33403 
 910.96  3510  7462 30558 
 910.98  3515  7542 28363 
 911.01  3520  7623 31736 
 911.03  3525  7703 24331 
 911.06  3530  7783 30804 
 911.08  3535  7864 33050.5 
 911.11  3540  7945 34546.5 
 911.13  3545  8026 35028 
 911.15  3550  8107 35397.5 
 911.18  3555  8188 31688 
 911.2  3560  8269 33192 
 911.23  3565  8351 28951 
 911.25  3570  8432 23598.5 
 911.28  3575  8514 29150 
 911.3  3580  8596 23249 
 911.33  3585  8678 19764.5 
 911.35  3590  8760 27593 
 911.38  3595  8843 35041.5 
 911.4  3600  8925 37549.5 
 911.43  3605  9008 29639 
 911.45  3610  9091 27065.5 
 911.48  3615  9174 31822.5 
 911.5  3620  9257 26762 
 911.53  3625  9341 37829 
 911.55  3630  9424 32262 
end
uxIntegration time is 0.2294 seconds per sampledt  2.8E-08 cy 1dh291218Tamanrasset 22.79-5.529 4.974364pr865dark 1.3 
 946.84  2900  576 1 
 946.87  2905  641 1.5 
 946.9  2910  706 1.5 
 946.93  2915  772 .75 
 946.96  2920  837 1.5 
 947  2925  903 1 
 947.03  2930  969 1.25 
 947.06  2935  1035 .75 
 947.09  2940  1100 1.25 
 947.12  2945  1166 1 
 947.15  2950  1233 1.5 
 947.19  2955  1299 1 
 947.22  2960  1365 1.75 
 947.25  2965  1431 1.5 
 947.28  2970  1498 2 
 947.31  2975  1565 2 
 947.34  2980  1631 2 
 947.37  2985  1698 2.25 
 947.41  2990  1765 3 
 947.44  2995  1832 4.5 
 947.46  3000  1899 3.5 
 947.49  3005  1966 4.5 
 947.51  3010  2033 9.5 
 947.53  3015  2101 10.5 
 947.56  3020  2168 10.5 
 947.58  3025  2236 18.5 
 947.6  3030  2303 39.5 
 947.63  3035  2371 48 
 947.65  3040  2439 45.5 
 947.68  3045  2507 75.5 
 947.7  3050  2575 109 
 947.72  3055  2643 126.5 
 947.75  3060  2712 130.5 
 947.77  3065  2780 171.5 
 947.8  3070  2849 265.5 
 947.82  3075  2917 348 
 947.85  3080  2986 394 
 947.87  3085  3055 472 
 947.89  3090  3124 450 
 947.92  3095  3193 576 
 947.94  3100  3262 608 
 947.97  3105  3331 992.5 
 947.99  3110  3400 1266.5 
 948.01  3115  3470 1260 
 948.04  3120  3539 1352 
 948.06  3125  3609 1710.5 
 948.09  3130  3679 1877.5 
 948.11  3135  3749 1843 
 948.13  3140  3819 2324.5 
 948.16  3145  3889 2197 
 948.18  3150  3959 2872.5 
 948.21  3155  4029 2476 
 948.23  3160  4100 2229.5 
 948.25  3165  4170 3274.5 
 948.28  3170  4241 4062 
 948.3  3175  4312 4173.5 
 948.33  3180  4383 3334.5 
 948.35  3185  4454 4226.5 
 948.38  3190  4525 5067 
 948.4  3195  4596 4165.5 
 948.42  3200  4667 4954 
 948.45  3205  4739 6160.5 
 948.47  3210  4811 5734.5 
 948.5  3215  4882 5407 
 948.52  3220  4954 5863 
 948.54  3225  5026 5061.5 
 948.57  3230  5098 5088.5 
 948.59  3235  5170 6294.5 
 948.62  3240  5243 7279 
 948.64  3245  5315 7515.5 
 948.67  3250  5388 6677 
 948.69  3255  5460 8259 
 948.71  3260  5533 10241.5 
 948.74  3265  5606 10494 
 948.76  3270  5679 10680 
 948.79  3275  5753 10099.5 
 948.81  3280  5826 9070.5 
 948.84  3285  5899 9459 
 948.86  3290  5973 11286.5 
 948.89  3295  6047 13046 
 948.91  3300  6121 13276 
 948.93  3305  6195 10823.5 
 948.96  3310  6269 10811 
 948.98  3315  6343 10832.5 
 949.01  3320  6417 11965.5 
 949.03  3325  6492 11751.5 
 949.06  3330  6567 11890 
 949.08  3335  6641 10988 
 949.11  3340  6716 10941.5 
 949.13  3345  6791 12754.5 
 949.15  3350  6867 12123 
 949.18  3355  6942 13886.5 
 949.2  3360  7017 9797 
 949.23  3365  7093 11673.5 
 949.25  3370  7169 9603 
 949.28  3375  7245 11872 
 949.3  3380  7321 11732 
 949.32  3385  7397 13094 
 949.35  3390  7473 13199.5 
 949.37  3395  7550 12775 
 949.4  3400  7626 15339.5 
 949.42  3405  7703 13738 
 949.45  3410  7780 13589.5 
 949.47  3415  7857 12495 
 949.5  3420  7934 15043 
 949.52  3425  8012 14136.5 
 949.55  3430  8089 15369 
 949.57  3435  8167 14529.5 
 949.6  3440  8245 10345 
 949.62  3445  8323 11330 
 949.65  3450  8401 14806 
 949.67  3455  8479 14678 
 949.7  3460  8557 12785.5 
 949.72  3465  8636 14548.5 
 949.75  3470  8715 15208 
 949.77  3475  8794 12174 
 949.8  3480  8873 14427 
 949.82  3485  8952 14278 
 949.85  3490  9031 12525 
 949.87  3495  9111 13133.5 
 949.9  3500  9191 16732.5 
 950.02  3505  7382 18137 
 950.05  3510  7462 16602 
 950.07  3515  7542 15430.5 
 950.1  3520  7623 17336 
 950.12  3525  7703 13373.5 
 950.15  3530  7783 16938.5 
 950.17  3535  7864 18135.5 
 950.2  3540  7945 19010.5 
 950.22  3545  8026 19339.5 
 950.25  3550  8107 19580.5 
 950.27  3555  8188 17545.5 
 950.3  3560  8269 18252.5 
 950.32  3565  8351 15961.5 
 950.35  3570  8432 13113 
 950.37  3575  8514 15961.5 
 950.4  3580  8596 12724.5 
 950.42  3585  8678 10871.5 
 950.45  3590  8760 15054 
 950.47  3595  8843 18913 
 950.5  3600  8925 20302.5 
 950.52  3605  9008 16170 
 950.55  3610  9091 14655.5 
 950.57  3615  9174 17075 
 950.6  3620  9257 14409 
 950.62  3625  9341 20312 
 950.65  3630  9424 17415.5 
end
uxIntegration time is 0.2294 seconds per sampledt  2.8E-08 cy 1dh291218Tamanrasset 22.79-5.529 4.974364pr865dark 1 
 988.01  2900  576 1.25 
 988.04  2905  641 2 
 988.07  2910  706 2 
 988.11  2915  772 .75 
 988.14  2920  837 .75 
 988.17  2925  903 1.5 
 988.2  2930  969 .5 
 988.23  2935  1035 2 
 988.26  2940  1100 2 
 988.3  2945  1166 .75 
 988.33  2950  1233 2 
 988.36  2955  1299 .75 
 988.39  2960  1365 1.25 
 988.42  2965  1431 1.5 
 988.45  2970  1498 1.25 
 988.48  2975  1565 2.25 
 988.52  2980  1631 1.75 
 988.55  2985  1698 1.5 
 988.58  2990  1765 2.75 
 988.61  2995  1832 2.5 
 988.63  3000  1899 1.5 
 988.66  3005  1966 2 
 988.68  3010  2033 4 
 988.7  3015  2101 5 
 988.73  3020  2168 4 
 988.75  3025  2236 6 
 988.78  3030  2303 8 
 988.8  3035  2371 9.5 
 988.82  3040  2439 12 
 988.85  3045  2507 13.5 
 988.87  3050  2575 16.5 
 988.9  3055  2643 19.5 
 988.92  3060  2712 17.5 
 988.94  3065  2780 22.5 
 988.97  3070  2849 28.5 
 988.99  3075  2917 37 
 989.02  3080  2986 39.5 
 989.04  3085  3055 49 
 989.06  3090  3124 47.5 
 989.09  3095  3193 66 
 989.11  3100  3262 69.5 
 989.14  3105  3331 109.5 
 989.16  3110  3400 141.5 
 989.18  3115  3470 137.5 
 989.21  3120  3539 165.5 
 989.23  3125  3609 236 
 989.26  3130  3679 258 
 989.28  3135  3749 254.5 
 989.3  3140  3819 346.5 
 989.33  3145  3889 374 
 989.35  3150  3959 486.5 
 989.38  3155  4029 416.5 
 989.4  3160  4100 381 
 989.42  3165  4170 644 
 989.45  3170  4241 798 
 989.47  3175  4312 816 
 989.5  3180  4383 680 
 989.52  3185  4454 952.5 
 989.55  3190  4525 1235.5 
 989.57  3195  4596 961 
 989.59  3200  4667 1129 
 989.62  3205  4739 1573 
 989.64  3210  4811 1585.5 
 989.67  3215  4882 1544.5 
 989.69  3220  4954 1538.5 
 989.71  3225  5026 1309 
 989.74  3230  5098 1388 
 989.76  3235  5170 1924.5 
 989.79  3240  5243 2312.5 
 989.81  3245  5315 2314 
 989.83  3250  5388 1934 
 989.86  3255  5460 2470 
 989.88  3260  5533 3254 
 989.91  3265  5606 3518.5 
 989.93  3270  5679 3585 
 989.96  3275  5753 3267.5 
 989.98  3280  5826 2797.5 
 990  3285  5899 3074 
 990.03  3290  5973 3892.5 
 990.05  3295  6047 4664 
 990.08  3300  6121 4679 
 990.1  3305  6195 3675 
 990.13  3310  6269 3558 
 990.15  3315  6343 3668 
 990.18  3320  6417 4203 
 990.2  3325  6492 4270 
 990.22  3330  6567 4222 
 990.25  3335  6641 3914.5 
 990.27  3340  6716 3759.5 
 990.3  3345  6791 4586 
 990.32  3350  6867 4389.5 
 990.35  3355  6942 5117.5 
 990.37  3360  7017 3629 
 990.4  3365  7093 4220.5 
 990.42  3370  7169 3437.5 
 990.44  3375  7245 4131.5 
 990.47  3380  7321 4226.5 
 990.49  3385  7397 4765 
 990.52  3390  7473 4866 
 990.54  3395  7550 4685.5 
 990.57  3400  7626 5512 
 990.59  3405  7703 4979 
 990.61  3410  7780 4912 
 990.64  3415  7857 4590 
 990.66  3420  7934 5469 
 990.69  3425  8012 5084.5 
 990.71  3430  8089 5575.5 
 990.74  3435  8167 5174 
 990.76  3440  8245 3701.5 
 990.79  3445  8323 4030 
 990.81  3450  8401 5267 
 990.84  3455  8479 5240 
 990.86  3460  8557 4664 
 990.89  3465  8636 5277.5 
 990.91  3470  8715 5479.5 
 990.94  3475  8794 4418 
 990.96  3480  8873 5239 
 990.99  3485  8952 5277 
 991.01  3490  9031 4645 
 991.04  3495  9111 4853.5 
 991.06  3500  9191 6249.5 
 991.19  3505  7382 6856 
 991.21  3510  7462 6256.5 
 991.24  3515  7542 5765.5 
 991.26  3520  7623 6547 
 991.29  3525  7703 5012.5 
 991.31  3530  7783 6370.5 
 991.34  3535  7864 6799.5 
 991.36  3540  7945 7079.5 
 991.39  3545  8026 7142 
 991.41  3550  8107 7271.5 
 991.44  3555  8188 6553 
 991.46  3560  8269 6799 
 991.49  3565  8351 6038.5 
 991.51  3570  8432 4891.5 
 991.54  3575  8514 5984.5 
 991.56  3580  8596 4819 
 991.59  3585  8678 4091.5 
 991.61  3590  8760 5563 
 991.64  3595  8843 7184.5 
 991.66  3600  8925 7650.5 
 991.69  3605  9008 6137 
 991.71  3610  9091 5488 
 991.74  3615  9174 6557.5 
 991.76  3620  9257 5441 
 991.79  3625  9341 7689.5 
 991.81  3630  9424 6726 
end
