 3021.75 
2307          445
2317          451
2327          465
2337          471
2347          473
2357          492
2367          506
2377         1442
2387         5411
2397         9959
2407        14968
2417        20214
2427        25249
2437        30563
2447        32873
2457        33762
2467        31829
2477        28386
2487        23782
2497        19056
2507        13603
2517         8476
2527         4143
2537         3108
2547         2186
2557         1512
2567         1235
2577          965
2587          725
2597          563
2607          438
2607          426
2597          568
2587          726
2577          985
2567         1250
2557         1521
2547         2232
2537         3152
2527         4270
2517         8619
2507        13711
2497        18903
2487        23785
2477        28010
2467        31912
2457        33654
2447        33258
2437        30394
2427        25482
2417        20378
2407        14549
2397        10111
2387         5438
2377         1392
2367          476
2357          491
2347          455
2337          483
2327          443
2317          450
2307          456
eof
