0.0          
-0.90381     
-0.88811     
-1.01801     
-1.78069     
0.0          
0.3410       
4.4707       
1.153        
1490    
-328         
0.000000038 
1030         
14           
2463         
0.0          
4814         
10734        
18672        
22050        
26048        
2972         
mkiii       
2            
0            
0            
0            
0            
0            
0            
0            
-66          
1            
242          
-3           
770          
740          
8028         
178          
2515         
0.99476      
12.8800      
1725         
250          
0.4          
0           
256          
0            
0            
0            
2216         
2016-08-11   
