0.0          
-0.33     
-0.35     
-0.44     
-0.35     
0.0          
0.3455       
4.4707       
1.153        
1500         
-328         
0.000000028 
1023         
14           
2463         
0.0          
4814         
10734        
18672        
22050        
26048        
2972         
mkiii       
1            
0            
0            
0            
0            
0            
0            
0            
0            
0            
242          
-3           
770          
740          
8028         
178          
2515         
0.99476      
12.8800      
1725         
250          
0.4          
0            
256          
0            
0            
0            
2216         
2017-06-01   
EXTRAS       
1            
0            
64           
25000        
80000        
1            
1            
0            
0            
06-23-2019
