0            
0.16080      
0.52750      
0.88360      
0.87490      
0.0          
0.3475       
4.4707       
1.153        
1495         
-328         
0.0000000265 
1030         
14           
2463         
0.0000       
4814.0000    
10734.0000   
18672.0000   
22050.0000   
26048.0000   
2972         
mkiii       
1            
0            
0            
0            
0            
0            
0            
0            
0            
0            
242          
-3           
770          
740          
8028         
178          
2515         
0.99476      
12.8800      
1725         
250          
0.0          
64           
256          
0            
0            
0            
2216         
2014-10-08     
