dh010517Santa_Cruz 28.4633 16.2557 3pr1014.0
CI SCAN-INST #033 dt  3.6E-08  cy 4 DARK =     0.600 
  88.83  2865    790    31795.00   139294.90
  88.93  2870    859    33334.00   146073.00
  88.97  2875    929    34961.00   153242.40
  89.01  2880    999    36693.00   160878.50
  89.05  2885   1069    38426.00   168523.20
  89.09  2890   1139    40220.00   176441.50
  89.13  2895   1209    42066.00   184594.00
  89.17  2900   1279    43870.00   192565.70
  89.21  2905   1349    45906.00   201568.10
  89.25  2910   1420    47882.00   210310.80
  89.29  2915   1490    50308.00   221052.00
  89.33  2920   1560    52128.00   229115.70
  89.37  2925   1631    54473.00   239512.30
  89.41  2930   1701    56375.00   247950.60
  89.45  2935   1772    59149.00   260266.80
  89.50  2940   1843    61446.00   270473.50
  89.54  2945   1914    63646.00   280256.30
  89.58  2950   1984    66313.00   292124.90
  89.62  2955   2055    69167.00   304837.10
  89.66  2960   2126    71688.00   316075.70
  89.70  2965   2197    74081.00   326752.20
  89.74  2970   2268    76637.00   338165.10
  89.78  2975   2340    79362.00   350343.00
  89.83  2980   2411    82333.00   363632.40
  89.87  2985   2482    84804.00   374695.20
  89.91  2990   2554    87937.00   388734.40
  89.95  2995   2625    90700.00   401127.50
  89.99  3000   2697    93322.00   412898.60
  90.03  3005   2768    96268.00   426136.10
  90.08  3010   2840    98939.00   438149.00
  90.12  3015   2912   101542.00   449866.10
  90.16  3020   2984   104632.00   463788.30
  90.20  3025   3056   107394.00   476244.70
  90.24  3030   3128   110109.00   488500.00
  90.28  3035   3200   112442.00   499039.70
  90.32  3040   3272   115526.00   512984.70
  90.37  3045   3344   117856.00   523529.70
  90.41  3050   3417   120633.00   536108.10
  90.45  3055   3489   123175.00   547632.30
  90.49  3060   3562   125526.00   558299.10
  90.53  3065   3634   128010.00   569578.50
  90.57  3070   3707   130530.00   581030.80
  90.61  3075   3779   132825.00   591468.80
  90.66  3080   3852   134631.00   599688.50
  90.70  3085   3925   136634.00   608810.30
  90.74  3090   3998   138635.00   617929.10
  90.78  3095   4071   140405.00   626000.40
  90.82  3100   4144   142094.00   633706.70
  90.86  3105   4217   142967.00   637691.60
  90.91  3110   4291   144490.00   644646.10
  90.95  3115   4364   145550.00   649488.60
  90.99  3120   4437   146010.00   651590.60
  91.03  3125   4511   146451.00   653606.00
  91.07  3130   4584   146602.00   654296.20
  91.11  3135   4658   146887.00   655599.00
  91.15  3140   4732   146621.00   654383.00
  91.20  3145   4805   145687.00   650114.50
  91.24  3150   4879   145343.00   648542.80
  91.28  3155   4953   143436.00   639832.80
  91.32  3160   5027   142141.00   633921.20
  91.36  3165   5102   139774.00   623122.50
  91.40  3170   5176   138151.00   615723.00
  91.44  3175   5250   135186.00   602215.30
  91.49  3180   5324   132494.00   589962.90
  91.53  3185   5399   129530.00   576485.10
  91.57  3190   5473   125680.00   558998.20
  91.61  3195   5548   121846.00   541606.10
  91.65  3200   5623   117748.00   523040.70
  91.69  3205   5698   113488.00   503767.90
  91.74  3210   5772   109222.00   484494.90
  91.78  3215   5847   104714.00   464158.00
  91.82  3220   5923    99515.00   440740.90
  91.86  3225   5998    94882.00   419906.70
  91.90  3230   6073    89974.00   397870.10
  91.94  3235   6148    84539.00   373508.30
  91.98  3240   6224    79750.00   352077.80
  92.03  3245   6299    74560.00   328890.30
  92.07  3250   6375    69202.00   304993.00
end
