 7.2693      0.148163
 7.6738      1.350526
 8.2868      6.583867
 8.7518     12.194620
 9.1088     20.620830
 9.3172     28.660840
 9.6028     37.441450
 9.8127     56.960930
11.8732    169.878200
12.0852    174.236400
12.3532    176.882300
12.6440    189.731600
12.9117    187.711800
13.2027    191.503300
13.4695    189.164300
13.7598    185.134700
14.0283    168.824300
14.2868    173.870200
14.5540    160.445400
14.8443    147.109300
15.0547    136.479700
15.3205    123.656600
15.6220    107.094000
15.8875     92.241160
16.4028     65.993880
16.7797     48.442960
17.0873     35.686110
17.2982     28.410660
17.6477     18.054490
18.0855      8.434339
18.4590      3.939136
18.9847      0.571083
19.3580      0.037126
