ufIntegration time is 0.2294 seconds per sampledt  3.6E-08 cy 4dh010217Santa_Cruz 28.4633 16.2557 2.92pr1014.0dark .6 
 430.22  2900  1280 0 
 430.26  2905  1350 1 
 430.29  2910  1420 0 
 430.33  2915  1490 0 
 430.36  2920  1561 0 
 430.4  2925  1631 0 
 430.43  2930  1702 0 
 430.47  2935  1773 1 
 430.5  2940  1843 0 
 430.54  2945  1914 0 
 430.57  2950  1985 0 
 430.61  2955  2056 0 
 430.64  2960  2127 1 
 430.68  2965  2198 1 
 430.71  2970  2269 1 
 430.75  2975  2340 1 
 430.78  2980  2411 0 
 430.82  2985  2483 0 
 430.85  2990  2554 1 
 430.89  2995  2626 0 
 430.92  3000  2697 1 
 430.96  3005  2769 0 
 430.99  3010  2841 0 
 431.03  3015  2912 1 
 431.06  3020  2984 0 
 431.1  3025  3056 0 
 431.13  3030  3128 1 
 431.17  3035  3200 1 
 431.2  3040  3273 0 
 431.24  3045  3345 0 
 431.27  3050  3417 1 
 431.31  3055  3490 1 
 431.34  3060  3562 0 
 431.38  3065  3635 0 
 431.41  3070  3707 1 
 431.45  3075  3780 1 
 431.48  3080  3853 1 
 431.52  3085  3926 1 
 431.55  3090  3998 0 
 431.59  3095  4071 0 
 431.62  3100  4145 1 
 431.66  3105  4218 0 
 431.69  3110  4291 0 
 431.72  3115  4364 1 
 431.76  3120  4438 0 
 431.8  3125  4511 1 
 431.83  3130  4585 1 
 431.86  3135  4658 1 
 431.9  3140  4732 0 
 431.93  3145  4806 0 
 431.97  3150  4880 0 
 432.01  3155  4954 1 
 432.04  3160  5028 1 
 432.07  3165  5102 0 
 432.11  3170  5176 0 
 432.15  3175  5251 1 
 432.18  3180  5325 0 
 432.21  3185  5399 1 
 432.25  3190  5474 0 
 432.28  3195  5549 1 
 432.32  3200  5623 1 
 432.35  3205  5698 1 
 432.39  3210  5773 0 
 432.42  3215  5848 0 
 432.46  3220  5923 0 
 432.49  3225  5998 1 
 432.53  3230  6073 1 
 432.56  3235  6149 0 
 432.6  3240  6224 0 
 432.63  3245  6300 1 
 432.67  3250  6375 1 
end
ufIntegration time is 0.2294 seconds per sampledt  3.6E-08 cy 4dh010217Santa_Cruz 28.4633 16.2557 2.92pr1014.0dark .2 
 471.02  2900  1280 0 
 471.05  2905  1350 0 
 471.09  2910  1420 1 
 471.12  2915  1490 0 
 471.16  2920  1561 1 
 471.19  2925  1631 0 
 471.23  2930  1702 0 
 471.26  2935  1773 1 
 471.3  2940  1843 1 
 471.33  2945  1914 1 
 471.37  2950  1985 1 
 471.4  2955  2056 1 
 471.44  2960  2127 1 
 471.47  2965  2198 1 
 471.51  2970  2269 1 
 471.54  2975  2340 1 
 471.58  2980  2411 1 
 471.61  2985  2483 1 
 471.65  2990  2554 1 
 471.68  2995  2626 2 
 471.72  3000  2697 1 
 471.75  3005  2769 4 
 471.79  3010  2841 4 
 471.82  3015  2912 3 
 471.86  3020  2984 3 
 471.89  3025  3056 7 
 471.93  3030  3128 9 
 471.97  3035  3200 9 
 472  3040  3273 9 
 472.04  3045  3345 17 
 472.07  3050  3417 24 
 472.11  3055  3490 22 
 472.14  3060  3562 17 
 472.18  3065  3635 20 
 472.21  3070  3707 33 
 472.25  3075  3780 39 
 472.28  3080  3853 44 
 472.32  3085  3926 50 
 472.35  3090  3998 48 
 472.39  3095  4071 44 
 472.42  3100  4145 50 
 472.46  3105  4218 76 
 472.49  3110  4291 94 
 472.53  3115  4364 99 
 472.56  3120  4438 90 
 472.6  3125  4511 128 
 472.63  3130  4585 143 
 472.67  3135  4658 133 
 472.7  3140  4732 151 
 472.74  3145  4806 133 
 472.77  3150  4880 169 
 472.81  3155  4954 139 
 472.84  3160  5028 140 
 472.88  3165  5102 182 
 472.91  3170  5176 253 
 472.95  3175  5251 235 
 472.98  3180  5325 167 
 473.02  3185  5399 274 
 473.05  3190  5474 289 
 473.09  3195  5549 230 
 473.12  3200  5623 254 
 473.16  3205  5698 350 
 473.19  3210  5773 353 
 473.22  3215  5848 329 
 473.26  3220  5923 270 
 473.3  3225  5998 223 
 473.33  3230  6073 255 
 473.36  3235  6149 379 
 473.4  3240  6224 433 
 473.44  3245  6300 328 
 473.47  3250  6375 259 
end
ufIntegration time is 0.2294 seconds per sampledt  3.6E-08 cy 4dh010217Santa_Cruz 28.4633 16.2557 2.94pr1014.0dark .4 
 501.34  2900  1280 1 
 501.37  2905  1350 2 
 501.41  2910  1420 2 
 501.44  2915  1490 3 
 501.48  2920  1561 3 
 501.51  2925  1631 1 
 501.55  2930  1702 3 
 501.58  2935  1773 3 
 501.62  2940  1843 2 
 501.65  2945  1914 3 
 501.69  2950  1985 1 
 501.72  2955  2056 3 
 501.76  2960  2127 2 
 501.79  2965  2198 1 
 501.83  2970  2269 2 
 501.86  2975  2340 4 
 501.9  2980  2411 5 
 501.93  2985  2483 2 
 501.97  2990  2554 4 
 502  2995  2626 3 
 502.04  3000  2697 5 
 502.07  3005  2769 7 
 502.11  3010  2841 6 
 502.14  3015  2912 8 
 502.18  3020  2984 5 
 502.21  3025  3056 10 
 502.25  3030  3128 16 
 502.28  3035  3200 21 
 502.32  3040  3273 18 
 502.35  3045  3345 25 
 502.39  3050  3417 40 
 502.42  3055  3490 37 
 502.46  3060  3562 39 
 502.49  3065  3635 43 
 502.53  3070  3707 69 
 502.56  3075  3780 85 
 502.6  3080  3853 92 
 502.63  3085  3926 115 
 502.67  3090  3998 127 
 502.7  3095  4071 126 
 502.74  3100  4145 143 
 502.77  3105  4218 248 
 502.81  3110  4291 299 
 502.84  3115  4364 307 
 502.88  3120  4438 362 
 502.91  3125  4511 483 
 502.95  3130  4585 510 
 502.98  3135  4658 526 
 503.02  3140  4732 656 
 503.05  3145  4806 734 
 503.08  3150  4880 943 
 503.12  3155  4954 729 
 503.16  3160  5028 776 
 503.19  3165  5102 1257 
 503.22  3170  5176 1420 
 503.26  3175  5251 1357 
 503.29  3180  5325 1151 
 503.33  3185  5399 1732 
 503.37  3190  5474 1930 
 503.4  3195  5549 1490 
 503.43  3200  5623 1666 
 503.47  3205  5698 2296 
 503.51  3210  5773 2114 
 503.54  3215  5848 1983 
 503.57  3220  5923 1744 
 503.61  3225  5998 1394 
 503.64  3230  6073 1611 
 503.68  3235  6149 2018 
 503.71  3240  6224 2201 
 503.75  3245  6300 1847 
 503.78  3250  6375 1500 
end
ufIntegration time is 0.2294 seconds per sampledt  3.6E-08 cy 4dh010217Santa_Cruz 28.4633 16.2557 2.98pr1014.0dark .6 
 531.88  2900  1280 7 
 531.91  2905  1350 9 
 531.95  2910  1420 7 
 531.98  2915  1490 8 
 532.02  2920  1561 9 
 532.06  2925  1631 8 
 532.09  2930  1702 9 
 532.12  2935  1773 9 
 532.16  2940  1843 6 
 532.19  2945  1914 10 
 532.23  2950  1985 8 
 532.27  2955  2056 12 
 532.3  2960  2127 13 
 532.33  2965  2198 10 
 532.37  2970  2269 9 
 532.41  2975  2340 10 
 532.44  2980  2411 12 
 532.47  2985  2483 13 
 532.51  2990  2554 14 
 532.54  2995  2626 15 
 532.58  3000  2697 15 
 532.61  3005  2769 15 
 532.65  3010  2841 22 
 532.68  3015  2912 30 
 532.72  3020  2984 30 
 532.75  3025  3056 39 
 532.79  3030  3128 66 
 532.82  3035  3200 73 
 532.86  3040  3273 78 
 532.89  3045  3345 123 
 532.93  3050  3417 186 
 532.96  3055  3490 214 
 533  3060  3562 222 
 533.03  3065  3635 276 
 533.07  3070  3707 445 
 533.1  3075  3780 578 
 533.14  3080  3853 682 
 533.17  3085  3926 775 
 533.21  3090  3998 794 
 533.24  3095  4071 1058 
 533.28  3100  4145 1156 
 533.31  3105  4218 1915 
 533.35  3110  4291 2395 
 533.38  3115  4364 2441 
 533.42  3120  4438 2745 
 533.45  3125  4511 3510 
 533.49  3130  4585 3826 
 533.52  3135  4658 3811 
 533.56  3140  4732 4833 
 533.59  3145  4806 4740 
 533.63  3150  4880 6064 
 533.66  3155  4954 4800 
 533.7  3160  5028 4762 
 533.73  3165  5102 6889 
 533.77  3170  5176 8175 
 533.8  3175  5251 7844 
 533.84  3180  5325 6306 
 533.87  3185  5399 8371 
 533.91  3190  5474 9199 
 533.94  3195  5549 7426 
 533.98  3200  5623 8380 
 534.01  3205  5698 10166 
 534.05  3210  5773 8848 
 534.08  3215  5848 8267 
 534.12  3220  5923 7916 
 534.15  3225  5998 6326 
 534.19  3230  6073 6552 
 534.22  3235  6149 7480 
 534.26  3240  6224 8063 
 534.29  3245  6300 7151 
 534.33  3250  6375 5974 
end
ufIntegration time is 0.2294 seconds per sampledt  3.6E-08 cy 4dh010217Santa_Cruz 28.4633 16.2557 3.03pr1014.0dark .4 
 562.44  2900  1280 20 
 562.47  2905  1350 19 
 562.51  2910  1420 22 
 562.54  2915  1490 21 
 562.58  2920  1561 19 
 562.62  2925  1631 19 
 562.65  2930  1702 20 
 562.68  2935  1773 21 
 562.72  2940  1843 26 
 562.75  2945  1914 21 
 562.79  2950  1985 20 
 562.82  2955  2056 18 
 562.86  2960  2127 19 
 562.89  2965  2198 22 
 562.93  2970  2269 22 
 562.96  2975  2340 29 
 563  2980  2411 27 
 563.03  2985  2483 25 
 563.07  2990  2554 36 
 563.1  2995  2626 33 
 563.14  3000  2697 38 
 563.17  3005  2769 45 
 563.21  3010  2841 73 
 563.24  3015  2912 89 
 563.28  3020  2984 89 
 563.31  3025  3056 158 
 563.35  3030  3128 268 
 563.38  3035  3200 358 
 563.42  3040  3273 354 
 563.45  3045  3345 530 
 563.49  3050  3417 846 
 563.52  3055  3490 957 
 563.56  3060  3562 993 
 563.59  3065  3635 1229 
 563.63  3070  3707 2077 
 563.66  3075  3780 2726 
 563.7  3080  3853 2945 
 563.73  3085  3926 3476 
 563.77  3090  3998 3226 
 563.8  3095  4071 4247 
 563.84  3100  4145 4418 
 563.87  3105  4218 7164 
 563.91  3110  4291 9080 
 563.94  3115  4364 9014 
 563.98  3120  4438 9647 
 564.01  3125  4511 11902 
 564.05  3130  4585 12635 
 564.08  3135  4658 12619 
 564.12  3140  4732 15399 
 564.15  3145  4806 14194 
 564.19  3150  4880 18189 
 564.22  3155  4954 14864 
 564.26  3160  5028 13697 
 564.29  3165  5102 19381 
 564.33  3170  5176 22988 
 564.36  3175  5251 22296 
 564.4  3180  5325 17306 
 564.43  3185  5399 21827 
 564.47  3190  5474 23617 
 564.5  3195  5549 19608 
 564.54  3200  5623 22719 
 564.57  3205  5698 26315 
 564.61  3210  5773 21861 
 564.64  3215  5848 20561 
 564.68  3220  5923 20479 
 564.71  3225  5998 16287 
 564.75  3230  6073 16199 
 564.78  3235  6149 17987 
 564.82  3240  6224 19456 
 564.85  3245  6300 17895 
 564.89  3250  6375 14827 
end
ufIntegration time is 0.2294 seconds per sampledt  3.6E-08 cy 4dh010217Santa_Cruz 28.4633 16.2557 3.13pr1014.0dark .6 
 585.79  2900  1280 41 
 585.83  2905  1350 43 
 585.86  2910  1420 41 
 585.9  2915  1490 45 
 585.93  2920  1561 46 
 585.97  2925  1631 50 
 586  2930  1702 52 
 586.04  2935  1773 48 
 586.07  2940  1843 49 
 586.11  2945  1914 55 
 586.14  2950  1985 51 
 586.18  2955  2056 58 
 586.21  2960  2127 55 
 586.25  2965  2198 63 
 586.28  2970  2269 58 
 586.32  2975  2340 67 
 586.35  2980  2411 64 
 586.39  2985  2483 71 
 586.42  2990  2554 97 
 586.46  2995  2626 122 
 586.49  3000  2697 119 
 586.53  3005  2769 167 
 586.56  3010  2841 248 
 586.6  3015  2912 331 
 586.63  3020  2984 325 
 586.67  3025  3056 622 
 586.7  3030  3128 1086 
 586.74  3035  3200 1354 
 586.77  3040  3273 1445 
 586.81  3045  3345 2102 
 586.84  3050  3417 3241 
 586.88  3055  3490 3494 
 586.91  3060  3562 3667 
 586.95  3065  3635 4499 
 586.98  3070  3707 6874 
 587.02  3075  3780 8748 
 587.05  3080  3853 9435 
 587.09  3085  3926 10959 
 587.12  3090  3998 9919 
 587.16  3095  4071 12350 
 587.19  3100  4145 12765 
 587.23  3105  4218 20759 
 587.26  3110  4291 25237 
 587.3  3115  4364 24855 
 587.33  3120  4438 25408 
 587.37  3125  4511 30524 
 587.4  3130  4585 32127 
 587.44  3135  4658 32070 
 587.47  3140  4732 38415 
 587.51  3145  4806 34259 
 587.54  3150  4880 43624 
 587.58  3155  4954 35583 
 587.61  3160  5028 32034 
 587.65  3165  5102 44067 
 587.68  3170  5176 52898 
 587.72  3175  5251 51551 
 587.75  3180  5325 38865 
 587.79  3185  5399 47654 
 587.82  3190  5474 51427 
 587.86  3195  5549 43343 
 587.89  3200  5623 49315 
 587.93  3205  5698 56421 
 587.96  3210  5773 45754 
 588  3215  5848 42854 
 588.03  3220  5923 43838 
 588.07  3225  5998 34908 
 588.1  3230  6073 33525 
 588.14  3235  6149 36708 
 588.17  3240  6224 39715 
 588.21  3245  6300 36818 
 588.24  3250  6375 30903 
end
ufIntegration time is 0.2294 seconds per sampledt  3.6E-08 cy 4dh010217Santa_Cruz 28.4633 16.2557 3.27pr1014.0dark .6 
 618.51  2900  1280 76 
 618.55  2905  1350 73 
 618.58  2910  1420 71 
 618.62  2915  1490 77 
 618.65  2920  1561 86 
 618.69  2925  1631 82 
 618.72  2930  1702 83 
 618.76  2935  1773 89 
 618.79  2940  1843 83 
 618.83  2945  1914 86 
 618.86  2950  1985 86 
 618.9  2955  2056 96 
 618.93  2960  2127 120 
 618.97  2965  2198 110 
 619  2970  2269 145 
 619.04  2975  2340 150 
 619.07  2980  2411 163 
 619.11  2985  2483 186 
 619.14  2990  2554 278 
 619.18  2995  2626 367 
 619.21  3000  2697 387 
 619.25  3005  2769 517 
 619.28  3010  2841 816 
 619.32  3015  2912 1143 
 619.35  3020  2984 1112 
 619.39  3025  3056 2037 
 619.42  3030  3128 3402 
 619.46  3035  3200 4280 
 619.49  3040  3273 4327 
 619.53  3045  3345 6027 
 619.56  3050  3417 8801 
 619.6  3055  3490 9188 
 619.63  3060  3562 9436 
 619.67  3065  3635 11274 
 619.7  3070  3707 16274 
 619.74  3075  3780 19891 
 619.77  3080  3853 21190 
 619.81  3085  3926 24213 
 619.84  3090  3998 21164 
 619.88  3095  4071 25334 
 619.91  3100  4145 25385 
 619.95  3105  4218 40520 
 619.98  3110  4291 49285 
 620.02  3115  4364 47595 
 620.05  3120  4438 47080 
 620.09  3125  4511 55465 
 620.12  3130  4585 57632 
 620.15  3135  4658 57451 
 620.19  3140  4732 67056 
 620.22  3145  4806 58167 
 620.26  3150  4880 73761 
 620.3  3155  4954 60898 
 620.33  3160  5028 52956 
 620.36  3165  5102 71914 
 620.4  3170  5176 85195 
 620.43  3175  5251 83579 
 620.47  3180  5325 62494 
 620.5  3185  5399 73819 
 620.54  3190  5474 79385 
 620.57  3195  5549 67587 
 620.61  3200  5623 76915 
 620.64  3205  5698 86557 
 620.68  3210  5773 68556 
 620.71  3215  5848 64329 
 620.75  3220  5923 66763 
 620.78  3225  5998 53125 
 620.82  3230  6073 50336 
 620.85  3235  6149 53722 
 620.89  3240  6224 57867 
 620.92  3245  6300 53698 
 620.96  3250  6375 45605 
end
ufIntegration time is 0.2294 seconds per sampledt  3.6E-08 cy 4dh010217Santa_Cruz 28.4633 16.2557 3.35pr1014.0dark 1.8 
 645.29  2900  1280 94 
 645.33  2905  1350 107 
 645.36  2910  1420 105 
 645.4  2915  1490 101 
 645.43  2920  1561 125 
 645.47  2925  1631 127 
 645.5  2930  1702 103 
 645.54  2935  1773 116 
 645.57  2940  1843 115 
 645.61  2945  1914 113 
 645.64  2950  1985 159 
 645.68  2955  2056 151 
 645.71  2960  2127 147 
 645.75  2965  2198 150 
 645.78  2970  2269 175 
 645.82  2975  2340 254 
 645.85  2980  2411 284 
 645.89  2985  2483 320 
 645.92  2990  2554 483 
 645.96  2995  2626 660 
 645.99  3000  2697 736 
 646.03  3005  2769 1008 
 646.06  3010  2841 1639 
 646.1  3015  2912 2211 
 646.13  3020  2984 2004 
 646.17  3025  3056 3642 
 646.2  3030  3128 6091 
 646.24  3035  3200 7556 
 646.27  3040  3273 7351 
 646.31  3045  3345 10137 
 646.34  3050  3417 14557 
 646.38  3055  3490 14849 
 646.41  3060  3562 14893 
 646.45  3065  3635 17801 
 646.48  3070  3707 24934 
 646.52  3075  3780 29761 
 646.55  3080  3853 31547 
 646.59  3085  3926 35510 
 646.62  3090  3998 31301 
 646.66  3095  4071 36469 
 646.69  3100  4145 36055 
 646.73  3105  4218 57755 
 646.76  3110  4291 69378 
 646.79  3115  4364 66591 
 646.83  3120  4438 64361 
 646.87  3125  4511 75037 
 646.9  3130  4585 78008 
 646.93  3135  4658 78297 
 646.97  3140  4732 89931 
 647.01  3145  4806 76353 
 647.04  3150  4880 97214 
 647.07  3155  4954 80003 
 647.11  3160  5028 68705 
 647.14  3165  5102 92495 
 647.18  3170  5176 110590 
 647.22  3175  5251 108381 
 647.25  3180  5325 79698 
 647.28  3185  5399 93037 
 647.32  3190  5474 101063 
 647.35  3195  5549 86074 
 647.39  3200  5623 98495 
 647.42  3205  5698 109283 
 647.46  3210  5773 85325 
 647.49  3215  5848 80778 
 647.53  3220  5923 84515 
 647.56  3225  5998 67333 
 647.6  3230  6073 62240 
 647.63  3235  6149 66761 
 647.67  3240  6224 71401 
 647.7  3245  6300 67088 
 647.74  3250  6375 56965 
end
ufIntegration time is 0.2294 seconds per sampledt  3.6E-08 cy 4dh010217Santa_Cruz 28.4633 16.2557 3.39pr1014.0dark 1.8 
 659.12  2900  1280 119 
 659.16  2905  1350 138 
 659.19  2910  1420 123 
 659.23  2915  1490 114 
 659.26  2920  1561 145 
 659.3  2925  1631 173 
 659.33  2930  1702 134 
 659.37  2935  1773 140 
 659.4  2940  1843 163 
 659.44  2945  1914 143 
 659.47  2950  1985 159 
 659.51  2955  2056 157 
 659.54  2960  2127 185 
 659.58  2965  2198 182 
 659.61  2970  2269 218 
 659.65  2975  2340 342 
 659.68  2980  2411 398 
 659.72  2985  2483 409 
 659.75  2990  2554 666 
 659.79  2995  2626 904 
 659.82  3000  2697 923 
 659.86  3005  2769 1286 
 659.89  3010  2841 2102 
 659.93  3015  2912 2794 
 659.96  3020  2984 2477 
 660  3025  3056 4568 
 660.03  3030  3128 7531 
 660.07  3035  3200 9056 
 660.1  3040  3273 9205 
 660.14  3045  3345 12357 
 660.17  3050  3417 17322 
 660.21  3055  3490 17858 
 660.24  3060  3562 17766 
 660.28  3065  3635 21122 
 660.31  3070  3707 29602 
 660.35  3075  3780 35067 
 660.38  3080  3853 36897 
 660.42  3085  3926 41860 
 660.45  3090  3998 36211 
 660.49  3095  4071 41625 
 660.52  3100  4145 41175 
 660.56  3105  4218 65934 
 660.59  3110  4291 78481 
 660.63  3115  4364 75515 
 660.66  3120  4438 72293 
 660.7  3125  4511 84346 
 660.73  3130  4585 87429 
 660.77  3135  4658 87548 
 660.8  3140  4732 100805 
 660.84  3145  4806 85097 
 660.87  3150  4880 108211 
 660.91  3155  4954 89821 
 660.94  3160  5028 76438 
 660.98  3165  5102 102968 
 661.01  3170  5176 122877 
 661.05  3175  5251 121362 
 661.08  3180  5325 88878 
 661.12  3185  5399 104578 
 661.15  3190  5474 111394 
 661.19  3195  5549 95682 
 661.22  3200  5623 109980 
 661.26  3205  5698 121502 
 661.29  3210  5773 94995 
 661.33  3215  5848 89910 
 661.36  3220  5923 93719 
 661.39  3225  5998 74955 
 661.43  3230  6073 70026 
 661.47  3235  6149 74397 
 661.5  3240  6224 80341 
 661.54  3245  6300 75287 
 661.57  3250  6375 64015 
end
ufIntegration time is 0.2294 seconds per sampledt  3.6E-08 cy 4dh010217Santa_Cruz 28.4633 16.2557 3.43pr1014.0dark 2 
 677.16  2900  1280 158 
 677.2  2905  1350 142 
 677.23  2910  1420 146 
 677.27  2915  1490 153 
 677.3  2920  1561 136 
 677.34  2925  1631 138 
 677.37  2930  1702 142 
 677.41  2935  1773 163 
 677.44  2940  1843 164 
 677.48  2945  1914 169 
 677.51  2950  1985 165 
 677.55  2955  2056 188 
 677.58  2960  2127 250 
 677.62  2965  2198 254 
 677.65  2970  2269 301 
 677.69  2975  2340 443 
 677.72  2980  2411 539 
 677.76  2985  2483 559 
 677.79  2990  2554 942 
 677.83  2995  2626 1354 
 677.86  3000  2697 1330 
 677.9  3005  2769 1908 
 677.93  3010  2841 2986 
 677.97  3015  2912 3936 
 678  3020  2984 3517 
 678.04  3025  3056 6405 
 678.07  3030  3128 10418 
 678.1  3035  3200 12349 
 678.14  3040  3273 12067 
 678.18  3045  3345 16192 
 678.21  3050  3417 22444 
 678.25  3055  3490 22972 
 678.28  3060  3562 22929 
 678.32  3065  3635 26634 
 678.35  3070  3707 36838 
 678.39  3075  3780 43195 
 678.42  3080  3853 45099 
 678.45  3085  3926 50764 
 678.49  3090  3998 43590 
 678.53  3095  4071 49598 
 678.56  3100  4145 48946 
 678.59  3105  4218 77427 
 678.63  3110  4291 92158 
 678.66  3115  4364 88438 
 678.7  3120  4438 84101 
 678.73  3125  4511 97311 
 678.77  3130  4585 100560 
 678.8  3135  4658 100469 
 678.84  3140  4732 115369 
 678.87  3145  4806 96329 
 678.91  3150  4880 121894 
 678.94  3155  4954 101329 
 678.98  3160  5028 85918 
 679.01  3165  5102 115496 
 679.05  3170  5176 136746 
 679.08  3175  5251 133985 
 679.12  3180  5325 99130 
 679.15  3185  5399 114794 
 679.19  3190  5474 121982 
 679.22  3195  5549 105214 
 679.26  3200  5623 120341 
 679.29  3205  5698 132544 
 679.33  3210  5773 102626 
 679.36  3215  5848 96529 
 679.4  3220  5923 101630 
 679.43  3225  5998 80482 
 679.47  3230  6073 75275 
 679.5  3235  6149 79752 
 679.54  3240  6224 85759 
 679.57  3245  6300 80007 
 679.61  3250  6375 68235 
end
ufIntegration time is 0.2294 seconds per sampledt  3.6E-08 cy 4dh010217Santa_Cruz 28.4633 16.2557 3.47pr1014.0dark 1.2 
 691  2900  1280 164 
 691.03  2905  1350 145 
 691.07  2910  1420 156 
 691.1  2915  1490 155 
 691.14  2920  1561 157 
 691.17  2925  1631 155 
 691.21  2930  1702 159 
 691.24  2935  1773 170 
 691.28  2940  1843 176 
 691.31  2945  1914 181 
 691.35  2950  1985 193 
 691.38  2955  2056 217 
 691.42  2960  2127 279 
 691.45  2965  2198 292 
 691.49  2970  2269 375 
 691.52  2975  2340 539 
 691.56  2980  2411 672 
 691.59  2985  2483 673 
 691.63  2990  2554 1204 
 691.66  2995  2626 1638 
 691.7  3000  2697 1680 
 691.73  3005  2769 2255 
 691.77  3010  2841 3627 
 691.8  3015  2912 4767 
 691.84  3020  2984 4172 
 691.87  3025  3056 7561 
 691.91  3030  3128 12271 
 691.94  3035  3200 14557 
 691.98  3040  3273 14222 
 692.01  3045  3345 18907 
 692.05  3050  3417 26078 
 692.08  3055  3490 26193 
 692.12  3060  3562 26292 
 692.15  3065  3635 30348 
 692.19  3070  3707 41822 
 692.22  3075  3780 48565 
 692.26  3080  3853 50749 
 692.29  3085  3926 57313 
 692.33  3090  3998 48887 
 692.36  3095  4071 55421 
 692.4  3100  4145 54304 
 692.43  3105  4218 85955 
 692.47  3110  4291 102279 
 692.5  3115  4364 97745 
 692.54  3120  4438 92394 
 692.57  3125  4511 107029 
 692.61  3130  4585 110191 
 692.64  3135  4658 110068 
 692.68  3140  4732 126214 
 692.71  3145  4806 105154 
 692.75  3150  4880 133277 
 692.78  3155  4954 110268 
 692.82  3160  5028 93745 
 692.85  3165  5102 125134 
 692.89  3170  5176 148613 
 692.92  3175  5251 145912 
 692.96  3180  5325 107107 
 692.99  3185  5399 124767 
 693.03  3190  5474 132301 
 693.06  3195  5549 113906 
 693.1  3200  5623 130023 
 693.13  3205  5698 142735 
 693.17  3210  5773 110795 
 693.2  3215  5848 104139 
 693.24  3220  5923 109509 
 693.27  3225  5998 87019 
 693.31  3230  6073 81053 
 693.34  3235  6149 85910 
 693.38  3240  6224 92073 
 693.41  3245  6300 86180 
 693.45  3250  6375 73615 
end
ufIntegration time is 0.2294 seconds per sampledt  3.6E-08 cy 4dh010217Santa_Cruz 28.4633 16.2557 3.5pr1014.0dark 2.2 
 710.32  2900  1280 166 
 710.35  2905  1350 161 
 710.39  2910  1420 171 
 710.42  2915  1490 167 
 710.46  2920  1561 177 
 710.49  2925  1631 175 
 710.53  2930  1702 191 
 710.56  2935  1773 188 
 710.6  2940  1843 200 
 710.63  2945  1914 212 
 710.67  2950  1985 212 
 710.7  2955  2056 265 
 710.74  2960  2127 348 
 710.77  2965  2198 398 
 710.81  2970  2269 420 
 710.84  2975  2340 697 
 710.88  2980  2411 853 
 710.91  2985  2483 883 
 710.95  2990  2554 1517 
 710.98  2995  2626 2078 
 711.02  3000  2697 2108 
 711.05  3005  2769 2899 
 711.09  3010  2841 4537 
 711.12  3015  2912 6003 
 711.16  3020  2984 5240 
 711.19  3025  3056 9362 
 711.23  3030  3128 14961 
 711.26  3035  3200 17764 
 711.3  3040  3273 17040 
 711.33  3045  3345 23100 
 711.37  3050  3417 31080 
 711.4  3055  3490 31165 
 711.44  3060  3562 30962 
 711.47  3065  3635 35741 
 711.51  3070  3707 48940 
 711.54  3075  3780 56717 
 711.58  3080  3853 59286 
 711.61  3085  3926 66373 
 711.65  3090  3998 56503 
 711.68  3095  4071 63720 
 711.72  3100  4145 62270 
 711.76  3105  4218 98050 
 711.79  3110  4291 116769 
 711.83  3115  4364 111494 
 711.87  3120  4438 104620 
 711.9  3125  4511 120369 
 711.94  3130  4585 124194 
 711.97  3135  4658 124626 
 712.01  3140  4732 142033 
 712.04  3145  4806 117761 
 712.08  3150  4880 148644 
 712.12  3155  4954 123268 
 712.15  3160  5028 104063 
 712.18  3165  5102 139436 
 712.22  3170  5176 164708 
 712.25  3175  5251 162640 
 712.29  3180  5325 119452 
 712.32  3185  5399 137193 
 712.36  3190  5474 145722 
 712.39  3195  5549 125824 
 712.43  3200  5623 143429 
 712.46  3205  5698 157086 
 712.5  3210  5773 122377 
 712.53  3215  5848 114097 
 712.57  3220  5923 120974 
 712.6  3225  5998 96314 
 712.64  3230  6073 89396 
 712.67  3235  6149 94146 
 712.71  3240  6224 100860 
 712.74  3245  6300 94625 
 712.78  3250  6375 81018 
end
ufIntegration time is 0.2294 seconds per sampledt  3.6E-08 cy 4dh010217Santa_Cruz 28.4633 16.2557 3.54pr1014.0dark 2.6 
 729.64  2900  1280 179 
 729.67  2905  1350 175 
 729.7  2910  1420 192 
 729.74  2915  1490 182 
 729.77  2920  1561 194 
 729.81  2925  1631 202 
 729.84  2930  1702 203 
 729.88  2935  1773 211 
 729.91  2940  1843 222 
 729.95  2945  1914 270 
 729.98  2950  1985 268 
 730.02  2955  2056 311 
 730.05  2960  2127 419 
 730.09  2965  2198 443 
 730.12  2970  2269 515 
 730.16  2975  2340 889 
 730.19  2980  2411 1077 
 730.23  2985  2483 1082 
 730.26  2990  2554 1887 
 730.3  2995  2626 2571 
 730.33  3000  2697 2568 
 730.37  3005  2769 3478 
 730.4  3010  2841 5350 
 730.44  3015  2912 7099 
 730.47  3020  2984 6154 
 730.51  3025  3056 11027 
 730.54  3030  3128 17471 
 730.58  3035  3200 20563 
 730.61  3040  3273 19960 
 730.65  3045  3345 26354 
 730.68  3050  3417 35388 
 730.72  3055  3490 35593 
 730.75  3060  3562 35034 
 730.79  3065  3635 40663 
 730.82  3070  3707 54681 
 730.86  3075  3780 63376 
 730.89  3080  3853 66168 
 730.93  3085  3926 74004 
 730.96  3090  3998 63020 
 731  3095  4071 70114 
 731.03  3100  4145 68489 
 731.07  3105  4218 107843 
 731.1  3110  4291 128616 
 731.14  3115  4364 122733 
 731.17  3120  4438 114894 
 731.21  3125  4511 132022 
 731.24  3130  4585 136103 
 731.28  3135  4658 136103 
 731.31  3140  4732 155756 
 731.35  3145  4806 128616 
 731.38  3150  4880 162195 
 731.42  3155  4954 135023 
 731.45  3160  5028 113345 
 731.49  3165  5102 151212 
 731.52  3170  5176 179352 
 731.56  3175  5251 176715 
 731.59  3180  5325 129814 
 731.63  3185  5399 149932 
 731.66  3190  5474 159612 
 731.7  3195  5549 137347 
 731.73  3200  5623 157513 
 731.77  3205  5698 172422 
 731.8  3210  5773 134258 
 731.84  3215  5848 124843 
 731.87  3220  5923 133716 
 731.91  3225  5998 105859 
 731.94  3230  6073 98010 
 731.98  3235  6149 103318 
 732.01  3240  6224 110754 
 732.05  3245  6300 104323 
 732.08  3250  6375 89127 
end
ufIntegration time is 0.2294 seconds per sampledt  3.6E-08 cy 4dh010217Santa_Cruz 28.4633 16.2557 3.56pr1014.0dark 2.2 
 743.48  2900  1280 182 
 743.52  2905  1350 181 
 743.55  2910  1420 192 
 743.59  2915  1490 200 
 743.62  2920  1561 193 
 743.66  2925  1631 208 
 743.69  2930  1702 221 
 743.73  2935  1773 224 
 743.76  2940  1843 276 
 743.8  2945  1914 271 
 743.83  2950  1985 281 
 743.87  2955  2056 352 
 743.9  2960  2127 449 
 743.94  2965  2198 495 
 743.97  2970  2269 573 
 744.01  2975  2340 989 
 744.04  2980  2411 1179 
 744.08  2985  2483 1211 
 744.11  2990  2554 2118 
 744.15  2995  2626 2925 
 744.18  3000  2697 2880 
 744.22  3005  2769 3886 
 744.25  3010  2841 6056 
 744.29  3015  2912 7783 
 744.32  3020  2984 6874 
 744.36  3025  3056 12058 
 744.39  3030  3128 19342 
 744.43  3035  3200 22751 
 744.46  3040  3273 21859 
 744.5  3045  3345 28842 
 744.53  3050  3417 38616 
 744.57  3055  3490 38756 
 744.6  3060  3562 38008 
 744.64  3065  3635 44259 
 744.67  3070  3707 59358 
 744.71  3075  3780 68347 
 744.74  3080  3853 71798 
 744.78  3085  3926 79736 
 744.81  3090  3998 67949 
 744.85  3095  4071 75394 
 744.88  3100  4145 73668 
 744.92  3105  4218 117112 
 744.95  3110  4291 137319 
 744.99  3115  4364 130965 
 745.02  3120  4438 122296 
 745.06  3125  4511 139940 
 745.09  3130  4585 144470 
 745.13  3135  4658 144525 
 745.16  3140  4732 164170 
 745.2  3145  4806 135265 
 745.23  3150  4880 171078 
 745.27  3155  4954 141622 
 745.3  3160  5028 119272 
 745.34  3165  5102 158311 
 745.37  3170  5176 187376 
 745.41  3175  5251 185706 
 745.44  3180  5325 135867 
 745.48  3185  5399 156156 
 745.51  3190  5474 164427 
 745.55  3195  5549 142990 
 745.58  3200  5623 163473 
 745.62  3205  5698 178418 
 745.65  3210  5773 138122 
 745.69  3215  5848 129490 
 745.72  3220  5923 137774 
 745.75  3225  5998 109101 
 745.79  3230  6073 101219 
 745.83  3235  6149 105801 
 745.86  3240  6224 114042 
 745.9  3245  6300 107242 
 745.93  3250  6375 91682 
end
ufIntegration time is 0.2294 seconds per sampledt  3.6E-08 cy 4dh010217Santa_Cruz 28.4633 16.2557 3.58pr1014.0dark 2.2 
 756.09  2900  1280 188 
 756.12  2905  1350 188 
 756.16  2910  1420 201 
 756.19  2915  1490 195 
 756.23  2920  1561 214 
 756.26  2925  1631 205 
 756.3  2930  1702 210 
 756.33  2935  1773 218 
 756.37  2940  1843 236 
 756.4  2945  1914 272 
 756.44  2950  1985 291 
 756.47  2955  2056 366 
 756.51  2960  2127 463 
 756.54  2965  2198 511 
 756.58  2970  2269 579 
 756.61  2975  2340 1053 
 756.64  2980  2411 1281 
 756.68  2985  2483 1305 
 756.72  2990  2554 2188 
 756.75  2995  2626 3020 
 756.78  3000  2697 2940 
 756.82  3005  2769 4038 
 756.86  3010  2841 6248 
 756.89  3015  2912 8083 
 756.92  3020  2984 7135 
 756.96  3025  3056 12553 
 756.99  3030  3128 19685 
 757.03  3035  3200 23143 
 757.07  3040  3273 22214 
 757.1  3045  3345 29136 
 757.13  3050  3417 38963 
 757.17  3055  3490 38913 
 757.2  3060  3562 38237 
 757.24  3065  3635 44389 
 757.27  3070  3707 58788 
 757.31  3075  3780 68383 
 757.34  3080  3853 71228 
 757.38  3085  3926 79139 
 757.41  3090  3998 67345 
 757.45  3095  4071 75072 
 757.48  3100  4145 73028 
 757.52  3105  4218 114000 
 757.55  3110  4291 135522 
 757.59  3115  4364 129152 
 757.62  3120  4438 120898 
 757.66  3125  4511 138194 
 757.69  3130  4585 142022 
 757.73  3135  4658 142249 
 757.76  3140  4732 161724 
 757.8  3145  4806 132907 
 757.83  3150  4880 168104 
 757.87  3155  4954 140760 
 757.9  3160  5028 117622 
 757.94  3165  5102 155914 
 757.97  3170  5176 185032 
 758.01  3175  5251 182614 
 758.04  3180  5325 133563 
 758.08  3185  5399 153428 
 758.11  3190  5474 162643 
 758.15  3195  5549 140644 
 758.18  3200  5623 160860 
 758.22  3205  5698 175343 
 758.25  3210  5773 135421 
 758.29  3215  5848 126465 
 758.32  3220  5923 134727 
 758.36  3225  5998 106613 
 758.39  3230  6073 98659 
 758.43  3235  6149 103443 
 758.46  3240  6224 110989 
 758.5  3245  6300 104427 
 758.53  3250  6375 89661 
end
ufIntegration time is 0.2294 seconds per sampledt  3.6E-08 cy 4dh010217Santa_Cruz 28.4633 16.2557 3.6pr1014.0dark 2.8 
 769.93  2900  1280 192 
 769.96  2905  1350 183 
 770  2910  1420 191 
 770.03  2915  1490 209 
 770.07  2920  1561 203 
 770.1  2925  1631 204 
 770.14  2930  1702 215 
 770.17  2935  1773 260 
 770.21  2940  1843 244 
 770.24  2945  1914 260 
 770.28  2950  1985 293 
 770.31  2955  2056 380 
 770.35  2960  2127 475 
 770.38  2965  2198 540 
 770.42  2970  2269 644 
 770.45  2975  2340 1139 
 770.49  2980  2411 1356 
 770.52  2985  2483 1370 
 770.56  2990  2554 2392 
 770.59  2995  2626 3258 
 770.63  3000  2697 3220 
 770.66  3005  2769 4380 
 770.7  3010  2841 6664 
 770.73  3015  2912 8691 
 770.77  3020  2984 7497 
 770.8  3025  3056 13210 
 770.84  3030  3128 20723 
 770.87  3035  3200 24295 
 770.91  3040  3273 23110 
 770.94  3045  3345 30339 
 770.98  3050  3417 40549 
 771.01  3055  3490 40547 
 771.05  3060  3562 40060 
 771.08  3065  3635 46189 
 771.12  3070  3707 61413 
 771.15  3075  3780 70977 
 771.19  3080  3853 73935 
 771.22  3085  3926 82318 
 771.26  3090  3998 69710 
 771.29  3095  4071 77340 
 771.33  3100  4145 75479 
 771.36  3105  4218 120355 
 771.4  3110  4291 140650 
 771.43  3115  4364 134097 
 771.47  3120  4438 124708 
 771.5  3125  4511 142751 
 771.54  3130  4585 147039 
 771.57  3135  4658 146984 
 771.61  3140  4732 167744 
 771.64  3145  4806 137760 
 771.68  3150  4880 173904 
 771.71  3155  4954 143957 
 771.75  3160  5028 121231 
 771.78  3165  5102 161478 
 771.82  3170  5176 191449 
 771.86  3175  5251 189033 
 771.89  3180  5325 138746 
 771.93  3185  5399 159108 
 771.97  3190  5474 168444 
 772  3195  5549 146159 
 772.04  3200  5623 167253 
 772.07  3205  5698 181761 
 772.11  3210  5773 141726 
 772.14  3215  5848 131810 
 772.18  3220  5923 140841 
 772.21  3225  5998 111947 
 772.25  3230  6073 103224 
 772.28  3235  6149 108111 
 772.32  3240  6224 116533 
 772.35  3245  6300 109774 
 772.39  3250  6375 94084 
end
ufIntegration time is 0.2294 seconds per sampledt  3.6E-08 cy 4dh010217Santa_Cruz 28.4633 16.2557 3.62pr1014.0dark 3.4 
 782.54  2900  1280 203 
 782.57  2905  1350 192 
 782.61  2910  1420 207 
 782.64  2915  1490 218 
 782.68  2920  1561 228 
 782.71  2925  1631 231 
 782.75  2930  1702 223 
 782.78  2935  1773 251 
 782.82  2940  1843 258 
 782.85  2945  1914 278 
 782.89  2950  1985 331 
 782.92  2955  2056 435 
 782.96  2960  2127 514 
 782.99  2965  2198 548 
 783.03  2970  2269 675 
 783.06  2975  2340 1199 
 783.1  2980  2411 1409 
 783.13  2985  2483 1433 
 783.17  2990  2554 2558 
 783.2  2995  2626 3438 
 783.24  3000  2697 3393 
 783.27  3005  2769 4534 
 783.3  3010  2841 6939 
 783.34  3015  2912 9095 
 783.38  3020  2984 7841 
 783.41  3025  3056 13703 
 783.44  3030  3128 21538 
 783.48  3035  3200 25407 
 783.52  3040  3273 24259 
 783.55  3045  3345 31903 
 783.58  3050  3417 42441 
 783.62  3055  3490 42073 
 783.65  3060  3562 41195 
 783.69  3065  3635 47721 
 783.72  3070  3707 63510 
 783.76  3075  3780 73185 
 783.79  3080  3853 76251 
 783.83  3085  3926 84814 
 783.86  3090  3998 72150 
 783.9  3095  4071 79610 
 783.93  3100  4145 77224 
 783.97  3105  4218 122650 
 784  3110  4291 143939 
 784.04  3115  4364 136934 
 784.07  3120  4438 127525 
 784.11  3125  4511 146204 
 784.14  3130  4585 149921 
 784.18  3135  4658 150069 
 784.21  3140  4732 170395 
 784.25  3145  4806 140039 
 784.28  3150  4880 176693 
 784.32  3155  4954 146379 
 784.35  3160  5028 122577 
 784.39  3165  5102 163166 
 784.42  3170  5176 193705 
 784.46  3175  5251 192191 
 784.49  3180  5325 140593 
 784.53  3185  5399 161367 
 784.56  3190  5474 170933 
 784.6  3195  5549 147636 
 784.63  3200  5623 169679 
 784.67  3205  5698 184736 
 784.7  3210  5773 144247 
 784.74  3215  5848 134249 
 784.77  3220  5923 143235 
 784.81  3225  5998 114038 
 784.84  3230  6073 105413 
 784.88  3235  6149 109943 
 784.91  3240  6224 118799 
 784.95  3245  6300 111682 
 784.98  3250  6375 95755 
end
ufIntegration time is 0.2294 seconds per sampledt  3.6E-08 cy 4dh010217Santa_Cruz 28.4633 16.2557 3.64pr1014.0dark 3.8 
 796.43  2900  1280 200 
 796.47  2905  1350 191 
 796.5  2910  1420 216 
 796.54  2915  1490 212 
 796.57  2920  1561 212 
 796.61  2925  1631 229 
 796.64  2930  1702 241 
 796.68  2935  1773 236 
 796.71  2940  1843 269 
 796.75  2945  1914 280 
 796.78  2950  1985 335 
 796.82  2955  2056 415 
 796.85  2960  2127 470 
 796.89  2965  2198 491 
 796.92  2970  2269 717 
 796.96  2975  2340 1138 
 796.99  2980  2411 1195 
 797.03  2985  2483 1010 
 797.06  2990  2554 1789 
 797.1  2995  2626 2512 
 797.13  3000  2697 2498 
 797.17  3005  2769 3742 
 797.2  3010  2841 5075 
 797.24  3015  2912 6253 
 797.27  3020  2984 5457 
 797.31  3025  3056 9737 
 797.34  3030  3128 15020 
 797.38  3035  3200 17564 
 797.41  3040  3273 17174 
 797.45  3045  3345 22395 
 797.48  3050  3417 29219 
 797.52  3055  3490 29260 
 797.55  3060  3562 28364 
 797.59  3065  3635 31931 
 797.62  3070  3707 42620 
 797.66  3075  3780 48642 
 797.69  3080  3853 50454 
 797.73  3085  3926 56158 
 797.76  3090  3998 47691 
 797.8  3095  4071 52903 
 797.83  3100  4145 52580 
 797.87  3105  4218 90517 
 797.9  3110  4291 119340 
 797.94  3115  4364 115317 
 797.97  3120  4438 126645 
 798.01  3125  4511 147572 
 798.04  3130  4585 152654 
 798.08  3135  4658 152563 
 798.11  3140  4732 172555 
 798.15  3145  4806 141980 
 798.18  3150  4880 179186 
 798.22  3155  4954 148494 
 798.25  3160  5028 124864 
 798.29  3165  5102 166378 
 798.32  3170  5176 195952 
 798.36  3175  5251 193951 
 798.39  3180  5325 141138 
 798.42  3185  5399 162800 
 798.46  3190  5474 171054 
 798.5  3195  5549 149222 
 798.53  3200  5623 170307 
 798.56  3205  5698 185497 
 798.6  3210  5773 144732 
 798.63  3215  5848 134213 
 798.67  3220  5923 143068 
 798.7  3225  5998 114376 
 798.74  3230  6073 105519 
 798.77  3235  6149 110156 
 798.81  3240  6224 118741 
 798.85  3245  6300 111766 
 798.88  3250  6375 95520 
end
ufIntegration time is 0.2294 seconds per sampledt  3.6E-08 cy 4dh010217Santa_Cruz 28.4633 16.2557 3.66pr1014.0dark 4 
 809.1  2900  1280 123 
 809.13  2905  1350 130 
 809.17  2910  1420 132 
 809.2  2915  1490 137 
 809.24  2920  1561 140 
 809.27  2925  1631 135 
 809.31  2930  1702 147 
 809.34  2935  1773 156 
 809.38  2940  1843 157 
 809.41  2945  1914 184 
 809.45  2950  1985 219 
 809.48  2955  2056 258 
 809.52  2960  2127 347 
 809.55  2965  2198 393 
 809.59  2970  2269 462 
 809.62  2975  2340 790 
 809.66  2980  2411 982 
 809.69  2985  2483 964 
 809.73  2990  2554 1716 
 809.76  2995  2626 2311 
 809.8  3000  2697 2248 
 809.83  3005  2769 3034 
 809.87  3010  2841 4582 
 809.9  3015  2912 5966 
 809.94  3020  2984 5162 
 809.97  3025  3056 9139 
 810  3030  3128 14331 
 810.04  3035  3200 16859 
 810.08  3040  3273 16119 
 810.11  3045  3345 21313 
 810.15  3050  3417 28013 
 810.18  3055  3490 28151 
 810.22  3060  3562 27565 
 810.25  3065  3635 31653 
 810.29  3070  3707 42188 
 810.32  3075  3780 48474 
 810.35  3080  3853 50653 
 810.39  3085  3926 56153 
 810.43  3090  3998 47776 
 810.46  3095  4071 52728 
 810.49  3100  4145 51303 
 810.53  3105  4218 81135 
 810.56  3110  4291 95300 
 810.6  3115  4364 91064 
 810.63  3120  4438 84794 
 810.67  3125  4511 96391 
 810.7  3130  4585 99242 
 810.74  3135  4658 99067 
 810.77  3140  4732 112451 
 810.81  3145  4806 92677 
 810.84  3150  4880 115933 
 810.88  3155  4954 96593 
 810.91  3160  5028 81114 
 810.95  3165  5102 107259 
 810.98  3170  5176 126026 
 811.02  3175  5251 124771 
 811.05  3180  5325 91732 
 811.09  3185  5399 103480 
 811.12  3190  5474 109597 
 811.16  3195  5549 94874 
 811.19  3200  5623 107333 
 811.23  3205  5698 116640 
 811.26  3210  5773 91258 
 811.3  3215  5848 84158 
 811.33  3220  5923 88752 
 811.37  3225  5998 71062 
 811.4  3230  6073 64961 
 811.44  3235  6149 67812 
 811.47  3240  6224 72063 
 811.51  3245  6300 67818 
 811.54  3250  6375 58314 
end
ufIntegration time is 0.2294 seconds per sampledt  3.6E-08 cy 4dh010217Santa_Cruz 28.4633 16.2557 3.62pr1014.0dark 4 
 822.94  2900  1280 181 
 822.98  2905  1350 182 
 823.01  2910  1420 193 
 823.05  2915  1490 196 
 823.08  2920  1561 195 
 823.12  2925  1631 198 
 823.15  2930  1702 214 
 823.19  2935  1773 245 
 823.22  2940  1843 287 
 823.26  2945  1914 267 
 823.29  2950  1985 326 
 823.33  2955  2056 403 
 823.36  2960  2127 506 
 823.4  2965  2198 547 
 823.43  2970  2269 672 
 823.47  2975  2340 1137 
 823.5  2980  2411 1390 
 823.54  2985  2483 1383 
 823.57  2990  2554 2519 
 823.61  2995  2626 3267 
 823.64  3000  2697 3259 
 823.68  3005  2769 4364 
 823.71  3010  2841 6689 
 823.75  3015  2912 8797 
 823.78  3020  2984 7630 
 823.82  3025  3056 13289 
 823.85  3030  3128 20923 
 823.89  3035  3200 24573 
 823.92  3040  3273 23364 
 823.96  3045  3345 30702 
 823.99  3050  3417 40835 
 824.03  3055  3490 40763 
 824.06  3060  3562 40138 
 824.1  3065  3635 46244 
 824.13  3070  3707 61631 
 824.17  3075  3780 70742 
 824.2  3080  3853 74055 
 824.24  3085  3926 82318 
 824.27  3090  3998 69586 
 824.31  3095  4071 77041 
 824.34  3100  4145 75075 
 824.38  3105  4218 119046 
 824.41  3110  4291 139372 
 824.45  3115  4364 132902 
 824.48  3120  4438 123545 
 824.52  3125  4511 141165 
 824.55  3130  4585 145678 
 824.59  3135  4658 145416 
 824.62  3140  4732 165520 
 824.66  3145  4806 135918 
 824.69  3150  4880 171399 
 824.73  3155  4954 141959 
 824.76  3160  5028 119828 
 824.8  3165  5102 158282 
 824.83  3170  5176 186917 
 824.87  3175  5251 184899 
 824.9  3180  5325 135661 
 824.94  3185  5399 155423 
 824.97  3190  5474 163705 
 825.01  3195  5549 141874 
 825.04  3200  5623 162227 
 825.08  3205  5698 176434 
 825.11  3210  5773 137041 
 825.15  3215  5848 128123 
 825.18  3220  5923 135730 
 825.21  3225  5998 108018 
 825.25  3230  6073 99743 
 825.29  3235  6149 104214 
 825.32  3240  6224 111946 
 825.35  3245  6300 105061 
 825.39  3250  6375 90323 
end
ufIntegration time is 0.2294 seconds per sampledt  3.6E-08 cy 4dh010217Santa_Cruz 28.4633 16.2557 3.58pr1014.0dark 3.6 
 882.85  2900  1280 163 
 882.88  2905  1350 159 
 882.92  2910  1420 165 
 882.96  2915  1490 158 
 882.99  2920  1561 177 
 883.02  2925  1631 161 
 883.06  2930  1702 179 
 883.09  2935  1773 182 
 883.13  2940  1843 193 
 883.16  2945  1914 242 
 883.2  2950  1985 223 
 883.23  2955  2056 284 
 883.27  2960  2127 364 
 883.3  2965  2198 401 
 883.34  2970  2269 473 
 883.37  2975  2340 775 
 883.41  2980  2411 969 
 883.44  2985  2483 942 
 883.48  2990  2554 1648 
 883.51  2995  2626 2176 
 883.55  3000  2697 2044 
 883.58  3005  2769 2715 
 883.62  3010  2841 4180 
 883.65  3015  2912 5701 
 883.69  3020  2984 5025 
 883.72  3025  3056 9243 
 883.76  3030  3128 15671 
 883.79  3035  3200 18724 
 883.83  3040  3273 17655 
 883.86  3045  3345 21954 
 883.9  3050  3417 28813 
 883.93  3055  3490 29075 
 883.97  3060  3562 29182 
 884  3065  3635 32577 
 884.04  3070  3707 38731 
 884.07  3075  3780 42911 
 884.11  3080  3853 45161 
 884.14  3085  3926 52308 
 884.18  3090  3998 46230 
 884.21  3095  4071 49987 
 884.25  3100  4145 48665 
 884.28  3105  4218 77209 
 884.32  3110  4291 89993 
 884.35  3115  4364 83721 
 884.39  3120  4438 77325 
 884.42  3125  4511 88038 
 884.46  3130  4585 88545 
 884.49  3135  4658 87629 
 884.53  3140  4732 99548 
 884.56  3145  4806 82347 
 884.6  3150  4880 103656 
 884.63  3155  4954 86318 
 884.67  3160  5028 74986 
 884.7  3165  5102 97988 
 884.74  3170  5176 114276 
 884.77  3175  5251 111966 
 884.81  3180  5325 82314 
 884.84  3185  5399 92708 
 884.88  3190  5474 96602 
 884.91  3195  5549 83184 
 884.95  3200  5623 94140 
 884.98  3205  5698 102405 
 885.02  3210  5773 80219 
 885.05  3215  5848 74684 
 885.09  3220  5923 77712 
 885.12  3225  5998 62189 
 885.16  3230  6073 57338 
 885.19  3235  6149 60211 
 885.23  3240  6224 63971 
 885.26  3245  6300 59859 
 885.3  3250  6375 51399 
end
ufIntegration time is 0.2294 seconds per sampledt  3.6E-08 cy 4dh010217Santa_Cruz 28.4633 16.2557 3.56pr1014.0dark 2.8 
 901.42  2900  1280 166 
 901.46  2905  1350 157 
 901.49  2910  1420 140 
 901.53  2915  1490 153 
 901.56  2920  1561 164 
 901.6  2925  1631 160 
 901.63  2930  1702 169 
 901.67  2935  1773 169 
 901.7  2940  1843 193 
 901.74  2945  1914 194 
 901.77  2950  1985 230 
 901.81  2955  2056 251 
 901.84  2960  2127 298 
 901.88  2965  2198 322 
 901.91  2970  2269 377 
 901.95  2975  2340 624 
 901.98  2980  2411 739 
 902.02  2985  2483 775 
 902.05  2990  2554 1322 
 902.09  2995  2626 1780 
 902.12  3000  2697 1830 
 902.16  3005  2769 2521 
 902.19  3010  2841 3934 
 902.23  3015  2912 5193 
 902.26  3020  2984 4549 
 902.3  3025  3056 8163 
 902.33  3030  3128 13033 
 902.37  3035  3200 15537 
 902.4  3040  3273 15055 
 902.44  3045  3345 20073 
 902.47  3050  3417 27363 
 902.5  3055  3490 27470 
 902.54  3060  3562 27355 
 902.58  3065  3635 31771 
 902.61  3070  3707 43084 
 902.65  3075  3780 50058 
 902.68  3080  3853 52381 
 902.71  3085  3926 58645 
 902.75  3090  3998 49966 
 902.79  3095  4071 56459 
 902.82  3100  4145 55625 
 902.85  3105  4218 88251 
 902.89  3110  4291 104556 
 902.92  3115  4364 99960 
 902.96  3120  4438 94593 
 902.99  3125  4511 108315 
 903.03  3130  4585 111890 
 903.06  3135  4658 111559 
 903.1  3140  4732 128254 
 903.13  3145  4806 106010 
 903.17  3150  4880 134148 
 903.2  3155  4954 111078 
 903.24  3160  5028 94354 
 903.27  3165  5102 126205 
 903.31  3170  5176 149245 
 903.34  3175  5251 147569 
 903.38  3180  5325 108837 
 903.41  3185  5399 125271 
 903.45  3190  5474 132526 
 903.48  3195  5549 114554 
 903.52  3200  5623 130902 
 903.55  3205  5698 143177 
 903.59  3210  5773 112051 
 903.62  3215  5848 104407 
 903.66  3220  5923 110611 
 903.69  3225  5998 87737 
 903.73  3230  6073 82056 
 903.76  3235  6149 86171 
 903.8  3240  6224 92831 
 903.83  3245  6300 86857 
 903.87  3250  6375 74693 
end
ufIntegration time is 0.2294 seconds per sampledt  3.6E-08 cy 4dh010217Santa_Cruz 28.4633 16.2557 3.56pr1014.0dark 3.2 
 915.26  2900  1280 141 
 915.29  2905  1350 152 
 915.33  2910  1420 152 
 915.36  2915  1490 158 
 915.4  2920  1561 157 
 915.43  2925  1631 140 
 915.47  2930  1702 147 
 915.5  2935  1773 160 
 915.54  2940  1843 174 
 915.57  2945  1914 160 
 915.61  2950  1985 183 
 915.64  2955  2056 226 
 915.68  2960  2127 256 
 915.71  2965  2198 269 
 915.75  2970  2269 319 
 915.78  2975  2340 506 
 915.82  2980  2411 609 
 915.85  2985  2483 617 
 915.89  2990  2554 1069 
 915.92  2995  2626 1471 
 915.96  3000  2697 1535 
 915.99  3005  2769 2073 
 916.03  3010  2841 3209 
 916.06  3015  2912 4355 
 916.1  3020  2984 3914 
 916.13  3025  3056 7082 
 916.17  3030  3128 11416 
 916.2  3035  3200 13539 
 916.24  3040  3273 12964 
 916.27  3045  3345 17391 
 916.31  3050  3417 23648 
 916.34  3055  3490 23888 
 916.38  3060  3562 23853 
 916.41  3065  3635 28222 
 916.45  3070  3707 38918 
 916.48  3075  3780 45822 
 916.52  3080  3853 48192 
 916.55  3085  3926 54057 
 916.59  3090  3998 45966 
 916.62  3095  4071 52196 
 916.66  3100  4145 50842 
 916.69  3105  4218 80727 
 916.73  3110  4291 92496 
 916.76  3115  4364 86202 
 916.8  3120  4438 81328 
 916.83  3125  4511 96536 
 916.87  3130  4585 102265 
 916.9  3135  4658 104061 
 916.93  3140  4732 118035 
 916.97  3145  4806 99619 
 917.01  3150  4880 127130 
 917.04  3155  4954 104784 
 917.07  3160  5028 90085 
 917.11  3165  5102 120845 
 917.14  3170  5176 142296 
 917.18  3175  5251 139593 
 917.22  3180  5325 103103 
 917.25  3185  5399 118968 
 917.28  3190  5474 124393 
 917.32  3195  5549 109165 
 917.35  3200  5623 125317 
 917.39  3205  5698 137973 
 917.42  3210  5773 107621 
 917.46  3215  5848 100877 
 917.49  3220  5923 105328 
 917.53  3225  5998 83604 
 917.56  3230  6073 78426 
 917.6  3235  6149 82939 
 917.63  3240  6224 89076 
 917.67  3245  6300 83466 
 917.7  3250  6375 71203 
end
ufIntegration time is 0.2294 seconds per sampledt  3.6E-08 cy 4dh010217Santa_Cruz 28.4633 16.2557 3.56pr1014.0dark 3.4 
 941.08  2900  1280 112 
 941.11  2905  1350 116 
 941.15  2910  1420 137 
 941.18  2915  1490 130 
 941.22  2920  1561 171 
 941.25  2925  1631 138 
 941.29  2930  1702 129 
 941.32  2935  1773 115 
 941.36  2940  1843 162 
 941.39  2945  1914 122 
 941.43  2950  1985 150 
 941.46  2955  2056 147 
 941.5  2960  2127 165 
 941.53  2965  2198 185 
 941.57  2970  2269 199 
 941.6  2975  2340 312 
 941.64  2980  2411 373 
 941.67  2985  2483 389 
 941.71  2990  2554 641 
 941.74  2995  2626 877 
 941.78  3000  2697 900 
 941.81  3005  2769 1288 
 941.85  3010  2841 2019 
 941.88  3015  2912 2748 
 941.92  3020  2984 2486 
 941.95  3025  3056 4549 
 941.99  3030  3128 7491 
 942.02  3035  3200 9039 
 942.06  3040  3273 8931 
 942.09  3045  3345 12029 
 942.13  3050  3417 16866 
 942.16  3055  3490 17296 
 942.2  3060  3562 17332 
 942.23  3065  3635 20313 
 942.27  3070  3707 28064 
 942.3  3075  3780 33118 
 942.34  3080  3853 34748 
 942.37  3085  3926 38701 
 942.41  3090  3998 33274 
 942.44  3095  4071 38173 
 942.48  3100  4145 37420 
 942.51  3105  4218 59485 
 942.54  3110  4291 70813 
 942.58  3115  4364 67885 
 942.62  3120  4438 64835 
 942.65  3125  4511 75843 
 942.68  3130  4585 78156 
 942.72  3135  4658 77467 
 942.75  3140  4732 89756 
 942.79  3145  4806 77177 
 942.82  3150  4880 97710 
 942.86  3155  4954 80530 
 942.89  3160  5028 69498 
 942.93  3165  5102 94097 
 942.97  3170  5176 111681 
 943  3175  5251 109800 
 943.03  3180  5325 82075 
 943.07  3185  5399 95781 
 943.1  3190  5474 100985 
 943.14  3195  5549 87101 
 943.17  3200  5623 98983 
 943.21  3205  5698 109730 
 943.24  3210  5773 86532 
 943.28  3215  5848 81058 
 943.31  3220  5923 86195 
 943.35  3225  5998 68488 
 943.38  3230  6073 64245 
 943.42  3235  6149 68006 
 943.45  3240  6224 72945 
 943.49  3245  6300 68417 
 943.52  3250  6375 58669 
end
ufIntegration time is 0.2294 seconds per sampledt  3.6E-08 cy 4dh010217Santa_Cruz 28.4633 16.2557 3.52pr1014.0dark 2.6 
 954.93  2900  1280 119 
 954.97  2905  1350 107 
 955  2910  1420 103 
 955.04  2915  1490 107 
 955.07  2920  1561 140 
 955.11  2925  1631 113 
 955.14  2930  1702 102 
 955.18  2935  1773 107 
 955.21  2940  1843 124 
 955.25  2945  1914 114 
 955.28  2950  1985 151 
 955.32  2955  2056 114 
 955.35  2960  2127 154 
 955.39  2965  2198 154 
 955.42  2970  2269 163 
 955.46  2975  2340 260 
 955.49  2980  2411 273 
 955.53  2985  2483 304 
 955.56  2990  2554 489 
 955.6  2995  2626 702 
 955.63  3000  2697 728 
 955.67  3005  2769 992 
 955.7  3010  2841 1581 
 955.74  3015  2912 2144 
 955.77  3020  2984 1955 
 955.81  3025  3056 3626 
 955.84  3030  3128 6023 
 955.88  3035  3200 7469 
 955.91  3040  3273 7310 
 955.95  3045  3345 9879 
 955.98  3050  3417 14119 
 956.02  3055  3490 14544 
 956.05  3060  3562 14865 
 956.09  3065  3635 17372 
 956.12  3070  3707 24224 
 956.16  3075  3780 29104 
 956.19  3080  3853 30995 
 956.23  3085  3926 35201 
 956.26  3090  3998 30489 
 956.3  3095  4071 35318 
 956.33  3100  4145 35414 
 956.37  3105  4218 56070 
 956.4  3110  4291 67499 
 956.44  3115  4364 65547 
 956.47  3120  4438 63217 
 956.51  3125  4511 73404 
 956.54  3130  4585 76062 
 956.58  3135  4658 75932 
 956.61  3140  4732 88021 
 956.65  3145  4806 74768 
 956.68  3150  4880 94470 
 956.72  3155  4954 78173 
 956.75  3160  5028 66681 
 956.79  3165  5102 90275 
 956.82  3170  5176 106938 
 956.86  3175  5251 105480 
 956.89  3180  5325 77991 
 956.93  3185  5399 91239 
 956.96  3190  5474 97991 
 957  3195  5549 83810 
 957.03  3200  5623 95650 
 957.07  3205  5698 106533 
 957.1  3210  5773 84170 
 957.14  3215  5848 78641 
 957.17  3220  5923 82067 
 957.21  3225  5998 64944 
 957.24  3230  6073 61216 
 957.28  3235  6149 65596 
 957.31  3240  6224 70321 
 957.35  3245  6300 65831 
 957.38  3250  6375 56323 
end
ufIntegration time is 0.2294 seconds per sampledt  3.6E-08 cy 4dh010217Santa_Cruz 28.4633 16.2557 3.47pr1014.0dark 2.2 
 985.34  2900  1280 64 
 985.38  2905  1350 66 
 985.41  2910  1420 59 
 985.45  2915  1490 64 
 985.48  2920  1561 72 
 985.52  2925  1631 66 
 985.55  2930  1702 72 
 985.59  2935  1773 71 
 985.62  2940  1843 75 
 985.66  2945  1914 72 
 985.69  2950  1985 66 
 985.73  2955  2056 75 
 985.76  2960  2127 93 
 985.8  2965  2198 88 
 985.83  2970  2269 99 
 985.87  2975  2340 158 
 985.9  2980  2411 155 
 985.94  2985  2483 137 
 985.97  2990  2554 208 
 986.01  2995  2626 279 
 986.04  3000  2697 310 
 986.07  3005  2769 434 
 986.11  3010  2841 678 
 986.15  3015  2912 916 
 986.18  3020  2984 908 
 986.22  3025  3056 1675 
 986.25  3030  3128 2864 
 986.28  3035  3200 3574 
 986.32  3040  3273 3655 
 986.36  3045  3345 5152 
 986.39  3050  3417 7478 
 986.42  3055  3490 8026 
 986.46  3060  3562 8130 
 986.5  3065  3635 9828 
 986.53  3070  3707 14288 
 986.56  3075  3780 17539 
 986.6  3080  3853 18694 
 986.63  3085  3926 21549 
 986.67  3090  3998 18845 
 986.7  3095  4071 22538 
 986.74  3100  4145 22554 
 986.77  3105  4218 36607 
 986.81  3110  4291 43659 
 986.84  3115  4364 42726 
 986.88  3120  4438 41738 
 986.91  3125  4511 49319 
 986.95  3130  4585 51193 
 986.98  3135  4658 51645 
 987.02  3140  4732 59896 
 987.05  3145  4806 52036 
 987.09  3150  4880 65654 
 987.12  3155  4954 54058 
 987.16  3160  5028 47341 
 987.19  3165  5102 64635 
 987.23  3170  5176 76058 
 987.26  3175  5251 74739 
 987.3  3180  5325 56231 
 987.33  3185  5399 67103 
 987.37  3190  5474 71191 
 987.4  3195  5549 61165 
 987.44  3200  5623 70148 
 987.47  3205  5698 78948 
 987.51  3210  5773 63553 
 987.54  3215  5848 59163 
 987.58  3220  5923 60966 
 987.61  3225  5998 48862 
 987.65  3230  6073 46000 
 987.68  3235  6149 49984 
 987.72  3240  6224 53683 
 987.75  3245  6300 49966 
 987.79  3250  6375 41838 
end
ufIntegration time is 0.2294 seconds per sampledt  3.6E-08 cy 4dh010217Santa_Cruz 28.4633 16.2557 3.39pr1014.0dark 1.8 
 1013.08  2900  1280 46 
 1013.12  2905  1350 45 
 1013.15  2910  1420 44 
 1013.19  2915  1490 40 
 1013.22  2920  1561 41 
 1013.26  2925  1631 39 
 1013.29  2930  1702 44 
 1013.33  2935  1773 52 
 1013.36  2940  1843 41 
 1013.4  2945  1914 47 
 1013.43  2950  1985 52 
 1013.47  2955  2056 53 
 1013.5  2960  2127 47 
 1013.54  2965  2198 56 
 1013.57  2970  2269 52 
 1013.61  2975  2340 60 
 1013.64  2980  2411 74 
 1013.68  2985  2483 77 
 1013.71  2990  2554 90 
 1013.75  2995  2626 136 
 1013.78  3000  2697 132 
 1013.82  3005  2769 160 
 1013.85  3010  2841 249 
 1013.89  3015  2912 331 
 1013.92  3020  2984 330 
 1013.96  3025  3056 586 
 1013.99  3030  3128 1017 
 1014.03  3035  3200 1298 
 1014.06  3040  3273 1346 
 1014.1  3045  3345 1916 
 1014.13  3050  3417 2948 
 1014.17  3055  3490 3105 
 1014.2  3060  3562 3291 
 1014.24  3065  3635 4013 
 1014.27  3070  3707 5975 
 1014.31  3075  3780 7485 
 1014.34  3080  3853 8015 
 1014.38  3085  3926 9226 
 1014.41  3090  3998 8336 
 1014.45  3095  4071 10357 
 1014.48  3100  4145 10541 
 1014.52  3105  4218 17121 
 1014.55  3110  4291 20676 
 1014.59  3115  4364 20330 
 1014.62  3120  4438 20818 
 1014.66  3125  4511 24808 
 1014.69  3130  4585 26956 
 1014.73  3135  4658 26829 
 1014.76  3140  4732 32181 
 1014.8  3145  4806 28140 
 1014.83  3150  4880 35687 
 1014.87  3155  4954 30059 
 1014.9  3160  5028 27026 
 1014.94  3165  5102 37491 
 1014.97  3170  5176 44617 
 1015.01  3175  5251 43253 
 1015.04  3180  5325 33029 
 1015.08  3185  5399 40438 
 1015.11  3190  5474 43647 
 1015.15  3195  5549 36710 
 1015.18  3200  5623 41741 
 1015.22  3205  5698 47666 
 1015.25  3210  5773 38415 
 1015.29  3215  5848 36289 
 1015.32  3220  5923 36587 
 1015.36  3225  5998 29079 
 1015.39  3230  6073 28176 
 1015.43  3235  6149 30641 
 1015.46  3240  6224 32857 
 1015.5  3245  6300 30119 
 1015.53  3250  6375 25424 
end
ufIntegration time is 0.2294 seconds per sampledt  3.6E-08 cy 4dh010217Santa_Cruz 28.4633 16.2557 3.31pr1014.0dark 1.6 
 1041.99  2900  1280 26 
 1042.02  2905  1350 27 
 1042.06  2910  1420 28 
 1042.09  2915  1490 22 
 1042.13  2920  1561 27 
 1042.16  2925  1631 28 
 1042.2  2930  1702 25 
 1042.23  2935  1773 26 
 1042.27  2940  1843 27 
 1042.3  2945  1914 23 
 1042.34  2950  1985 31 
 1042.37  2955  2056 28 
 1042.41  2960  2127 28 
 1042.44  2965  2198 30 
 1042.48  2970  2269 29 
 1042.51  2975  2340 35 
 1042.55  2980  2411 32 
 1042.58  2985  2483 39 
 1042.62  2990  2554 50 
 1042.65  2995  2626 51 
 1042.69  3000  2697 53 
 1042.72  3005  2769 61 
 1042.76  3010  2841 86 
 1042.79  3015  2912 134 
 1042.83  3020  2984 111 
 1042.86  3025  3056 193 
 1042.9  3030  3128 337 
 1042.93  3035  3200 390 
 1042.97  3040  3273 424 
 1043  3045  3345 615 
 1043.04  3050  3417 1030 
 1043.07  3055  3490 1108 
 1043.11  3060  3562 1158 
 1043.14  3065  3635 1471 
 1043.18  3070  3707 2306 
 1043.21  3075  3780 3082 
 1043.25  3080  3853 3323 
 1043.28  3085  3926 4045 
 1043.32  3090  3998 3765 
 1043.35  3095  4071 4878 
 1043.39  3100  4145 5112 
 1043.42  3105  4218 8507 
 1043.46  3110  4291 10264 
 1043.49  3115  4364 10442 
 1043.53  3120  4438 11055 
 1043.56  3125  4511 13713 
 1043.6  3130  4585 14582 
 1043.63  3135  4658 14263 
 1043.67  3140  4732 17649 
 1043.7  3145  4806 16493 
 1043.74  3150  4880 20990 
 1043.77  3155  4954 16924 
 1043.81  3160  5028 15676 
 1043.84  3165  5102 22294 
 1043.88  3170  5176 26361 
 1043.91  3175  5251 25454 
 1043.95  3180  5325 19731 
 1043.98  3185  5399 24979 
 1044.02  3190  5474 26934 
 1044.05  3195  5549 22297 
 1044.09  3200  5623 25381 
 1044.12  3205  5698 29987 
 1044.16  3210  5773 24950 
 1044.19  3215  5848 23438 
 1044.22  3220  5923 22989 
 1044.26  3225  5998 18387 
 1044.3  3230  6073 18253 
 1044.33  3235  6149 20326 
 1044.36  3240  6224 22002 
 1044.4  3245  6300 20023 
 1044.44  3250  6375 16543 
end
ufIntegration time is 0.2294 seconds per sampledt  3.6E-08 cy 4dh010217Santa_Cruz 28.4633 16.2557 3.27pr1014.0dark 1.2 
 1069.67  2900  1280 12 
 1069.7  2905  1350 12 
 1069.74  2910  1420 11 
 1069.77  2915  1490 12 
 1069.81  2920  1561 12 
 1069.84  2925  1631 14 
 1069.88  2930  1702 10 
 1069.91  2935  1773 12 
 1069.95  2940  1843 16 
 1069.98  2945  1914 11 
 1070.02  2950  1985 12 
 1070.05  2955  2056 11 
 1070.09  2960  2127 15 
 1070.12  2965  2198 16 
 1070.16  2970  2269 15 
 1070.19  2975  2340 21 
 1070.23  2980  2411 17 
 1070.26  2985  2483 20 
 1070.3  2990  2554 21 
 1070.33  2995  2626 23 
 1070.37  3000  2697 26 
 1070.4  3005  2769 30 
 1070.44  3010  2841 39 
 1070.47  3015  2912 39 
 1070.51  3020  2984 37 
 1070.54  3025  3056 54 
 1070.58  3030  3128 116 
 1070.61  3035  3200 135 
 1070.65  3040  3273 106 
 1070.68  3045  3345 163 
 1070.72  3050  3417 273 
 1070.75  3055  3490 287 
 1070.79  3060  3562 287 
 1070.82  3065  3635 370 
 1070.86  3070  3707 597 
 1070.89  3075  3780 753 
 1070.93  3080  3853 852 
 1070.96  3085  3926 1062 
 1071  3090  3998 958 
 1071.03  3095  4071 1357 
 1071.07  3100  4145 1486 
 1071.1  3105  4218 2435 
 1071.14  3110  4291 3095 
 1071.17  3115  4364 3140 
 1071.2  3120  4438 3556 
 1071.24  3125  4511 4481 
 1071.27  3130  4585 4919 
 1071.31  3135  4658 4810 
 1071.35  3140  4732 6178 
 1071.38  3145  4806 6075 
 1071.41  3150  4880 7919 
 1071.45  3155  4954 6289 
 1071.49  3160  5028 6140 
 1071.52  3165  5102 8995 
 1071.55  3170  5176 10650 
 1071.59  3175  5251 10111 
 1071.63  3180  5325 8104 
 1071.66  3185  5399 10542 
 1071.7  3190  5474 12083 
 1071.73  3195  5549 9483 
 1071.77  3200  5623 10741 
 1071.81  3205  5698 13422 
 1071.84  3210  5773 11618 
 1071.88  3215  5848 10912 
 1071.92  3220  5923 10368 
 1071.95  3225  5998 8243 
 1071.99  3230  6073 8452 
 1072.02  3235  6149 9962 
 1072.06  3240  6224 10698 
 1072.09  3245  6300 9586 
 1072.13  3250  6375 7751 
end
ufIntegration time is 0.2294 seconds per sampledt  3.6E-08 cy 4dh010217Santa_Cruz 28.4633 16.2557 3.19pr1014.0dark 1.2 
 1096.6  2900  1280 5 
 1096.63  2905  1350 6 
 1096.67  2910  1420 5 
 1096.7  2915  1490 5 
 1096.74  2920  1561 4 
 1096.77  2925  1631 5 
 1096.81  2930  1702 5 
 1096.84  2935  1773 5 
 1096.88  2940  1843 5 
 1096.91  2945  1914 6 
 1096.95  2950  1985 6 
 1096.98  2955  2056 4 
 1097.02  2960  2127 4 
 1097.05  2965  2198 6 
 1097.09  2970  2269 6 
 1097.12  2975  2340 6 
 1097.16  2980  2411 6 
 1097.19  2985  2483 7 
 1097.23  2990  2554 8 
 1097.26  2995  2626 12 
 1097.3  3000  2697 11 
 1097.33  3005  2769 8 
 1097.37  3010  2841 18 
 1097.4  3015  2912 22 
 1097.44  3020  2984 16 
 1097.47  3025  3056 30 
 1097.51  3030  3128 49 
 1097.54  3035  3200 47 
 1097.58  3040  3273 47 
 1097.61  3045  3345 75 
 1097.65  3050  3417 102 
 1097.68  3055  3490 104 
 1097.72  3060  3562 97 
 1097.75  3065  3635 141 
 1097.79  3070  3707 168 
 1097.82  3075  3780 219 
 1097.86  3080  3853 239 
 1097.89  3085  3926 252 
 1097.93  3090  3998 253 
 1097.96  3095  4071 311 
 1098  3100  4145 305 
 1098.03  3105  4218 510 
 1098.07  3110  4291 676 
 1098.1  3115  4364 673 
 1098.14  3120  4438 746 
 1098.17  3125  4511 963 
 1098.21  3130  4585 1071 
 1098.24  3135  4658 1048 
 1098.27  3140  4732 1372 
 1098.31  3145  4806 1435 
 1098.34  3150  4880 1939 
 1098.38  3155  4954 1481 
 1098.41  3160  5028 1540 
 1098.45  3165  5102 2410 
 1098.48  3170  5176 2870 
 1098.52  3175  5251 2690 
 1098.55  3180  5325 2242 
 1098.59  3185  5399 3318 
 1098.62  3190  5474 3893 
 1098.66  3195  5549 2902 
 1098.69  3200  5623 3241 
 1098.73  3205  5698 4397 
 1098.76  3210  5773 4194 
 1098.8  3215  5848 3980 
 1098.83  3220  5923 3413 
 1098.87  3225  5998 2733 
 1098.9  3230  6073 3006 
 1098.94  3235  6149 3943 
 1098.97  3240  6224 4330 
 1099.01  3245  6300 3700 
 1099.04  3250  6375 2824 
end
ufIntegration time is 0.2294 seconds per sampledt  3.6E-08 cy 4dh010217Santa_Cruz 28.4633 16.2557 3.11pr1014.0dark 1.2 
 1132.08  2900  1280 1 
 1132.11  2905  1350 1 
 1132.15  2910  1420 1 
 1132.18  2915  1490 1 
 1132.22  2920  1561 1 
 1132.25  2925  1631 2 
 1132.29  2930  1702 0 
 1132.32  2935  1773 1 
 1132.36  2940  1843 1 
 1132.39  2945  1914 0 
 1132.43  2950  1985 1 
 1132.46  2955  2056 1 
 1132.5  2960  2127 1 
 1132.53  2965  2198 1 
 1132.56  2970  2269 1 
 1132.6  2975  2340 1 
 1132.64  2980  2411 1 
 1132.67  2985  2483 2 
 1132.7  2990  2554 1 
 1132.74  2995  2626 2 
 1132.77  3000  2697 3 
 1132.81  3005  2769 3 
 1132.85  3010  2841 2 
 1132.88  3015  2912 2 
 1132.91  3020  2984 3 
 1132.95  3025  3056 3 
 1132.98  3030  3128 5 
 1133.02  3035  3200 7 
 1133.05  3040  3273 8 
 1133.09  3045  3345 9 
 1133.12  3050  3417 12 
 1133.16  3055  3490 8 
 1133.19  3060  3562 6 
 1133.23  3065  3635 15 
 1133.26  3070  3707 14 
 1133.3  3075  3780 22 
 1133.33  3080  3853 21 
 1133.37  3085  3926 26 
 1133.4  3090  3998 21 
 1133.44  3095  4071 22 
 1133.47  3100  4145 22 
 1133.51  3105  4218 39 
 1133.54  3110  4291 42 
 1133.58  3115  4364 42 
 1133.61  3120  4438 45 
 1133.65  3125  4511 50 
 1133.68  3130  4585 57 
 1133.72  3135  4658 53 
 1133.75  3140  4732 61 
 1133.79  3145  4806 58 
 1133.82  3150  4880 67 
 1133.86  3155  4954 47 
 1133.89  3160  5028 53 
 1133.93  3165  5102 73 
 1133.96  3170  5176 83 
 1134  3175  5251 76 
 1134.03  3180  5325 71 
 1134.07  3185  5399 95 
 1134.1  3190  5474 88 
 1134.14  3195  5549 76 
 1134.17  3200  5623 84 
 1134.21  3205  5698 105 
 1134.24  3210  5773 94 
 1134.28  3215  5848 118 
 1134.31  3220  5923 82 
 1134.35  3225  5998 64 
 1134.38  3230  6073 77 
 1134.42  3235  6149 90 
 1134.45  3240  6224 107 
 1134.49  3245  6300 90 
 1134.52  3250  6375 56 
end
