ufIntegration time is 0.2294 seconds per sampledt  3.6E-08 cy 4dh110217Santa_Cruz 28.4633 16.2557 2.94pr1014.0dark .4 
 462.75  2900  1280 0 
 462.78  2905  1350 0 
 462.82  2910  1420 1 
 462.85  2915  1490 1 
 462.89  2920  1561 0 
 462.92  2925  1631 0 
 462.96  2930  1702 1 
 462.99  2935  1773 1 
 463.03  2940  1843 1 
 463.06  2945  1914 1 
 463.1  2950  1985 1 
 463.13  2955  2056 0 
 463.17  2960  2127 0 
 463.2  2965  2198 1 
 463.24  2970  2269 1 
 463.27  2975  2340 1 
 463.31  2980  2411 1 
 463.34  2985  2483 1 
 463.38  2990  2554 1 
 463.41  2995  2626 1 
 463.45  3000  2697 0 
 463.48  3005  2769 1 
 463.52  3010  2841 2 
 463.55  3015  2912 2 
 463.59  3020  2984 1 
 463.62  3025  3056 2 
 463.66  3030  3128 3 
 463.69  3035  3200 4 
 463.73  3040  3273 4 
 463.76  3045  3345 6 
 463.8  3050  3417 8 
 463.83  3055  3490 6 
 463.87  3060  3562 10 
 463.9  3065  3635 12 
 463.94  3070  3707 17 
 463.97  3075  3780 17 
 464.01  3080  3853 17 
 464.04  3085  3926 23 
 464.08  3090  3998 21 
 464.11  3095  4071 20 
 464.15  3100  4145 21 
 464.18  3105  4218 36 
 464.22  3110  4291 46 
 464.25  3115  4364 49 
 464.29  3120  4438 48 
 464.32  3125  4511 55 
 464.36  3130  4585 64 
 464.39  3135  4658 64 
 464.43  3140  4732 78 
 464.46  3145  4806 79 
 464.5  3150  4880 87 
 464.53  3155  4954 85 
 464.57  3160  5028 70 
 464.6  3165  5102 124 
 464.64  3170  5176 150 
 464.67  3175  5251 138 
 464.71  3180  5325 103 
 464.74  3185  5399 125 
 464.78  3190  5474 163 
 464.81  3195  5549 124 
 464.85  3200  5623 135 
 464.88  3205  5698 173 
 464.92  3210  5773 172 
 464.95  3215  5848 173 
 464.98  3220  5923 152 
 465.02  3225  5998 126 
 465.06  3230  6073 139 
 465.09  3235  6149 204 
 465.12  3240  6224 234 
 465.16  3245  6300 167 
 465.19  3250  6375 154 
end
ufIntegration time is 0.2294 seconds per sampledt  3.6E-08 cy 4dh110217Santa_Cruz 28.4633 16.2557 2.92pr1014.0dark .4 
 487.01  2900  1280 2 
 487.05  2905  1350 2 
 487.08  2910  1420 2 
 487.12  2915  1490 1 
 487.15  2920  1561 3 
 487.19  2925  1631 1 
 487.22  2930  1702 2 
 487.26  2935  1773 1 
 487.29  2940  1843 1 
 487.33  2945  1914 3 
 487.36  2950  1985 1 
 487.4  2955  2056 2 
 487.43  2960  2127 2 
 487.47  2965  2198 3 
 487.5  2970  2269 3 
 487.54  2975  2340 3 
 487.57  2980  2411 2 
 487.61  2985  2483 2 
 487.64  2990  2554 3 
 487.68  2995  2626 3 
 487.71  3000  2697 3 
 487.75  3005  2769 5 
 487.78  3010  2841 6 
 487.82  3015  2912 7 
 487.85  3020  2984 6 
 487.89  3025  3056 8 
 487.92  3030  3128 14 
 487.96  3035  3200 13 
 487.99  3040  3273 17 
 488.03  3045  3345 17 
 488.06  3050  3417 26 
 488.1  3055  3490 31 
 488.13  3060  3562 31 
 488.17  3065  3635 39 
 488.2  3070  3707 50 
 488.24  3075  3780 70 
 488.27  3080  3853 74 
 488.31  3085  3926 86 
 488.34  3090  3998 74 
 488.38  3095  4071 104 
 488.41  3100  4145 104 
 488.45  3105  4218 177 
 488.48  3110  4291 216 
 488.52  3115  4364 215 
 488.55  3120  4438 248 
 488.59  3125  4511 328 
 488.62  3130  4585 347 
 488.66  3135  4658 340 
 488.69  3140  4732 458 
 488.73  3145  4806 499 
 488.76  3150  4880 630 
 488.8  3155  4954 488 
 488.83  3160  5028 519 
 488.87  3165  5102 816 
 488.9  3170  5176 948 
 488.94  3175  5251 930 
 488.97  3180  5325 805 
 489.01  3185  5399 1224 
 489.04  3190  5474 1428 
 489.08  3195  5549 1013 
 489.11  3200  5623 1175 
 489.15  3205  5698 1666 
 489.18  3210  5773 1631 
 489.22  3215  5848 1544 
 489.25  3220  5923 1317 
 489.28  3225  5998 1005 
 489.32  3230  6073 1213 
 489.36  3235  6149 1687 
 489.39  3240  6224 1794 
 489.42  3245  6300 1512 
 489.46  3250  6375 1111 
end
ufIntegration time is 0.2294 seconds per sampledt  3.6E-08 cy 4dh110217Santa_Cruz 28.4633 16.2557 2.92pr1014.0dark .4 
 526.44  2900  1280 13 
 526.47  2905  1350 12 
 526.51  2910  1420 9 
 526.54  2915  1490 12 
 526.58  2920  1561 15 
 526.62  2925  1631 14 
 526.65  2930  1702 9 
 526.68  2935  1773 11 
 526.72  2940  1843 12 
 526.75  2945  1914 16 
 526.79  2950  1985 15 
 526.82  2955  2056 12 
 526.86  2960  2127 18 
 526.89  2965  2198 13 
 526.93  2970  2269 14 
 526.96  2975  2340 14 
 527  2980  2411 15 
 527.03  2985  2483 14 
 527.07  2990  2554 21 
 527.1  2995  2626 19 
 527.14  3000  2697 20 
 527.17  3005  2769 23 
 527.21  3010  2841 40 
 527.24  3015  2912 42 
 527.28  3020  2984 41 
 527.31  3025  3056 57 
 527.35  3030  3128 88 
 527.38  3035  3200 104 
 527.42  3040  3273 167 
 527.45  3045  3345 162 
 527.49  3050  3417 290 
 527.52  3055  3490 284 
 527.56  3060  3562 296 
 527.59  3065  3635 331 
 527.63  3070  3707 597 
 527.66  3075  3780 813 
 527.7  3080  3853 929 
 527.73  3085  3926 1069 
 527.77  3090  3998 1049 
 527.8  3095  4071 1485 
 527.84  3100  4145 1642 
 527.87  3105  4218 2658 
 527.91  3110  4291 3503 
 527.94  3115  4364 3645 
 527.98  3120  4438 4193 
 528.01  3125  4511 5385 
 528.05  3130  4585 5880 
 528.08  3135  4658 5752 
 528.12  3140  4732 7510 
 528.15  3145  4806 7555 
 528.19  3150  4880 9877 
 528.22  3155  4954 7830 
 528.26  3160  5028 7708 
 528.29  3165  5102 11409 
 528.33  3170  5176 13704 
 528.36  3175  5251 13060 
 528.4  3180  5325 10620 
 528.43  3185  5399 14236 
 528.47  3190  5474 15983 
 528.5  3195  5549 12555 
 528.54  3200  5623 14488 
 528.57  3205  5698 18082 
 528.61  3210  5773 15773 
 528.64  3215  5848 15051 
 528.68  3220  5923 14151 
 528.71  3225  5998 11159 
 528.75  3230  6073 11604 
 528.78  3235  6149 13896 
 528.82  3240  6224 15044 
 528.85  3245  6300 13331 
 528.89  3250  6375 10745 
end
ufIntegration time is 0.2294 seconds per sampledt  3.6E-08 cy 4dh110217Santa_Cruz 28.4633 16.2557 2.98pr1014.0dark .2 
 556.98  2900  1280 25 
 557.01  2905  1350 20 
 557.05  2910  1420 20 
 557.08  2915  1490 24 
 557.12  2920  1561 22 
 557.15  2925  1631 21 
 557.19  2930  1702 20 
 557.22  2935  1773 22 
 557.26  2940  1843 26 
 557.29  2945  1914 25 
 557.33  2950  1985 24 
 557.36  2955  2056 23 
 557.4  2960  2127 28 
 557.43  2965  2198 24 
 557.47  2970  2269 24 
 557.5  2975  2340 28 
 557.54  2980  2411 29 
 557.57  2985  2483 28 
 557.61  2990  2554 34 
 557.64  2995  2626 33 
 557.68  3000  2697 41 
 557.71  3005  2769 44 
 557.75  3010  2841 59 
 557.78  3015  2912 70 
 557.82  3020  2984 71 
 557.85  3025  3056 144 
 557.89  3030  3128 182 
 557.92  3035  3200 251 
 557.96  3040  3273 261 
 557.99  3045  3345 425 
 558.03  3050  3417 654 
 558.06  3055  3490 706 
 558.1  3060  3562 790 
 558.13  3065  3635 1031 
 558.17  3070  3707 1609 
 558.2  3075  3780 2240 
 558.24  3080  3853 2361 
 558.27  3085  3926 2870 
 558.31  3090  3998 2641 
 558.34  3095  4071 3634 
 558.37  3100  4145 3843 
 558.41  3105  4218 6322 
 558.45  3110  4291 7837 
 558.48  3115  4364 7895 
 558.51  3120  4438 8594 
 558.55  3125  4511 10591 
 558.58  3130  4585 11497 
 558.62  3135  4658 11452 
 558.65  3140  4732 14381 
 558.69  3145  4806 13816 
 558.72  3150  4880 18192 
 558.76  3155  4954 14601 
 558.79  3160  5028 13688 
 558.83  3165  5102 19725 
 558.86  3170  5176 23304 
 558.9  3175  5251 22282 
 558.93  3180  5325 17363 
 558.97  3185  5399 22451 
 559  3190  5474 24170 
 559.04  3195  5549 19920 
 559.07  3200  5623 22741 
 559.11  3205  5698 27149 
 559.14  3210  5773 22582 
 559.18  3215  5848 21359 
 559.21  3220  5923 20808 
 559.25  3225  5998 16523 
 559.28  3230  6073 16716 
 559.32  3235  6149 18833 
 559.35  3240  6224 20403 
 559.39  3245  6300 18469 
 559.42  3250  6375 15506 
end
ufIntegration time is 0.2294 seconds per sampledt  3.6E-08 cy 4dh110217Santa_Cruz 28.4633 16.2557 3.03pr1014.0dark .6 
 581.11  2900  1280 50 
 581.15  2905  1350 48 
 581.18  2910  1420 48 
 581.22  2915  1490 51 
 581.25  2920  1561 51 
 581.29  2925  1631 54 
 581.32  2930  1702 56 
 581.36  2935  1773 49 
 581.39  2940  1843 49 
 581.43  2945  1914 52 
 581.46  2950  1985 58 
 581.49  2955  2056 61 
 581.53  2960  2127 59 
 581.57  2965  2198 58 
 581.6  2970  2269 64 
 581.63  2975  2340 64 
 581.67  2980  2411 69 
 581.7  2985  2483 72 
 581.74  2990  2554 88 
 581.77  2995  2626 104 
 581.81  3000  2697 102 
 581.84  3005  2769 130 
 581.88  3010  2841 194 
 581.92  3015  2912 255 
 581.95  3020  2984 260 
 581.98  3025  3056 464 
 582.02  3030  3128 810 
 582.05  3035  3200 1034 
 582.09  3040  3273 1096 
 582.12  3045  3345 1621 
 582.16  3050  3417 2578 
 582.19  3055  3490 2860 
 582.23  3060  3562 2946 
 582.26  3065  3635 3752 
 582.3  3070  3707 5915 
 582.33  3075  3780 7697 
 582.37  3080  3853 8375 
 582.4  3085  3926 9874 
 582.44  3090  3998 8871 
 582.47  3095  4071 11372 
 582.51  3100  4145 11691 
 582.54  3105  4218 19223 
 582.58  3110  4291 23858 
 582.61  3115  4364 24049 
 582.65  3120  4438 24901 
 582.68  3125  4511 30284 
 582.72  3130  4585 32106 
 582.75  3135  4658 31898 
 582.79  3140  4732 38756 
 582.82  3145  4806 35332 
 582.86  3150  4880 45313 
 582.89  3155  4954 36598 
 582.93  3160  5028 33235 
 582.96  3165  5102 46499 
 583  3170  5176 55063 
 583.03  3175  5251 53852 
 583.07  3180  5325 40760 
 583.1  3185  5399 51100 
 583.14  3190  5474 55314 
 583.17  3195  5549 45779 
 583.21  3200  5623 52248 
 583.24  3205  5698 60876 
 583.28  3210  5773 49887 
 583.31  3215  5848 46675 
 583.35  3220  5923 46875 
 583.38  3225  5998 37000 
 583.42  3230  6073 36198 
 583.45  3235  6149 40593 
 583.49  3240  6224 43455 
 583.52  3245  6300 39865 
 583.56  3250  6375 32955 
end
ufIntegration time is 0.2294 seconds per sampledt  3.6E-08 cy 4dh110217Santa_Cruz 28.4633 16.2557 3.09pr1014.0dark .6 
 593.64  2900  1280 58 
 593.68  2905  1350 56 
 593.71  2910  1420 66 
 593.75  2915  1490 56 
 593.78  2920  1561 59 
 593.82  2925  1631 63 
 593.85  2930  1702 60 
 593.89  2935  1773 59 
 593.92  2940  1843 68 
 593.96  2945  1914 70 
 593.99  2950  1985 70 
 594.03  2955  2056 73 
 594.06  2960  2127 75 
 594.1  2965  2198 72 
 594.13  2970  2269 74 
 594.17  2975  2340 85 
 594.2  2980  2411 91 
 594.24  2985  2483 96 
 594.27  2990  2554 111 
 594.31  2995  2626 143 
 594.34  3000  2697 151 
 594.38  3005  2769 182 
 594.41  3010  2841 317 
 594.45  3015  2912 400 
 594.48  3020  2984 392 
 594.52  3025  3056 695 
 594.55  3030  3128 1259 
 594.59  3035  3200 1599 
 594.62  3040  3273 1635 
 594.66  3045  3345 2429 
 594.69  3050  3417 3887 
 594.73  3055  3490 4235 
 594.76  3060  3562 4377 
 594.8  3065  3635 5385 
 594.83  3070  3707 8258 
 594.87  3075  3780 10524 
 594.9  3080  3853 11410 
 594.94  3085  3926 13299 
 594.97  3090  3998 11935 
 595.01  3095  4071 15043 
 595.04  3100  4145 15534 
 595.08  3105  4218 25563 
 595.11  3110  4291 31139 
 595.15  3115  4364 30512 
 595.18  3120  4438 31258 
 595.22  3125  4511 37775 
 595.25  3130  4585 39858 
 595.29  3135  4658 39420 
 595.32  3140  4732 47533 
 595.36  3145  4806 42410 
 595.39  3150  4880 54488 
 595.43  3155  4954 44384 
 595.46  3160  5028 39885 
 595.5  3165  5102 55670 
 595.53  3170  5176 65921 
 595.57  3175  5251 63789 
 595.6  3180  5325 48491 
 595.64  3185  5399 59505 
 595.67  3190  5474 64177 
 595.71  3195  5549 53879 
 595.74  3200  5623 61592 
 595.78  3205  5698 70409 
 595.81  3210  5773 57254 
 595.85  3215  5848 54079 
 595.88  3220  5923 54745 
 595.92  3225  5998 43206 
 595.95  3230  6073 42009 
 595.99  3235  6149 46359 
 596.02  3240  6224 49936 
 596.06  3245  6300 45688 
 596.09  3250  6375 38595 
end
ufIntegration time is 0.2294 seconds per sampledt  3.6E-08 cy 4dh110217Santa_Cruz 28.4633 16.2557 3.17pr1014.0dark .8 
 614.25  2900  1280 72 
 614.29  2905  1350 80 
 614.32  2910  1420 71 
 614.36  2915  1490 77 
 614.39  2920  1561 81 
 614.43  2925  1631 70 
 614.46  2930  1702 63 
 614.5  2935  1773 81 
 614.53  2940  1843 81 
 614.57  2945  1914 91 
 614.6  2950  1985 88 
 614.64  2955  2056 84 
 614.67  2960  2127 95 
 614.71  2965  2198 91 
 614.74  2970  2269 105 
 614.78  2975  2340 138 
 614.81  2980  2411 145 
 614.85  2985  2483 133 
 614.88  2990  2554 168 
 614.92  2995  2626 223 
 614.95  3000  2697 246 
 614.99  3005  2769 334 
 615.02  3010  2841 530 
 615.06  3015  2912 764 
 615.09  3020  2984 720 
 615.13  3025  3056 1347 
 615.16  3030  3128 2362 
 615.2  3035  3200 2904 
 615.23  3040  3273 3008 
 615.27  3045  3345 4379 
 615.3  3050  3417 6590 
 615.34  3055  3490 6970 
 615.37  3060  3562 7262 
 615.41  3065  3635 8858 
 615.44  3070  3707 13045 
 615.48  3075  3780 16576 
 615.51  3080  3853 17668 
 615.55  3085  3926 20369 
 615.58  3090  3998 18007 
 615.62  3095  4071 22274 
 615.65  3100  4145 22547 
 615.69  3105  4218 36355 
 615.72  3110  4291 44216 
 615.76  3115  4364 43095 
 615.79  3120  4438 43440 
 615.83  3125  4511 51653 
 615.86  3130  4585 54249 
 615.9  3135  4658 54192 
 615.93  3140  4732 64358 
 615.97  3145  4806 56423 
 616  3150  4880 71770 
 616.04  3155  4954 58604 
 616.07  3160  5028 52116 
 616.11  3165  5102 71967 
 616.14  3170  5176 85158 
 616.18  3175  5251 82554 
 616.21  3180  5325 62707 
 616.25  3185  5399 75809 
 616.28  3190  5474 80628 
 616.32  3195  5549 68563 
 616.35  3200  5623 77998 
 616.39  3205  5698 88879 
 616.42  3210  5773 70886 
 616.46  3215  5848 67181 
 616.49  3220  5923 68684 
 616.53  3225  5998 54284 
 616.56  3230  6073 52165 
 616.59  3235  6149 56638 
 616.63  3240  6224 60864 
 616.67  3245  6300 55929 
 616.7  3250  6375 47324 
end
ufIntegration time is 0.2294 seconds per sampledt  3.6E-08 cy 4dh110217Santa_Cruz 28.4633 16.2557 3.19pr1014.0dark .8 
 626.83  2900  1280 78 
 626.86  2905  1350 79 
 626.9  2910  1420 86 
 626.93  2915  1490 81 
 626.97  2920  1561 89 
 627  2925  1631 92 
 627.04  2930  1702 96 
 627.07  2935  1773 100 
 627.11  2940  1843 87 
 627.14  2945  1914 88 
 627.18  2950  1985 132 
 627.21  2955  2056 124 
 627.25  2960  2127 128 
 627.28  2965  2198 138 
 627.32  2970  2269 124 
 627.35  2975  2340 143 
 627.39  2980  2411 159 
 627.42  2985  2483 187 
 627.46  2990  2554 227 
 627.49  2995  2626 357 
 627.53  3000  2697 346 
 627.56  3005  2769 487 
 627.59  3010  2841 759 
 627.63  3015  2912 1035 
 627.67  3020  2984 1017 
 627.7  3025  3056 1887 
 627.73  3030  3128 3210 
 627.77  3035  3200 4025 
 627.81  3040  3273 4095 
 627.84  3045  3345 5857 
 627.87  3050  3417 8562 
 627.91  3055  3490 9089 
 627.94  3060  3562 9332 
 627.98  3065  3635 11275 
 628.01  3070  3707 16571 
 628.05  3075  3780 20637 
 628.08  3080  3853 22034 
 628.12  3085  3926 25188 
 628.15  3090  3998 22301 
 628.19  3095  4071 27166 
 628.22  3100  4145 27007 
 628.26  3105  4218 44498 
 628.29  3110  4291 53182 
 628.33  3115  4364 51662 
 628.36  3120  4438 51158 
 628.4  3125  4511 60617 
 628.43  3130  4585 63382 
 628.47  3135  4658 63543 
 628.5  3140  4732 74396 
 628.54  3145  4806 65095 
 628.57  3150  4880 82823 
 628.61  3155  4954 66828 
 628.64  3160  5028 59825 
 628.68  3165  5102 81627 
 628.71  3170  5176 96513 
 628.75  3175  5251 93963 
 628.78  3180  5325 70648 
 628.82  3185  5399 85490 
 628.85  3190  5474 90169 
 628.89  3195  5549 76956 
 628.92  3200  5623 87965 
 628.96  3205  5698 98849 
 628.99  3210  5773 79452 
 629.03  3215  5848 74196 
 629.06  3220  5923 76133 
 629.1  3225  5998 60524 
 629.13  3230  6073 57825 
 629.17  3235  6149 62538 
 629.2  3240  6224 67142 
 629.24  3245  6300 61962 
 629.27  3250  6375 52453 
end
ufIntegration time is 0.2294 seconds per sampledt  3.6E-08 cy 4dh110217Santa_Cruz 28.4633 16.2557 3.25pr1014.0dark 1.2 
 644.12  2900  1280 104 
 644.15  2905  1350 104 
 644.19  2910  1420 132 
 644.22  2915  1490 102 
 644.26  2920  1561 117 
 644.29  2925  1631 106 
 644.33  2930  1702 101 
 644.36  2935  1773 153 
 644.4  2940  1843 135 
 644.43  2945  1914 138 
 644.47  2950  1985 113 
 644.5  2955  2056 131 
 644.54  2960  2127 130 
 644.57  2965  2198 129 
 644.61  2970  2269 157 
 644.64  2975  2340 183 
 644.68  2980  2411 216 
 644.71  2985  2483 222 
 644.75  2990  2554 324 
 644.78  2995  2626 438 
 644.82  3000  2697 451 
 644.85  3005  2769 650 
 644.89  3010  2841 1050 
 644.92  3015  2912 1432 
 644.96  3020  2984 1338 
 644.99  3025  3056 2513 
 645.03  3030  3128 4355 
 645.06  3035  3200 5321 
 645.1  3040  3273 5373 
 645.13  3045  3345 7688 
 645.17  3050  3417 11173 
 645.2  3055  3490 11739 
 645.24  3060  3562 11968 
 645.27  3065  3635 14332 
 645.31  3070  3707 20777 
 645.34  3075  3780 25446 
 645.37  3080  3853 26881 
 645.41  3085  3926 30761 
 645.45  3090  3998 27002 
 645.48  3095  4071 32056 
 645.52  3100  4145 32082 
 645.55  3105  4218 51523 
 645.59  3110  4291 62436 
 645.62  3115  4364 60791 
 645.65  3120  4438 60305 
 645.69  3125  4511 71575 
 645.72  3130  4585 74563 
 645.76  3135  4658 73717 
 645.8  3140  4732 86558 
 645.83  3145  4806 74261 
 645.86  3150  4880 94793 
 645.9  3155  4954 78314 
 645.93  3160  5028 67735 
 645.97  3165  5102 92979 
 646  3170  5176 110144 
 646.04  3175  5251 107564 
 646.07  3180  5325 80664 
 646.11  3185  5399 95844 
 646.14  3190  5474 102923 
 646.18  3195  5549 87448 
 646.21  3200  5623 99981 
 646.25  3205  5698 112609 
 646.28  3210  5773 89603 
 646.32  3215  5848 83983 
 646.35  3220  5923 87040 
 646.39  3225  5998 69114 
 646.42  3230  6073 65843 
 646.46  3235  6149 70640 
 646.49  3240  6224 76054 
 646.53  3245  6300 70693 
 646.56  3250  6375 60120 
end
ufIntegration time is 0.2294 seconds per sampledt  3.6E-08 cy 4dh110217Santa_Cruz 28.4633 16.2557 3.29pr1014.0dark .6 
 657.95  2900  1280 110 
 657.99  2905  1350 118 
 658.02  2910  1420 133 
 658.06  2915  1490 114 
 658.09  2920  1561 110 
 658.13  2925  1631 119 
 658.16  2930  1702 126 
 658.2  2935  1773 154 
 658.23  2940  1843 136 
 658.27  2945  1914 173 
 658.3  2950  1985 171 
 658.34  2955  2056 144 
 658.37  2960  2127 149 
 658.41  2965  2198 165 
 658.44  2970  2269 183 
 658.48  2975  2340 262 
 658.51  2980  2411 279 
 658.55  2985  2483 288 
 658.58  2990  2554 444 
 658.62  2995  2626 625 
 658.65  3000  2697 638 
 658.69  3005  2769 907 
 658.72  3010  2841 1454 
 658.76  3015  2912 2022 
 658.79  3020  2984 1861 
 658.83  3025  3056 3428 
 658.86  3030  3128 5819 
 658.9  3035  3200 7210 
 658.93  3040  3273 7085 
 658.97  3045  3345 9997 
 659  3050  3417 14565 
 659.04  3055  3490 14949 
 659.07  3060  3562 14976 
 659.11  3065  3635 17928 
 659.14  3070  3707 25770 
 659.18  3075  3780 31154 
 659.21  3080  3853 32957 
 659.25  3085  3926 37816 
 659.28  3090  3998 32651 
 659.32  3095  4071 38761 
 659.35  3100  4145 38618 
 659.39  3105  4218 62355 
 659.42  3110  4291 74619 
 659.46  3115  4364 71991 
 659.49  3120  4438 70047 
 659.53  3125  4511 82306 
 659.56  3130  4585 84710 
 659.6  3135  4658 84515 
 659.63  3140  4732 99478 
 659.66  3145  4806 84665 
 659.7  3150  4880 108082 
 659.74  3155  4954 88516 
 659.77  3160  5028 77524 
 659.8  3165  5102 104863 
 659.84  3170  5176 124381 
 659.88  3175  5251 121990 
 659.91  3180  5325 90959 
 659.94  3185  5399 108496 
 659.98  3190  5474 115321 
 660.01  3195  5549 98242 
 660.05  3200  5623 112570 
 660.09  3205  5698 125593 
 660.12  3210  5773 99666 
 660.15  3215  5848 93417 
 660.19  3220  5923 96473 
 660.22  3225  5998 76881 
 660.26  3230  6073 72786 
 660.29  3235  6149 77872 
 660.33  3240  6224 83938 
 660.36  3245  6300 78213 
 660.4  3250  6375 66149 
end
ufIntegration time is 0.2294 seconds per sampledt  3.6E-08 cy 4dh110217Santa_Cruz 28.4633 16.2557 3.33pr1014.0dark 1.2 
 673.93  2900  1280 147 
 673.96  2905  1350 155 
 674  2910  1420 135 
 674.03  2915  1490 156 
 674.07  2920  1561 151 
 674.1  2925  1631 158 
 674.13  2930  1702 154 
 674.17  2935  1773 154 
 674.21  2940  1843 155 
 674.24  2945  1914 160 
 674.27  2950  1985 160 
 674.31  2955  2056 172 
 674.35  2960  2127 204 
 674.38  2965  2198 194 
 674.42  2970  2269 255 
 674.45  2975  2340 300 
 674.48  2980  2411 342 
 674.52  2985  2483 375 
 674.55  2990  2554 600 
 674.59  2995  2626 833 
 674.62  3000  2697 900 
 674.66  3005  2769 1238 
 674.69  3010  2841 1956 
 674.73  3015  2912 2761 
 674.76  3020  2984 2474 
 674.8  3025  3056 4632 
 674.83  3030  3128 7785 
 674.87  3035  3200 9379 
 674.9  3040  3273 9119 
 674.94  3045  3345 12589 
 674.97  3050  3417 17795 
 675.01  3055  3490 18283 
 675.04  3060  3562 18537 
 675.08  3065  3635 21762 
 675.11  3070  3707 31260 
 675.15  3075  3780 37591 
 675.18  3080  3853 39966 
 675.22  3085  3926 45580 
 675.25  3090  3998 39425 
 675.29  3095  4071 46513 
 675.32  3100  4145 46493 
 675.36  3105  4218 74811 
 675.39  3110  4291 87600 
 675.43  3115  4364 84350 
 675.46  3120  4438 81759 
 675.5  3125  4511 95435 
 675.53  3130  4585 100007 
 675.57  3135  4658 99073 
 675.6  3140  4732 113914 
 675.64  3145  4806 96859 
 675.67  3150  4880 120900 
 675.71  3155  4954 96916 
 675.74  3160  5028 85740 
 675.78  3165  5102 116632 
 675.81  3170  5176 139622 
 675.85  3175  5251 137626 
 675.88  3180  5325 101861 
 675.92  3185  5399 119623 
 675.95  3190  5474 125376 
 675.99  3195  5549 107542 
 676.02  3200  5623 123299 
 676.06  3205  5698 139279 
 676.09  3210  5773 112328 
 676.13  3215  5848 106255 
 676.16  3220  5923 108245 
 676.2  3225  5998 85699 
 676.23  3230  6073 81047 
 676.27  3235  6149 85882 
 676.3  3240  6224 92475 
 676.34  3245  6300 86688 
 676.37  3250  6375 74921 
end
ufIntegration time is 0.2294 seconds per sampledt  3.6E-08 cy 4dh110217Santa_Cruz 28.4633 16.2557 3.37pr1014.0dark 1.6 
 691.17  2900  1280 125 
 691.21  2905  1350 109 
 691.24  2910  1420 131 
 691.28  2915  1490 186 
 691.31  2920  1561 162 
 691.35  2925  1631 132 
 691.38  2930  1702 140 
 691.42  2935  1773 126 
 691.45  2940  1843 130 
 691.49  2945  1914 146 
 691.52  2950  1985 153 
 691.56  2955  2056 161 
 691.59  2960  2127 174 
 691.63  2965  2198 187 
 691.66  2970  2269 219 
 691.7  2975  2340 300 
 691.73  2980  2411 387 
 691.77  2985  2483 394 
 691.8  2990  2554 634 
 691.84  2995  2626 872 
 691.87  3000  2697 948 
 691.91  3005  2769 1254 
 691.94  3010  2841 2052 
 691.98  3015  2912 2730 
 692.01  3020  2984 2553 
 692.05  3025  3056 4601 
 692.08  3030  3128 7534 
 692.11  3035  3200 9155 
 692.15  3040  3273 9059 
 692.19  3045  3345 12156 
 692.22  3050  3417 17110 
 692.25  3055  3490 17742 
 692.29  3060  3562 17830 
 692.32  3065  3635 21136 
 692.36  3070  3707 30176 
 692.39  3075  3780 36345 
 692.43  3080  3853 38203 
 692.46  3085  3926 43720 
 692.5  3090  3998 37946 
 692.53  3095  4071 43918 
 692.57  3100  4145 43281 
 692.6  3105  4218 69353 
 692.64  3110  4291 82094 
 692.67  3115  4364 79177 
 692.71  3120  4438 76406 
 692.74  3125  4511 90068 
 692.78  3130  4585 95301 
 692.81  3135  4658 96579 
 692.85  3140  4732 112833 
 692.88  3145  4806 94373 
 692.92  3150  4880 118275 
 692.95  3155  4954 96702 
 692.99  3160  5028 82300 
 693.02  3165  5102 110334 
 693.06  3170  5176 129345 
 693.09  3175  5251 124955 
 693.13  3180  5325 93054 
 693.16  3185  5399 110381 
 693.2  3190  5474 117689 
 693.23  3195  5549 100172 
 693.27  3200  5623 113267 
 693.3  3205  5698 125306 
 693.34  3210  5773 98902 
 693.37  3215  5848 93137 
 693.41  3220  5923 97513 
 693.44  3225  5998 77736 
 693.48  3230  6073 74241 
 693.51  3235  6149 79698 
 693.55  3240  6224 85300 
 693.58  3245  6300 78156 
 693.62  3250  6375 65414 
end
ufIntegration time is 0.2294 seconds per sampledt  3.6E-08 cy 4dh110217Santa_Cruz 28.4633 16.2557 3.39pr1014.0dark 1.6 
 712.61  2900  1280 163 
 712.64  2905  1350 157 
 712.68  2910  1420 179 
 712.71  2915  1490 180 
 712.75  2920  1561 180 
 712.78  2925  1631 173 
 712.82  2930  1702 184 
 712.85  2935  1773 191 
 712.89  2940  1843 200 
 712.92  2945  1914 201 
 712.96  2950  1985 230 
 712.99  2955  2056 235 
 713.03  2960  2127 258 
 713.06  2965  2198 268 
 713.1  2970  2269 333 
 713.13  2975  2340 494 
 713.17  2980  2411 570 
 713.2  2985  2483 599 
 713.24  2990  2554 935 
 713.27  2995  2626 1374 
 713.31  3000  2697 1423 
 713.34  3005  2769 1947 
 713.38  3010  2841 3134 
 713.41  3015  2912 4205 
 713.45  3020  2984 3810 
 713.48  3025  3056 7045 
 713.52  3030  3128 11511 
 713.55  3035  3200 13914 
 713.59  3040  3273 13531 
 713.62  3045  3345 18464 
 713.66  3050  3417 25849 
 713.69  3055  3490 26402 
 713.73  3060  3562 26677 
 713.76  3065  3635 31070 
 713.8  3070  3707 43321 
 713.83  3075  3780 51408 
 713.87  3080  3853 53576 
 713.9  3085  3926 60935 
 713.94  3090  3998 52565 
 713.97  3095  4071 60630 
 714.01  3100  4145 60150 
 714.04  3105  4218 96103 
 714.07  3110  4291 114743 
 714.11  3115  4364 109026 
 714.15  3120  4438 104478 
 714.18  3125  4511 120254 
 714.21  3130  4585 123559 
 714.25  3135  4658 123664 
 714.28  3140  4732 141742 
 714.32  3145  4806 117656 
 714.35  3150  4880 150073 
 714.39  3155  4954 125859 
 714.42  3160  5028 107082 
 714.46  3165  5102 144250 
 714.5  3170  5176 170944 
 714.53  3175  5251 169933 
 714.56  3180  5325 126006 
 714.6  3185  5399 147109 
 714.63  3190  5474 154780 
 714.67  3195  5549 132094 
 714.7  3200  5623 152338 
 714.74  3205  5698 167334 
 714.77  3210  5773 130210 
 714.81  3215  5848 122319 
 714.84  3220  5923 126563 
 714.88  3225  5998 94939 
 714.91  3230  6073 86021 
 714.95  3235  6149 90894 
 714.98  3240  6224 98133 
 715.02  3245  6300 94087 
 715.05  3250  6375 80802 
end
ufIntegration time is 0.2294 seconds per sampledt  3.6E-08 cy 4dh110217Santa_Cruz 28.4633 16.2557 3.41pr1014.0dark 1.8 
 728.51  2900  1280 144 
 728.55  2905  1350 154 
 728.58  2910  1420 140 
 728.62  2915  1490 164 
 728.65  2920  1561 161 
 728.69  2925  1631 166 
 728.72  2930  1702 159 
 728.76  2935  1773 164 
 728.79  2940  1843 157 
 728.83  2945  1914 172 
 728.86  2950  1985 170 
 728.9  2955  2056 190 
 728.93  2960  2127 216 
 728.97  2965  2198 258 
 729  2970  2269 298 
 729.04  2975  2340 395 
 729.07  2980  2411 465 
 729.11  2985  2483 506 
 729.14  2990  2554 825 
 729.18  2995  2626 1128 
 729.21  3000  2697 1161 
 729.25  3005  2769 1592 
 729.28  3010  2841 2550 
 729.32  3015  2912 3441 
 729.35  3020  2984 3048 
 729.39  3025  3056 5664 
 729.42  3030  3128 9287 
 729.46  3035  3200 11302 
 729.49  3040  3273 11034 
 729.53  3045  3345 14931 
 729.56  3050  3417 21523 
 729.6  3055  3490 21956 
 729.63  3060  3562 22046 
 729.67  3065  3635 25605 
 729.7  3070  3707 35685 
 729.74  3075  3780 42865 
 729.77  3080  3853 45358 
 729.81  3085  3926 50353 
 729.84  3090  3998 42357 
 729.88  3095  4071 48629 
 729.91  3100  4145 48026 
 729.95  3105  4218 76502 
 729.98  3110  4291 91630 
 730.02  3115  4364 89571 
 730.05  3120  4438 89446 
 730.09  3125  4511 106692 
 730.12  3130  4585 111550 
 730.16  3135  4658 109495 
 730.19  3140  4732 124690 
 730.23  3145  4806 105972 
 730.26  3150  4880 135023 
 730.3  3155  4954 114767 
 730.33  3160  5028 100535 
 730.37  3165  5102 135265 
 730.4  3170  5176 155720 
 730.44  3175  5251 149674 
 730.47  3180  5325 106765 
 730.51  3185  5399 120000 
 730.54  3190  5474 127671 
 730.58  3195  5549 112339 
 730.61  3200  5623 129231 
 730.65  3205  5698 138447 
 730.68  3210  5773 104387 
 730.72  3215  5848 98148 
 730.75  3220  5923 105349 
 730.79  3225  5998 84480 
 730.82  3230  6073 77238 
 730.86  3235  6149 81223 
 730.89  3240  6224 87786 
 730.93  3245  6300 82956 
 730.96  3250  6375 72122 
end
ufIntegration time is 0.2294 seconds per sampledt  3.6E-08 cy 4dh110217Santa_Cruz 28.4633 16.2557 3.39pr1014.0dark 1.6 
 745.91  2900  1280 157 
 745.95  2905  1350 161 
 745.98  2910  1420 165 
 746.02  2915  1490 157 
 746.05  2920  1561 155 
 746.09  2925  1631 162 
 746.12  2930  1702 147 
 746.16  2935  1773 162 
 746.19  2940  1843 173 
 746.23  2945  1914 189 
 746.26  2950  1985 199 
 746.3  2955  2056 240 
 746.33  2960  2127 268 
 746.37  2965  2198 277 
 746.4  2970  2269 321 
 746.44  2975  2340 501 
 746.47  2980  2411 559 
 746.51  2985  2483 586 
 746.54  2990  2554 912 
 746.58  2995  2626 1254 
 746.61  3000  2697 1302 
 746.65  3005  2769 1774 
 746.68  3010  2841 2802 
 746.72  3015  2912 3835 
 746.75  3020  2984 3549 
 746.79  3025  3056 6629 
 746.82  3030  3128 10375 
 746.86  3035  3200 12814 
 746.89  3040  3273 12824 
 746.93  3045  3345 16657 
 746.96  3050  3417 22419 
 747  3055  3490 22321 
 747.03  3060  3562 21868 
 747.07  3065  3635 25386 
 747.1  3070  3707 35598 
 747.14  3075  3780 42305 
 747.17  3080  3853 45075 
 747.21  3085  3926 51595 
 747.24  3090  3998 48934 
 747.28  3095  4071 60500 
 747.31  3100  4145 60625 
 747.35  3105  4218 94753 
 747.38  3110  4291 105825 
 747.42  3115  4364 94861 
 747.45  3120  4438 87716 
 747.49  3125  4511 103404 
 747.52  3130  4585 104043 
 747.56  3135  4658 103442 
 747.59  3140  4732 121040 
 747.63  3145  4806 103163 
 747.66  3150  4880 123537 
 747.7  3155  4954 103775 
 747.73  3160  5028 93835 
 747.77  3165  5102 126863 
 747.8  3170  5176 146189 
 747.84  3175  5251 141767 
 747.87  3180  5325 104809 
 747.91  3185  5399 124931 
 747.94  3190  5474 131926 
 747.98  3195  5549 115407 
 748.01  3200  5623 131911 
 748.05  3205  5698 145531 
 748.08  3210  5773 117682 
 748.12  3215  5848 112389 
 748.15  3220  5923 115823 
 748.19  3225  5998 90814 
 748.22  3230  6073 84143 
 748.26  3235  6149 89410 
 748.29  3240  6224 99896 
 748.33  3245  6300 94552 
 748.36  3250  6375 82263 
end
ufIntegration time is 0.2294 seconds per sampledt  3.6E-08 cy 4dh110217Santa_Cruz 28.4633 16.2557 3.37pr1014.0dark 1.2 
 767.48  2900  1280 79 
 767.51  2905  1350 89 
 767.55  2910  1420 95 
 767.58  2915  1490 93 
 767.62  2920  1561 92 
 767.65  2925  1631 95 
 767.68  2930  1702 97 
 767.72  2935  1773 102 
 767.76  2940  1843 113 
 767.79  2945  1914 124 
 767.82  2950  1985 132 
 767.86  2955  2056 127 
 767.9  2960  2127 154 
 767.93  2965  2198 165 
 767.97  2970  2269 181 
 768  2975  2340 292 
 768.03  2980  2411 342 
 768.07  2985  2483 375 
 768.1  2990  2554 601 
 768.14  2995  2626 809 
 768.17  3000  2697 861 
 768.21  3005  2769 1194 
 768.24  3010  2841 1898 
 768.28  3015  2912 2481 
 768.31  3020  2984 2240 
 768.35  3025  3056 4069 
 768.38  3030  3128 6569 
 768.42  3035  3200 7992 
 768.45  3040  3273 7801 
 768.49  3045  3345 10563 
 768.52  3050  3417 14674 
 768.56  3055  3490 14884 
 768.59  3060  3562 14879 
 768.63  3065  3635 17370 
 768.66  3070  3707 23866 
 768.7  3075  3780 28444 
 768.73  3080  3853 29845 
 768.77  3085  3926 33628 
 768.8  3090  3998 28804 
 768.84  3095  4071 33142 
 768.87  3100  4145 32826 
 768.91  3105  4218 51809 
 768.94  3110  4291 61031 
 768.98  3115  4364 58848 
 769.01  3120  4438 56492 
 769.05  3125  4511 65315 
 769.08  3130  4585 67392 
 769.12  3135  4658 67209 
 769.15  3140  4732 77084 
 769.19  3145  4806 65095 
 769.22  3150  4880 81963 
 769.26  3155  4954 67319 
 769.29  3160  5028 58167 
 769.33  3165  5102 77653 
 769.36  3170  5176 91216 
 769.4  3175  5251 89598 
 769.43  3180  5325 66820 
 769.47  3185  5399 77589 
 769.5  3190  5474 82129 
 769.54  3195  5549 70498 
 769.57  3200  5623 80542 
 769.61  3205  5698 88472 
 769.64  3210  5773 70106 
 769.68  3215  5848 65232 
 769.71  3220  5923 67668 
 769.75  3225  5998 53599 
 769.78  3230  6073 50454 
 769.82  3235  6149 53543 
 769.85  3240  6224 57289 
 769.89  3245  6300 53230 
 769.92  3250  6375 45515 
end
ufIntegration time is 0.2294 seconds per sampledt  3.6E-08 cy 4dh110217Santa_Cruz 28.4633 16.2557 3.35pr1014.0dark 2 
 783.53  2900  1280 77 
 783.57  2905  1350 83 
 783.6  2910  1420 78 
 783.64  2915  1490 83 
 783.67  2920  1561 87 
 783.71  2925  1631 88 
 783.74  2930  1702 90 
 783.78  2935  1773 91 
 783.81  2940  1843 116 
 783.84  2945  1914 100 
 783.88  2950  1985 109 
 783.92  2955  2056 128 
 783.95  2960  2127 127 
 783.99  2965  2198 148 
 784.02  2970  2269 161 
 784.05  2975  2340 266 
 784.09  2980  2411 318 
 784.12  2985  2483 331 
 784.16  2990  2554 556 
 784.19  2995  2626 813 
 784.23  3000  2697 802 
 784.27  3005  2769 1125 
 784.3  3010  2841 1737 
 784.33  3015  2912 2368 
 784.37  3020  2984 2140 
 784.41  3025  3056 3866 
 784.44  3030  3128 6265 
 784.47  3035  3200 7500 
 784.51  3040  3273 7543 
 784.54  3045  3345 10096 
 784.58  3050  3417 14165 
 784.61  3055  3490 14412 
 784.65  3060  3562 14421 
 784.68  3065  3635 17026 
 784.72  3070  3707 23587 
 784.75  3075  3780 27929 
 784.79  3080  3853 29483 
 784.82  3085  3926 33054 
 784.86  3090  3998 28596 
 784.89  3095  4071 33087 
 784.93  3100  4145 32533 
 784.96  3105  4218 51865 
 785  3110  4291 61549 
 785.03  3115  4364 59433 
 785.07  3120  4438 57201 
 785.1  3125  4511 65963 
 785.14  3130  4585 68756 
 785.17  3135  4658 68350 
 785.21  3140  4732 78928 
 785.24  3145  4806 66652 
 785.28  3150  4880 83970 
 785.31  3155  4954 69362 
 785.35  3160  5028 60174 
 785.38  3165  5102 80214 
 785.42  3170  5176 94745 
 785.45  3175  5251 92915 
 785.49  3180  5325 69706 
 785.52  3185  5399 80749 
 785.56  3190  5474 85031 
 785.59  3195  5549 73619 
 785.63  3200  5623 83939 
 785.66  3205  5698 92353 
 785.7  3210  5773 72961 
 785.73  3215  5848 68148 
 785.77  3220  5923 71102 
 785.8  3225  5998 56496 
 785.84  3230  6073 52932 
 785.87  3235  6149 56060 
 785.91  3240  6224 60345 
 785.94  3245  6300 55890 
 785.98  3250  6375 48119 
end
ufIntegration time is 0.2294 seconds per sampledt  3.6E-08 cy 4dh110217Santa_Cruz 28.4633 16.2557 3.27pr1014.0dark 1.2 
 809.88  2900  1280 147 
 809.91  2905  1350 138 
 809.95  2910  1420 154 
 809.98  2915  1490 145 
 810.02  2920  1561 147 
 810.05  2925  1631 161 
 810.09  2930  1702 174 
 810.12  2935  1773 156 
 810.16  2940  1843 162 
 810.19  2945  1914 149 
 810.23  2950  1985 191 
 810.26  2955  2056 214 
 810.3  2960  2127 253 
 810.33  2965  2198 309 
 810.37  2970  2269 313 
 810.4  2975  2340 533 
 810.44  2980  2411 579 
 810.47  2985  2483 639 
 810.5  2990  2554 1087 
 810.54  2995  2626 1515 
 810.58  3000  2697 1609 
 810.61  3005  2769 2154 
 810.64  3010  2841 3475 
 810.68  3015  2912 4678 
 810.72  3020  2984 4211 
 810.75  3025  3056 7587 
 810.78  3030  3128 12348 
 810.82  3035  3200 14867 
 810.85  3040  3273 13936 
 810.89  3045  3345 18440 
 810.92  3050  3417 24782 
 810.96  3055  3490 24890 
 810.99  3060  3562 24272 
 811.03  3065  3635 28740 
 811.06  3070  3707 38890 
 811.1  3075  3780 45671 
 811.13  3080  3853 47312 
 811.17  3085  3926 52121 
 811.2  3090  3998 43549 
 811.24  3095  4071 49264 
 811.27  3100  4145 48224 
 811.31  3105  4218 76256 
 811.34  3110  4291 89860 
 811.38  3115  4364 86193 
 811.41  3120  4438 82116 
 811.45  3125  4511 94689 
 811.48  3130  4585 97546 
 811.52  3135  4658 97027 
 811.55  3140  4732 111604 
 811.59  3145  4806 92808 
 811.62  3150  4880 116760 
 811.66  3155  4954 96484 
 811.69  3160  5028 82119 
 811.73  3165  5102 110327 
 811.76  3170  5176 130304 
 811.8  3175  5251 128465 
 811.83  3180  5325 95029 
 811.87  3185  5399 109486 
 811.9  3190  5474 116062 
 811.94  3195  5549 100252 
 811.97  3200  5623 114589 
 812.01  3205  5698 126552 
 812.04  3210  5773 99411 
 812.08  3215  5848 93385 
 812.11  3220  5923 97988 
 812.15  3225  5998 78775 
 812.18  3230  6073 75314 
 812.22  3235  6149 81864 
 812.25  3240  6224 85933 
 812.29  3245  6300 76914 
 812.32  3250  6375 64579 
end
ufIntegration time is 0.2294 seconds per sampledt  3.6E-08 cy 4dh110217Santa_Cruz 28.4633 16.2557 3.27pr1014.0dark 2.2 
 825.94  2900  1280 155 
 825.98  2905  1350 155 
 826.01  2910  1420 155 
 826.05  2915  1490 162 
 826.08  2920  1561 171 
 826.12  2925  1631 177 
 826.15  2930  1702 173 
 826.19  2935  1773 192 
 826.22  2940  1843 208 
 826.26  2945  1914 232 
 826.29  2950  1985 286 
 826.33  2955  2056 279 
 826.36  2960  2127 326 
 826.4  2965  2198 316 
 826.43  2970  2269 417 
 826.47  2975  2340 606 
 826.5  2980  2411 685 
 826.54  2985  2483 721 
 826.57  2990  2554 1207 
 826.61  2995  2626 1670 
 826.64  3000  2697 1675 
 826.68  3005  2769 2345 
 826.71  3010  2841 3689 
 826.75  3015  2912 4764 
 826.78  3020  2984 4210 
 826.82  3025  3056 7491 
 826.85  3030  3128 12089 
 826.89  3035  3200 14457 
 826.92  3040  3273 13996 
 826.96  3045  3345 18928 
 826.99  3050  3417 25493 
 827.03  3055  3490 25643 
 827.06  3060  3562 25650 
 827.1  3065  3635 29939 
 827.13  3070  3707 41788 
 827.17  3075  3780 48698 
 827.2  3080  3853 51248 
 827.24  3085  3926 57078 
 827.27  3090  3998 48947 
 827.31  3095  4071 55371 
 827.34  3100  4145 54504 
 827.38  3105  4218 86447 
 827.41  3110  4291 102549 
 827.44  3115  4364 98955 
 827.48  3120  4438 95295 
 827.52  3125  4511 111904 
 827.55  3130  4585 116438 
 827.58  3135  4658 115516 
 827.62  3140  4732 132690 
 827.65  3145  4806 111026 
 827.69  3150  4880 141300 
 827.72  3155  4954 117767 
 827.76  3160  5028 100052 
 827.79  3165  5102 134480 
 827.83  3170  5176 159427 
 827.86  3175  5251 155825 
 827.9  3180  5325 113204 
 827.93  3185  5399 128721 
 827.97  3190  5474 134390 
 828  3195  5549 114549 
 828.04  3200  5623 129349 
 828.07  3205  5698 140774 
 828.11  3210  5773 107081 
 828.14  3215  5848 98370 
 828.18  3220  5923 102073 
 828.21  3225  5998 80466 
 828.25  3230  6073 76382 
 828.28  3235  6149 82591 
 828.32  3240  6224 90508 
 828.35  3245  6300 83979 
 828.39  3250  6375 71758 
end
ufIntegration time is 0.2294 seconds per sampledt  3.6E-08 cy 4dh110217Santa_Cruz 28.4633 16.2557 3.29pr1014.0dark 1 
 842.11  2900  1280 169 
 842.14  2905  1350 129 
 842.18  2910  1420 135 
 842.21  2915  1490 127 
 842.25  2920  1561 138 
 842.28  2925  1631 156 
 842.32  2930  1702 164 
 842.35  2935  1773 156 
 842.39  2940  1843 149 
 842.42  2945  1914 141 
 842.46  2950  1985 169 
 842.49  2955  2056 170 
 842.53  2960  2127 198 
 842.56  2965  2198 214 
 842.6  2970  2269 263 
 842.63  2975  2340 369 
 842.67  2980  2411 461 
 842.7  2985  2483 463 
 842.74  2990  2554 805 
 842.77  2995  2626 1108 
 842.81  3000  2697 1170 
 842.84  3005  2769 1604 
 842.88  3010  2841 2526 
 842.91  3015  2912 3362 
 842.95  3020  2984 3020 
 842.98  3025  3056 5470 
 843.02  3030  3128 9041 
 843.05  3035  3200 10991 
 843.09  3040  3273 11078 
 843.12  3045  3345 15243 
 843.16  3050  3417 20673 
 843.19  3055  3490 21366 
 843.23  3060  3562 22767 
 843.26  3065  3635 26090 
 843.3  3070  3707 37428 
 843.33  3075  3780 44145 
 843.37  3080  3853 44692 
 843.4  3085  3926 48257 
 843.44  3090  3998 40151 
 843.47  3095  4071 46840 
 843.51  3100  4145 46318 
 843.54  3105  4218 71398 
 843.58  3110  4291 81609 
 843.61  3115  4364 77874 
 843.65  3120  4438 74111 
 843.68  3125  4511 85230 
 843.72  3130  4585 87963 
 843.75  3135  4658 87468 
 843.79  3140  4732 100502 
 843.82  3145  4806 84296 
 843.86  3150  4880 106018 
 843.89  3155  4954 86575 
 843.93  3160  5028 74594 
 843.96  3165  5102 99345 
 844  3170  5176 117019 
 844.03  3175  5251 115580 
 844.07  3180  5325 85530 
 844.1  3185  5399 99569 
 844.14  3190  5474 104846 
 844.17  3195  5549 89783 
 844.21  3200  5623 101804 
 844.24  3205  5698 112263 
 844.28  3210  5773 88609 
 844.31  3215  5848 82261 
 844.35  3220  5923 85585 
 844.38  3225  5998 67534 
 844.42  3230  6073 63033 
 844.45  3235  6149 66398 
 844.49  3240  6224 70843 
 844.52  3245  6300 65489 
 844.56  3250  6375 55854 
end
ufIntegration time is 0.2294 seconds per sampledt  3.6E-08 cy 4dh110217Santa_Cruz 28.4633 16.2557 3.29pr1014.0dark .8 
 860.3  2900  1280 83 
 860.34  2905  1350 82 
 860.37  2910  1420 96 
 860.41  2915  1490 82 
 860.44  2920  1561 88 
 860.48  2925  1631 97 
 860.51  2930  1702 96 
 860.55  2935  1773 97 
 860.58  2940  1843 93 
 860.62  2945  1914 107 
 860.65  2950  1985 112 
 860.69  2955  2056 126 
 860.72  2960  2127 143 
 860.76  2965  2198 152 
 860.79  2970  2269 175 
 860.83  2975  2340 273 
 860.86  2980  2411 321 
 860.9  2985  2483 331 
 860.93  2990  2554 586 
 860.97  2995  2626 803 
 861  3000  2697 831 
 861.04  3005  2769 1127 
 861.07  3010  2841 1834 
 861.11  3015  2912 2379 
 861.14  3020  2984 2252 
 861.18  3025  3056 4027 
 861.21  3030  3128 6596 
 861.25  3035  3200 7894 
 861.28  3040  3273 7773 
 861.32  3045  3345 10519 
 861.35  3050  3417 14746 
 861.39  3055  3490 15079 
 861.42  3060  3562 15178 
 861.46  3065  3635 17874 
 861.49  3070  3707 24617 
 861.53  3075  3780 29260 
 861.56  3080  3853 30754 
 861.6  3085  3926 34504 
 861.63  3090  3998 29889 
 861.67  3095  4071 34321 
 861.7  3100  4145 34084 
 861.74  3105  4218 54114 
 861.77  3110  4291 63722 
 861.81  3115  4364 61270 
 861.84  3120  4438 59022 
 861.88  3125  4511 67967 
 861.91  3130  4585 70391 
 861.95  3135  4658 69903 
 861.98  3140  4732 80912 
 862.01  3145  4806 67724 
 862.05  3150  4880 85462 
 862.09  3155  4954 70624 
 862.12  3160  5028 60442 
 862.15  3165  5102 81051 
 862.19  3170  5176 95094 
 862.23  3175  5251 93042 
 862.26  3180  5325 69579 
 862.3  3185  5399 80747 
 862.33  3190  5474 84890 
 862.36  3195  5549 73078 
 862.4  3200  5623 82957 
 862.44  3205  5698 91742 
 862.47  3210  5773 72453 
 862.5  3215  5848 67384 
 862.54  3220  5923 69772 
 862.57  3225  5998 55222 
 862.61  3230  6073 51914 
 862.64  3235  6149 54929 
 862.68  3240  6224 58887 
 862.71  3245  6300 54836 
 862.75  3250  6375 46476 
end
ufIntegration time is 0.2294 seconds per sampledt  3.6E-08 cy 4dh110217Santa_Cruz 28.4633 16.2557 3.31pr1014.0dark 1.6 
 873.69  2900  1280 120 
 873.72  2905  1350 124 
 873.76  2910  1420 151 
 873.79  2915  1490 133 
 873.83  2920  1561 148 
 873.86  2925  1631 163 
 873.9  2930  1702 141 
 873.93  2935  1773 141 
 873.97  2940  1843 156 
 874  2945  1914 172 
 874.04  2950  1985 242 
 874.07  2955  2056 229 
 874.11  2960  2127 263 
 874.14  2965  2198 278 
 874.18  2970  2269 324 
 874.21  2975  2340 478 
 874.25  2980  2411 596 
 874.28  2985  2483 622 
 874.32  2990  2554 1058 
 874.35  2995  2626 1418 
 874.39  3000  2697 1485 
 874.42  3005  2769 2020 
 874.46  3010  2841 3190 
 874.49  3015  2912 4214 
 874.53  3020  2984 3661 
 874.56  3025  3056 6503 
 874.6  3030  3128 10321 
 874.63  3035  3200 12384 
 874.67  3040  3273 11867 
 874.7  3045  3345 17264 
 874.74  3050  3417 24258 
 874.77  3055  3490 23974 
 874.81  3060  3562 23373 
 874.84  3065  3635 27293 
 874.88  3070  3707 39547 
 874.91  3075  3780 49363 
 874.95  3080  3853 53932 
 874.98  3085  3926 60643 
 875.02  3090  3998 52710 
 875.05  3095  4071 61847 
 875.09  3100  4145 57909 
 875.12  3105  4218 84176 
 875.16  3110  4291 96194 
 875.19  3115  4364 88992 
 875.23  3120  4438 87136 
 875.26  3125  4511 107577 
 875.3  3130  4585 110375 
 875.33  3135  4658 111004 
 875.37  3140  4732 124902 
 875.4  3145  4806 116836 
 875.44  3150  4880 153041 
 875.47  3155  4954 125226 
 875.51  3160  5028 108280 
 875.54  3165  5102 146187 
 875.58  3170  5176 171479 
 875.61  3175  5251 162326 
 875.65  3180  5325 115912 
 875.68  3185  5399 132639 
 875.72  3190  5474 145286 
 875.75  3195  5549 123260 
 875.79  3200  5623 139550 
 875.82  3205  5698 154849 
 875.86  3210  5773 117815 
 875.89  3215  5848 100326 
 875.92  3220  5923 99382 
 875.96  3225  5998 77463 
 876  3230  6073 72601 
 876.03  3235  6149 73744 
 876.06  3240  6224 77469 
 876.1  3245  6300 72382 
 876.14  3250  6375 59715 
end
ufIntegration time is 0.2294 seconds per sampledt  3.6E-08 cy 4dh110217Santa_Cruz 28.4633 16.2557 3.33pr1014.0dark 1.6 
 891.05  2900  1280 117 
 891.09  2905  1350 125 
 891.12  2910  1420 120 
 891.16  2915  1490 110 
 891.19  2920  1561 109 
 891.23  2925  1631 148 
 891.26  2930  1702 116 
 891.3  2935  1773 137 
 891.33  2940  1843 130 
 891.37  2945  1914 118 
 891.4  2950  1985 180 
 891.44  2955  2056 146 
 891.47  2960  2127 159 
 891.51  2965  2198 163 
 891.54  2970  2269 186 
 891.58  2975  2340 288 
 891.61  2980  2411 332 
 891.65  2985  2483 332 
 891.68  2990  2554 556 
 891.72  2995  2626 798 
 891.75  3000  2697 813 
 891.79  3005  2769 1129 
 891.83  3010  2841 1801 
 891.86  3015  2912 2440 
 891.9  3020  2984 2219 
 891.93  3025  3056 3940 
 891.97  3030  3128 6649 
 892  3035  3200 8077 
 892.04  3040  3273 7901 
 892.07  3045  3345 10702 
 892.11  3050  3417 15023 
 892.14  3055  3490 15539 
 892.18  3060  3562 15562 
 892.21  3065  3635 18395 
 892.25  3070  3707 25860 
 892.28  3075  3780 30889 
 892.32  3080  3853 32967 
 892.35  3085  3926 36804 
 892.39  3090  3998 31641 
 892.42  3095  4071 36147 
 892.46  3100  4145 35727 
 892.49  3105  4218 56794 
 892.53  3110  4291 67247 
 892.56  3115  4364 64435 
 892.6  3120  4438 62162 
 892.63  3125  4511 72021 
 892.67  3130  4585 74432 
 892.7  3135  4658 73986 
 892.74  3140  4732 85384 
 892.77  3145  4806 72217 
 892.81  3150  4880 91243 
 892.84  3155  4954 75209 
 892.88  3160  5028 64261 
 892.91  3165  5102 86486 
 892.95  3170  5176 102082 
 892.98  3175  5251 99484 
 893.02  3180  5325 73957 
 893.05  3185  5399 86120 
 893.09  3190  5474 91162 
 893.12  3195  5549 77662 
 893.16  3200  5623 88039 
 893.19  3205  5698 97387 
 893.23  3210  5773 76542 
 893.26  3215  5848 71707 
 893.3  3220  5923 73616 
 893.33  3225  5998 58307 
 893.37  3230  6073 54493 
 893.4  3235  6149 58026 
 893.44  3240  6224 61745 
 893.47  3245  6300 57250 
 893.51  3250  6375 48448 
end
ufIntegration time is 0.2294 seconds per sampledt  3.6E-08 cy 4dh110217Santa_Cruz 28.4633 16.2557 3.35pr1014.0dark 2.2 
 899.67  2900  1280 110 
 899.71  2905  1350 122 
 899.74  2910  1420 143 
 899.78  2915  1490 137 
 899.81  2920  1561 141 
 899.85  2925  1631 147 
 899.88  2930  1702 157 
 899.92  2935  1773 158 
 899.95  2940  1843 167 
 899.99  2945  1914 170 
 900.02  2950  1985 189 
 900.06  2955  2056 188 
 900.09  2960  2127 203 
 900.13  2965  2198 217 
 900.16  2970  2269 275 
 900.2  2975  2340 362 
 900.23  2980  2411 434 
 900.27  2985  2483 466 
 900.3  2990  2554 768 
 900.34  2995  2626 1044 
 900.37  3000  2697 1070 
 900.41  3005  2769 1570 
 900.44  3010  2841 2513 
 900.48  3015  2912 3323 
 900.51  3020  2984 3083 
 900.55  3025  3056 5475 
 900.58  3030  3128 8488 
 900.62  3035  3200 11271 
 900.65  3040  3273 11291 
 900.69  3045  3345 14154 
 900.72  3050  3417 18586 
 900.76  3055  3490 19288 
 900.79  3060  3562 19823 
 900.83  3065  3635 24923 
 900.86  3070  3707 32563 
 900.9  3075  3780 37545 
 900.93  3080  3853 40369 
 900.97  3085  3926 42081 
 901  3090  3998 34476 
 901.04  3095  4071 40113 
 901.07  3100  4145 40348 
 901.11  3105  4218 66124 
 901.14  3110  4291 85366 
 901.18  3115  4364 85338 
 901.21  3120  4438 78769 
 901.25  3125  4511 90070 
 901.28  3130  4585 93935 
 901.32  3135  4658 90591 
 901.35  3140  4732 99052 
 901.39  3145  4806 82164 
 901.42  3150  4880 103503 
 901.46  3155  4954 84728 
 901.49  3160  5028 72776 
 901.53  3165  5102 98723 
 901.56  3170  5176 119404 
 901.6  3175  5251 118127 
 901.63  3180  5325 88921 
 901.67  3185  5399 108053 
 901.7  3190  5474 120836 
 901.74  3195  5549 102705 
 901.77  3200  5623 128039 
 901.81  3205  5698 138930 
 901.84  3210  5773 96970 
 901.88  3215  5848 86696 
 901.91  3220  5923 93923 
 901.95  3225  5998 77849 
 901.98  3230  6073 76225 
 902.02  3235  6149 74943 
 902.05  3240  6224 76234 
 902.09  3245  6300 70823 
 902.12  3250  6375 60630 
end
ufIntegration time is 0.2294 seconds per sampledt  3.6E-08 cy 4dh110217Santa_Cruz 28.4633 16.2557 3.35pr1014.0dark 1.4 
 942.12  2900  1280 70 
 942.16  2905  1350 77 
 942.19  2910  1420 77 
 942.23  2915  1490 79 
 942.26  2920  1561 83 
 942.3  2925  1631 79 
 942.33  2930  1702 83 
 942.37  2935  1773 82 
 942.4  2940  1843 93 
 942.44  2945  1914 87 
 942.47  2950  1985 98 
 942.51  2955  2056 99 
 942.54  2960  2127 150 
 942.58  2965  2198 117 
 942.61  2970  2269 135 
 942.65  2975  2340 141 
 942.68  2980  2411 170 
 942.72  2985  2483 175 
 942.75  2990  2554 261 
 942.79  2995  2626 345 
 942.82  3000  2697 372 
 942.86  3005  2769 496 
 942.89  3010  2841 848 
 942.93  3015  2912 1134 
 942.96  3020  2984 1106 
 943  3025  3056 2022 
 943.03  3030  3128 3464 
 943.06  3035  3200 4130 
 943.1  3040  3273 4290 
 943.14  3045  3345 6115 
 943.17  3050  3417 8828 
 943.2  3055  3490 9034 
 943.24  3060  3562 9121 
 943.27  3065  3635 11018 
 943.31  3070  3707 15945 
 943.34  3075  3780 19171 
 943.38  3080  3853 20046 
 943.41  3085  3926 22778 
 943.45  3090  3998 20086 
 943.48  3095  4071 23707 
 943.52  3100  4145 23662 
 943.55  3105  4218 38135 
 943.59  3110  4291 45740 
 943.62  3115  4364 44291 
 943.66  3120  4438 43475 
 943.69  3125  4511 50998 
 943.73  3130  4585 52934 
 943.76  3135  4658 52762 
 943.8  3140  4732 61683 
 943.83  3145  4806 53182 
 943.87  3150  4880 67049 
 943.9  3155  4954 55510 
 943.94  3160  5028 47946 
 943.97  3165  5102 64780 
 944.01  3170  5176 76963 
 944.04  3175  5251 75602 
 944.08  3180  5325 56167 
 944.11  3185  5399 67121 
 944.15  3190  5474 71531 
 944.18  3195  5549 60396 
 944.22  3200  5623 68916 
 944.25  3205  5698 77053 
 944.29  3210  5773 61328 
 944.32  3215  5848 57057 
 944.36  3220  5923 58441 
 944.39  3225  5998 46265 
 944.43  3230  6073 43875 
 944.46  3235  6149 47165 
 944.5  3240  6224 50506 
 944.53  3245  6300 46684 
 944.57  3250  6375 39581 
end
ufIntegration time is 0.2294 seconds per sampledt  3.6E-08 cy 4dh110217Santa_Cruz 28.4633 16.2557 3.31pr1014.0dark 1.2 
 956  2900  1280 69 
 956.04  2905  1350 70 
 956.07  2910  1420 69 
 956.11  2915  1490 68 
 956.14  2920  1561 68 
 956.18  2925  1631 79 
 956.21  2930  1702 73 
 956.25  2935  1773 74 
 956.28  2940  1843 73 
 956.32  2945  1914 71 
 956.35  2950  1985 71 
 956.39  2955  2056 89 
 956.42  2960  2127 106 
 956.46  2965  2198 95 
 956.49  2970  2269 103 
 956.53  2975  2340 164 
 956.56  2980  2411 145 
 956.6  2985  2483 141 
 956.63  2990  2554 188 
 956.67  2995  2626 285 
 956.7  3000  2697 297 
 956.74  3005  2769 377 
 956.77  3010  2841 640 
 956.81  3015  2912 872 
 956.84  3020  2984 836 
 956.88  3025  3056 1582 
 956.91  3030  3128 2681 
 956.95  3035  3200 3324 
 956.98  3040  3273 3355 
 957.02  3045  3345 4745 
 957.05  3050  3417 6959 
 957.09  3055  3490 7374 
 957.12  3060  3562 7515 
 957.16  3065  3635 9042 
 957.19  3070  3707 13265 
 957.23  3075  3780 16217 
 957.26  3080  3853 17203 
 957.3  3085  3926 19787 
 957.33  3090  3998 17495 
 957.37  3095  4071 20854 
 957.4  3100  4145 21188 
 957.44  3105  4218 33844 
 957.47  3110  4291 40854 
 957.51  3115  4364 39874 
 957.54  3120  4438 39146 
 957.58  3125  4511 46420 
 957.61  3130  4585 48219 
 957.65  3135  4658 48226 
 957.68  3140  4732 56591 
 957.72  3145  4806 49146 
 957.75  3150  4880 62291 
 957.79  3155  4954 51188 
 957.82  3160  5028 44685 
 957.86  3165  5102 60953 
 957.89  3170  5176 72127 
 957.93  3175  5251 70767 
 957.96  3180  5325 52681 
 958  3185  5399 63213 
 958.03  3190  5474 67669 
 958.07  3195  5549 56986 
 958.1  3200  5623 64722 
 958.14  3205  5698 73001 
 958.17  3210  5773 58449 
 958.21  3215  5848 54553 
 958.24  3220  5923 56040 
 958.28  3225  5998 44121 
 958.31  3230  6073 42124 
 958.35  3235  6149 45490 
 958.38  3240  6224 48614 
 958.42  3245  6300 44870 
 958.45  3250  6375 38042 
end
ufIntegration time is 0.2294 seconds per sampledt  3.6E-08 cy 4dh110217Santa_Cruz 28.4633 16.2557 3.29pr1014.0dark 1.2 
 968.67  2900  1280 70 
 968.71  2905  1350 81 
 968.74  2910  1420 71 
 968.78  2915  1490 69 
 968.81  2920  1561 80 
 968.85  2925  1631 70 
 968.88  2930  1702 74 
 968.92  2935  1773 77 
 968.95  2940  1843 79 
 968.99  2945  1914 74 
 969.02  2950  1985 85 
 969.06  2955  2056 87 
 969.09  2960  2127 83 
 969.13  2965  2198 91 
 969.16  2970  2269 100 
 969.2  2975  2340 109 
 969.23  2980  2411 143 
 969.27  2985  2483 158 
 969.3  2990  2554 175 
 969.34  2995  2626 245 
 969.37  3000  2697 251 
 969.41  3005  2769 325 
 969.44  3010  2841 515 
 969.48  3015  2912 746 
 969.51  3020  2984 688 
 969.55  3025  3056 1305 
 969.58  3030  3128 2264 
 969.62  3035  3200 2836 
 969.65  3040  3273 2956 
 969.69  3045  3345 4125 
 969.72  3050  3417 6219 
 969.76  3055  3490 6571 
 969.79  3060  3562 6773 
 969.83  3065  3635 8180 
 969.86  3070  3707 11889 
 969.9  3075  3780 14885 
 969.93  3080  3853 15742 
 969.97  3085  3926 18063 
 970  3090  3998 15976 
 970.04  3095  4071 19479 
 970.07  3100  4145 19750 
 970.11  3105  4218 31815 
 970.14  3110  4291 38408 
 970.18  3115  4364 37178 
 970.21  3120  4438 37116 
 970.25  3125  4511 43845 
 970.28  3130  4585 45945 
 970.32  3135  4658 45371 
 970.35  3140  4732 53218 
 970.39  3145  4806 46811 
 970.42  3150  4880 58753 
 970.46  3155  4954 47373 
 970.49  3160  5028 42244 
 970.53  3165  5102 57978 
 970.56  3170  5176 67967 
 970.6  3175  5251 66347 
 970.63  3180  5325 49888 
 970.67  3185  5399 60236 
 970.7  3190  5474 64039 
 970.74  3195  5549 54111 
 970.77  3200  5623 60963 
 970.81  3205  5698 69059 
 970.84  3210  5773 55540 
 970.88  3215  5848 51705 
 970.91  3220  5923 52144 
 970.95  3225  5998 41571 
 970.98  3230  6073 39537 
 971.02  3235  6149 42753 
 971.05  3240  6224 46006 
 971.09  3245  6300 42594 
 971.12  3250  6375 35613 
end
ufIntegration time is 0.2294 seconds per sampledt  3.6E-08 cy 4dh110217Santa_Cruz 28.4633 16.2557 3.23pr1014.0dark 1.4 
 987.1  2900  1280 49 
 987.14  2905  1350 52 
 987.17  2910  1420 52 
 987.21  2915  1490 47 
 987.24  2920  1561 46 
 987.28  2925  1631 52 
 987.31  2930  1702 47 
 987.35  2935  1773 62 
 987.38  2940  1843 55 
 987.42  2945  1914 56 
 987.45  2950  1985 58 
 987.49  2955  2056 58 
 987.52  2960  2127 58 
 987.56  2965  2198 54 
 987.59  2970  2269 62 
 987.63  2975  2340 83 
 987.66  2980  2411 73 
 987.7  2985  2483 85 
 987.73  2990  2554 134 
 987.77  2995  2626 130 
 987.8  3000  2697 151 
 987.84  3005  2769 181 
 987.87  3010  2841 284 
 987.9  3015  2912 407 
 987.94  3020  2984 419 
 987.98  3025  3056 658 
 988.01  3030  3128 1175 
 988.05  3035  3200 1548 
 988.08  3040  3273 1591 
 988.11  3045  3345 2314 
 988.15  3050  3417 3527 
 988.19  3055  3490 3782 
 988.22  3060  3562 3944 
 988.25  3065  3635 4879 
 988.29  3070  3707 7425 
 988.32  3075  3780 9341 
 988.36  3080  3853 10081 
 988.39  3085  3926 11630 
 988.43  3090  3998 10625 
 988.46  3095  4071 13081 
 988.5  3100  4145 13455 
 988.53  3105  4218 22139 
 988.57  3110  4291 26651 
 988.6  3115  4364 26224 
 988.64  3120  4438 26670 
 988.67  3125  4511 32000 
 988.71  3130  4585 33639 
 988.74  3135  4658 33293 
 988.78  3140  4732 39769 
 988.81  3145  4806 35444 
 988.85  3150  4880 45214 
 988.88  3155  4954 36664 
 988.92  3160  5028 32894 
 988.95  3165  5102 45666 
 988.99  3170  5176 53919 
 989.02  3175  5251 52016 
 989.06  3180  5325 40077 
 989.09  3185  5399 48556 
 989.13  3190  5474 51843 
 989.16  3195  5549 43525 
 989.2  3200  5623 49393 
 989.23  3205  5698 56563 
 989.27  3210  5773 45962 
 989.3  3215  5848 42969 
 989.34  3220  5923 43200 
 989.37  3225  5998 34459 
 989.41  3230  6073 33177 
 989.44  3235  6149 36091 
 989.48  3240  6224 38973 
 989.51  3245  6300 35685 
 989.55  3250  6375 29795 
end
ufIntegration time is 0.2294 seconds per sampledt  3.6E-08 cy 4dh110217Santa_Cruz 28.4633 16.2557 3.19pr1014.0dark 1 
 1005.01  2900  1280 47 
 1005.04  2905  1350 45 
 1005.08  2910  1420 48 
 1005.11  2915  1490 54 
 1005.15  2920  1561 45 
 1005.18  2925  1631 49 
 1005.22  2930  1702 45 
 1005.25  2935  1773 46 
 1005.29  2940  1843 46 
 1005.32  2945  1914 44 
 1005.36  2950  1985 52 
 1005.39  2955  2056 52 
 1005.43  2960  2127 57 
 1005.46  2965  2198 58 
 1005.5  2970  2269 63 
 1005.53  2975  2340 66 
 1005.57  2980  2411 66 
 1005.6  2985  2483 65 
 1005.64  2990  2554 87 
 1005.67  2995  2626 94 
 1005.71  3000  2697 104 
 1005.74  3005  2769 167 
 1005.78  3010  2841 193 
 1005.81  3015  2912 272 
 1005.85  3020  2984 282 
 1005.88  3025  3056 461 
 1005.92  3030  3128 814 
 1005.95  3035  3200 1054 
 1005.99  3040  3273 1135 
 1006.02  3045  3345 1642 
 1006.06  3050  3417 2723 
 1006.09  3055  3490 2853 
 1006.13  3060  3562 2994 
 1006.16  3065  3635 3826 
 1006.2  3070  3707 5986 
 1006.23  3075  3780 7828 
 1006.27  3080  3853 8679 
 1006.3  3085  3926 10374 
 1006.34  3090  3998 9628 
 1006.37  3095  4071 12620 
 1006.41  3100  4145 13235 
 1006.44  3105  4218 21981 
 1006.48  3110  4291 26396 
 1006.51  3115  4364 25274 
 1006.55  3120  4438 25143 
 1006.58  3125  4511 29698 
 1006.62  3130  4585 31665 
 1006.65  3135  4658 31739 
 1006.69  3140  4732 38776 
 1006.72  3145  4806 34888 
 1006.76  3150  4880 44129 
 1006.79  3155  4954 35480 
 1006.83  3160  5028 31978 
 1006.86  3165  5102 44979 
 1006.9  3170  5176 52804 
 1006.93  3175  5251 51127 
 1006.97  3180  5325 38460 
 1007  3185  5399 47533 
 1007.04  3190  5474 51015 
 1007.07  3195  5549 42022 
 1007.11  3200  5623 47931 
 1007.14  3205  5698 55873 
 1007.18  3210  5773 46239 
 1007.21  3215  5848 43242 
 1007.25  3220  5923 43668 
 1007.28  3225  5998 35461 
 1007.31  3230  6073 34781 
 1007.35  3235  6149 39299 
 1007.39  3240  6224 42908 
 1007.42  3245  6300 39503 
 1007.45  3250  6375 32376 
end
ufIntegration time is 0.2294 seconds per sampledt  3.6E-08 cy 4dh110217Santa_Cruz 28.4633 16.2557 3.17pr1014.0dark .6 
 1018.74  2900  1280 29 
 1018.77  2905  1350 33 
 1018.81  2910  1420 29 
 1018.84  2915  1490 29 
 1018.88  2920  1561 35 
 1018.91  2925  1631 30 
 1018.95  2930  1702 32 
 1018.98  2935  1773 34 
 1019.02  2940  1843 33 
 1019.05  2945  1914 32 
 1019.09  2950  1985 36 
 1019.12  2955  2056 35 
 1019.16  2960  2127 32 
 1019.19  2965  2198 37 
 1019.23  2970  2269 37 
 1019.26  2975  2340 40 
 1019.3  2980  2411 39 
 1019.33  2985  2483 49 
 1019.37  2990  2554 48 
 1019.4  2995  2626 58 
 1019.44  3000  2697 55 
 1019.47  3005  2769 66 
 1019.51  3010  2841 135 
 1019.54  3015  2912 145 
 1019.57  3020  2984 127 
 1019.61  3025  3056 240 
 1019.65  3030  3128 408 
 1019.68  3035  3200 511 
 1019.72  3040  3273 541 
 1019.75  3045  3345 842 
 1019.79  3050  3417 1333 
 1019.82  3055  3490 1496 
 1019.86  3060  3562 1571 
 1019.89  3065  3635 1986 
 1019.93  3070  3707 3052 
 1019.96  3075  3780 4134 
 1020  3080  3853 4529 
 1020.03  3085  3926 5260 
 1020.06  3090  3998 4799 
 1020.1  3095  4071 6415 
 1020.14  3100  4145 6673 
 1020.17  3105  4218 10962 
 1020.2  3110  4291 13602 
 1020.24  3115  4364 13463 
 1020.27  3120  4438 14227 
 1020.31  3125  4511 17373 
 1020.34  3130  4585 18513 
 1020.38  3135  4658 18329 
 1020.41  3140  4732 22419 
 1020.45  3145  4806 20847 
 1020.48  3150  4880 26695 
 1020.52  3155  4954 21257 
 1020.55  3160  5028 19689 
 1020.59  3165  5102 27960 
 1020.62  3170  5176 33005 
 1020.66  3175  5251 31935 
 1020.69  3180  5325 24713 
 1020.73  3185  5399 30920 
 1020.76  3190  5474 33610 
 1020.8  3195  5549 27717 
 1020.83  3200  5623 31634 
 1020.87  3205  5698 37244 
 1020.9  3210  5773 30821 
 1020.94  3215  5848 29006 
 1020.97  3220  5923 28439 
 1021.01  3225  5998 22814 
 1021.04  3230  6073 22586 
 1021.08  3235  6149 25211 
 1021.11  3240  6224 27296 
 1021.15  3245  6300 24713 
 1021.18  3250  6375 20641 
end
ufIntegration time is 0.2294 seconds per sampledt  3.6E-08 cy 4dh110217Santa_Cruz 28.4633 16.2557 3.17pr1014.0dark .6 
 1029.48  2900  1280 22 
 1029.52  2905  1350 32 
 1029.55  2910  1420 22 
 1029.59  2915  1490 28 
 1029.62  2920  1561 24 
 1029.66  2925  1631 24 
 1029.69  2930  1702 28 
 1029.73  2935  1773 24 
 1029.76  2940  1843 30 
 1029.8  2945  1914 25 
 1029.83  2950  1985 28 
 1029.87  2955  2056 23 
 1029.9  2960  2127 29 
 1029.94  2965  2198 26 
 1029.97  2970  2269 28 
 1030.01  2975  2340 33 
 1030.04  2980  2411 31 
 1030.08  2985  2483 36 
 1030.11  2990  2554 42 
 1030.15  2995  2626 44 
 1030.18  3000  2697 43 
 1030.22  3005  2769 52 
 1030.25  3010  2841 70 
 1030.29  3015  2912 98 
 1030.32  3020  2984 93 
 1030.35  3025  3056 166 
 1030.39  3030  3128 289 
 1030.43  3035  3200 352 
 1030.46  3040  3273 373 
 1030.5  3045  3345 568 
 1030.53  3050  3417 947 
 1030.57  3055  3490 1093 
 1030.6  3060  3562 1089 
 1030.64  3065  3635 1408 
 1030.67  3070  3707 2261 
 1030.7  3075  3780 3030 
 1030.74  3080  3853 3304 
 1030.78  3085  3926 3941 
 1030.81  3090  3998 3665 
 1030.84  3095  4071 4856 
 1030.88  3100  4145 5185 
 1030.91  3105  4218 8462 
 1030.95  3110  4291 10511 
 1030.98  3115  4364 10525 
 1031.02  3120  4438 11285 
 1031.05  3125  4511 13979 
 1031.09  3130  4585 14933 
 1031.12  3135  4658 14752 
 1031.16  3140  4732 18101 
 1031.19  3145  4806 16876 
 1031.23  3150  4880 21718 
 1031.26  3155  4954 17594 
 1031.3  3160  5028 16233 
 1031.33  3165  5102 23133 
 1031.37  3170  5176 27180 
 1031.4  3175  5251 26222 
 1031.44  3180  5325 20604 
 1031.47  3185  5399 25929 
 1031.51  3190  5474 28323 
 1031.54  3195  5549 22921 
 1031.58  3200  5623 26166 
 1031.61  3205  5698 31137 
 1031.65  3210  5773 26026 
 1031.68  3215  5848 24280 
 1031.72  3220  5923 23821 
 1031.75  3225  5998 18837 
 1031.79  3230  6073 18735 
 1031.82  3235  6149 21157 
 1031.86  3240  6224 22726 
 1031.89  3245  6300 20504 
 1031.93  3250  6375 16823 
end
ufIntegration time is 0.2294 seconds per sampledt  3.6E-08 cy 4dh110217Santa_Cruz 28.4633 16.2557 3.13pr1014.0dark .8 
 1055.75  2900  1280 12 
 1055.79  2905  1350 11 
 1055.82  2910  1420 15 
 1055.86  2915  1490 19 
 1055.89  2920  1561 13 
 1055.93  2925  1631 13 
 1055.96  2930  1702 11 
 1056  2935  1773 12 
 1056.03  2940  1843 13 
 1056.07  2945  1914 13 
 1056.1  2950  1985 11 
 1056.14  2955  2056 13 
 1056.17  2960  2127 16 
 1056.21  2965  2198 18 
 1056.24  2970  2269 15 
 1056.28  2975  2340 16 
 1056.31  2980  2411 15 
 1056.35  2985  2483 14 
 1056.38  2990  2554 15 
 1056.42  2995  2626 21 
 1056.45  3000  2697 19 
 1056.49  3005  2769 21 
 1056.52  3010  2841 24 
 1056.56  3015  2912 37 
 1056.59  3020  2984 34 
 1056.63  3025  3056 50 
 1056.66  3030  3128 79 
 1056.7  3035  3200 103 
 1056.73  3040  3273 119 
 1056.77  3045  3345 151 
 1056.8  3050  3417 246 
 1056.84  3055  3490 317 
 1056.87  3060  3562 317 
 1056.91  3065  3635 399 
 1056.94  3070  3707 648 
 1056.98  3075  3780 906 
 1057.01  3080  3853 974 
 1057.05  3085  3926 1212 
 1057.08  3090  3998 1170 
 1057.11  3095  4071 1675 
 1057.15  3100  4145 1768 
 1057.19  3105  4218 2987 
 1057.22  3110  4291 3778 
 1057.25  3115  4364 3850 
 1057.29  3120  4438 4349 
 1057.33  3125  4511 5516 
 1057.36  3130  4585 5971 
 1057.39  3135  4658 5853 
 1057.43  3140  4732 7482 
 1057.46  3145  4806 7477 
 1057.5  3150  4880 9556 
 1057.54  3155  4954 7578 
 1057.57  3160  5028 7509 
 1057.6  3165  5102 10986 
 1057.64  3170  5176 12831 
 1057.67  3175  5251 12322 
 1057.71  3180  5325 9897 
 1057.74  3185  5399 13086 
 1057.78  3190  5474 14438 
 1057.81  3195  5549 11603 
 1057.85  3200  5623 13123 
 1057.88  3205  5698 16068 
 1057.92  3210  5773 13945 
 1057.95  3215  5848 13223 
 1057.99  3220  5923 12370 
 1058.02  3225  5998 9820 
 1058.06  3230  6073 10168 
 1058.09  3235  6149 11886 
 1058.13  3240  6224 12941 
 1058.16  3245  6300 11507 
 1058.2  3250  6375 9276 
end
ufIntegration time is 0.2294 seconds per sampledt  3.6E-08 cy 4dh110217Santa_Cruz 28.4633 16.2557 3.09pr1014.0dark 1 
 1083.44  2900  1280 5 
 1083.47  2905  1350 5 
 1083.51  2910  1420 4 
 1083.54  2915  1490 5 
 1083.58  2920  1561 6 
 1083.61  2925  1631 4 
 1083.65  2930  1702 6 
 1083.69  2935  1773 8 
 1083.72  2940  1843 8 
 1083.75  2945  1914 7 
 1083.79  2950  1985 9 
 1083.82  2955  2056 5 
 1083.86  2960  2127 8 
 1083.89  2965  2198 6 
 1083.93  2970  2269 8 
 1083.96  2975  2340 9 
 1084  2980  2411 6 
 1084.03  2985  2483 8 
 1084.07  2990  2554 9 
 1084.1  2995  2626 8 
 1084.14  3000  2697 10 
 1084.17  3005  2769 13 
 1084.21  3010  2841 13 
 1084.24  3015  2912 12 
 1084.28  3020  2984 18 
 1084.31  3025  3056 22 
 1084.35  3030  3128 38 
 1084.38  3035  3200 37 
 1084.42  3040  3273 36 
 1084.45  3045  3345 49 
 1084.49  3050  3417 79 
 1084.52  3055  3490 83 
 1084.56  3060  3562 85 
 1084.59  3065  3635 145 
 1084.63  3070  3707 167 
 1084.66  3075  3780 241 
 1084.7  3080  3853 274 
 1084.73  3085  3926 306 
 1084.77  3090  3998 292 
 1084.8  3095  4071 419 
 1084.84  3100  4145 447 
 1084.87  3105  4218 791 
 1084.91  3110  4291 988 
 1084.94  3115  4364 1062 
 1084.98  3120  4438 1239 
 1085.01  3125  4511 1638 
 1085.05  3130  4585 1799 
 1085.08  3135  4658 1733 
 1085.12  3140  4732 2276 
 1085.15  3145  4806 2479 
 1085.19  3150  4880 3214 
 1085.22  3155  4954 2495 
 1085.26  3160  5028 2674 
 1085.29  3165  5102 4002 
 1085.33  3170  5176 4765 
 1085.36  3175  5251 4470 
 1085.4  3180  5325 3695 
 1085.43  3185  5399 5305 
 1085.47  3190  5474 6022 
 1085.5  3195  5549 4572 
 1085.54  3200  5623 5181 
 1085.57  3205  5698 6829 
 1085.61  3210  5773 6307 
 1085.64  3215  5848 5904 
 1085.68  3220  5923 5237 
 1085.71  3225  5998 4234 
 1085.75  3230  6073 4525 
 1085.78  3235  6149 5662 
 1085.82  3240  6224 6159 
 1085.85  3245  6300 5332 
 1085.89  3250  6375 4142 
end
ufIntegration time is 0.2294 seconds per sampledt  3.6E-08 cy 4dh110217Santa_Cruz 28.4633 16.2557 3.05pr1014.0dark .6 
 1114.99  2900  1280 1 
 1115.02  2905  1350 1 
 1115.06  2910  1420 1 
 1115.09  2915  1490 1 
 1115.13  2920  1561 0 
 1115.16  2925  1631 2 
 1115.2  2930  1702 1 
 1115.23  2935  1773 2 
 1115.27  2940  1843 1 
 1115.3  2945  1914 1 
 1115.34  2950  1985 1 
 1115.37  2955  2056 2 
 1115.41  2960  2127 0 
 1115.44  2965  2198 0 
 1115.48  2970  2269 2 
 1115.51  2975  2340 1 
 1115.55  2980  2411 1 
 1115.58  2985  2483 3 
 1115.61  2990  2554 2 
 1115.65  2995  2626 1 
 1115.69  3000  2697 1 
 1115.72  3005  2769 2 
 1115.75  3010  2841 2 
 1115.79  3015  2912 1 
 1115.82  3020  2984 1 
 1115.86  3025  3056 4 
 1115.9  3030  3128 3 
 1115.93  3035  3200 6 
 1115.96  3040  3273 5 
 1116  3045  3345 9 
 1116.04  3050  3417 12 
 1116.07  3055  3490 11 
 1116.1  3060  3562 14 
 1116.14  3065  3635 14 
 1116.17  3070  3707 25 
 1116.21  3075  3780 25 
 1116.24  3080  3853 26 
 1116.28  3085  3926 28 
 1116.31  3090  3998 31 
 1116.35  3095  4071 35 
 1116.38  3100  4145 36 
 1116.42  3105  4218 60 
 1116.45  3110  4291 79 
 1116.49  3115  4364 79 
 1116.52  3120  4438 83 
 1116.56  3125  4511 114 
 1116.59  3130  4585 123 
 1116.63  3135  4658 119 
 1116.66  3140  4732 158 
 1116.7  3145  4806 152 
 1116.73  3150  4880 197 
 1116.77  3155  4954 142 
 1116.8  3160  5028 156 
 1116.84  3165  5102 287 
 1116.87  3170  5176 280 
 1116.91  3175  5251 287 
 1116.94  3180  5325 231 
 1116.98  3185  5399 342 
 1117.01  3190  5474 403 
 1117.05  3195  5549 302 
 1117.08  3200  5623 351 
 1117.12  3205  5698 508 
 1117.15  3210  5773 510 
 1117.19  3215  5848 478 
 1117.22  3220  5923 394 
 1117.26  3225  5998 323 
 1117.29  3230  6073 389 
 1117.33  3235  6149 520 
 1117.36  3240  6224 596 
 1117.4  3245  6300 471 
 1117.43  3250  6375 355 
end
ufIntegration time is 0.2294 seconds per sampledt  3.6E-08 cy 4dh110217Santa_Cruz 28.4633 16.2557 3.01pr1014.0dark .8 
 1139.87  2900  1280 1 
 1139.9  2905  1350 0 
 1139.94  2910  1420 0 
 1139.97  2915  1490 0 
 1140.01  2920  1561 0 
 1140.04  2925  1631 0 
 1140.08  2930  1702 0 
 1140.11  2935  1773 1 
 1140.15  2940  1843 0 
 1140.18  2945  1914 2 
 1140.22  2950  1985 0 
 1140.25  2955  2056 0 
 1140.29  2960  2127 1 
 1140.32  2965  2198 0 
 1140.36  2970  2269 1 
 1140.39  2975  2340 0 
 1140.43  2980  2411 1 
 1140.46  2985  2483 1 
 1140.5  2990  2554 1 
 1140.53  2995  2626 1 
 1140.57  3000  2697 0 
 1140.6  3005  2769 1 
 1140.64  3010  2841 0 
 1140.67  3015  2912 0 
 1140.71  3020  2984 0 
 1140.74  3025  3056 1 
 1140.78  3030  3128 1 
 1140.81  3035  3200 1 
 1140.85  3040  3273 2 
 1140.88  3045  3345 3 
 1140.92  3050  3417 3 
 1140.95  3055  3490 2 
 1140.99  3060  3562 3 
 1141.02  3065  3635 2 
 1141.05  3070  3707 3 
 1141.09  3075  3780 4 
 1141.13  3080  3853 4 
 1141.16  3085  3926 6 
 1141.19  3090  3998 6 
 1141.23  3095  4071 5 
 1141.27  3100  4145 5 
 1141.3  3105  4218 7 
 1141.33  3110  4291 12 
 1141.37  3115  4364 10 
 1141.4  3120  4438 12 
 1141.44  3125  4511 14 
 1141.47  3130  4585 14 
 1141.51  3135  4658 14 
 1141.54  3140  4732 18 
 1141.58  3145  4806 15 
 1141.61  3150  4880 17 
 1141.65  3155  4954 15 
 1141.68  3160  5028 14 
 1141.72  3165  5102 21 
 1141.75  3170  5176 23 
 1141.79  3175  5251 26 
 1141.82  3180  5325 18 
 1141.86  3185  5399 24 
 1141.89  3190  5474 34 
 1141.93  3195  5549 25 
 1141.96  3200  5623 29 
 1142  3205  5698 34 
 1142.03  3210  5773 29 
 1142.07  3215  5848 26 
 1142.1  3220  5923 23 
 1142.14  3225  5998 17 
 1142.17  3230  6073 20 
 1142.21  3235  6149 34 
 1142.24  3240  6224 35 
 1142.28  3245  6300 33 
 1142.31  3250  6375 21 
end
