uaIntegration time is 0.2294 seconds per sampledt  3E-08 cy 1dh050119Manchester 53.47 2.23 2.804185pr1000dark 1.25 
 510.02  2900  563 2.75 
 510.09  2905  629 1.5 
 510.13  2910  694 0 
 510.19  2915  760 2 
 510.23  2920  826 2 
 510.29  2925  892 .75 
 510.33  2930  957 .5 
 510.39  2935  1024 3 
 510.43  2940  1090 1.75 
 510.49  2945  1156 2.5 
 510.53  2950  1222 2.75 
 510.59  2955  1289 2 
 510.63  2960  1356 2.25 
 510.7  2965  1422 1.5 
 510.73  2970  1489 2.5 
 510.79  2975  1556 1.75 
 510.83  2980  1623 .75 
 510.89  2985  1690 1 
 510.93  2990  1758 2 
 510.99  2995  1825 2 
 511.03  3000  1892 2.75 
 511.09  3005  1960 3 
 511.12  3010  2028 1.5 
 511.19  3015  2096 1.75 
 511.23  3020  2163 1.5 
 511.29  3025  2231 2 
 511.33  3030  2300 2.5 
 511.4  3035  2368 2.5 
 511.43  3040  2436 3.75 
 511.49  3045  2505 3.25 
 511.53  3050  2573 4.75 
 511.6  3055  2642 5.75 
 511.63  3060  2711 4 
 511.69  3065  2780 6 
 511.72  3070  2849 8.25 
 511.79  3075  2918 8.25 
 511.83  3080  2987 8.25 
 511.89  3085  3057 10 
 511.93  3090  3126 8.75 
 511.99  3095  3196 11 
 512.0301  3100  3265 12.25 
 512.0901  3105  3335 18 
 512.13  3110  3405 20.5 
 512.19  3115  3475 21 
 512.23  3120  3545 23 
 512.3  3125  3616 31 
 512.3301  3130  3686 33 
 512.39  3135  3757 31.75 
 512.43  3140  3827 39.75 
 512.49  3145  3898 38.5 
 512.5301  3150  3969 53.75 
 512.5901  3155  4040 44 
 512.62  3160  4111 43.5 
 512.69  3165  4182 64.25 
 512.73  3170  4253 80.75 
 512.79  3175  4325 86 
 512.8301  3180  4396 69.25 
 512.89  3185  4468 105.5 
 512.93  3190  4540 131.5 
 512.99  3195  4612 102.75 
 513.0301  3200  4684 111.75 
 513.1  3205  4756 167 
 513.13  3210  4828 179.5 
 513.19  3215  4900 183.25 
 513.22  3220  4973 163 
 513.29  3225  5045 135.25 
 513.3301  3230  5118 169.25 
 513.39  3235  5191 269.25 
 513.43  3240  5264 320 
 513.49  3245  5337 291.25 
 513.5301  3250  5410 228 
 513.5901  3255  5483 311 
 513.63  3260  5556 463.25 
 513.69  3265  5630 544.25 
 513.73  3270  5704 518.5 
 513.79  3275  5777 446 
 513.8301  3280  5851 350 
 513.89  3285  5925 459 
 513.93  3290  5999 650 
 514  3295  6073 773.5 
 514.0301  3300  6147 754.5 
 514.0901  3305  6222 534 
 514.13  3310  6296 512 
 514.19  3315  6371 582 
 514.22  3320  6446 714.75 
 514.29  3325  6521 752 
 514.3301  3330  6595 734.25 
 514.4001  3335  6671 617 
 514.43  3340  6746 610 
 514.5  3345  6821 764 
 514.5301  3350  6896 788 
 514.5901  3355  6972 901.25 
 514.63  3360  7048 622.25 
 514.7  3365  7123 709 
 514.73  3370  7199 559 
 514.8  3375  7275 696.75 
 514.8301  3380  7351 716 
 514.89  3385  7428 859 
 514.93  3390  7504 853 
 514.99  3395  7580 831 
 515.0301  3400  7657 943.5 
 515.1  3405  7733 833.25 
 515.13  3410  7810 856.25 
 515.19  3415  7887 818.25 
 515.23  3420  7964 982 
 515.29  3425  8041 921.5 
 515.3301  3430  8118 980.5 
 515.39  3435  8196 903.5 
 515.43  3440  8273 655.25 
 515.49  3445  8351 677.25 
 515.5301  3450  8428 923.25 
 515.5901  3455  8506 930.25 
 515.63  3460  8584 804.5 
 515.69  3465  8662 911 
 515.73  3470  8740 961 
 515.8  3475  8818 791.5 
 515.8301  3480  8897 890.75 
 515.89  3485  8975 895 
 515.93  3490  9054 844.75 
 515.99  3495  9132 843.5 
 516.0201  3500  9211 1027.5 
 516.18  3505  7411 984.5 
 516.36  3510  7492 899 
 516.4001  3515  7573 830.75 
 516.4601  3520  7653 903 
 516.49  3525  7734 705.75 
 516.56  3530  7815 890.25 
 516.6  3535  7896 952 
 516.66  3540  7978 984 
 516.7  3545  8059 1007.25 
 516.76  3550  8141 1001.5 
 516.79  3555  8222 893.75 
 516.86  3560  8304 937.5 
 516.9001  3565  8386 816.75 
 516.9601  3570  8468 670.5 
 517  3575  8550 808.75 
 517.06  3580  8633 628.5 
 517.0901  3585  8715 553.25 
 517.16  3590  8798 752.75 
 517.19  3595  8881 939.25 
 517.26  3600  8963 993.5 
 517.3  3605  9046 788.75 
 517.36  3610  9130 713.5 
 517.4001  3615  9213 830.25 
 517.4601  3620  9296 703.25 
 517.49  3625  9380 980.75 
 517.56  3630  9463 858.25 
end
uaIntegration time is 0.2294 seconds per sampledt  3E-08 cy 1dh050119Manchester 53.47 2.23 2.804185pr1000dark 1.8 
 540.02  2900  563 1.25 
 540.09  2905  629 2.5 
 540.12  2910  694 0 
 540.19  2915  760 .5 
 540.23  2920  826 .75 
 540.3  2925  892 2 
 540.33  2930  957 1.25 
 540.39  2935  1024 2 
 540.43  2940  1090 1.75 
 540.49  2945  1156 1.75 
 540.53  2950  1222 .75 
 540.59  2955  1289 1 
 540.63  2960  1356 .75 
 540.69  2965  1422 .5 
 540.72  2970  1489 2.25 
 540.8  2975  1556 2.75 
 540.83  2980  1623 1.75 
 540.89  2985  1690 .5 
 540.93  2990  1758 1.75 
 541  2995  1825 1 
 541.03  3000  1892 1.25 
 541.09  3005  1960 2 
 541.13  3010  2028 2.5 
 541.19  3015  2096 2.5 
 541.22  3020  2163 2.25 
 541.29  3025  2231 3.25 
 541.33  3030  2300 3.5 
 541.39  3035  2368 7.25 
 541.43  3040  2436 4.5 
 541.49  3045  2505 6 
 541.53  3050  2573 7.25 
 541.6  3055  2642 8.25 
 541.63  3060  2711 6.5 
 541.7  3065  2780 9 
 541.73  3070  2849 14.25 
 541.79  3075  2918 18.25 
 541.83  3080  2987 18 
 541.89  3085  3057 20 
 541.92  3090  3126 20.25 
 541.99  3095  3196 25 
 542.03  3100  3265 25.75 
 542.09  3105  3335 40.75 
 542.13  3110  3405 55.25 
 542.19  3115  3475 53.5 
 542.23  3120  3545 60 
 542.29  3125  3616 74.5 
 542.32  3130  3686 85 
 542.4  3135  3757 81.25 
 542.43  3140  3827 109.25 
 542.49  3145  3898 115 
 542.53  3150  3969 159 
 542.59  3155  4040 133.5 
 542.62  3160  4111 130.5 
 542.69  3165  4182 206.75 
 542.73  3170  4253 259.75 
 542.79  3175  4325 259.5 
 542.83  3180  4396 228.75 
 542.89  3185  4468 352.5 
 542.93  3190  4540 452.75 
 542.99  3195  4612 326.5 
 543.03  3200  4684 394.5 
 543.09  3205  4756 570.5 
 543.13  3210  4828 613 
 543.19  3215  4900 611.25 
 543.23  3220  4973 550.25 
 543.3  3225  5045 457 
 543.33  3230  5118 568.75 
 543.39  3235  5191 834 
 543.43  3240  5264 1014.5 
 543.49  3245  5337 926.25 
 543.53  3250  5410 739.25 
 543.59  3255  5483 1018.75 
 543.63  3260  5556 1433.5 
 543.69  3265  5630 1608.5 
 543.73  3270  5704 1540.75 
 543.79  3275  5777 1374.5 
 543.83  3280  5851 1122.75 
 543.9  3285  5925 1355.75 
 543.93  3290  5999 1848.5 
 543.99  3295  6073 2151.25 
 544.03  3300  6147 2108.75 
 544.09  3305  6222 1577.25 
 544.13  3310  6296 1554.75 
 544.19  3315  6371 1669.25 
 544.23  3320  6446 1953.5 
 544.29  3325  6521 2010.75 
 544.33  3330  6595 1946 
 544.39  3335  6671 1680.5 
 544.43  3340  6746 1704 
 544.49  3345  6821 2072.25 
 544.53  3350  6896 2034.75 
 544.59  3355  6972 2335.25 
 544.63  3360  7048 1638.75 
 544.69  3365  7123 1890 
 544.73  3370  7199 1498.5 
 544.79  3375  7275 1860.25 
 544.83  3380  7351 1851.5 
 544.89  3385  7428 2146 
 544.93  3390  7504 2170.75 
 545  3395  7580 2099 
 545.03  3400  7657 2429.25 
 545.09  3405  7733 2170.75 
 545.13  3410  7810 2179 
 545.2  3415  7887 2042 
 545.23  3420  7964 2415.5 
 545.3  3425  8041 2253.75 
 545.33  3430  8118 2437 
 545.4  3435  8196 2253.25 
 545.43  3440  8273 1665.75 
 545.49  3445  8351 1707.25 
 545.53  3450  8428 2249.5 
 545.59  3455  8506 2297 
 545.63  3460  8584 1996.75 
 545.69  3465  8662 2248.25 
 545.73  3470  8740 2351.25 
 545.79  3475  8818 1900.75 
 545.83  3480  8897 2225 
 545.89  3485  8975 2192.5 
 545.93  3490  9054 2013 
 546  3495  9132 2041.75 
 546.03  3500  9211 2457.25 
 546.18  3505  7411 2372.75 
 546.36  3510  7492 2156.75 
 546.4  3515  7573 2015 
 546.46  3520  7653 2201 
 546.49  3525  7734 1721.75 
 546.56  3530  7815 2142.25 
 546.6  3535  7896 2294.75 
 546.66  3540  7978 2400.75 
 546.69  3545  8059 2410.75 
 546.76  3550  8141 2406.25 
 546.8  3555  8222 2177.75 
 546.86  3560  8304 2260.5 
 546.9  3565  8386 1910.75 
 546.96  3570  8468 1598.5 
 547  3575  8550 1929.75 
 547.06  3580  8633 1530.75 
 547.1  3585  8715 1331.75 
 547.16  3590  8798 1826.25 
 547.2  3595  8881 2253 
 547.26  3600  8963 2359.75 
 547.3  3605  9046 1892 
 547.36  3610  9130 1739.25 
 547.39  3615  9213 1984 
 547.46  3620  9296 1688.75 
 547.5  3625  9380 2319.5 
 547.56  3630  9463 2068.75 
end
uaIntegration time is 0.2294 seconds per sampledt  3E-08 cy 1dh050119Manchester 53.47 2.23 2.804185pr1000dark 1.75 
 570.02  2900  563 1.25 
 570.09  2905  629 .5 
 570.13  2910  694 2.75 
 570.19  2915  760 1.25 
 570.23  2920  826 1.5 
 570.3  2925  892 1.25 
 570.33  2930  957 .5 
 570.4  2935  1024 2.5 
 570.43  2940  1090 .5 
 570.49  2945  1156 2.25 
 570.53  2950  1222 2.25 
 570.59  2955  1289 2 
 570.62  2960  1356 2 
 570.69  2965  1422 1.25 
 570.72  2970  1489 1.75 
 570.79  2975  1556 2.5 
 570.83  2980  1623 .5 
 570.89  2985  1690 .75 
 570.92  2990  1758 1.5 
 570.99  2995  1825 2 
 571.03  3000  1892 1 
 571.09  3005  1960 2.75 
 571.12  3010  2028 2.75 
 571.19  3015  2096 2.5 
 571.23  3020  2163 2.75 
 571.29  3025  2231 3.25 
 571.33  3030  2300 4.5 
 571.39  3035  2368 5.25 
 571.43  3040  2436 5 
 571.49  3045  2505 7.25 
 571.52  3050  2573 11.5 
 571.6  3055  2642 12 
 571.63  3060  2711 12 
 571.69  3065  2780 14.25 
 571.73  3070  2849 20.25 
 571.79  3075  2918 27.75 
 571.83  3080  2987 27.5 
 571.9  3085  3057 31.75 
 571.93  3090  3126 31 
 571.99  3095  3196 39.25 
 572.03  3100  3265 46 
 572.1  3105  3335 67 
 572.13  3110  3405 94.25 
 572.19  3115  3475 96.5 
 572.23  3120  3545 111.25 
 572.29  3125  3616 148.25 
 572.33  3130  3686 170 
 572.39  3135  3757 163.5 
 572.43  3140  3827 229.25 
 572.49  3145  3898 240.5 
 572.53  3150  3969 323.5 
 572.59  3155  4040 274.5 
 572.63  3160  4111 274.25 
 572.69  3165  4182 438.25 
 572.73  3170  4253 537.25 
 572.79  3175  4325 541.25 
 572.83  3180  4396 473.5 
 572.89  3185  4468 708.75 
 572.93  3190  4540 857.25 
 572.99  3195  4612 667.5 
 573.03  3200  4684 778.75 
 573.09  3205  4756 1097 
 573.12  3210  4828 1120.25 
 573.19  3215  4900 1111.25 
 573.22  3220  4973 1050.5 
 573.29  3225  5045 900.25 
 573.33  3230  5118 1033.5 
 573.39  3235  5191 1447 
 573.43  3240  5264 1706.75 
 573.5  3245  5337 1600.25 
 573.53  3250  5410 1342 
 573.59  3255  5483 1809.25 
 573.63  3260  5556 2407.5 
 573.69  3265  5630 2608.5 
 573.73  3270  5704 2557 
 573.8  3275  5777 2308.25 
 573.83  3280  5851 1959 
 573.89  3285  5925 2239 
 573.93  3290  5999 2929 
 573.99  3295  6073 3311.25 
 574.03  3300  6147 3308.25 
 574.09  3305  6222 2556.5 
 574.13  3310  6296 2517.5 
 574.19  3315  6371 2665 
 574.23  3320  6446 3045.75 
 574.29  3325  6521 3105 
 574.33  3330  6595 2989.75 
 574.4  3335  6671 2640.75 
 574.43  3340  6746 2690.75 
 574.49  3345  6821 3190.75 
 574.53  3350  6896 3098.5 
 574.59  3355  6972 3538 
 574.63  3360  7048 2425.75 
 574.69  3365  7123 2890 
 574.73  3370  7199 2310.75 
 574.79  3375  7275 2898.5 
 574.83  3380  7351 2839.25 
 574.9  3385  7428 3268.25 
 574.93  3390  7504 3223.25 
 575  3395  7580 3203 
 575.03  3400  7657 3648.5 
 575.09  3405  7733 3318.5 
 575.13  3410  7810 3258 
 575.2  3415  7887 3042.5 
 575.23  3420  7964 3608.5 
 575.3  3425  8041 3365.5 
 575.33  3430  8118 3635.5 
 575.39  3435  8196 3394 
 575.43  3440  8273 2459.25 
 575.49  3445  8351 2601.25 
 575.53  3450  8428 3349.5 
 575.6  3455  8506 3443.75 
 575.63  3460  8584 2949.25 
 575.69  3465  8662 3329.25 
 575.73  3470  8740 3543.75 
 575.79  3475  8818 2864 
 575.83  3480  8897 3312.75 
 575.89  3485  8975 3282.25 
 575.93  3490  9054 2974.75 
 575.99  3495  9132 3026 
 576.03  3500  9211 3735.25 
 576.18  3505  7411 3539 
 576.36  3510  7492 3202 
 576.4  3515  7573 3063 
 576.46  3520  7653 3278.25 
 576.5  3525  7734 2563.75 
 576.56  3530  7815 3217.25 
 576.6  3535  7896 3436.75 
 576.66  3540  7978 3545.25 
 576.7  3545  8059 3577 
 576.76  3550  8141 3566.5 
 576.79  3555  8222 3183.75 
 576.86  3560  8304 3356.5 
 576.89  3565  8386 2837.5 
 576.96  3570  8468 2378.75 
 576.99  3575  8550 2838.75 
 577.06  3580  8633 2247.25 
 577.1  3585  8715 1926 
 577.16  3590  8798 2663 
 577.2  3595  8881 3254.75 
 577.26  3600  8963 3478 
 577.3  3605  9046 2731.75 
 577.36  3610  9130 2503.75 
 577.39  3615  9213 2937.75 
 577.46  3620  9296 2462 
 577.49  3625  9380 3395.5 
 577.56  3630  9463 2954 
end
uaIntegration time is 0.2294 seconds per sampledt  3E-08 cy 1dh050119Manchester 53.47 2.23 2.804185pr1000dark 1.55 
 600.02  2900  563 2.25 
 600.09  2905  629 1.75 
 600.12  2910  694 2.5 
 600.19  2915  760 0 
 600.23  2920  826 2 
 600.29  2925  892 1 
 600.33  2930  957 2 
 600.39  2935  1024 .75 
 600.43  2940  1090 2.25 
 600.49  2945  1156 3.25 
 600.53  2950  1222 .75 
 600.6  2955  1289 1 
 600.63  2960  1356 .75 
 600.69  2965  1422 .75 
 600.73  2970  1489 1 
 600.79  2975  1556 .25 
 600.83  2980  1623 2.75 
 600.89  2985  1690 2.25 
 600.93  2990  1758 1.75 
 600.99  2995  1825 1.5 
 601.03  3000  1892 .75 
 601.09  3005  1960 2 
 601.13  3010  2028 2 
 601.19  3015  2096 2.75 
 601.23  3020  2163 3 
 601.29  3025  2231 3.25 
 601.32  3030  2300 5 
 601.39  3035  2368 6.75 
 601.43  3040  2436 7 
 601.49  3045  2505 7.25 
 601.53  3050  2573 12.75 
 601.59  3055  2642 16.25 
 601.63  3060  2711 14.75 
 601.7  3065  2780 17.5 
 601.73  3070  2849 28.25 
 601.79  3075  2918 41 
 601.83  3080  2987 41.75 
 601.89  3085  3057 52.75 
 601.93  3090  3126 48.75 
 601.99  3095  3196 67.5 
 602.03  3100  3265 74.25 
 602.1  3105  3335 115.5 
 602.13  3110  3405 160 
 602.19  3115  3475 168 
 602.23  3120  3545 199.25 
 602.3  3125  3616 256.75 
 602.33  3130  3686 289.25 
 602.39  3135  3757 294.75 
 602.43  3140  3827 392.75 
 602.49  3145  3898 407.5 
 602.52  3150  3969 559.25 
 602.59  3155  4040 452.25 
 602.62  3160  4111 451.75 
 602.7  3165  4182 708.5 
 602.73  3170  4253 895.25 
 602.79  3175  4325 875 
 602.83  3180  4396 766.25 
 602.9  3185  4468 1079.75 
 602.93  3190  4540 1326.25 
 602.99  3195  4612 1058.25 
 603.02  3200  4684 1243.75 
 603.09  3205  4756 1670.75 
 603.12  3210  4828 1660.25 
 603.19  3215  4900 1647.25 
 603.23  3220  4973 1608.5 
 603.29  3225  5045 1389.25 
 603.33  3230  5118 1497.25 
 603.39  3235  5191 2051 
 603.43  3240  5264 2402.25 
 603.49  3245  5337 2325 
 603.53  3250  5410 1984.75 
 603.59  3255  5483 2576.5 
 603.62  3260  5556 3364.25 
 603.69  3265  5630 3605.75 
 603.73  3270  5704 3526.5 
 603.79  3275  5777 3219.5 
 603.83  3280  5851 2806 
 603.89  3285  5925 3102 
 603.92  3290  5999 3969 
 603.99  3295  6073 4529.25 
 604.03  3300  6147 4487 
 604.09  3305  6222 3541.25 
 604.13  3310  6296 3535.25 
 604.19  3315  6371 3668 
 604.23  3320  6446 4117 
 604.29  3325  6521 4084.5 
 604.32  3330  6595 4065 
 604.39  3335  6671 3636.75 
 604.43  3340  6746 3674.5 
 604.5  3345  6821 4300.5 
 604.53  3350  6896 4144.5 
 604.59  3355  6972 4709.75 
 604.63  3360  7048 3307.5 
 604.7  3365  7123 3903.25 
 604.73  3370  7199 3143.5 
 604.79  3375  7275 3893 
 604.83  3380  7351 3827.75 
 604.89  3385  7428 4396.5 
 604.93  3390  7504 4354.25 
 604.99  3395  7580 4255.75 
 605.03  3400  7657 4911.25 
 605.09  3405  7733 4432.75 
 605.13  3410  7810 4380.75 
 605.19  3415  7887 4047.75 
 605.23  3420  7964 4828.75 
 605.29  3425  8041 4456.5 
 605.33  3430  8118 4833.5 
 605.39  3435  8196 4501 
 605.43  3440  8273 3316.25 
 605.5  3445  8351 3419 
 605.53  3450  8428 4392.5 
 605.59  3455  8506 4544.5 
 605.63  3460  8584 3877.75 
 605.69  3465  8662 4408.25 
 605.73  3470  8740 4650.5 
 605.8  3475  8818 3755.75 
 605.83  3480  8897 4314.75 
 605.89  3485  8975 4304.5 
 605.92  3490  9054 3965 
 605.99  3495  9132 3970.75 
 606.03  3500  9211 4828.5 
 606.18  3505  7411 4623.5 
 606.36  3510  7492 4138.5 
 606.39  3515  7573 3903.5 
 606.46  3520  7653 4232.25 
 606.5  3525  7734 3286.5 
 606.56  3530  7815 4111.75 
 606.59  3535  7896 4352 
 606.66  3540  7978 4555.25 
 606.69  3545  8059 4551.75 
 606.76  3550  8141 4546 
 606.8  3555  8222 4066.5 
 606.86  3560  8304 4227.75 
 606.9  3565  8386 3615.25 
 606.96  3570  8468 2978 
 607  3575  8550 3577.75 
 607.06  3580  8633 2838.5 
 607.1  3585  8715 2467.25 
 607.16  3590  8798 3364 
 607.2  3595  8881 4165 
 607.26  3600  8963 4430.25 
 607.3  3605  9046 3484.5 
 607.36  3610  9130 3160.5 
 607.39  3615  9213 3672.75 
 607.46  3620  9296 3136.75 
 607.5  3625  9380 4278.5 
 607.56  3630  9463 3777.25 
end
uaIntegration time is 0.2294 seconds per sampledt  3E-08 cy 1dh050119Manchester 53.47 2.23 2.804185pr1000dark 1.25 
 690.02  2900  563 .25 
 690.09  2905  629 2 
 690.13  2910  694 1.25 
 690.19  2915  760 1.25 
 690.23  2920  826 1 
 690.29  2925  892 1.75 
 690.33  2930  957 2.25 
 690.39  2935  1024 1 
 690.43  2940  1090 .5 
 690.49  2945  1156 1.25 
 690.53  2950  1222 2 
 690.59  2955  1289 1.75 
 690.63  2960  1356 1.25 
 690.7  2965  1422 1.25 
 690.73  2970  1489 2.5 
 690.8  2975  1556 1.75 
 690.83  2980  1623 1.75 
 690.89  2985  1690 2.75 
 690.93  2990  1758 2.25 
 691  2995  1825 1.5 
 691.03  3000  1892 2.75 
 691.09  3005  1960 2.75 
 691.13  3010  2028 2.5 
 691.19  3015  2096 3.25 
 691.23  3020  2163 5.25 
 691.29  3025  2231 6 
 691.33  3030  2300 10.5 
 691.39  3035  2368 12.5 
 691.43  3040  2436 14.75 
 691.49  3045  2505 21 
 691.53  3050  2573 30.75 
 691.59  3055  2642 41.75 
 691.63  3060  2711 36.25 
 691.69  3065  2780 49.5 
 691.72  3070  2849 81.75 
 691.8  3075  2918 123.75 
 691.83  3080  2987 129 
 691.89  3085  3057 162.75 
 691.93  3090  3126 163 
 691.99  3095  3196 204.25 
 692.03  3100  3265 244.25 
 692.09  3105  3335 373.5 
 692.12  3110  3405 513.25 
 692.19  3115  3475 525.25 
 692.23  3120  3545 597 
 692.29  3125  3616 777.25 
 692.33  3130  3686 868.5 
 692.39  3135  3757 857.75 
 692.43  3140  3827 1126.75 
 692.5  3145  3898 1113.5 
 692.53  3150  3969 1499.75 
 692.59  3155  4040 1318.25 
 692.63  3160  4111 1187.25 
 692.69  3165  4182 1818.75 
 692.73  3170  4253 2246.5 
 692.79  3175  4325 2367.25 
 692.83  3180  4396 1949.5 
 692.89  3185  4468 2501.5 
 692.93  3190  4540 3161.75 
 692.99  3195  4612 2513.5 
 693.03  3200  4684 2984.75 
 693.09  3205  4756 3827.75 
 693.13  3210  4828 3802 
 693.2  3215  4900 3556.75 
 693.23  3220  4973 3734.25 
 693.29  3225  5045 3248.25 
 693.33  3230  5118 3294.75 
 693.39  3235  5191 4247 
 693.43  3240  5264 4980.5 
 693.49  3245  5337 5038.75 
 693.53  3250  5410 4365 
 693.6  3255  5483 5475.75 
 693.63  3260  5556 6978 
 693.69  3265  5630 7218 
 693.73  3270  5704 7251.75 
 693.79  3275  5777 6775.75 
 693.83  3280  5851 5938.5 
 693.89  3285  5925 6345 
 693.93  3290  5999 7694.75 
 693.99  3295  6073 8900 
 694.03  3300  6147 8937.75 
 694.1  3305  6222 7215.25 
 694.13  3310  6296 7106.25 
 694.19  3315  6371 7229 
 694.23  3320  6446 7972 
 694.29  3325  6521 7933.5 
 694.33  3330  6595 7853 
 694.4  3335  6671 7169.25 
 694.43  3340  6746 7119.5 
 694.49  3345  6821 8275.5 
 694.53  3350  6896 7886.25 
 694.59  3355  6972 8992.25 
 694.63  3360  7048 6372.5 
 694.7  3365  7123 7367.25 
 694.73  3370  7199 6077.25 
 694.79  3375  7275 7279.75 
 694.83  3380  7351 7328 
 694.89  3385  7428 8094.5 
 694.93  3390  7504 8207.75 
 695  3395  7580 7775.25 
 695.03  3400  7657 9267.25 
 695.09  3405  7733 8406.75 
 695.13  3410  7810 8095.5 
 695.19  3415  7887 7447.75 
 695.23  3420  7964 8850 
 695.29  3425  8041 8189.75 
 695.33  3430  8118 8937.5 
 695.39  3435  8196 8335.75 
 695.43  3440  8273 6354.25 
 695.49  3445  8351 6085 
 695.53  3450  8428 8055.25 
 695.6  3455  8506 8394.75 
 695.63  3460  8584 7134 
 695.69  3465  8662 7998 
 695.73  3470  8740 8501 
 695.79  3475  8818 6955 
 695.83  3480  8897 7838.5 
 695.9  3485  8975 7798.75 
 695.93  3490  9054 7295 
 695.99  3495  9132 7231.75 
 696.03  3500  9211 8677.75 
 696.18  3505  7411 8512 
 696.37  3510  7492 7748 
 696.4  3515  7573 7035.25 
 696.46  3520  7653 7898.75 
 696.5  3525  7734 6045.5 
 696.56  3530  7815 7520.5 
 696.59  3535  7896 7994.25 
 696.66  3540  7978 8335.5 
 696.7  3545  8059 8434.75 
 696.76  3550  8141 8461.5 
 696.8  3555  8222 7537 
 696.86  3560  8304 7813.75 
 696.89  3565  8386 6891.75 
 696.96  3570  8468 5519.25 
 696.99  3575  8550 6663.75 
 697.06  3580  8633 5420.25 
 697.1  3585  8715 4523.5 
 697.16  3590  8798 6079.75 
 697.2  3595  8881 7711.75 
 697.26  3600  8963 8307.5 
 697.3  3605  9046 6643 
 697.36  3610  9130 5903 
 697.4  3615  9213 6931 
 697.46  3620  9296 5707.75 
 697.5  3625  9380 7866.25 
 697.56  3630  9463 7386.75 
end
uaIntegration time is 0.2294 seconds per sampledt  3E-08 cy 1dh050119Manchester 53.47 2.23 2.804185pr1000dark 1.75 
 720.02  2900  563 1.5 
 720.09  2905  629 2 
 720.13  2910  694 2.5 
 720.19  2915  760 2.75 
 720.23  2920  826 2.5 
 720.29  2925  892 1.75 
 720.33  2930  957 1 
 720.39  2935  1024 2.25 
 720.42  2940  1090 1.25 
 720.49  2945  1156 2 
 720.53  2950  1222 1 
 720.59  2955  1289 2 
 720.63  2960  1356 .5 
 720.69  2965  1422 4 
 720.73  2970  1489 1.5 
 720.79  2975  1556 1.75 
 720.82  2980  1623 1.25 
 720.89  2985  1690 1.25 
 720.93  2990  1758 2.5 
 720.99  2995  1825 3 
 721.03  3000  1892 2.25 
 721.09  3005  1960 3.5 
 721.13  3010  2028 5.75 
 721.19  3015  2096 5.25 
 721.23  3020  2163 4.75 
 721.29  3025  2231 11.5 
 721.33  3030  2300 16.5 
 721.39  3035  2368 26.25 
 721.43  3040  2436 22 
 721.49  3045  2505 32.75 
 721.52  3050  2573 54.75 
 721.59  3055  2642 66.5 
 721.62  3060  2711 64.75 
 721.69  3065  2780 84.25 
 721.72  3070  2849 141.75 
 721.79  3075  2918 192.75 
 721.83  3080  2987 208.75 
 721.89  3085  3057 267.75 
 721.92  3090  3126 257.25 
 721.99  3095  3196 354.75 
 722.03  3100  3265 400.25 
 722.1  3105  3335 641.25 
 722.13  3110  3405 836.25 
 722.19  3115  3475 885.25 
 722.23  3120  3545 993.5 
 722.29  3125  3616 1281.25 
 722.33  3130  3686 1414.75 
 722.39  3135  3757 1415.75 
 722.43  3140  3827 1851.25 
 722.49  3145  3898 1859.5 
 722.53  3150  3969 2465.75 
 722.59  3155  4040 2011.5 
 722.63  3160  4111 1970.25 
 722.69  3165  4182 2988.5 
 722.73  3170  4253 3636.75 
 722.79  3175  4325 3691 
 722.82  3180  4396 3042.75 
 722.89  3185  4468 4133.75 
 722.93  3190  4540 4824.75 
 722.99  3195  4612 3993.75 
 723.03  3200  4684 4759.75 
 723.09  3205  4756 6119.75 
 723.13  3210  4828 5710.75 
 723.19  3215  4900 5584.75 
 723.23  3220  4973 5690.75 
 723.29  3225  5045 4920.5 
 723.32  3230  5118 5230.25 
 723.39  3235  5191 6689.25 
 723.43  3240  5264 7797 
 723.49  3245  5337 7630.25 
 723.53  3250  5410 6720.5 
 723.59  3255  5483 8679 
 723.63  3260  5556 10796.5 
 723.69  3265  5630 11127 
 723.73  3270  5704 10953 
 723.79  3275  5777 10179 
 723.83  3280  5851 9074 
 723.89  3285  5925 9781.75 
 723.93  3290  5999 12092.25 
 723.99  3295  6073 13513.5 
 724.03  3300  6147 13508 
 724.09  3305  6222 10768.75 
 724.13  3310  6296 10885.25 
 724.2  3315  6371 11192.75 
 724.23  3320  6446 12117.75 
 724.29  3325  6521 12124.5 
 724.33  3330  6595 11934.5 
 724.39  3335  6671 10710 
 724.43  3340  6746 11074.5 
 724.5  3345  6821 12608.25 
 724.53  3350  6896 11984.75 
 724.59  3355  6972 13539.75 
 724.63  3360  7048 9348 
 724.7  3365  7123 11289 
 724.73  3370  7199 9045.5 
 724.79  3375  7275 11398.75 
 724.83  3380  7351 10867.25 
 724.9  3385  7428 12457 
 724.93  3390  7504 12212.25 
 724.99  3395  7580 11973.5 
 725.03  3400  7657 14015.5 
 725.1  3405  7733 12495.25 
 725.13  3410  7810 12159.25 
 725.19  3415  7887 11373.5 
 725.23  3420  7964 13341 
 725.29  3425  8041 12468 
 725.33  3430  8118 13459.25 
 725.39  3435  8196 12506.25 
 725.43  3440  8273 9051.5 
 725.49  3445  8351 9627 
 725.53  3450  8428 12320 
 725.59  3455  8506 12552.25 
 725.62  3460  8584 10795.5 
 725.69  3465  8662 12171.25 
 725.73  3470  8740 12814.25 
 725.8  3475  8818 10314.75 
 725.83  3480  8897 11944.75 
 725.89  3485  8975 11821 
 725.93  3490  9054 10760.25 
 726  3495  9132 10923.25 
 726.03  3500  9211 13283 
 726.18  3505  7411 12547.5 
 726.36  3510  7492 11327.5 
 726.4  3515  7573 10749.25 
 726.46  3520  7653 11609.25 
 726.5  3525  7734 9011.25 
 726.56  3530  7815 11387.75 
 726.59  3535  7896 11968.5 
 726.66  3540  7978 12417 
 726.7  3545  8059 12585 
 726.76  3550  8141 12439 
 726.79  3555  8222 11186.75 
 726.86  3560  8304 11636 
 726.9  3565  8386 9830.5 
 726.96  3570  8468 8218.75 
 726.99  3575  8550 9972 
 727.06  3580  8633 7701 
 727.1  3585  8715 6711.5 
 727.16  3590  8798 9300.5 
 727.2  3595  8881 11476 
 727.26  3600  8963 12105.75 
 727.29  3605  9046 9531.25 
 727.36  3610  9130 8761.25 
 727.39  3615  9213 10074.5 
 727.46  3620  9296 8540.25 
 727.5  3625  9380 11851 
 727.56  3630  9463 10203 
end
uaIntegration time is 0.2294 seconds per sampledt  3E-08 cy 1dh050119Manchester 53.47 2.23 2.804185pr1000dark 1.65 
 750.02  2900  563 2 
 750.09  2905  629 1.5 
 750.12  2910  694 2.5 
 750.19  2915  760 2 
 750.23  2920  826 1 
 750.29  2925  892 2 
 750.32  2930  957 .25 
 750.39  2935  1024 2.5 
 750.43  2940  1090 1.25 
 750.49  2945  1156 1.75 
 750.52  2950  1222 1.5 
 750.59  2955  1289 1.75 
 750.63  2960  1356 .5 
 750.69  2965  1422 1.5 
 750.73  2970  1489 .25 
 750.79  2975  1556 .75 
 750.83  2980  1623 1.25 
 750.89  2985  1690 1.75 
 750.92  2990  1758 1.5 
 750.99  2995  1825 1.75 
 751.03  3000  1892 2.75 
 751.09  3005  1960 3.25 
 751.12  3010  2028 3.25 
 751.2  3015  2096 4.5 
 751.23  3020  2163 4.75 
 751.29  3025  2231 8.5 
 751.33  3030  2300 13.75 
 751.39  3035  2368 18.25 
 751.42  3040  2436 16.75 
 751.49  3045  2505 26 
 751.52  3050  2573 41.75 
 751.59  3055  2642 52.25 
 751.63  3060  2711 48.5 
 751.69  3065  2780 65.5 
 751.73  3070  2849 109.5 
 751.79  3075  2918 148.5 
 751.83  3080  2987 169.5 
 751.89  3085  3057 197.5 
 751.93  3090  3126 198 
 752  3095  3196 275.75 
 752.03  3100  3265 304 
 752.09  3105  3335 491.25 
 752.13  3110  3405 652.5 
 752.2  3115  3475 677.5 
 752.23  3120  3545 753.5 
 752.29  3125  3616 1004.75 
 752.33  3130  3686 1081.75 
 752.39  3135  3757 1095.5 
 752.43  3140  3827 1421.75 
 752.49  3145  3898 1431.75 
 752.53  3150  3969 1894.25 
 752.6  3155  4040 1574 
 752.63  3160  4111 1524.25 
 752.69  3165  4182 2311.75 
 752.72  3170  4253 2799.25 
 752.79  3175  4325 2830.25 
 752.83  3180  4396 2343.75 
 752.9  3185  4468 3185.25 
 752.93  3190  4540 3774 
 752.99  3195  4612 3110.75 
 753.03  3200  4684 3654 
 753.09  3205  4756 4727.75 
 753.13  3210  4828 4473.75 
 753.19  3215  4900 4352.75 
 753.22  3220  4973 4444 
 753.29  3225  5045 3784 
 753.33  3230  5118 4014 
 753.39  3235  5191 5211 
 753.43  3240  5264 6047 
 753.49  3245  5337 5939.75 
 753.52  3250  5410 5209.5 
 753.59  3255  5483 6722 
 753.63  3260  5556 8385 
 753.7  3265  5630 8734.75 
 753.73  3270  5704 8566.75 
 753.79  3275  5777 8061.75 
 753.83  3280  5851 7178.5 
 753.89  3285  5925 7672.75 
 753.93  3290  5999 9484.5 
 753.99  3295  6073 10736 
 754.02  3300  6147 10709.75 
 754.09  3305  6222 8540 
 754.13  3310  6296 8642.5 
 754.19  3315  6371 8870.75 
 754.23  3320  6446 9650 
 754.3  3325  6521 9682.5 
 754.33  3330  6595 9542.75 
 754.39  3335  6671 8639.75 
 754.43  3340  6746 8855.25 
 754.5  3345  6821 10107.5 
 754.53  3350  6896 9707.5 
 754.59  3355  6972 10963 
 754.63  3360  7048 7587.5 
 754.69  3365  7123 9123 
 754.73  3370  7199 7349 
 754.79  3375  7275 9241.25 
 754.83  3380  7351 8852.5 
 754.89  3385  7428 10064 
 754.93  3390  7504 9934 
 754.99  3395  7580 9682 
 755.03  3400  7657 11262.25 
 755.09  3405  7733 10120.5 
 755.13  3410  7810 9846.5 
 755.19  3415  7887 9147.75 
 755.22  3420  7964 10764.5 
 755.29  3425  8041 9991 
 755.33  3430  8118 10799.25 
 755.39  3435  8196 10104 
 755.43  3440  8273 7367.5 
 755.49  3445  8351 7603.75 
 755.53  3450  8428 9850 
 755.6  3455  8506 10031.5 
 755.63  3460  8584 8643.5 
 755.69  3465  8662 9631.75 
 755.73  3470  8740 10191.75 
 755.8  3475  8818 8181.5 
 755.83  3480  8897 9491.75 
 755.89  3485  8975 9317.25 
 755.93  3490  9054 8538.75 
 756  3495  9132 8561.25 
 756.03  3500  9211 10476.25 
 756.18  3505  7411 9870 
 756.36  3510  7492 8847.75 
 756.4  3515  7573 8314.75 
 756.46  3520  7653 9016.25 
 756.5  3525  7734 6985.5 
 756.56  3530  7815 8767.5 
 756.59  3535  7896 9226 
 756.66  3540  7978 9537.75 
 756.69  3545  8059 9660.75 
 756.76  3550  8141 9604.75 
 756.8  3555  8222 8571.5 
 756.86  3560  8304 8926.25 
 756.9  3565  8386 7591.5 
 756.96  3570  8468 6277.25 
 757  3575  8550 7596.5 
 757.06  3580  8633 5918.75 
 757.1  3585  8715 5135.25 
 757.16  3590  8798 7119 
 757.2  3595  8881 8835.5 
 757.26  3600  8963 9276.75 
 757.3  3605  9046 7319.75 
 757.36  3610  9130 6652.25 
 757.39  3615  9213 7694.5 
 757.46  3620  9296 6509 
 757.49  3625  9380 8963.75 
 757.56  3630  9463 7858.75 
end
uaIntegration time is 0.2294 seconds per sampledt  3E-08 cy 1dh050119Manchester 53.47 2.23 2.804185pr1000dark 1.35 
 780.02  2900  563 2.5 
 780.09  2905  629 1.25 
 780.13  2910  694 1.5 
 780.19  2915  760 1.25 
 780.23  2920  826 0 
 780.29  2925  892 2.25 
 780.32  2930  957 1 
 780.39  2935  1024 3.25 
 780.43  2940  1090 1 
 780.49  2945  1156 0 
 780.53  2950  1222 1.25 
 780.59  2955  1289 1.5 
 780.63  2960  1356 0 
 780.69  2965  1422 1.5 
 780.73  2970  1489 .75 
 780.79  2975  1556 2.25 
 780.83  2980  1623 3.25 
 780.89  2985  1690 3.5 
 780.92  2990  1758 1.75 
 780.99  2995  1825 1.75 
 781.02  3000  1892 2.5 
 781.09  3005  1960 3 
 781.13  3010  2028 3.75 
 781.19  3015  2096 4.25 
 781.23  3020  2163 5.25 
 781.29  3025  2231 7 
 781.32  3030  2300 10.75 
 781.39  3035  2368 15.25 
 781.43  3040  2436 13.75 
 781.49  3045  2505 21 
 781.53  3050  2573 33.25 
 781.6  3055  2642 38.75 
 781.63  3060  2711 36.75 
 781.69  3065  2780 50.75 
 781.73  3070  2849 77.5 
 781.79  3075  2918 109.25 
 781.83  3080  2987 126.25 
 781.9  3085  3057 153.75 
 781.93  3090  3126 150 
 781.99  3095  3196 205.25 
 782.03  3100  3265 240 
 782.09  3105  3335 381.75 
 782.13  3110  3405 501.75 
 782.19  3115  3475 522 
 782.23  3120  3545 594 
 782.29  3125  3616 777 
 782.33  3130  3686 865.25 
 782.39  3135  3757 849.25 
 782.43  3140  3827 1101.75 
 782.49  3145  3898 1128 
 782.53  3150  3969 1469.5 
 782.59  3155  4040 1224.5 
 782.63  3160  4111 1194 
 782.69  3165  4182 1793 
 782.73  3170  4253 2209.75 
 782.8  3175  4325 2220.75 
 782.83  3180  4396 1845.75 
 782.89  3185  4468 2532.5 
 782.92  3190  4540 2985 
 782.99  3195  4612 2449.75 
 783.03  3200  4684 2901.25 
 783.1  3205  4756 3751.25 
 783.13  3210  4828 3547 
 783.19  3215  4900 3449.75 
 783.23  3220  4973 3490.25 
 783.29  3225  5045 3008.75 
 783.32  3230  5118 3191.5 
 783.39  3235  5191 4117.75 
 783.42  3240  5264 4813.75 
 783.49  3245  5337 4697.75 
 783.53  3250  5410 4123.5 
 783.59  3255  5483 5294.75 
 783.62  3260  5556 6648.75 
 783.69  3265  5630 6938 
 783.73  3270  5704 6810.5 
 783.79  3275  5777 6307.5 
 783.83  3280  5851 5597.5 
 783.9  3285  5925 6025 
 783.93  3290  5999 7492.5 
 783.99  3295  6073 8427 
 784.03  3300  6147 8422.5 
 784.09  3305  6222 6784.25 
 784.13  3310  6296 6813.5 
 784.19  3315  6371 6971 
 784.23  3320  6446 7634.5 
 784.29  3325  6521 7697.75 
 784.33  3330  6595 7557.75 
 784.4  3335  6671 6790.25 
 784.43  3340  6746 7035.5 
 784.49  3345  6821 8053.25 
 784.53  3350  6896 7723.25 
 784.59  3355  6972 8699.25 
 784.63  3360  7048 6074.5 
 784.69  3365  7123 7244 
 784.73  3370  7199 5848.25 
 784.79  3375  7275 7370.25 
 784.82  3380  7351 7127.25 
 784.9  3385  7428 8155.75 
 784.93  3390  7504 8046.75 
 784.99  3395  7580 7880.25 
 785.03  3400  7657 9178 
 785.09  3405  7733 8240 
 785.13  3410  7810 8088 
 785.2  3415  7887 7515.25 
 785.23  3420  7964 8861.5 
 785.29  3425  8041 8311.5 
 785.33  3430  8118 9004.5 
 785.39  3435  8196 8371.5 
 785.43  3440  8273 6166.75 
 785.49  3445  8351 6386 
 785.53  3450  8428 8252.5 
 785.59  3455  8506 8451.5 
 785.63  3460  8584 7269.5 
 785.69  3465  8662 8150.25 
 785.73  3470  8740 8655.75 
 785.79  3475  8818 6998.75 
 785.83  3480  8897 7999 
 785.89  3485  8975 7931.75 
 785.93  3490  9054 7263 
 785.99  3495  9132 7322.5 
 786.03  3500  9211 9000.5 
 786.18  3505  7411 8489.75 
 786.36  3510  7492 7666.75 
 786.39  3515  7573 7208.75 
 786.46  3520  7653 7799.75 
 786.5  3525  7734 6017.75 
 786.56  3530  7815 7532.75 
 786.6  3535  7896 8041.25 
 786.66  3540  7978 8299.25 
 786.7  3545  8059 8371.25 
 786.76  3550  8141 8334.5 
 786.79  3555  8222 7434 
 786.86  3560  8304 7783.25 
 786.9  3565  8386 6583 
 786.96  3570  8468 5452 
 786.99  3575  8550 6571.25 
 787.06  3580  8633 5185.75 
 787.1  3585  8715 4450.5 
 787.16  3590  8798 6194 
 787.2  3595  8881 7633.75 
 787.26  3600  8963 8106 
 787.3  3605  9046 6414.25 
 787.36  3610  9130 5835 
 787.4  3615  9213 6781.5 
 787.46  3620  9296 5696.5 
 787.49  3625  9380 7849.75 
 787.56  3630  9463 6921.5 
end
uaIntegration time is 0.2294 seconds per sampledt  3E-08 cy 1dh050119Manchester 53.47 2.23 2.804185pr1000dark 1.8 
 810.02  2900  563 1.5 
 810.09  2905  629 2 
 810.12  2910  694 1.25 
 810.19  2915  760 1.75 
 810.23  2920  826 1.25 
 810.29  2925  892 3.25 
 810.32  2930  957 1 
 810.39  2935  1024 1 
 810.43  2940  1090 1.5 
 810.49  2945  1156 .5 
 810.52  2950  1222 0 
 810.59  2955  1289 3.5 
 810.62  2960  1356 1.5 
 810.69  2965  1422 2 
 810.73  2970  1489 1.25 
 810.79  2975  1556 2.25 
 810.82  2980  1623 1.5 
 810.89  2985  1690 2 
 810.92  2990  1758 2.75 
 810.99  2995  1825 1.75 
 811.03  3000  1892 3.5 
 811.09  3005  1960 1.5 
 811.13  3010  2028 3.5 
 811.19  3015  2096 5.5 
 811.23  3020  2163 4.25 
 811.29  3025  2231 7.5 
 811.33  3030  2300 14 
 811.39  3035  2368 14.75 
 811.43  3040  2436 14 
 811.49  3045  2505 21.75 
 811.53  3050  2573 33 
 811.6  3055  2642 38.25 
 811.63  3060  2711 38.5 
 811.69  3065  2780 48.75 
 811.73  3070  2849 77.5 
 811.8  3075  2918 108 
 811.83  3080  2987 122.75 
 811.89  3085  3057 149 
 811.93  3090  3126 146.5 
 811.99  3095  3196 201.5 
 812.03  3100  3265 226.5 
 812.09  3105  3335 362.5 
 812.12  3110  3405 481.25 
 812.19  3115  3475 497.25 
 812.23  3120  3545 573 
 812.29  3125  3616 747.5 
 812.33  3130  3686 822.25 
 812.39  3135  3757 837.5 
 812.43  3140  3827 1085.5 
 812.5  3145  3898 1108.5 
 812.53  3150  3969 1480.5 
 812.6  3155  4040 1230 
 812.63  3160  4111 1181.5 
 812.69  3165  4182 1800.5 
 812.73  3170  4253 2199.25 
 812.79  3175  4325 2254.75 
 812.83  3180  4396 1860.75 
 812.89  3185  4468 2542.25 
 812.93  3190  4540 3047.25 
 812.99  3195  4612 2467.5 
 813.03  3200  4684 2921.75 
 813.09  3205  4756 3809.75 
 813.13  3210  4828 3614.25 
 813.19  3215  4900 3490 
 813.23  3220  4973 3545.25 
 813.29  3225  5045 3025.75 
 813.33  3230  5118 3253 
 813.39  3235  5191 4221 
 813.43  3240  5264 4897 
 813.49  3245  5337 4781.75 
 813.53  3250  5410 4140.75 
 813.59  3255  5483 5369.75 
 813.63  3260  5556 6718.5 
 813.7  3265  5630 6968.75 
 813.73  3270  5704 6901.75 
 813.79  3275  5777 6327.75 
 813.83  3280  5851 5600.25 
 813.89  3285  5925 6078.5 
 813.92  3290  5999 7525 
 813.99  3295  6073 8420.25 
 814.03  3300  6147 8463.25 
 814.09  3305  6222 6681 
 814.13  3310  6296 6736.25 
 814.19  3315  6371 6919.5 
 814.23  3320  6446 7515.5 
 814.29  3325  6521 7575.5 
 814.32  3330  6595 7443.75 
 814.39  3335  6671 6639.75 
 814.43  3340  6746 6786 
 814.49  3345  6821 7825.25 
 814.53  3350  6896 7476.75 
 814.59  3355  6972 8401.75 
 814.63  3360  7048 5798.25 
 814.69  3365  7123 6968.5 
 814.73  3370  7199 5650.5 
 814.79  3375  7275 6984 
 814.82  3380  7351 6762 
 814.89  3385  7428 7694.5 
 814.93  3390  7504 7565 
 814.99  3395  7580 7373.5 
 815.02  3400  7657 8546.5 
 815.09  3405  7733 7624.25 
 815.13  3410  7810 7489.75 
 815.19  3415  7887 6929.75 
 815.23  3420  7964 8191.25 
 815.29  3425  8041 7600.5 
 815.33  3430  8118 8228 
 815.39  3435  8196 7620 
 815.43  3440  8273 5559.75 
 815.49  3445  8351 5773 
 815.53  3450  8428 7466.25 
 815.59  3455  8506 7554.75 
 815.63  3460  8584 6480.5 
 815.69  3465  8662 7243.5 
 815.73  3470  8740 7669 
 815.79  3475  8818 6136.75 
 815.83  3480  8897 7069.5 
 815.9  3485  8975 6943.5 
 815.93  3490  9054 6417.25 
 815.99  3495  9132 6458 
 816.03  3500  9211 7794.5 
 816.18  3505  7411 7360.75 
 816.36  3510  7492 6578.25 
 816.39  3515  7573 6198.75 
 816.46  3520  7653 6749.75 
 816.5  3525  7734 5222.75 
 816.56  3530  7815 6529.25 
 816.59  3535  7896 6942.75 
 816.66  3540  7978 7088.75 
 816.69  3545  8059 7178.25 
 816.76  3550  8141 7179.25 
 816.79  3555  8222 6392.25 
 816.86  3560  8304 6670.25 
 816.9  3565  8386 5661.5 
 816.96  3570  8468 4705 
 817  3575  8550 5642.25 
 817.06  3580  8633 4442.25 
 817.09  3585  8715 3854.25 
 817.16  3590  8798 5313 
 817.2  3595  8881 6536 
 817.26  3600  8963 6894 
 817.3  3605  9046 5458 
 817.36  3610  9130 4980.25 
 817.39  3615  9213 5732.25 
 817.46  3620  9296 4823.5 
 817.49  3625  9380 6692.75 
 817.56  3630  9463 5830.25 
end
uaIntegration time is 0.2294 seconds per sampledt  3E-08 cy 1dh050119Manchester 53.47 2.23 2.804185pr1000dark 1.5 
 840.02  2900  563 2 
 840.09  2905  629 2.25 
 840.12  2910  694 .75 
 840.19  2915  760 1.25 
 840.22  2920  826 1.5 
 840.3  2925  892 1.25 
 840.33  2930  957 2 
 840.39  2935  1024 2.75 
 840.43  2940  1090 1.75 
 840.49  2945  1156 .5 
 840.52  2950  1222 2.25 
 840.59  2955  1289 1.5 
 840.62  2960  1356 .75 
 840.69  2965  1422 2.25 
 840.72  2970  1489 1.5 
 840.8  2975  1556 1.5 
 840.83  2980  1623 1.75 
 840.89  2985  1690 .25 
 840.92  2990  1758 3.25 
 840.99  2995  1825 1.5 
 841.03  3000  1892 2 
 841.09  3005  1960 2 
 841.13  3010  2028 3.5 
 841.2  3015  2096 4.25 
 841.23  3020  2163 2.5 
 841.29  3025  2231 6.5 
 841.33  3030  2300 7.25 
 841.39  3035  2368 10.25 
 841.43  3040  2436 9.5 
 841.49  3045  2505 14.5 
 841.53  3050  2573 18.25 
 841.59  3055  2642 24.5 
 841.63  3060  2711 26.25 
 841.69  3065  2780 29.5 
 841.73  3070  2849 49 
 841.79  3075  2918 67.75 
 841.83  3080  2987 75 
 841.89  3085  3057 87.5 
 841.92  3090  3126 86 
 841.99  3095  3196 117.75 
 842.02  3100  3265 136.25 
 842.09  3105  3335 223 
 842.13  3110  3405 286.5 
 842.19  3115  3475 295.75 
 842.23  3120  3545 346 
 842.29  3125  3616 457.5 
 842.33  3130  3686 511.25 
 842.4  3135  3757 502 
 842.43  3140  3827 667.5 
 842.49  3145  3898 687.25 
 842.52  3150  3969 927 
 842.59  3155  4040 761.75 
 842.63  3160  4111 763.75 
 842.69  3165  4182 1192.5 
 842.73  3170  4253 1435 
 842.79  3175  4325 1455.5 
 842.82  3180  4396 1231.5 
 842.89  3185  4468 1738.25 
 842.93  3190  4540 2075.25 
 843  3195  4612 1680.5 
 843.03  3200  4684 1996.5 
 843.09  3205  4756 2619.75 
 843.12  3210  4828 2553.75 
 843.19  3215  4900 2502.25 
 843.23  3220  4973 2527.25 
 843.29  3225  5045 2128.75 
 843.33  3230  5118 2353.75 
 843.39  3235  5191 3110.5 
 843.43  3240  5264 3633.25 
 843.49  3245  5337 3523.25 
 843.53  3250  5410 3056 
 843.59  3255  5483 4019.25 
 843.63  3260  5556 5111.25 
 843.69  3265  5630 5345.75 
 843.73  3270  5704 5257.25 
 843.8  3275  5777 4866.25 
 843.83  3280  5851 4241.5 
 843.89  3285  5925 4652 
 843.93  3290  5999 5887.5 
 843.99  3295  6073 6612 
 844.03  3300  6147 6623.25 
 844.1  3305  6222 5202.5 
 844.13  3310  6296 5163.75 
 844.19  3315  6371 5396.75 
 844.23  3320  6446 5897 
 844.29  3325  6521 5951.75 
 844.33  3330  6595 5825 
 844.39  3335  6671 5214.25 
 844.43  3340  6746 5353.5 
 844.49  3345  6821 6146.25 
 844.53  3350  6896 5924.75 
 844.59  3355  6972 6679 
 844.63  3360  7048 4643.25 
 844.69  3365  7123 5513.25 
 844.72  3370  7199 4409.75 
 844.79  3375  7275 5541.5 
 844.82  3380  7351 5335.75 
 844.89  3385  7428 6104 
 844.93  3390  7504 5986 
 845  3395  7580 5871 
 845.03  3400  7657 6811.5 
 845.09  3405  7733 6055.75 
 845.13  3410  7810 5934.25 
 845.19  3415  7887 5572.75 
 845.23  3420  7964 6526 
 845.29  3425  8041 6067.25 
 845.33  3430  8118 6597.75 
 845.39  3435  8196 6105.75 
 845.43  3440  8273 4424.25 
 845.49  3445  8351 4665.25 
 845.53  3450  8428 6002.25 
 845.59  3455  8506 6092.75 
 845.63  3460  8584 5221.5 
 845.7  3465  8662 5864.5 
 845.73  3470  8740 6230 
 845.79  3475  8818 4947 
 845.83  3480  8897 5779.75 
 845.89  3485  8975 5683.25 
 845.93  3490  9054 5145.75 
 845.99  3495  9132 5242 
 846.03  3500  9211 6373.75 
 846.18  3505  7411 5977 
 846.36  3510  7492 5344.25 
 846.4  3515  7573 5081 
 846.46  3520  7653 5458.75 
 846.49  3525  7734 4257 
 846.56  3530  7815 5319 
 846.6  3535  7896 5636.75 
 846.66  3540  7978 5839.25 
 846.69  3545  8059 5870.25 
 846.76  3550  8141 5791.25 
 846.79  3555  8222 5204.5 
 846.86  3560  8304 5408.5 
 846.89  3565  8386 4616 
 846.96  3570  8468 3811.5 
 847  3575  8550 4637.75 
 847.06  3580  8633 3588.75 
 847.1  3585  8715 3091.25 
 847.16  3590  8798 4332 
 847.2  3595  8881 5310 
 847.26  3600  8963 5588 
 847.3  3605  9046 4420.75 
 847.36  3610  9130 4083.75 
 847.39  3615  9213 4675.25 
 847.46  3620  9296 4020.5 
 847.49  3625  9380 5532 
 847.56  3630  9463 4816.75 
end
uaIntegration time is 0.2294 seconds per sampledt  3E-08 cy 1dh050119Manchester 53.47 2.23 2.804185pr1000dark 1.15 
 870.02  2900  563 2 
 870.09  2905  629 2 
 870.12  2910  694 .75 
 870.19  2915  760 1.5 
 870.22  2920  826 2 
 870.29  2925  892 1.75 
 870.33  2930  957 1.75 
 870.39  2935  1024 .5 
 870.43  2940  1090 .5 
 870.49  2945  1156 1.75 
 870.53  2950  1222 2.25 
 870.59  2955  1289 1.25 
 870.63  2960  1356 2 
 870.69  2965  1422 1.75 
 870.73  2970  1489 2.75 
 870.79  2975  1556 1 
 870.83  2980  1623 2 
 870.9  2985  1690 2.25 
 870.93  2990  1758 1.5 
 870.99  2995  1825 2.5 
 871.02  3000  1892 .75 
 871.09  3005  1960 3.25 
 871.13  3010  2028 3.5 
 871.2  3015  2096 2.5 
 871.23  3020  2163 4 
 871.3  3025  2231 3.25 
 871.33  3030  2300 6.5 
 871.39  3035  2368 10.25 
 871.43  3040  2436 7.75 
 871.5  3045  2505 10.25 
 871.53  3050  2573 13.75 
 871.59  3055  2642 17.5 
 871.62  3060  2711 15.75 
 871.69  3065  2780 20 
 871.73  3070  2849 28.25 
 871.8  3075  2918 42.5 
 871.83  3080  2987 44.25 
 871.89  3085  3057 53.5 
 871.93  3090  3126 48.75 
 871.99  3095  3196 69.25 
 872.02  3100  3265 77.75 
 872.09  3105  3335 122.5 
 872.13  3110  3405 165.25 
 872.19  3115  3475 175 
 872.23  3120  3545 198.75 
 872.29  3125  3616 268.5 
 872.33  3130  3686 298.25 
 872.4  3135  3757 298.75 
 872.43  3140  3827 404.25 
 872.49  3145  3898 440.5 
 872.53  3150  3969 570 
 872.59  3155  4040 481.75 
 872.63  3160  4111 476.75 
 872.69  3165  4182 757.5 
 872.73  3170  4253 941.25 
 872.79  3175  4325 937 
 872.83  3180  4396 818.25 
 872.89  3185  4468 1159.75 
 872.93  3190  4540 1435.25 
 872.99  3195  4612 1151 
 873.02  3200  4684 1345.75 
 873.09  3205  4756 1834.75 
 873.13  3210  4828 1825 
 873.2  3215  4900 1798 
 873.23  3220  4973 1738.5 
 873.29  3225  5045 1490.5 
 873.32  3230  5118 1658.25 
 873.39  3235  5191 2249.5 
 873.43  3240  5264 2648.5 
 873.49  3245  5337 2567.75 
 873.53  3250  5410 2188.25 
 873.59  3255  5483 2870.25 
 873.63  3260  5556 3720.5 
 873.69  3265  5630 3976.75 
 873.73  3270  5704 3879 
 873.79  3275  5777 3580 
 873.83  3280  5851 3097.75 
 873.9  3285  5925 3478.5 
 873.93  3290  5999 4423.5 
 873.99  3295  6073 5061.25 
 874.03  3300  6147 5040 
 874.09  3305  6222 3917.25 
 874.13  3310  6296 3879.25 
 874.2  3315  6371 4108.25 
 874.23  3320  6446 4582 
 874.29  3325  6521 4640.75 
 874.33  3330  6595 4573 
 874.39  3335  6671 4037 
 874.43  3340  6746 4116.5 
 874.49  3345  6821 4842 
 874.53  3350  6896 4685.25 
 874.6  3355  6972 5347.75 
 874.63  3360  7048 3702.75 
 874.69  3365  7123 4397 
 874.72  3370  7199 3543.75 
 874.79  3375  7275 4386.5 
 874.83  3380  7351 4296.25 
 874.89  3385  7428 4935.25 
 874.93  3390  7504 4882.75 
 875  3395  7580 4774.25 
 875.03  3400  7657 5537.75 
 875.09  3405  7733 4991.25 
 875.13  3410  7810 4862.5 
 875.2  3415  7887 4558 
 875.23  3420  7964 5361.75 
 875.29  3425  8041 5019.25 
 875.33  3430  8118 5405.5 
 875.39  3435  8196 5046 
 875.43  3440  8273 3683 
 875.49  3445  8351 3840 
 875.53  3450  8428 4974 
 875.59  3455  8506 5107.75 
 875.63  3460  8584 4409 
 875.7  3465  8662 4952 
 875.73  3470  8740 5179.25 
 875.8  3475  8818 4228.75 
 875.83  3480  8897 4880.5 
 875.89  3485  8975 4884 
 875.93  3490  9054 4479.5 
 875.99  3495  9132 4530.75 
 876.02  3500  9211 5570.5 
 876.18  3505  7411 5303.5 
 876.36  3510  7492 4882.5 
 876.4  3515  7573 4644 
 876.46  3520  7653 5047.25 
 876.49  3525  7734 3971.75 
 876.56  3530  7815 5008.25 
 876.6  3535  7896 5295 
 876.66  3540  7978 5545.75 
 876.7  3545  8059 5582.5 
 876.76  3550  8141 5614.5 
 876.8  3555  8222 5047.75 
 876.86  3560  8304 5267 
 876.89  3565  8386 4516 
 876.96  3570  8468 3776.25 
 876.99  3575  8550 4566 
 877.06  3580  8633 3574.5 
 877.1  3585  8715 3111.5 
 877.16  3590  8798 4363.5 
 877.2  3595  8881 5354.75 
 877.26  3600  8963 5673.75 
 877.3  3605  9046 4500 
 877.36  3610  9130 4068.75 
 877.4  3615  9213 4715.5 
 877.46  3620  9296 3965.5 
 877.5  3625  9380 5525 
 877.56  3630  9463 4782 
end
uaIntegration time is 0.2294 seconds per sampledt  3E-08 cy 1dh050119Manchester 53.47 2.23 2.804185pr1000dark 1.65 
 900.02  2900  563 2.25 
 900.09  2905  629 2 
 900.13  2910  694 1.75 
 900.19  2915  760 1.5 
 900.23  2920  826 2.5 
 900.29  2925  892 .5 
 900.33  2930  957 1.75 
 900.39  2935  1024 .25 
 900.43  2940  1090 .75 
 900.49  2945  1156 1.75 
 900.53  2950  1222 2.5 
 900.59  2955  1289 1.25 
 900.62  2960  1356 .5 
 900.69  2965  1422 3.5 
 900.73  2970  1489 .25 
 900.79  2975  1556 2 
 900.83  2980  1623 1 
 900.89  2985  1690 .5 
 900.93  2990  1758 1.5 
 900.99  2995  1825 1.75 
 901.03  3000  1892 1 
 901.09  3005  1960 1.75 
 901.12  3010  2028 3 
 901.19  3015  2096 1.75 
 901.23  3020  2163 2.5 
 901.29  3025  2231 5.25 
 901.32  3030  2300 4.5 
 901.39  3035  2368 6.25 
 901.43  3040  2436 6.5 
 901.49  3045  2505 6 
 901.52  3050  2573 11 
 901.59  3055  2642 10.5 
 901.62  3060  2711 11.25 
 901.69  3065  2780 15 
 901.73  3070  2849 17 
 901.79  3075  2918 26 
 901.83  3080  2987 21.75 
 901.89  3085  3057 33.5 
 901.93  3090  3126 26.75 
 902  3095  3196 36.5 
 902.03  3100  3265 40 
 902.09  3105  3335 64 
 902.13  3110  3405 83.5 
 902.19  3115  3475 87.25 
 902.23  3120  3545 97.25 
 902.29  3125  3616 131 
 902.33  3130  3686 146 
 902.39  3135  3757 139.5 
 902.43  3140  3827 191.25 
 902.49  3145  3898 209.75 
 902.52  3150  3969 289 
 902.59  3155  4040 223.5 
 902.63  3160  4111 232 
 902.69  3165  4182 375.25 
 902.73  3170  4253 449.5 
 902.79  3175  4325 458.75 
 902.83  3180  4396 403.5 
 902.9  3185  4468 586 
 902.93  3190  4540 742.75 
 902.99  3195  4612 565.5 
 903.03  3200  4684 667 
 903.09  3205  4756 939.75 
 903.12  3210  4828 962.25 
 903.19  3215  4900 941.25 
 903.23  3220  4973 887.25 
 903.29  3225  5045 749.5 
 903.33  3230  5118 875.25 
 903.39  3235  5191 1227 
 903.43  3240  5264 1457 
 903.49  3245  5337 1395.25 
 903.53  3250  5410 1161.25 
 903.59  3255  5483 1530.75 
 903.62  3260  5556 2062.5 
 903.69  3265  5630 2227.75 
 903.73  3270  5704 2157.75 
 903.79  3275  5777 1942.25 
 903.83  3280  5851 1637.75 
 903.89  3285  5925 1904.75 
 903.92  3290  5999 2491 
 903.99  3295  6073 2857.5 
 904.03  3300  6147 2796.75 
 904.09  3305  6222 2149 
 904.13  3310  6296 2114.5 
 904.19  3315  6371 2250.75 
 904.22  3320  6446 2527.75 
 904.29  3325  6521 2605 
 904.33  3330  6595 2543 
 904.39  3335  6671 2225.75 
 904.43  3340  6746 2234.25 
 904.49  3345  6821 2653.5 
 904.53  3350  6896 2567.75 
 904.59  3355  6972 2941 
 904.63  3360  7048 2041.25 
 904.69  3365  7123 2382.75 
 904.72  3370  7199 1886.25 
 904.79  3375  7275 2327 
 904.83  3380  7351 2339 
 904.9  3385  7428 2662.25 
 904.93  3390  7504 2646.5 
 904.99  3395  7580 2563 
 905.03  3400  7657 2991.5 
 905.09  3405  7733 2645.75 
 905.12  3410  7810 2623.5 
 905.19  3415  7887 2445.25 
 905.23  3420  7964 2898.5 
 905.29  3425  8041 2693.25 
 905.33  3430  8118 2899.75 
 905.39  3435  8196 2666.25 
 905.43  3440  8273 1941 
 905.49  3445  8351 1979.75 
 905.52  3450  8428 2618.5 
 905.59  3455  8506 2703.75 
 905.63  3460  8584 2332 
 905.69  3465  8662 2592.25 
 905.73  3470  8740 2725.75 
 905.79  3475  8818 2187.5 
 905.83  3480  8897 2518.5 
 905.89  3485  8975 2479 
 905.93  3490  9054 2273.5 
 906  3495  9132 2275 
 906.03  3500  9211 2790.5 
 906.18  3505  7411 2636 
 906.36  3510  7492 2342.75 
 906.39  3515  7573 2190.25 
 906.46  3520  7653 2375 
 906.49  3525  7734 1845 
 906.56  3530  7815 2299 
 906.6  3535  7896 2419.75 
 906.66  3540  7978 2507.5 
 906.69  3545  8059 2510.5 
 906.76  3550  8141 2500.25 
 906.8  3555  8222 2228.5 
 906.86  3560  8304 2326.5 
 906.9  3565  8386 1978.25 
 906.96  3570  8468 1634.25 
 907  3575  8550 1956.75 
 907.06  3580  8633 1538.5 
 907.09  3585  8715 1327 
 907.16  3590  8798 1817.25 
 907.2  3595  8881 2253 
 907.26  3600  8963 2361.75 
 907.29  3605  9046 1906.25 
 907.36  3610  9130 1698.25 
 907.39  3615  9213 1965.25 
 907.46  3620  9296 1661 
 907.5  3625  9380 2273.5 
 907.56  3630  9463 2003.75 
end
uaIntegration time is 0.2294 seconds per sampledt  3E-08 cy 1dh050119Manchester 53.47 2.23 2.804185pr1000dark 1.75 
 930.02  2900  563 1 
 930.09  2905  629 2.25 
 930.12  2910  694 2.75 
 930.19  2915  760 2.25 
 930.22  2920  826 1.25 
 930.29  2925  892 2 
 930.33  2930  957 2 
 930.39  2935  1024 2.25 
 930.43  2940  1090 2 
 930.49  2945  1156 1 
 930.52  2950  1222 1.5 
 930.59  2955  1289 .75 
 930.62  2960  1356 1.75 
 930.69  2965  1422 1.25 
 930.73  2970  1489 2.25 
 930.79  2975  1556 1 
 930.82  2980  1623 1.25 
 930.89  2985  1690 1 
 930.93  2990  1758 2.25 
 930.99  2995  1825 1.5 
 931.03  3000  1892 .75 
 931.09  3005  1960 1 
 931.13  3010  2028 2 
 931.19  3015  2096 1.75 
 931.23  3020  2163 3 
 931.3  3025  2231 2.75 
 931.33  3030  2300 4.5 
 931.39  3035  2368 5.25 
 931.42  3040  2436 5 
 931.5  3045  2505 5.5 
 931.53  3050  2573 7 
 931.59  3055  2642 7 
 931.62  3060  2711 8.5 
 931.7  3065  2780 9 
 931.73  3070  2849 12.75 
 931.79  3075  2918 14.5 
 931.83  3080  2987 16.25 
 931.89  3085  3057 18.5 
 931.92  3090  3126 18.25 
 931.99  3095  3196 22.5 
 932.03  3100  3265 25.75 
 932.09  3105  3335 37.25 
 932.13  3110  3405 45.5 
 932.19  3115  3475 47.75 
 932.23  3120  3545 52.25 
 932.29  3125  3616 63.5 
 932.33  3130  3686 75.25 
 932.39  3135  3757 71.5 
 932.43  3140  3827 92.5 
 932.49  3145  3898 101.75 
 932.53  3150  3969 130.25 
 932.59  3155  4040 109 
 932.62  3160  4111 105.75 
 932.69  3165  4182 169.75 
 932.73  3170  4253 216.25 
 932.79  3175  4325 203 
 932.83  3180  4396 183 
 932.9  3185  4468 276.25 
 932.93  3190  4540 353 
 932.99  3195  4612 258.5 
 933.03  3200  4684 311.25 
 933.1  3205  4756 450.5 
 933.13  3210  4828 490.5 
 933.2  3215  4900 472.5 
 933.23  3220  4973 423 
 933.29  3225  5045 354.75 
 933.33  3230  5118 438.5 
 933.4  3235  5191 663.75 
 933.43  3240  5264 779.5 
 933.49  3245  5337 717 
 933.52  3250  5410 574.25 
 933.6  3255  5483 768.25 
 933.63  3260  5556 1108.25 
 933.69  3265  5630 1241 
 933.73  3270  5704 1190.5 
 933.79  3275  5777 1051.25 
 933.82  3280  5851 848.75 
 933.89  3285  5925 1026.5 
 933.93  3290  5999 1422 
 933.99  3295  6073 1636.25 
 934.03  3300  6147 1611.25 
 934.09  3305  6222 1168.5 
 934.13  3310  6296 1133 
 934.2  3315  6371 1236.75 
 934.23  3320  6446 1481.75 
 934.29  3325  6521 1522 
 934.33  3330  6595 1472.25 
 934.39  3335  6671 1228.75 
 934.42  3340  6746 1251.75 
 934.49  3345  6821 1527 
 934.53  3350  6896 1502.5 
 934.59  3355  6972 1722.5 
 934.63  3360  7048 1188.25 
 934.69  3365  7123 1377.75 
 934.73  3370  7199 1086.25 
 934.79  3375  7275 1347.75 
 934.83  3380  7351 1322.75 
 934.89  3385  7428 1576.75 
 934.93  3390  7504 1558.25 
 934.99  3395  7580 1523.75 
 935.03  3400  7657 1732.25 
 935.09  3405  7733 1547.25 
 935.13  3410  7810 1548.25 
 935.19  3415  7887 1458 
 935.23  3420  7964 1707.5 
 935.29  3425  8041 1635.75 
 935.33  3430  8118 1731.75 
 935.39  3435  8196 1618.5 
 935.43  3440  8273 1136.5 
 935.49  3445  8351 1216 
 935.53  3450  8428 1583.25 
 935.59  3455  8506 1631 
 935.62  3460  8584 1402.75 
 935.69  3465  8662 1575.75 
 935.73  3470  8740 1653.25 
 935.79  3475  8818 1319.5 
 935.83  3480  8897 1558.5 
 935.89  3485  8975 1535.75 
 935.92  3490  9054 1392 
 935.99  3495  9132 1424.25 
 936.03  3500  9211 1714.25 
 936.18  3505  7411 1624.5 
 936.36  3510  7492 1439.75 
 936.4  3515  7573 1365.25 
 936.46  3520  7653 1474.5 
 936.5  3525  7734 1138 
 936.56  3530  7815 1425.25 
 936.6  3535  7896 1511.75 
 936.66  3540  7978 1555.25 
 936.7  3545  8059 1564.25 
 936.76  3550  8141 1567.75 
 936.8  3555  8222 1382 
 936.86  3560  8304 1439.5 
 936.9  3565  8386 1218 
 936.96  3570  8468 1003.75 
 936.99  3575  8550 1205.25 
 937.06  3580  8633 939.25 
 937.1  3585  8715 802.5 
 937.16  3590  8798 1110.5 
 937.2  3595  8881 1365 
 937.26  3600  8963 1431.25 
 937.29  3605  9046 1135 
 937.36  3610  9130 1022.75 
 937.39  3615  9213 1176.25 
 937.46  3620  9296 992.5 
 937.5  3625  9380 1372.75 
 937.56  3630  9463 1215 
end
uaIntegration time is 0.2294 seconds per sampledt  3E-08 cy 1dh050119Manchester 53.47 2.23 2.804185pr1000dark 1.45 
 960.02  2900  563 1.5 
 960.09  2905  629 2 
 960.13  2910  694 .75 
 960.19  2915  760 2.25 
 960.23  2920  826 .5 
 960.29  2925  892 2.5 
 960.33  2930  957 1.75 
 960.4  2935  1024 0 
 960.43  2940  1090 2.25 
 960.49  2945  1156 1.25 
 960.52  2950  1222 1.5 
 960.59  2955  1289 1 
 960.63  2960  1356 1.75 
 960.69  2965  1422 .25 
 960.73  2970  1489 3.25 
 960.79  2975  1556 3 
 960.82  2980  1623 1.25 
 960.89  2985  1690 2.25 
 960.92  2990  1758 1.25 
 960.99  2995  1825 1.5 
 961.03  3000  1892 2.5 
 961.09  3005  1960 1.25 
 961.13  3010  2028 1.75 
 961.19  3015  2096 3 
 961.23  3020  2163 1.75 
 961.29  3025  2231 1.5 
 961.32  3030  2300 2.25 
 961.39  3035  2368 3.5 
 961.43  3040  2436 3.25 
 961.49  3045  2505 2.5 
 961.52  3050  2573 3.25 
 961.59  3055  2642 2.5 
 961.62  3060  2711 4 
 961.69  3065  2780 3.5 
 961.73  3070  2849 4.75 
 961.8  3075  2918 6.75 
 961.83  3080  2987 7.25 
 961.89  3085  3057 7.75 
 961.92  3090  3126 7 
 961.99  3095  3196 6.75 
 962.02  3100  3265 7.25 
 962.09  3105  3335 12.25 
 962.13  3110  3405 15.25 
 962.2  3115  3475 15 
 962.23  3120  3545 14.5 
 962.29  3125  3616 20.75 
 962.33  3130  3686 20 
 962.39  3135  3757 19.25 
 962.42  3140  3827 22.5 
 962.49  3145  3898 25.5 
 962.53  3150  3969 29.5 
 962.59  3155  4040 28.25 
 962.63  3160  4111 26.5 
 962.7  3165  4182 37 
 962.73  3170  4253 46.75 
 962.79  3175  4325 46.5 
 962.83  3180  4396 39.75 
 962.9  3185  4468 54.75 
 962.93  3190  4540 68.25 
 962.99  3195  4612 52.75 
 963.03  3200  4684 61.75 
 963.09  3205  4756 91 
 963.13  3210  4828 90 
 963.19  3215  4900 95.5 
 963.23  3220  4973 86.25 
 963.29  3225  5045 74.75 
 963.33  3230  5118 86.5 
 963.4  3235  5191 136.5 
 963.43  3240  5264 161.75 
 963.5  3245  5337 146.5 
 963.53  3250  5410 107.25 
 963.59  3255  5483 158 
 963.63  3260  5556 231.25 
 963.7  3265  5630 279 
 963.73  3270  5704 253.25 
 963.79  3275  5777 225.5 
 963.83  3280  5851 173.5 
 963.89  3285  5925 224.25 
 963.93  3290  5999 327.75 
 963.99  3295  6073 393.5 
 964.02  3300  6147 370 
 964.09  3305  6222 258 
 964.13  3310  6296 246.25 
 964.19  3315  6371 278.5 
 964.22  3320  6446 350 
 964.29  3325  6521 366.75 
 964.32  3330  6595 361 
 964.39  3335  6671 291.5 
 964.42  3340  6746 287 
 964.49  3345  6821 370.25 
 964.53  3350  6896 383.75 
 964.6  3355  6972 438.5 
 964.63  3360  7048 313.75 
 964.69  3365  7123 349 
 964.73  3370  7199 264.25 
 964.79  3375  7275 333.5 
 964.83  3380  7351 351.5 
 964.89  3385  7428 414 
 964.92  3390  7504 413 
 965  3395  7580 395.5 
 965.03  3400  7657 436.25 
 965.1  3405  7733 407.25 
 965.13  3410  7810 408.25 
 965.19  3415  7887 388.25 
 965.23  3420  7964 465.25 
 965.29  3425  8041 427.25 
 965.33  3430  8118 459.5 
 965.39  3435  8196 416 
 965.43  3440  8273 295.5 
 965.49  3445  8351 312 
 965.53  3450  8428 418.75 
 965.59  3455  8506 441.5 
 965.63  3460  8584 378.75 
 965.69  3465  8662 428 
 965.73  3470  8740 443.25 
 965.8  3475  8818 351 
 965.83  3480  8897 419 
 965.89  3485  8975 403 
 965.93  3490  9054 377.25 
 966  3495  9132 378.5 
 966.03  3500  9211 474 
 966.17  3505  7411 429 
 966.36  3510  7492 388 
 966.4  3515  7573 359.75 
 966.46  3520  7653 389.75 
 966.5  3525  7734 303.25 
 966.56  3530  7815 375.75 
 966.59  3535  7896 418.5 
 966.66  3540  7978 411.5 
 966.7  3545  8059 422.75 
 966.76  3550  8141 419.5 
 966.8  3555  8222 377.25 
 966.86  3560  8304 392.25 
 966.9  3565  8386 327.25 
 966.96  3570  8468 278.5 
 966.99  3575  8550 332.5 
 967.06  3580  8633 257.75 
 967.09  3585  8715 225.25 
 967.16  3590  8798 302.75 
 967.2  3595  8881 375.25 
 967.26  3600  8963 394 
 967.3  3605  9046 321 
 967.36  3610  9130 282.5 
 967.4  3615  9213 340 
 967.46  3620  9296 282.25 
 967.5  3625  9380 387.75 
 967.56  3630  9463 340.75 
end
uaIntegration time is 0.2294 seconds per sampledt  3E-08 cy 1dh050119Manchester 53.47 2.23 2.804185pr1000dark 1.5 
 990.02  2900  563 2 
 990.09  2905  629 1.25 
 990.12  2910  694 2 
 990.19  2915  760 2 
 990.22  2920  826 1.5 
 990.3  2925  892 0 
 990.33  2930  957 3.75 
 990.39  2935  1024 .75 
 990.42  2940  1090 0 
 990.49  2945  1156 1 
 990.53  2950  1222 1.75 
 990.59  2955  1289 1.25 
 990.63  2960  1356 .25 
 990.69  2965  1422 0 
 990.72  2970  1489 .75 
 990.79  2975  1556 1.25 
 990.83  2980  1623 0 
 990.89  2985  1690 1 
 990.93  2990  1758 1.75 
 990.99  2995  1825 1.75 
 991.02  3000  1892 1.75 
 991.09  3005  1960 2.5 
 991.13  3010  2028 1.25 
 991.19  3015  2096 2 
 991.23  3020  2163 2.5 
 991.29  3025  2231 2 
 991.33  3030  2300 2 
 991.4  3035  2368 1 
 991.43  3040  2436 1.5 
 991.49  3045  2505 1.75 
 991.52  3050  2573 2.5 
 991.59  3055  2642 2.75 
 991.63  3060  2711 2.75 
 991.69  3065  2780 3.25 
 991.73  3070  2849 1.5 
 991.8  3075  2918 1.75 
 991.83  3080  2987 1.5 
 991.89  3085  3057 1.5 
 991.93  3090  3126 1.25 
 992  3095  3196 2.25 
 992.03  3100  3265 2.75 
 992.09  3105  3335 3.75 
 992.13  3110  3405 2 
 992.19  3115  3475 2 
 992.23  3120  3545 2.5 
 992.29  3125  3616 2.5 
 992.33  3130  3686 3.25 
 992.39  3135  3757 2.5 
 992.43  3140  3827 3.5 
 992.49  3145  3898 3.25 
 992.53  3150  3969 4.25 
 992.59  3155  4040 3.5 
 992.62  3160  4111 3.25 
 992.7  3165  4182 4 
 992.73  3170  4253 5.25 
 992.79  3175  4325 4.75 
 992.82  3180  4396 4 
 992.89  3185  4468 6.25 
 992.93  3190  4540 7.5 
 992.99  3195  4612 5.75 
 993.03  3200  4684 8 
 993.09  3205  4756 7.75 
 993.13  3210  4828 7.75 
 993.19  3215  4900 8 
 993.22  3220  4973 6.5 
 993.29  3225  5045 5.25 
 993.33  3230  5118 7 
 993.39  3235  5191 10.5 
 993.43  3240  5264 13 
 993.49  3245  5337 11 
 993.52  3250  5410 8.75 
 993.59  3255  5483 12.25 
 993.63  3260  5556 14.75 
 993.7  3265  5630 18 
 993.73  3270  5704 18.25 
 993.79  3275  5777 15 
 993.82  3280  5851 12.5 
 993.89  3285  5925 12 
 993.93  3290  5999 18.25 
 993.99  3295  6073 22.5 
 994.03  3300  6147 20.75 
 994.09  3305  6222 16 
 994.13  3310  6296 15.75 
 994.19  3315  6371 16.75 
 994.23  3320  6446 20 
 994.29  3325  6521 21 
 994.33  3330  6595 21.5 
 994.39  3335  6671 17 
 994.43  3340  6746 16.5 
 994.49  3345  6821 18 
 994.52  3350  6896 23 
 994.59  3355  6972 23 
 994.63  3360  7048 16.25 
 994.69  3365  7123 20.5 
 994.72  3370  7199 16.75 
 994.79  3375  7275 17 
 994.83  3380  7351 17.5 
 994.9  3385  7428 21.25 
 994.93  3390  7504 19.75 
 994.99  3395  7580 20 
 995.03  3400  7657 24 
 995.09  3405  7733 18.5 
 995.13  3410  7810 19.75 
 995.19  3415  7887 16.75 
 995.23  3420  7964 19.75 
 995.29  3425  8041 19.75 
 995.33  3430  8118 21 
 995.39  3435  8196 18.25 
 995.43  3440  8273 14 
 995.5  3445  8351 13.75 
 995.53  3450  8428 19.25 
 995.59  3455  8506 19.5 
 995.63  3460  8584 19 
 995.69  3465  8662 17.5 
 995.73  3470  8740 18.5 
 995.79  3475  8818 14.25 
 995.83  3480  8897 17.75 
 995.89  3485  8975 20 
 995.93  3490  9054 17.5 
 995.99  3495  9132 15.25 
 996.03  3500  9211 19.5 
 996.18  3505  7411 17.25 
 996.36  3510  7492 16.25 
 996.4  3515  7573 13.5 
 996.46  3520  7653 16.75 
 996.49  3525  7734 12.5 
 996.56  3530  7815 16 
 996.6  3535  7896 17.75 
 996.66  3540  7978 15.75 
 996.7  3545  8059 14.25 
 996.76  3550  8141 16.5 
 996.8  3555  8222 16 
 996.86  3560  8304 13.75 
 996.89  3565  8386 12 
 996.96  3570  8468 10.25 
 997  3575  8550 13.25 
 997.06  3580  8633 9.25 
 997.1  3585  8715 8.25 
 997.16  3590  8798 12 
 997.19  3595  8881 13.5 
 997.26  3600  8963 12.75 
 997.29  3605  9046 12.5 
 997.36  3610  9130 10.25 
 997.4  3615  9213 13 
 997.46  3620  9296 10.5 
 997.5  3625  9380 11.75 
 997.56  3630  9463 12.75 
end
