 3341.48 
6588           53
6598           52
6608           57
6618           58
6628           57
6638           76
6648           77
6658          469
6668         6902
6678        16615
6688        23785
6698        33619
6708        43864
6718        54182
6728        63822
6738        70318
6748        69031
6758        60579
6768        49982
6778        39720
6788        30396
6798        20330
6808         9067
6818          953
6828           85
6838           64
6848           61
6858           57
6868           61
6878           66
6888           66
6888           66
6878           63
6868           60
6858           60
6848           66
6838           68
6828           83
6818         1071
6808         7849
6798        18612
6788        30512
6778        41025
6768        49821
6758        60028
6748        69313
6738        70294
6728        63798
6718        54184
6708        43881
6698        33529
6688        23357
6678        13630
6668         6444
6658          667
6648           79
6638           58
6628           62
6618           59
6608           53
6598           59
6588           56
eof
201 mkiii
slit  1 
ZERO  2469 
CalStep 285
TE  18 
ND  0 
