0            
-.3119       
-.8850       
-1.5934      
-2.7667      
-.3          
.3417        
2.35         
1.1428       
3358         
3737         
.000000031   
288          
96           
1699         
0            
5000         
10000        
15000        
20000        
25000        
2972         
mkiv        
1            
0            
0            
0            
0            
0            
0            
0            
7206         
0            
242          
-3           
750          
700          
9733         
178          
2527         
0            
0            
2669         
250          
0            
64           
256          
64           
64           
36           
2238         
17 Sept/03   
