uxIntegration time is 0.2294 seconds per sampledt  3E-08 cy 1dh260718davos 46.8-9.83 3.348003pr840dark 1.225 
 684.77  2865  117 2.5 
 684.82  2870  182 2.25 
 684.86  2875  247 1.25 
 684.9  2880  312 3 
 684.95  2885  377 1 
 684.99  2890  442 2.75 
 685.03  2895  507 3.25 
 685.08  2900  572 2 
 685.12  2905  638 .5 
 685.16  2910  703 2.5 
 685.21  2915  769 2.25 
 685.25  2920  834 3.75 
 685.3  2925  900 3.5 
 685.34  2930  966 7.5 
 685.39  2935  1032 11.75 
 685.43  2940  1098 19.25 
 685.47  2945  1164 25.75 
 685.52  2950  1230 44 
 685.56  2955  1297 81.75 
 685.61  2960  1363 134.75 
 685.65  2965  1430 148.5 
 685.7  2970  1497 195.5 
 685.74  2975  1564 415 
 685.79  2980  1630 515.5 
 685.83  2985  1697 498.75 
 685.88  2990  1765 931.5 
 685.92  2995  1832 1232 
 685.96  3000  1899 1227 
 685.99  3005  1967 1565.5 
 686.03  3010  2034 2353 
 686.07  3015  2102 3197.5 
 686.11  3020  2170 2718.5 
 686.14  3025  2238 4691.5 
 686.18  3030  2305 7242.5 
 686.22  3035  2374 8619 
 686.26  3040  2442 8149 
 686.29  3045  2510 10315.5 
 686.33  3050  2578 13484.5 
 686.37  3055  2647 14034.5 
 686.4  3060  2716 13180.5 
 686.44  3065  2784 15579 
 686.48  3070  2853 19941 
 686.51  3075  2922 23217 
 686.57  3080  2991 9168 
 686.61  3085  3060 10206.5 
 686.65  3090  3130 8981.5 
 686.68  3095  3199 9419.5 
 686.72  3100  3268 9551 
 686.76  3105  3338 14642.5 
 686.8  3110  3408 17811 
 686.83  3115  3477 17264.5 
 686.87  3120  3547 16094 
 686.91  3125  3617 18436.5 
 686.94  3130  3687 19359 
 686.98  3135  3758 19644 
 687.02  3140  3828 22686.5 
 687.06  3145  3898 19093.5 
 687.09  3150  3969 24307.5 
 687.13  3155  4040 21394 
 687.17  3160  4110 17732 
 687.21  3165  4181 24036.5 
 687.24  3170  4252 29552.5 
 687.28  3175  4323 31087 
 687.32  3180  4395 23522 
 687.35  3185  4466 27177.5 
 687.39  3190  4537 30818.5 
 687.43  3195  4609 27396.5 
 687.46  3200  4680 32998 
 687.5  3205  4752 37500.5 
 687.54  3210  4824 31684.5 
 687.58  3215  4896 30250 
 687.61  3220  4968 34672 
 687.65  3225  5040 29736.5 
 687.69  3230  5113 28418.5 
 687.72  3235  5185 32411 
 687.76  3240  5258 37218 
 687.8  3245  5330 38682.5 
 687.84  3250  5403 35925.5 
 687.87  3255  5476 44188 
 687.91  3260  5549 50800.5 
 687.95  3265  5622 49922 
 687.98  3270  5695 50034 
 688.02  3275  5768 48640 
 688.06  3280  5842 45573 
 688.1  3285  5915 45215.5 
 688.13  3290  5989 51962 
 688.17  3295  6063 58397 
 688.21  3300  6136 59238.5 
 688.25  3305  6210 49611 
 688.28  3310  6284 50191 
 688.32  3315  6359 50100 
 688.36  3320  6433 52153 
 688.39  3325  6507 51011.5 
 688.43  3330  6582 51231 
 688.47  3335  6656 47522 
 688.5  3340  6731 48665.5 
 688.54  3345  6806 54293.5 
 688.58  3350  6881 51050.5 
 688.62  3355  6956 57084.5 
 688.65  3360  7031 40244 
 688.69  3365  7107 47989.5 
 688.73  3370  7182 39980.5 
 688.76  3375  7258 49515.5 
 688.8  3380  7333 47343.5 
 688.84  3385  7409 52422 
 688.87  3390  7485 52024.5 
 688.91  3395  7561 50472.5 
 688.95  3400  7637 60326 
 688.99  3405  7713 54146.5 
 689.02  3410  7789 52003.5 
 689.06  3415  7866 48032 
 689.1  3420  7942 56691 
 689.14  3425  8019 53095.5 
 689.17  3430  8096 57929 
 689.21  3435  8173 54560.5 
 689.25  3440  8250 40472 
 689.29  3445  8327 40346 
 689.32  3450  8404 53383.5 
 689.36  3455  8482 54579.5 
 689.4  3460  8559 46574.5 
 689.43  3465  8637 52013.5 
 689.47  3470  8714 55749.5 
 689.51  3475  8792 45256.5 
 689.55  3480  8870 51513.5 
 689.58  3485  8948 51350 
 689.62  3490  9026 47257.5 
 689.66  3495  9105 46934.5 
 689.7  3500  9183 57363.5 
 689.84  3505  7392 58056.5 
 689.87  3510  7472 52149.5 
 689.91  3515  7552 49269 
 689.95  3520  7632 54016.5 
 689.99  3525  7713 41350.5 
 690.02  3530  7793 52120.5 
 690.06  3535  7874 55840 
 690.1  3540  7955 57928 
 690.13  3545  8036 58758.5 
 690.17  3550  8117 58850 
 690.21  3555  8198 52640.5 
 690.25  3560  8279 54509 
 690.28  3565  8361 47053 
 690.32  3570  8443 38588.5 
 690.36  3575  8524 47619.5 
 690.4  3580  8606 38051.5 
 690.43  3585  8688 31813.5 
 690.47  3590  8770 44426.5 
 690.51  3595  8853 56234.5 
 690.55  3600  8935 59916.5 
 690.59  3605  9018 47590 
 690.62  3610  9101 42903 
 690.66  3615  9184 49947.5 
 690.7  3620  9267 41736 
 690.73  3625  9350 58237.5 
 690.77  3630  9433 52419.5 
end
uxIntegration time is 0.2294 seconds per sampledt  3E-08 cy 1dh260718arosa 46.7828-9.6754 3.434674pr812dark 1.375 
 805.81  2865  117 1.5 
 805.85  2870  182 2.25 
 805.9  2875  247 .75 
 805.94  2880  312 1.5 
 805.98  2885  377 2.75 
 806.03  2890  442 0 
 806.07  2895  507 .25 
 806.11  2900  572 .25 
 806.16  2905  638 1.25 
 806.2  2910  703 1.25 
 806.25  2915  769 1.75 
 806.29  2920  834 2.5 
 806.34  2925  900 2.5 
 806.38  2930  966 4 
 806.42  2935  1032 7.5 
 806.47  2940  1098 10.25 
 806.51  2945  1164 14.5 
 806.56  2950  1230 23.5 
 806.6  2955  1297 50.25 
 806.65  2960  1363 80.75 
 806.69  2965  1430 98.75 
 806.74  2970  1497 122.25 
 806.78  2975  1564 277.5 
 806.83  2980  1630 348.5 
 806.87  2985  1697 348.75 
 806.92  2990  1765 655.5 
 806.96  2995  1832 900.5 
 807  3000  1899 945 
 807.03  3005  1967 1182 
 807.07  3010  2034 1870 
 807.11  3015  2102 2558.5 
 807.15  3020  2170 2240 
 807.18  3025  2238 3882.5 
 807.22  3030  2305 6111.5 
 807.26  3035  2374 7387.5 
 807.29  3040  2442 6970.5 
 807.33  3045  2510 9009.5 
 807.37  3050  2578 11845 
 807.41  3055  2647 12672 
 807.44  3060  2716 11872 
 807.48  3065  2784 13982.5 
 807.52  3070  2853 18245.5 
 807.55  3075  2922 21619 
 807.61  3080  2991 8616 
 807.65  3085  3060 9580 
 807.69  3090  3130 8467 
 807.72  3095  3199 8966 
 807.76  3100  3268 9112 
 807.8  3105  3338 13940 
 807.84  3110  3408 17051.5 
 807.87  3115  3477 16298.5 
 807.91  3120  3547 14873 
 807.95  3125  3617 17254 
 807.98  3130  3687 18108.5 
 808.02  3135  3758 19143.5 
 808.06  3140  3828 22134 
 808.09  3145  3898 18802.5 
 808.13  3150  3969 23986 
 808.17  3155  4040 21054.5 
 808.2  3160  4110 17428 
 808.24  3165  4181 23836.5 
 808.28  3170  4252 29214 
 808.32  3175  4323 30743.5 
 808.35  3180  4395 23348 
 808.39  3185  4466 26974 
 808.43  3190  4537 30724.5 
 808.46  3195  4609 27157.5 
 808.5  3200  4680 32261 
 808.54  3205  4752 37080.5 
 808.58  3210  4824 31848 
 808.61  3215  4896 29990.5 
 808.65  3220  4968 34186.5 
 808.69  3225  5040 29445.5 
 808.73  3230  5113 28058 
 808.76  3235  5185 32067 
 808.8  3240  5258 36735 
 808.84  3245  5330 38197 
 808.87  3250  5403 35484.5 
 808.91  3255  5476 43324.5 
 808.95  3260  5549 50110.5 
 808.98  3265  5622 49211 
 809.02  3270  5695 49477 
 809.06  3275  5768 47698 
 809.1  3280  5842 44603.5 
 809.13  3285  5915 44272 
 809.17  3290  5989 51043.5 
 809.21  3295  6063 57528.5 
 809.24  3300  6136 58332 
 809.28  3305  6210 48859 
 809.32  3310  6284 49407 
 809.35  3315  6359 49309 
 809.39  3320  6433 51562.5 
 809.43  3325  6507 50809.5 
 809.47  3330  6582 50947 
 809.5  3335  6656 47394 
 809.54  3340  6731 48532 
 809.58  3345  6806 54247.5 
 809.62  3350  6881 51494 
 809.65  3355  6956 58021 
 809.69  3360  7031 41292 
 809.73  3365  7107 49337.5 
 809.76  3370  7182 41410 
 809.8  3375  7258 51659.5 
 809.84  3380  7333 50087.5 
 809.88  3385  7409 55706 
 809.91  3390  7485 56253 
 809.95  3395  7561 54673.5 
 809.99  3400  7637 65578.5 
 810.03  3405  7713 58989.5 
 810.06  3410  7789 56159 
 810.1  3415  7866 51033.5 
 810.14  3420  7942 59288 
 810.17  3425  8019 54189 
 810.21  3430  8096 58661 
 810.25  3435  8173 54844.5 
 810.29  3440  8250 41063 
 810.32  3445  8327 40131 
 810.36  3450  8404 52883 
 810.4  3455  8482 54218 
 810.44  3460  8559 46534 
 810.47  3465  8637 51934 
 810.51  3470  8714 55332 
 810.55  3475  8792 44932.5 
 810.58  3480  8870 51158 
 810.62  3485  8948 51071 
 810.66  3490  9026 47260.5 
 810.7  3495  9105 46882.5 
 810.73  3500  9183 56853.5 
 810.87  3505  7392 57753 
 810.91  3510  7472 52145.5 
 810.94  3515  7552 49268.5 
 810.98  3520  7632 54365.5 
 811.02  3525  7713 41823 
 811.06  3530  7793 52582.5 
 811.1  3535  7874 56457.5 
 811.13  3540  7955 58886 
 811.17  3545  8036 60197.5 
 811.21  3550  8117 61170.5 
 811.25  3555  8198 55971.5 
 811.28  3560  8279 60827 
 811.32  3565  8361 56703 
 811.36  3570  8443 50756 
 811.4  3575  8524 67224.5 
 811.43  3580  8606 56116.5 
 811.47  3585  8688 46057.5 
 811.51  3590  8770 59502.5 
 811.55  3595  8853 72928 
 811.59  3600  8935 74090.5 
 811.62  3605  9018 57019 
 811.66  3610  9101 50917.5 
 811.7  3615  9184 58203.5 
 811.74  3620  9267 47560.5 
 811.77  3625  9350 63276 
 811.81  3630  9433 54752.5 
end
uxIntegration time is 0.2294 seconds per sampledt  3E-08 cy 1dh260718arosa 46.7828-9.6754 3.398986pr812dark 1.75 
 827.93  2865  117 2 
 827.97  2870  182 2 
 828.02  2875  247 1.75 
 828.06  2880  312 2 
 828.1  2885  377 1 
 828.15  2890  442 2 
 828.19  2895  507 4.25 
 828.24  2900  572 .75 
 828.28  2905  638 2 
 828.33  2910  703 1.75 
 828.37  2915  769 1.25 
 828.41  2920  834 1.5 
 828.46  2925  900 2 
 828.5  2930  966 4 
 828.55  2935  1032 5.25 
 828.59  2940  1098 7 
 828.63  2945  1164 11.25 
 828.68  2950  1230 18 
 828.72  2955  1297 35.75 
 828.77  2960  1363 67 
 828.81  2965  1430 75.5 
 828.86  2970  1497 95.75 
 828.9  2975  1564 221 
 828.95  2980  1630 283.25 
 828.99  2985  1697 278.75 
 829.04  2990  1765 537.25 
 829.08  2995  1832 753.5 
 829.12  3000  1899 804.5 
 829.16  3005  1967 1021.5 
 829.19  3010  2034 1639.5 
 829.23  3015  2102 2233.5 
 829.27  3020  2170 1935 
 829.3  3025  2238 3455.5 
 829.34  3030  2305 5546 
 829.38  3035  2374 6774.5 
 829.42  3040  2442 6440.5 
 829.45  3045  2510 8349 
 829.49  3050  2578 11205 
 829.53  3055  2647 12032 
 829.57  3060  2716 11289.5 
 829.6  3065  2784 13586 
 829.64  3070  2853 17786 
 829.68  3075  2922 21436 
 829.74  3080  2991 8873.5 
 829.77  3085  3060 10081.5 
 829.81  3090  3130 9123.5 
 829.85  3095  3199 9973.5 
 829.88  3100  3268 10166 
 829.92  3105  3338 16006 
 829.96  3110  3408 20116.5 
 830  3115  3477 19895.5 
 830.03  3120  3547 18822 
 830.07  3125  3617 21578 
 830.11  3130  3687 22523.5 
 830.14  3135  3758 22410 
 830.18  3140  3828 25971.5 
 830.22  3145  3898 22318.5 
 830.26  3150  3969 28490 
 830.29  3155  4040 24950.5 
 830.33  3160  4110 21060 
 830.37  3165  4181 30502.5 
 830.4  3170  4252 42041.5 
 830.44  3175  4323 48428.5 
 830.48  3180  4395 37847 
 830.52  3185  4466 43654 
 830.55  3190  4537 49209.5 
 830.59  3195  4609 43642 
 830.63  3200  4680 53297 
 830.67  3205  4752 62784 
 830.7  3210  4824 54408.5 
 830.74  3215  4896 51696.5 
 830.78  3220  4968 57831.5 
 830.81  3225  5040 47809.5 
 830.85  3230  5113 42913 
 830.89  3235  5185 46758 
 830.93  3240  5258 51808 
 830.96  3245  5330 52912 
 831  3250  5403 49065.5 
 831.04  3255  5476 61062.5 
 831.07  3260  5549 71601 
 831.11  3265  5622 71367 
 831.15  3270  5695 72459 
 831.19  3275  5768 70385.5 
 831.22  3280  5842 67098 
 831.26  3285  5915 67694 
 831.3  3290  5989 77030.5 
 831.33  3295  6063 83342.5 
 831.37  3300  6136 81203 
 831.41  3305  6210 66729 
 831.45  3310  6284 67875 
 831.48  3315  6359 69063.5 
 831.52  3320  6433 73557.5 
 831.56  3325  6507 73604.5 
 831.59  3330  6582 75211 
 831.63  3335  6656 71319 
 831.67  3340  6731 75379.5 
 831.71  3345  6806 87823 
 831.74  3350  6881 85540.5 
 831.78  3355  6956 97534.5 
 831.82  3360  7031 69202 
 831.85  3365  7107 83319.5 
 831.89  3370  7182 70761 
 831.93  3375  7258 90039.5 
 831.97  3380  7333 88549 
 832  3385  7409 99044.5 
 832.04  3390  7485 99470.5 
 832.08  3395  7561 96639 
 832.12  3400  7637 115857 
 832.15  3405  7713 104691.5 
 832.19  3410  7789 100301 
 832.23  3415  7866 93089.5 
 832.26  3420  7942 108836.5 
 832.3  3425  8019 99455 
 832.34  3430  8096 105020.5 
 832.38  3435  8173 98624.5 
 832.41  3440  8250 74891 
 832.45  3445  8327 75666.5 
 832.49  3450  8404 100947 
 832.52  3455  8482 104129 
 832.56  3460  8559 89858.5 
 832.6  3465  8637 101327 
 832.64  3470  8714 108465.5 
 832.67  3475  8792 88352 
 832.71  3480  8870 100357 
 832.75  3485  8948 100517 
 832.78  3490  9026 92910 
 832.82  3495  9105 91917.5 
 832.86  3500  9183 111562.5 
 833  3505  7392 111745.5 
 833.03  3510  7472 100641.5 
 833.07  3515  7552 95270.5 
 833.11  3520  7632 104994.5 
 833.15  3525  7713 80797.5 
 833.18  3530  7793 101596 
 833.22  3535  7874 108945.5 
 833.26  3540  7955 113090 
 833.3  3545  8036 114919 
 833.33  3550  8117 115407 
 833.37  3555  8198 103571.5 
 833.41  3560  8279 107846 
 833.45  3565  8361 94209 
 833.48  3570  8443 77352.5 
 833.52  3575  8524 94457 
 833.56  3580  8606 75986.5 
 833.59  3585  8688 63817.5 
 833.63  3590  8770 88170.5 
 833.67  3595  8853 111742.5 
 833.71  3600  8935 118995.5 
 833.75  3605  9018 94949.5 
 833.78  3610  9101 86033.5 
 833.82  3615  9184 99857 
 833.86  3620  9267 84125 
 833.9  3625  9350 115683 
 833.94  3630  9433 105045.5 
end
uxIntegration time is 0.2294 seconds per sampledt  3E-08 cy 1dh260718arosa 46.7828-9.6754 3.449969pr812dark 4.7 
 843.87  2865  117 4.25 
 843.91  2870  182 3 
 843.96  2875  247 4.25 
 844  2880  312 3.75 
 844.05  2885  377 4.25 
 844.09  2890  442 3.75 
 844.14  2895  507 3.75 
 844.18  2900  572 3.25 
 844.23  2905  638 4.25 
 844.27  2910  703 3 
 844.31  2915  769 2.75 
 844.36  2920  834 5.25 
 844.4  2925  900 5 
 844.45  2930  966 4.75 
 844.49  2935  1032 6.75 
 844.54  2940  1098 12 
 844.58  2945  1164 13.75 
 844.63  2950  1230 23.75 
 844.67  2955  1297 48.5 
 844.72  2960  1363 91.25 
 844.76  2965  1430 102.25 
 844.8  2970  1497 141.5 
 844.85  2975  1564 327 
 844.9  2980  1630 416 
 844.94  2985  1697 421.75 
 844.99  2990  1765 841.5 
 845.03  2995  1832 1170.75 
 845.07  3000  1899 1193.5 
 845.11  3005  1967 1591 
 845.14  3010  2034 2553.5 
 845.18  3015  2102 3492.5 
 845.22  3020  2170 3048.5 
 845.25  3025  2238 5549 
 845.29  3030  2305 8831 
 845.33  3035  2374 10645.5 
 845.37  3040  2442 10181.5 
 845.4  3045  2510 13215.5 
 845.44  3050  2578 18012 
 845.48  3055  2647 18927.5 
 845.51  3060  2716 17994 
 845.55  3065  2784 21442 
 845.59  3070  2853 28356.5 
 845.63  3075  2922 33511 
 845.69  3080  2991 13486.5 
 845.72  3085  3060 15049 
 845.76  3090  3130 13294.5 
 845.8  3095  3199 14367 
 845.83  3100  3268 14582 
 845.87  3105  3338 22770.5 
 845.91  3110  3408 27860.5 
 845.95  3115  3477 26924.5 
 845.98  3120  3547 25457.5 
 846.02  3125  3617 29560 
 846.06  3130  3687 31104 
 846.1  3135  3758 31846 
 846.13  3140  3828 36903 
 846.17  3145  3898 31498.5 
 846.21  3150  3969 40241.5 
 846.24  3155  4040 35252.5 
 846.28  3160  4110 29444.5 
 846.32  3165  4181 40539 
 846.36  3170  4252 49946.5 
 846.4  3175  4323 52187.5 
 846.43  3180  4395 39622.5 
 846.47  3185  4466 46840 
 846.51  3190  4537 52705 
 846.54  3195  4609 46999 
 846.58  3200  4680 56249.5 
 846.62  3205  4752 65056 
 846.65  3210  4824 55102.5 
 846.69  3215  4896 53101.5 
 846.73  3220  4968 60308.5 
 846.76  3225  5040 51727 
 846.8  3230  5113 50051.5 
 846.84  3235  5185 57632 
 846.88  3240  5258 66069.5 
 846.91  3245  5330 68474.5 
 846.95  3250  5403 63417 
 846.99  3255  5476 78368 
 847.03  3260  5549 90385 
 847.06  3265  5622 89032.5 
 847.1  3270  5695 89280.5 
 847.14  3275  5768 86529 
 847.17  3280  5842 81051 
 847.21  3285  5915 80646.5 
 847.25  3290  5989 93375.5 
 847.29  3295  6063 104675 
 847.32  3300  6136 106314.5 
 847.36  3305  6210 88631 
 847.4  3310  6284 90453.5 
 847.44  3315  6359 90498.5 
 847.47  3320  6433 94395.5 
 847.51  3325  6507 93062.5 
 847.55  3330  6582 93328.5 
 847.59  3335  6656 86538 
 847.62  3340  6731 88479 
 847.66  3345  6806 98622 
 847.7  3350  6881 93329.5 
 847.74  3355  6956 104365 
 847.77  3360  7031 73835 
 847.81  3365  7107 88349.5 
 847.85  3370  7182 73410.5 
 847.88  3375  7258 91585 
 847.92  3380  7333 87138.5 
 847.96  3385  7409 96957 
 848  3390  7485 95969.5 
 848.03  3395  7561 93368.5 
 848.07  3400  7637 111044 
 848.11  3405  7713 100173 
 848.14  3410  7789 96079.5 
 848.18  3415  7866 89463 
 848.22  3420  7942 105475.5 
 848.26  3425  8019 98439.5 
 848.29  3430  8096 107380.5 
 848.33  3435  8173 101473 
 848.37  3440  8250 75537 
 848.41  3445  8327 75931 
 848.44  3450  8404 99781.5 
 848.48  3455  8482 101729 
 848.52  3460  8559 87324 
 848.56  3465  8637 97908.5 
 848.6  3470  8714 104363 
 848.63  3475  8792 84763 
 848.67  3480  8870 96745 
 848.71  3485  8948 97003 
 848.75  3490  9026 89278 
 848.78  3495  9105 89070.5 
 848.82  3500  9183 108476 
 848.96  3505  7392 109016.5 
 849  3510  7472 98417.5 
 849.04  3515  7552 93665 
 849.07  3520  7632 102205.5 
 849.11  3525  7713 78884 
 849.15  3530  7793 99386 
 849.19  3535  7874 105750.5 
 849.22  3540  7955 110221.5 
 849.26  3545  8036 111982 
 849.3  3550  8117 111847 
 849.34  3555  8198 100638 
 849.37  3560  8279 105326.5 
 849.41  3565  8361 91107.5 
 849.45  3570  8443 75336.5 
 849.49  3575  8524 92088.5 
 849.52  3580  8606 73474.5 
 849.56  3585  8688 62177.5 
 849.6  3590  8770 86634 
 849.64  3595  8853 109237 
 849.67  3600  8935 115831 
 849.71  3605  9018 92499 
 849.75  3610  9101 83921 
 849.79  3615  9184 97647 
 849.83  3620  9267 82027 
 849.86  3625  9350 113148.5 
 849.9  3630  9433 101760.5 
end
uxIntegration time is 0.2294 seconds per sampledt  3E-08 cy 1dh260718arosa 46.7828-9.6754 3.562132pr812dark 1.7 
 866.14  2865  117 2 
 866.18  2870  182 2.5 
 866.22  2875  247 1.5 
 866.27  2880  312 2 
 866.31  2885  377 1.75 
 866.35  2890  442 1 
 866.4  2895  507 2 
 866.44  2900  572 1.25 
 866.48  2905  638 2.75 
 866.53  2910  703 1.5 
 866.57  2915  769 1.25 
 866.62  2920  834 1.25 
 866.66  2925  900 1.5 
 866.7  2930  966 1.75 
 866.75  2935  1032 2.25 
 866.79  2940  1098 4.25 
 866.84  2945  1164 8.25 
 866.88  2950  1230 11 
 866.93  2955  1297 17.5 
 866.97  2960  1363 33.75 
 867.02  2965  1430 38.25 
 867.06  2970  1497 56 
 867.11  2975  1564 126.25 
 867.15  2980  1630 178.75 
 867.2  2985  1697 179.25 
 867.25  2990  1765 373.25 
 867.29  2995  1832 551.5 
 867.33  3000  1899 615.5 
 867.37  3005  1967 835 
 867.4  3010  2034 1394 
 867.44  3015  2102 1982.5 
 867.48  3020  2170 1811 
 867.51  3025  2238 3337 
 867.55  3030  2305 5520.5 
 867.59  3035  2374 6872.5 
 867.62  3040  2442 6736 
 867.66  3045  2510 9175.5 
 867.7  3050  2578 12752.5 
 867.73  3055  2647 13692 
 867.77  3060  2716 13270 
 867.81  3065  2784 16155.5 
 867.84  3070  2853 21724 
 867.88  3075  2922 26336 
 867.94  3080  2991 10708 
 867.98  3085  3060 12069.5 
 868.01  3090  3130 10785.5 
 868.05  3095  3199 11744.5 
 868.09  3100  3268 12001.5 
 868.12  3105  3338 18946.5 
 868.16  3110  3408 23215 
 868.2  3115  3477 22621 
 868.24  3120  3547 21493 
 868.27  3125  3617 25096 
 868.31  3130  3687 26563.5 
 868.35  3135  3758 26967 
 868.38  3140  3828 30969 
 868.42  3145  3898 26371.5 
 868.46  3150  3969 33523 
 868.5  3155  4040 29194.5 
 868.53  3160  4110 24554 
 868.57  3165  4181 34313 
 868.61  3170  4252 43249 
 868.64  3175  4323 45398 
 868.68  3180  4395 34577.5 
 868.72  3185  4466 41168.5 
 868.76  3190  4537 46496 
 868.79  3195  4609 41123.5 
 868.83  3200  4680 49515 
 868.87  3205  4752 57381 
 868.9  3210  4824 48864 
 868.94  3215  4896 47092 
 868.98  3220  4968 53163.5 
 869.02  3225  5040 45571 
 869.05  3230  5113 44259 
 869.09  3235  5185 51071 
 869.13  3240  5258 58947.5 
 869.17  3245  5330 60913 
 869.2  3250  5403 56299.5 
 869.24  3255  5476 69701.5 
 869.28  3260  5549 80909.5 
 869.31  3265  5622 79614.5 
 869.35  3270  5695 79904 
 869.39  3275  5768 77293.5 
 869.43  3280  5842 72602 
 869.46  3285  5915 72036 
 869.5  3290  5989 83935 
 869.54  3295  6063 94201.5 
 869.57  3300  6136 95658 
 869.61  3305  6210 79937.5 
 869.65  3310  6284 81119.5 
 869.69  3315  6359 81283 
 869.72  3320  6433 84806.5 
 869.76  3325  6507 83789 
 869.8  3330  6582 83892 
 869.83  3335  6656 77842.5 
 869.87  3340  6731 80039 
 869.91  3345  6806 89318 
 869.95  3350  6881 84533.5 
 869.98  3355  6956 94779.5 
 870.02  3360  7031 66832 
 870.06  3365  7107 80141 
 870.09  3370  7182 66474 
 870.13  3375  7258 82712.5 
 870.17  3380  7333 79285 
 870.21  3385  7409 88211.5 
 870.24  3390  7485 87484 
 870.28  3395  7561 85313 
 870.32  3400  7637 101796 
 870.35  3405  7713 91681 
 870.39  3410  7789 87860 
 870.43  3415  7866 82011.5 
 870.46  3420  7942 96666.5 
 870.5  3425  8019 90370.5 
 870.54  3430  8096 98846 
 870.58  3435  8173 93160 
 870.61  3440  8250 69270 
 870.65  3445  8327 69549.5 
 870.69  3450  8404 91419 
 870.73  3455  8482 93458.5 
 870.76  3460  8559 80022 
 870.8  3465  8637 89287 
 870.84  3470  8714 95504 
 870.87  3475  8792 77476 
 870.91  3480  8870 88308 
 870.95  3485  8948 88518 
 870.99  3490  9026 81550 
 871.02  3495  9105 81050 
 871.06  3500  9183 99065.5 
 871.2  3505  7392 99502.5 
 871.24  3510  7472 89599.5 
 871.27  3515  7552 85138.5 
 871.31  3520  7632 93127.5 
 871.35  3525  7713 71640 
 871.39  3530  7793 89920 
 871.42  3535  7874 95747.5 
 871.46  3540  7955 99414.5 
 871.5  3545  8036 100848.5 
 871.54  3550  8117 100722.5 
 871.57  3555  8198 90610.5 
 871.61  3560  8279 94335 
 871.65  3565  8361 81759 
 871.68  3570  8443 67466 
 871.72  3575  8524 82710.5 
 871.76  3580  8606 65815 
 871.8  3585  8688 55866.5 
 871.83  3590  8770 77695 
 871.87  3595  8853 98038 
 871.91  3600  8935 104342.5 
 871.94  3605  9018 83059 
 871.98  3610  9101 75405 
 872.02  3615  9184 87492 
 872.06  3620  9267 73707.5 
 872.09  3625  9350 101602 
 872.13  3630  9433 91512 
end
uxIntegration time is 0.2294 seconds per sampledt  3E-08 cy 1dh260718arosa 46.7828-9.6754 3.577427pr812dark 4 
 882.01  2865  117 2.5 
 882.06  2870  182 3.25 
 882.1  2875  247 3.75 
 882.15  2880  312 3.25 
 882.19  2885  377 3.5 
 882.24  2890  442 3.75 
 882.29  2895  507 4.5 
 882.33  2900  572 3.75 
 882.37  2905  638 2.25 
 882.42  2910  703 2.75 
 882.46  2915  769 2.25 
 882.51  2920  834 2 
 882.55  2925  900 3 
 882.6  2930  966 4 
 882.64  2935  1032 3.75 
 882.68  2940  1098 3.75 
 882.73  2945  1164 9.25 
 882.77  2950  1230 10.5 
 882.82  2955  1297 21.5 
 882.86  2960  1363 35.75 
 882.91  2965  1430 41 
 882.95  2970  1497 59.5 
 883  2975  1564 142.75 
 883.04  2980  1630 196 
 883.09  2985  1697 196.25 
 883.13  2990  1765 413.75 
 883.17  2995  1832 594.75 
 883.21  3000  1899 627 
 883.25  3005  1967 898.5 
 883.28  3010  2034 1437.5 
 883.32  3015  2102 2017 
 883.36  3020  2170 1812.5 
 883.39  3025  2238 3271 
 883.43  3030  2305 5446.5 
 883.47  3035  2374 6610 
 883.5  3040  2442 6387 
 883.54  3045  2510 8541 
 883.58  3050  2578 11896 
 883.61  3055  2647 12649 
 883.65  3060  2716 12186.5 
 883.69  3065  2784 14629.5 
 883.73  3070  2853 19788 
 883.76  3075  2922 23874 
 883.82  3080  2991 9698.5 
 883.86  3085  3060 10770 
 883.9  3090  3130 9681 
 883.93  3095  3199 10574.5 
 883.97  3100  3268 10777.5 
 884.01  3105  3338 17139.5 
 884.05  3110  3408 21022 
 884.08  3115  3477 20465.5 
 884.12  3120  3547 19479 
 884.16  3125  3617 22797.5 
 884.2  3130  3687 24130 
 884.23  3135  3758 24558 
 884.27  3140  3828 28814 
 884.31  3145  3898 24858 
 884.34  3150  3969 31949.5 
 884.38  3155  4040 27784.5 
 884.42  3160  4110 23510 
 884.45  3165  4181 32418.5 
 884.49  3170  4252 40169.5 
 884.53  3175  4323 41941 
 884.57  3180  4395 31818 
 884.6  3185  4466 37951.5 
 884.64  3190  4537 43090.5 
 884.68  3195  4609 38146 
 884.72  3200  4680 45741.5 
 884.75  3205  4752 53184 
 884.79  3210  4824 45407.5 
 884.83  3215  4896 43651.5 
 884.87  3220  4968 49293 
 884.9  3225  5040 42290 
 884.94  3230  5113 41200 
 884.98  3235  5185 47531 
 885.02  3240  5258 54959.5 
 885.05  3245  5330 56652.5 
 885.09  3250  5403 52369.5 
 885.13  3255  5476 64970 
 885.17  3260  5549 75251.5 
 885.2  3265  5622 74402.5 
 885.24  3270  5695 74662.5 
 885.28  3275  5768 72330.5 
 885.31  3280  5842 67782 
 885.35  3285  5915 67693.5 
 885.39  3290  5989 78853.5 
 885.42  3295  6063 88466.5 
 885.46  3300  6136 89677 
 885.5  3305  6210 74945.5 
 885.54  3310  6284 76073 
 885.57  3315  6359 76054.5 
 885.61  3320  6433 78669 
 885.65  3325  6507 76899.5 
 885.69  3330  6582 76885 
 885.72  3335  6656 71330 
 885.76  3340  6731 73358.5 
 885.8  3345  6806 82357.5 
 885.84  3350  6881 78816.5 
 885.87  3355  6956 89061 
 885.91  3360  7031 62365.5 
 885.95  3365  7107 72770 
 885.98  3370  7182 57415 
 886.02  3375  7258 68067 
 886.06  3380  7333 63327.5 
 886.1  3385  7409 72086.5 
 886.13  3390  7485 73327.5 
 886.17  3395  7561 72069 
 886.21  3400  7637 84594.5 
 886.25  3405  7713 74487 
 886.28  3410  7789 69895.5 
 886.32  3415  7866 64323.5 
 886.36  3420  7942 76312 
 886.39  3425  8019 70557.5 
 886.43  3430  8096 73941 
 886.47  3435  8173 69149 
 886.51  3440  8250 52274.5 
 886.54  3445  8327 53217.5 
 886.58  3450  8404 69365 
 886.62  3455  8482 69472.5 
 886.65  3460  8559 58099 
 886.69  3465  8637 66044 
 886.73  3470  8714 74060 
 886.77  3475  8792 63602 
 886.8  3480  8870 75274.5 
 886.84  3485  8948 77099 
 886.88  3490  9026 72094 
 886.91  3495  9105 72798.5 
 886.95  3500  9183 90352 
 887.09  3505  7392 87335.5 
 887.13  3510  7472 73627 
 887.16  3515  7552 66557 
 887.2  3520  7632 69900.5 
 887.24  3525  7713 51257.5 
 887.28  3530  7793 61086.5 
 887.31  3535  7874 63210.5 
 887.35  3540  7955 64862 
 887.39  3545  8036 64979 
 887.43  3550  8117 64237 
 887.47  3555  8198 57153.5 
 887.5  3560  8279 59210 
 887.54  3565  8361 51334.5 
 887.58  3570  8443 42211.5 
 887.62  3575  8524 51646 
 887.65  3580  8606 41719.5 
 887.69  3585  8688 36085.5 
 887.73  3590  8770 52049 
 887.77  3595  8853 69056.5 
 887.81  3600  8935 77018 
 887.84  3605  9018 64512 
 887.88  3610  9101 61441 
 887.92  3615  9184 74310 
 887.96  3620  9267 64234.5 
 887.99  3625  9350 90317 
 888.03  3630  9433 81751 
end
uxIntegration time is 0.2294 seconds per sampledt  3E-08 cy 1dh260718arosa 46.7828-9.6754 3.613115pr812dark 2.15 
 903.63  2865  117 2 
 903.67  2870  182 3 
 903.71  2875  247 3 
 903.76  2880  312 1.25 
 903.8  2885  377 2.75 
 903.85  2890  442 2.75 
 903.89  2895  507 1.5 
 903.93  2900  572 2 
 903.98  2905  638 4.75 
 904.02  2910  703 2.25 
 904.07  2915  769 1.5 
 904.11  2920  834 2 
 904.16  2925  900 2.5 
 904.2  2930  966 1.75 
 904.24  2935  1032 2 
 904.29  2940  1098 2.75 
 904.33  2945  1164 3.25 
 904.38  2950  1230 4 
 904.42  2955  1297 6.5 
 904.47  2960  1363 9.5 
 904.51  2965  1430 12 
 904.56  2970  1497 17.25 
 904.6  2975  1564 41 
 904.64  2980  1630 56 
 904.69  2985  1697 59.25 
 904.73  2990  1765 120 
 904.78  2995  1832 183.25 
 904.82  3000  1899 199.5 
 904.85  3005  1967 272.5 
 904.89  3010  2034 485 
 904.93  3015  2102 671.5 
 904.96  3020  2170 628 
 905  3025  2238 1167 
 905.04  3030  2305 1934 
 905.08  3035  2374 2411 
 905.11  3040  2442 2356.5 
 905.15  3045  2510 3185.5 
 905.19  3050  2578 4527 
 905.22  3055  2647 4935 
 905.26  3060  2716 4788.5 
 905.3  3065  2784 5847.5 
 905.34  3070  2853 7876.5 
 905.37  3075  2922 9784 
 905.43  3080  2991 3984 
 905.47  3085  3060 4438.5 
 905.5  3090  3130 3999 
 905.54  3095  3199 4494 
 905.58  3100  3268 4614.5 
 905.62  3105  3338 7236.5 
 905.65  3110  3408 8992.5 
 905.69  3115  3477 8797 
 905.73  3120  3547 8528 
 905.77  3125  3617 10002 
 905.8  3130  3687 10652 
 905.84  3135  3758 10883.5 
 905.88  3140  3828 12713.5 
 905.92  3145  3898 11136 
 905.95  3150  3969 14319.5 
 905.99  3155  4040 12600 
 906.03  3160  4110 10673.5 
 906.06  3165  4181 14747 
 906.1  3170  4252 18249.5 
 906.14  3175  4323 19097 
 906.17  3180  4395 14644.5 
 906.21  3185  4466 17436.5 
 906.25  3190  4537 19984.5 
 906.29  3195  4609 17529.5 
 906.32  3200  4680 20943.5 
 906.36  3205  4752 24624 
 906.4  3210  4824 21170.5 
 906.43  3215  4896 20319 
 906.47  3220  4968 22926.5 
 906.51  3225  5040 19556 
 906.54  3230  5113 19173 
 906.58  3235  5185 22291 
 906.62  3240  5258 25664.5 
 906.66  3245  5330 26578 
 906.69  3250  5403 24523.5 
 906.73  3255  5476 30312.5 
 906.77  3260  5549 35561 
 906.8  3265  5622 35256 
 906.84  3270  5695 35367.5 
 906.88  3275  5768 34145 
 906.92  3280  5842 31750.5 
 906.95  3285  5915 31826 
 906.99  3290  5989 37287.5 
 907.03  3295  6063 42079 
 907.07  3300  6136 42628 
 907.1  3305  6210 35500 
 907.14  3310  6284 35836.5 
 907.18  3315  6359 36050 
 907.22  3320  6433 37972.5 
 907.25  3325  6507 37600.5 
 907.29  3330  6582 37626 
 907.33  3335  6656 34826.5 
 907.37  3340  6731 35826.5 
 907.4  3345  6806 40058 
 907.44  3350  6881 38180.5 
 907.48  3355  6956 42969 
 907.51  3360  7031 30369.5 
 907.55  3365  7107 36493.5 
 907.59  3370  7182 30367 
 907.63  3375  7258 37904 
 907.66  3380  7333 36968.5 
 907.7  3385  7409 41559 
 907.74  3390  7485 41433.5 
 907.78  3395  7561 40081.5 
 907.81  3400  7637 47917 
 907.85  3405  7713 42761 
 907.89  3410  7789 41015 
 907.93  3415  7866 38370.5 
 907.96  3420  7942 45165 
 908  3425  8019 42051.5 
 908.04  3430  8096 45442 
 908.07  3435  8173 42473 
 908.11  3440  8250 31603.5 
 908.15  3445  8327 31593 
 908.18  3450  8404 41853 
 908.22  3455  8482 43075 
 908.26  3460  8559 36839.5 
 908.3  3465  8637 41362.5 
 908.33  3470  8714 43901.5 
 908.37  3475  8792 35368.5 
 908.41  3480  8870 39969.5 
 908.45  3485  8948 39889 
 908.48  3490  9026 36880 
 908.52  3495  9105 36400 
 908.56  3500  9183 44306 
 908.7  3505  7392 43954 
 908.73  3510  7472 39349.5 
 908.77  3515  7552 37048 
 908.81  3520  7632 40538.5 
 908.85  3525  7713 30958.5 
 908.88  3530  7793 38947 
 908.92  3535  7874 41445.5 
 908.96  3540  7955 43082 
 908.99  3545  8036 43616 
 909.03  3550  8117 43588.5 
 909.07  3555  8198 38937.5 
 909.11  3560  8279 40575.5 
 909.14  3565  8361 35078 
 909.18  3570  8443 28685.5 
 909.22  3575  8524 34942.5 
 909.26  3580  8606 27785.5 
 909.3  3585  8688 23398.5 
 909.33  3590  8770 32500 
 909.37  3595  8853 41217 
 909.41  3600  8935 43711 
 909.45  3605  9018 34807 
 909.49  3610  9101 31331 
 909.52  3615  9184 36654.5 
 909.56  3620  9267 30551 
 909.6  3625  9350 42387.5 
 909.64  3630  9433 37966.5 
end
uxIntegration time is 0.2294 seconds per sampledt  3E-08 cy 1dh260718arosa 46.7828-9.6754 3.526444pr812dark 1.9 
 919.53  2865  117 .5 
 919.58  2870  182 1 
 919.62  2875  247 .75 
 919.67  2880  312 1 
 919.71  2885  377 3 
 919.75  2890  442 2.25 
 919.8  2895  507 1 
 919.85  2900  572 2.75 
 919.89  2905  638 2 
 919.94  2910  703 1 
 919.98  2915  769 1.5 
 920.03  2920  834 3.25 
 920.07  2925  900 .25 
 920.12  2930  966 2.5 
 920.16  2935  1032 1.75 
 920.21  2940  1098 2.5 
 920.25  2945  1164 2.75 
 920.3  2950  1230 3.25 
 920.34  2955  1297 5.75 
 920.39  2960  1363 9 
 920.43  2965  1430 9.5 
 920.48  2970  1497 17.75 
 920.52  2975  1564 43.5 
 920.57  2980  1630 57 
 920.61  2985  1697 66.75 
 920.66  2990  1765 144.75 
 920.7  2995  1832 231.5 
 920.74  3000  1899 249.5 
 920.78  3005  1967 347.5 
 920.81  3010  2034 633.5 
 920.85  3015  2102 901 
 920.89  3020  2170 810.5 
 920.93  3025  2238 1602 
 920.96  3030  2305 2684.5 
 921  3035  2374 3363 
 921.04  3040  2442 3338 
 921.07  3045  2510 4539.5 
 921.11  3050  2578 6567.5 
 921.15  3055  2647 7113 
 921.19  3060  2716 6999.5 
 921.22  3065  2784 8549 
 921.26  3070  2853 11876.5 
 921.3  3075  2922 14681.5 
 921.36  3080  2991 5994.5 
 921.39  3085  3060 6748 
 921.43  3090  3130 6068.5 
 921.47  3095  3199 6845 
 921.51  3100  3268 7111.5 
 921.54  3105  3338 11208.5 
 921.58  3110  3408 13919.5 
 921.62  3115  3477 13750 
 921.65  3120  3547 13210 
 921.69  3125  3617 15730.5 
 921.73  3130  3687 16689.5 
 921.77  3135  3758 17161.5 
 921.8  3140  3828 20076.5 
 921.84  3145  3898 17599.5 
 921.88  3150  3969 22866 
 921.92  3155  4040 19889.5 
 921.95  3160  4110 16968 
 921.99  3165  4181 23748 
 922.03  3170  4252 29427 
 922.07  3175  4323 30815.5 
 922.1  3180  4395 23536 
 922.14  3185  4466 28493.5 
 922.18  3190  4537 32408.5 
 922.22  3195  4609 28453.5 
 922.25  3200  4680 34278 
 922.29  3205  4752 40272.5 
 922.33  3210  4824 34749 
 922.36  3215  4896 33691.5 
 922.4  3220  4968 37572 
 922.44  3225  5040 32193 
 922.48  3230  5113 31699 
 922.51  3235  5185 37029.5 
 922.55  3240  5258 42836 
 922.59  3245  5330 44151 
 922.63  3250  5403 40411.5 
 922.66  3255  5476 50514 
 922.7  3260  5549 59007 
 922.74  3265  5622 58567 
 922.77  3270  5695 58784 
 922.81  3275  5768 56424.5 
 922.85  3280  5842 52527 
 922.89  3285  5915 52740 
 922.92  3290  5989 61995.5 
 922.96  3295  6063 69656 
 923  3300  6136 70751 
 923.03  3305  6210 58639.5 
 923.07  3310  6284 59667.5 
 923.11  3315  6359 59943 
 923.15  3320  6433 62853 
 923.18  3325  6507 62064.5 
 923.22  3330  6582 62191 
 923.26  3335  6656 57519 
 923.3  3340  6731 58932.5 
 923.33  3345  6806 65771 
 923.37  3350  6881 62549 
 923.41  3355  6956 70157 
 923.44  3360  7031 49314.5 
 923.48  3365  7107 59108.5 
 923.52  3370  7182 48863.5 
 923.55  3375  7258 60987.5 
 923.59  3380  7333 58603.5 
 923.63  3385  7409 65250 
 923.67  3390  7485 64664 
 923.7  3395  7561 63051.5 
 923.74  3400  7637 75044.5 
 923.78  3405  7713 67516 
 923.82  3410  7789 64928.5 
 923.85  3415  7866 60403 
 923.89  3420  7942 71301 
 923.93  3425  8019 66670 
 923.96  3430  8096 72521 
 924  3435  8173 68431.5 
 924.04  3440  8250 50780.5 
 924.08  3445  8327 51194 
 924.11  3450  8404 67493.5 
 924.15  3455  8482 69175 
 924.19  3460  8559 59005.5 
 924.22  3465  8637 66108 
 924.26  3470  8714 70278 
 924.3  3475  8792 56762 
 924.34  3480  8870 64661.5 
 924.37  3485  8948 64600 
 924.41  3490  9026 59120.5 
 924.45  3495  9105 58540.5 
 924.49  3500  9183 70296.5 
 924.62  3505  7392 68510.5 
 924.66  3510  7472 64331.5 
 924.7  3515  7552 63047 
 924.74  3520  7632 69522.5 
 924.77  3525  7713 53696.5 
 924.81  3530  7793 67895 
 924.85  3535  7874 72447 
 924.88  3540  7955 75573 
 924.92  3545  8036 76584.5 
 924.96  3550  8117 76861 
 925  3555  8198 68676.5 
 925.03  3560  8279 72018 
 925.07  3565  8361 62062.5 
 925.11  3570  8443 51353 
 925.14  3575  8524 62892 
 925.18  3580  8606 49819 
 925.22  3585  8688 42293 
 925.26  3590  8770 59388.5 
 925.29  3595  8853 75063.5 
 925.33  3600  8935 79406.5 
 925.37  3605  9018 63402.5 
 925.41  3610  9101 57560 
 925.44  3615  9184 66981 
 925.48  3620  9267 56332 
 925.52  3625  9350 77908.5 
 925.56  3630  9433 69707.5 
end
uxIntegration time is 0.2294 seconds per sampledt  3E-08 cy 1dh260718arosa 46.7828-9.6754 3.546837pr812dark 2.225 
 941.78  2865  117 2.5 
 941.83  2870  182 3.5 
 941.87  2875  247 2.5 
 941.92  2880  312 2.25 
 941.96  2885  377 1.75 
 942.01  2890  442 1.5 
 942.05  2895  507 2 
 942.1  2900  572 1 
 942.14  2905  638 2.75 
 942.19  2910  703 2.75 
 942.23  2915  769 2.5 
 942.27  2920  834 .75 
 942.32  2925  900 1.5 
 942.36  2930  966 2 
 942.41  2935  1032 2.75 
 942.45  2940  1098 1.25 
 942.5  2945  1164 1 
 942.54  2950  1230 2.5 
 942.58  2955  1297 3.75 
 942.63  2960  1363 7 
 942.67  2965  1430 6.25 
 942.72  2970  1497 9.75 
 942.76  2975  1564 23.25 
 942.81  2980  1630 31.25 
 942.85  2985  1697 37.25 
 942.9  2990  1765 79.75 
 942.94  2995  1832 126.25 
 942.98  3000  1899 134 
 943.01  3005  1967 211 
 943.05  3010  2034 365 
 943.09  3015  2102 550.5 
 943.12  3020  2170 502.5 
 943.16  3025  2238 998 
 943.2  3030  2305 1779.5 
 943.24  3035  2374 2282 
 943.27  3040  2442 2240.5 
 943.31  3045  2510 3129.5 
 943.35  3050  2578 4627.5 
 943.39  3055  2647 5140 
 943.42  3060  2716 5075.5 
 943.46  3065  2784 6281 
 943.5  3070  2853 8848 
 943.53  3075  2922 11137 
 943.59  3080  2991 4568.5 
 943.63  3085  3060 5221.5 
 943.66  3090  3130 4730 
 943.7  3095  3199 5463.5 
 943.74  3100  3268 5703.5 
 943.78  3105  3338 9100 
 943.81  3110  3408 11320.5 
 943.85  3115  3477 11141 
 943.89  3120  3547 11047 
 943.92  3125  3617 13225.5 
 943.96  3130  3687 14051 
 944  3135  3758 14292 
 944.04  3140  3828 17053.5 
 944.07  3145  3898 15177 
 944.11  3150  3969 19810 
 944.15  3155  4040 17067.5 
 944.18  3160  4110 14634.5 
 944.22  3165  4181 20714.5 
 944.26  3170  4252 25767 
 944.29  3175  4323 26800.5 
 944.33  3180  4395 20612.5 
 944.37  3185  4466 25141 
 944.41  3190  4537 28823.5 
 944.44  3195  4609 25244.5 
 944.48  3200  4680 30176.5 
 944.52  3205  4752 35760 
 944.56  3210  4824 31046 
 944.59  3215  4896 30177 
 944.63  3220  4968 33592.5 
 944.67  3225  5040 28680.5 
 944.71  3230  5113 28321.5 
 944.74  3235  5185 33388 
 944.78  3240  5258 38612 
 944.82  3245  5330 39612.5 
 944.86  3250  5403 36241 
 944.89  3255  5476 45553.5 
 944.93  3260  5549 53443.5 
 944.97  3265  5622 53344.5 
 945  3270  5695 53514 
 945.04  3275  5768 51297 
 945.08  3280  5842 47681 
 945.11  3285  5915 48035 
 945.15  3290  5989 56617 
 945.19  3295  6063 63914.5 
 945.22  3300  6136 64849 
 945.26  3305  6210 53607 
 945.3  3310  6284 54395.5 
 945.34  3315  6359 55133 
 945.37  3320  6433 57851 
 945.41  3325  6507 57341 
 945.45  3330  6582 57382 
 945.49  3335  6656 53046.5 
 945.52  3340  6731 54258.5 
 945.56  3345  6806 61013.5 
 945.6  3350  6881 57872.5 
 945.63  3355  6956 65385.5 
 945.67  3360  7031 45923 
 945.71  3365  7107 54777.5 
 945.75  3370  7182 45467 
 945.78  3375  7258 56683.5 
 945.82  3380  7333 54482 
 945.86  3385  7409 60887 
 945.9  3390  7485 60234.5 
 945.93  3395  7561 59014 
 945.97  3400  7637 70291 
 946.01  3405  7713 63143.5 
 946.04  3410  7789 60883.5 
 946.08  3415  7866 56590.5 
 946.12  3420  7942 66995 
 946.15  3425  8019 62746 
 946.19  3430  8096 68441.5 
 946.23  3435  8173 64356.5 
 946.27  3440  8250 47733 
 946.3  3445  8327 48247.5 
 946.34  3450  8404 63826 
 946.38  3455  8482 65141.5 
 946.42  3460  8559 55798.5 
 946.45  3465  8637 62644.5 
 946.49  3470  8714 66956 
 946.53  3475  8792 54441.5 
 946.56  3480  8870 62053.5 
 946.6  3485  8948 62293 
 946.64  3490  9026 57415 
 946.68  3495  9105 57222.5 
 946.71  3500  9183 69833 
 946.85  3505  7392 70236 
 946.89  3510  7472 63310 
 946.93  3515  7552 60068 
 946.96  3520  7632 65759 
 947  3525  7713 50534 
 947.04  3530  7793 63792 
 947.08  3535  7874 68162 
 947.11  3540  7955 70923 
 947.15  3545  8036 72056 
 947.19  3550  8117 72296.5 
 947.22  3555  8198 64734.5 
 947.26  3560  8279 67682 
 947.3  3565  8361 58440.5 
 947.34  3570  8443 48237.5 
 947.37  3575  8524 59046 
 947.41  3580  8606 47112 
 947.45  3585  8688 39731.5 
 947.48  3590  8770 55662 
 947.52  3595  8853 70357.5 
 947.56  3600  8935 74728.5 
 947.6  3605  9018 59493.5 
 947.63  3610  9101 54016 
 947.67  3615  9184 62789 
 947.71  3620  9267 52793 
 947.74  3625  9350 73276.5 
 947.78  3630  9433 65502 
end
uxIntegration time is 0.2294 seconds per sampledt  3E-08 cy 1dh260718arosa 46.7828-9.6754 3.582525pr812dark 2.55 
 957.63  2865  117 2 
 957.67  2870  182 3 
 957.71  2875  247 2 
 957.76  2880  312 3.75 
 957.8  2885  377 4 
 957.85  2890  442 2.5 
 957.89  2895  507 2.75 
 957.93  2900  572 2 
 957.98  2905  638 1.75 
 958.02  2910  703 2.25 
 958.07  2915  769 1.75 
 958.11  2920  834 1.5 
 958.15  2925  900 1.25 
 958.2  2930  966 2.5 
 958.24  2935  1032 2.5 
 958.29  2940  1098 1 
 958.33  2945  1164 1.75 
 958.38  2950  1230 2.5 
 958.42  2955  1297 2.75 
 958.46  2960  1363 3.5 
 958.51  2965  1430 3.75 
 958.55  2970  1497 4.75 
 958.6  2975  1564 11.75 
 958.64  2980  1630 15 
 958.69  2985  1697 19.25 
 958.73  2990  1765 39.25 
 958.78  2995  1832 70 
 958.81  3000  1899 77 
 958.85  3005  1967 114.5 
 958.89  3010  2034 212.5 
 958.93  3015  2102 332.5 
 958.96  3020  2170 327.5 
 959  3025  2238 665 
 959.04  3030  2305 1166 
 959.07  3035  2374 1512 
 959.11  3040  2442 1547 
 959.14  3045  2510 2170 
 959.18  3050  2578 3295.5 
 959.22  3055  2647 3715 
 959.26  3060  2716 3707.5 
 959.29  3065  2784 4602.5 
 959.33  3070  2853 6654.5 
 959.37  3075  2922 8544.5 
 959.43  3080  2991 3466 
 959.47  3085  3060 4055 
 959.5  3090  3130 3681 
 959.54  3095  3199 4311 
 959.58  3100  3268 4533 
 959.61  3105  3338 7361.5 
 959.65  3110  3408 9126.5 
 959.69  3115  3477 9046.5 
 959.73  3120  3547 9062.5 
 959.76  3125  3617 10943 
 959.8  3130  3687 11743 
 959.84  3135  3758 11997.5 
 959.88  3140  3828 14296.5 
 959.91  3145  3898 12940.5 
 959.95  3150  3969 16794 
 959.99  3155  4040 14462 
 960.02  3160  4110 12615 
 960.06  3165  4181 17949.5 
 960.1  3170  4252 22259.5 
 960.14  3175  4323 23057 
 960.17  3180  4395 17860 
 960.21  3185  4466 22034 
 960.25  3190  4537 25362 
 960.29  3195  4609 22060 
 960.32  3200  4680 26420 
 960.36  3205  4752 31703.5 
 960.4  3210  4824 27522 
 960.43  3215  4896 26720 
 960.47  3220  4968 29631 
 960.51  3225  5040 25216.5 
 960.54  3230  5113 25156.5 
 960.58  3235  5185 29734 
 960.62  3240  5258 34721 
 960.66  3245  5330 35470 
 960.69  3250  5403 32457 
 960.73  3255  5476 40715 
 960.77  3260  5549 48169 
 960.8  3265  5622 48162 
 960.84  3270  5695 48140 
 960.88  3275  5768 46240.5 
 960.92  3280  5842 42972.5 
 960.95  3285  5915 43517 
 960.99  3290  5989 51516.5 
 961.03  3295  6063 58270.5 
 961.07  3300  6136 58847.5 
 961.1  3305  6210 48490.5 
 961.14  3310  6284 49311 
 961.18  3315  6359 49742.5 
 961.22  3320  6433 52686.5 
 961.25  3325  6507 52191 
 961.29  3330  6582 52304.5 
 961.33  3335  6656 48124 
 961.37  3340  6731 49429 
 961.4  3345  6806 55607 
 961.44  3350  6881 52807 
 961.48  3355  6956 59415 
 961.51  3360  7031 41593 
 961.55  3365  7107 49990 
 961.59  3370  7182 41267 
 961.62  3375  7258 51724 
 961.66  3380  7333 49668.5 
 961.7  3385  7409 55713 
 961.74  3390  7485 55102.5 
 961.77  3395  7561 53775 
 961.81  3400  7637 63962 
 961.85  3405  7713 57340.5 
 961.89  3410  7789 55376 
 961.92  3415  7866 51594 
 961.96  3420  7942 60981.5 
 962  3425  8019 57066.5 
 962.04  3430  8096 62260 
 962.07  3435  8173 58740.5 
 962.11  3440  8250 43477 
 962.15  3445  8327 43886.5 
 962.18  3450  8404 58001.5 
 962.22  3455  8482 59344.5 
 962.26  3460  8559 50808.5 
 962.3  3465  8637 57117.5 
 962.33  3470  8714 61025 
 962.37  3475  8792 49522.5 
 962.41  3480  8870 56779.5 
 962.45  3485  8948 56861.5 
 962.48  3490  9026 52209.5 
 962.52  3495  9105 52189.5 
 962.56  3500  9183 63864 
 962.69  3505  7392 63931 
 962.73  3510  7472 57379.5 
 962.77  3515  7552 54657.5 
 962.81  3520  7632 59720.5 
 962.85  3525  7713 46094.5 
 962.88  3530  7793 58078 
 962.92  3535  7874 62209.5 
 962.96  3540  7955 64514 
 962.99  3545  8036 65481 
 963.03  3550  8117 65775.5 
 963.07  3555  8198 58845 
 963.1  3560  8279 61533.5 
 963.14  3565  8361 52916 
 963.18  3570  8443 43674.5 
 963.22  3575  8524 53630.5 
 963.25  3580  8606 42330.5 
 963.29  3585  8688 35926.5 
 963.33  3590  8770 50309 
 963.37  3595  8853 63569 
 963.41  3600  8935 67527.5 
 963.44  3605  9018 53723.5 
 963.48  3610  9101 48767.5 
 963.52  3615  9184 56664 
 963.56  3620  9267 47727 
 963.6  3625  9350 66191 
 963.63  3630  9433 59466.5 
end
uxIntegration time is 0.2294 seconds per sampledt  3E-08 cy 1dh260718arosa 46.7828-9.6754 3.567231pr812dark 2.15 
 982.14  2865  117 3.25 
 982.18  2870  182 1.25 
 982.22  2875  247 3.25 
 982.27  2880  312 1.5 
 982.31  2885  377 1 
 982.35  2890  442 1.75 
 982.4  2895  507 1.25 
 982.44  2900  572 1.25 
 982.49  2905  638 2.25 
 982.53  2910  703 1.25 
 982.58  2915  769 1.75 
 982.62  2920  834 1.75 
 982.67  2925  900 1.25 
 982.71  2930  966 .75 
 982.75  2935  1032 .75 
 982.8  2940  1098 1.5 
 982.84  2945  1164 2 
 982.89  2950  1230 2.5 
 982.93  2955  1297 2.5 
 982.98  2960  1363 1.75 
 983.02  2965  1430 2.25 
 983.06  2970  1497 2 
 983.11  2975  1564 4.5 
 983.15  2980  1630 5.25 
 983.2  2985  1697 6.75 
 983.24  2990  1765 13 
 983.29  2995  1832 21.25 
 983.33  3000  1899 25 
 983.36  3005  1967 42.5 
 983.4  3010  2034 82 
 983.44  3015  2102 126 
 983.47  3020  2170 123 
 983.51  3025  2238 257.5 
 983.55  3030  2305 480 
 983.59  3035  2374 641.5 
 983.62  3040  2442 660.5 
 983.66  3045  2510 971 
 983.7  3050  2578 1529.5 
 983.73  3055  2647 1769.5 
 983.77  3060  2716 1792 
 983.81  3065  2784 2252.5 
 983.85  3070  2853 3393 
 983.88  3075  2922 4433.5 
 983.94  3080  2991 1834.5 
 983.98  3085  3060 2120 
 984.01  3090  3130 1955.5 
 984.05  3095  3199 2407 
 984.09  3100  3268 2584 
 984.12  3105  3338 4162.5 
 984.16  3110  3408 5238.5 
 984.2  3115  3477 5282.5 
 984.24  3120  3547 5363.5 
 984.27  3125  3617 6587.5 
 984.31  3130  3687 7181.5 
 984.35  3135  3758 7295.5 
 984.38  3140  3828 8776.5 
 984.42  3145  3898 8130.5 
 984.46  3150  3969 10653 
 984.5  3155  4040 9130 
 984.53  3160  4110 7998.5 
 984.57  3165  4181 11577.5 
 984.61  3170  4252 14319 
 984.65  3175  4323 14888.5 
 984.68  3180  4395 11579.5 
 984.72  3185  4466 14541 
 984.76  3190  4537 16859.5 
 984.79  3195  4609 14471.5 
 984.83  3200  4680 17418 
 984.87  3205  4752 21044.5 
 984.91  3210  4824 18782 
 984.94  3215  4896 18102.5 
 984.98  3220  4968 19827 
 985.02  3225  5040 16963 
 985.05  3230  5113 17001.5 
 985.09  3235  5185 20398.5 
 985.13  3240  5258 23921.5 
 985.17  3245  5330 24343 
 985.2  3250  5403 22005 
 985.24  3255  5476 27806 
 985.28  3260  5549 33206.5 
 985.31  3265  5622 33402 
 985.35  3270  5695 33396.5 
 985.39  3275  5768 31943 
 985.43  3280  5842 29336 
 985.46  3285  5915 30069.5 
 985.5  3290  5989 35984 
 985.54  3295  6063 40855 
 985.57  3300  6136 41332 
 985.61  3305  6210 33820.5 
 985.65  3310  6284 34170.5 
 985.69  3315  6359 34758 
 985.72  3320  6433 37001.5 
 985.76  3325  6507 36737.5 
 985.8  3330  6582 36728.5 
 985.83  3335  6656 33806 
 985.87  3340  6731 34552 
 985.91  3345  6806 39300 
 985.95  3350  6881 37495 
 985.98  3355  6956 42252 
 986.02  3360  7031 29658 
 986.06  3365  7107 35482.5 
 986.1  3370  7182 29212.5 
 986.13  3375  7258 36596.5 
 986.17  3380  7333 35347 
 986.21  3385  7409 39726.5 
 986.24  3390  7485 39412.5 
 986.28  3395  7561 38445.5 
 986.32  3400  7637 45893 
 986.36  3405  7713 41185.5 
 986.39  3410  7789 39905 
 986.43  3415  7866 37197.5 
 986.47  3420  7942 44008.5 
 986.5  3425  8019 41226 
 986.54  3430  8096 44987.5 
 986.58  3435  8173 42439 
 986.62  3440  8250 31349 
 986.65  3445  8327 31653.5 
 986.69  3450  8404 42114.5 
 986.73  3455  8482 42978 
 986.76  3460  8559 36899 
 986.8  3465  8637 41480.5 
 986.84  3470  8714 44419 
 986.87  3475  8792 36064 
 986.91  3480  8870 41312.5 
 986.95  3485  8948 41344.5 
 986.99  3490  9026 38206 
 987.02  3495  9105 38091.5 
 987.06  3500  9183 46965 
 987.2  3505  7392 47185.5 
 987.24  3510  7472 42241 
 987.27  3515  7552 40151 
 987.31  3520  7632 44110.5 
 987.35  3525  7713 33937.5 
 987.39  3530  7793 42870.5 
 987.42  3535  7874 45946.5 
 987.46  3540  7955 47844.5 
 987.5  3545  8036 48752.5 
 987.54  3550  8117 48757.5 
 987.57  3555  8198 43775.5 
 987.61  3560  8279 45889 
 987.65  3565  8361 39620.5 
 987.69  3570  8443 32649.5 
 987.72  3575  8524 40112 
 987.76  3580  8606 31896 
 987.8  3585  8688 26996.5 
 987.84  3590  8770 37882 
 987.87  3595  8853 48023.5 
 987.91  3600  8935 50917.5 
 987.95  3605  9018 40491.5 
 987.99  3610  9101 36691.5 
 988.03  3615  9184 42812 
 988.06  3620  9267 36058.5 
 988.1  3625  9350 50245.5 
 988.14  3630  9433 44954 
end
uxIntegration time is 0.2294 seconds per sampledt  3E-08 cy 1dh260718arosa 46.7828-9.6754 3.592722pr812dark 1.8 
 997.99  2865  117 1.25 
 998.04  2870  182 1.75 
 998.08  2875  247 .5 
 998.12  2880  312 1.75 
 998.17  2885  377 1 
 998.22  2890  442 3 
 998.26  2895  507 2 
 998.31  2900  572 .75 
 998.35  2905  638 2.75 
 998.39  2910  703 .75 
 998.44  2915  769 1.75 
 998.48  2920  834 1.5 
 998.53  2925  900 2.25 
 998.57  2930  966 1.75 
 998.62  2935  1032 1 
 998.66  2940  1098 1.25 
 998.7  2945  1164 2.25 
 998.75  2950  1230 1.75 
 998.79  2955  1297 2.75 
 998.84  2960  1363 1.25 
 998.88  2965  1430 1.5 
 998.93  2970  1497 2.5 
 998.97  2975  1564 4 
 999.01  2980  1630 4.75 
 999.06  2985  1697 5 
 999.1  2990  1765 9.25 
 999.15  2995  1832 15 
 999.19  3000  1899 20.5 
 999.22  3005  1967 26 
 999.26  3010  2034 48.5 
 999.3  3015  2102 83.5 
 999.33  3020  2170 73.5 
 999.37  3025  2238 166.5 
 999.41  3030  2305 312 
 999.44  3035  2374 419 
 999.48  3040  2442 432.5 
 999.52  3045  2510 653 
 999.55  3050  2578 1063 
 999.59  3055  2647 1226.5 
 999.63  3060  2716 1252.5 
 999.67  3065  2784 1599 
 999.7  3070  2853 2454 
 999.74  3075  2922 3224.5 
 999.8  3080  2991 1343 
 999.84  3085  3060 1607.5 
 999.87  3090  3130 1505.5 
 999.91  3095  3199 1861 
 999.95  3100  3268 2026 
 999.98  3105  3338 3240.5 
 1000.02  3110  3408 4190 
 1000.06  3115  3477 4151 
 1000.09  3120  3547 4377 
 1000.13  3125  3617 5339.5 
 1000.17  3130  3687 5858 
 1000.21  3135  3758 5917 
 1000.24  3140  3828 7238.5 
 1000.28  3145  3898 6849.5 
 1000.32  3150  3969 8903 
 1000.36  3155  4040 7586 
 1000.39  3160  4110 6811 
 1000.43  3165  4181 9845 
 1000.47  3170  4252 12179 
 1000.5  3175  4323 12681 
 1000.54  3180  4395 9971.5 
 1000.58  3185  4466 12546.5 
 1000.61  3190  4537 14709 
 1000.65  3195  4609 12531.5 
 1000.69  3200  4680 15014 
 1000.73  3205  4752 18288 
 1000.76  3210  4824 16313.5 
 1000.8  3215  4896 15964 
 1000.84  3220  4968 17122.5 
 1000.88  3225  5040 14691 
 1000.91  3230  5113 14881 
 1000.95  3235  5185 18138 
 1000.99  3240  5258 21079.5 
 1001.02  3245  5330 21436.5 
 1001.06  3250  5403 19201.5 
 1001.1  3255  5476 24416 
 1001.14  3260  5549 29341 
 1001.17  3265  5622 29641 
 1001.21  3270  5695 29577 
 1001.25  3275  5768 28113 
 1001.29  3280  5842 25697.5 
 1001.32  3285  5915 26459.5 
 1001.36  3290  5989 31791.5 
 1001.4  3295  6063 36120 
 1001.43  3300  6136 36471 
 1001.47  3305  6210 29691.5 
 1001.51  3310  6284 30059.5 
 1001.54  3315  6359 30546 
 1001.58  3320  6433 32553.5 
 1001.62  3325  6507 32382.5 
 1001.66  3330  6582 32257 
 1001.7  3335  6656 29443.5 
 1001.73  3340  6731 30227.5 
 1001.77  3345  6806 34097.5 
 1001.81  3350  6881 32589.5 
 1001.84  3355  6956 36777 
 1001.88  3360  7031 25937 
 1001.92  3365  7107 30688.5 
 1001.95  3370  7182 25303 
 1001.99  3375  7258 31482.5 
 1002.03  3380  7333 30334 
 1002.07  3385  7409 34125.5 
 1002.1  3390  7485 33860 
 1002.14  3395  7561 33018.5 
 1002.18  3400  7637 39202 
 1002.22  3405  7713 35290.5 
 1002.25  3410  7789 34059.5 
 1002.29  3415  7866 31831.5 
 1002.33  3420  7942 37540.5 
 1002.36  3425  8019 35142 
 1002.4  3430  8096 38370.5 
 1002.44  3435  8173 35967 
 1002.47  3440  8250 26546.5 
 1002.51  3445  8327 26785 
 1002.55  3450  8404 35492 
 1002.59  3455  8482 36421.5 
 1002.62  3460  8559 31126.5 
 1002.66  3465  8637 34950 
 1002.7  3470  8714 37294.5 
 1002.74  3475  8792 30358 
 1002.78  3480  8870 34615 
 1002.81  3485  8948 34763 
 1002.85  3490  9026 31875 
 1002.89  3495  9105 31983 
 1002.93  3500  9183 39079 
 1003.06  3505  7392 39311 
 1003.1  3510  7472 35363 
 1003.14  3515  7552 33545 
 1003.18  3520  7632 36638 
 1003.21  3525  7713 28372.5 
 1003.25  3530  7793 35738.5 
 1003.29  3535  7874 38222.5 
 1003.32  3540  7955 39807 
 1003.36  3545  8036 40269 
 1003.4  3550  8117 40381.5 
 1003.44  3555  8198 36197 
 1003.47  3560  8279 37852.5 
 1003.51  3565  8361 32647 
 1003.55  3570  8443 26853.5 
 1003.58  3575  8524 33024.5 
 1003.62  3580  8606 26132.5 
 1003.66  3585  8688 22120 
 1003.7  3590  8770 30822 
 1003.74  3595  8853 39163.5 
 1003.77  3600  8935 41738.5 
 1003.81  3605  9018 33092 
 1003.85  3610  9101 30041 
 1003.88  3615  9184 34974.5 
 1003.92  3620  9267 29382.5 
 1003.96  3625  9350 40967.5 
 1004  3630  9433 36554.5 
end
uxIntegration time is 0.2294 seconds per sampledt  3E-08 cy 1dh260718arosa 46.7828-9.6754 3.541739pr812dark 1.55 
 1019.98  2865  117 2.5 
 1020.02  2870  182 3.25 
 1020.07  2875  247 2.5 
 1020.11  2880  312 .25 
 1020.15  2885  377 2.25 
 1020.2  2890  442 1.5 
 1020.24  2895  507 .5 
 1020.29  2900  572 1 
 1020.33  2905  638 1.25 
 1020.38  2910  703 2 
 1020.42  2915  769 0 
 1020.47  2920  834 1.5 
 1020.51  2925  900 1.5 
 1020.56  2930  966 1.25 
 1020.6  2935  1032 1.25 
 1020.65  2940  1098 2.25 
 1020.69  2945  1164 .5 
 1020.74  2950  1230 2 
 1020.78  2955  1297 1.75 
 1020.82  2960  1363 2.25 
 1020.87  2965  1430 2.5 
 1020.91  2970  1497 2.75 
 1020.96  2975  1564 2.25 
 1021  2980  1630 2.75 
 1021.05  2985  1697 3 
 1021.09  2990  1765 4.5 
 1021.14  2995  1832 7.25 
 1021.17  3000  1899 8 
 1021.21  3005  1967 11 
 1021.25  3010  2034 22 
 1021.29  3015  2102 29.5 
 1021.32  3020  2170 30 
 1021.36  3025  2238 64.5 
 1021.39  3030  2305 118.5 
 1021.43  3035  2374 157 
 1021.47  3040  2442 172 
 1021.51  3045  2510 250.5 
 1021.54  3050  2578 427 
 1021.58  3055  2647 505 
 1021.62  3060  2716 520 
 1021.65  3065  2784 671.5 
 1021.69  3070  2853 1084.5 
 1021.73  3075  2922 1500.5 
 1021.79  3080  2991 620 
 1021.82  3085  3060 762.5 
 1021.86  3090  3130 703 
 1021.9  3095  3199 908.5 
 1021.93  3100  3268 1014.5 
 1021.97  3105  3338 1646.5 
 1022.01  3110  3408 2121 
 1022.04  3115  3477 2186.5 
 1022.08  3120  3547 2302 
 1022.12  3125  3617 2885 
 1022.16  3130  3687 3219 
 1022.2  3135  3758 3224 
 1022.23  3140  3828 3983 
 1022.27  3145  3898 3885 
 1022.31  3150  3969 5106 
 1022.34  3155  4040 4354 
 1022.38  3160  4110 3934 
 1022.42  3165  4181 5809.5 
 1022.45  3170  4252 7194.5 
 1022.49  3175  4323 7385.5 
 1022.53  3180  4395 5969 
 1022.57  3185  4466 7681 
 1022.6  3190  4537 9035.5 
 1022.64  3195  4609 7595 
 1022.68  3200  4680 9011 
 1022.72  3205  4752 11253.5 
 1022.75  3210  4824 10360 
 1022.79  3215  4896 9971.5 
 1022.83  3220  4968 10792 
 1022.86  3225  5040 9062.5 
 1022.9  3230  5113 9279.5 
 1022.94  3235  5185 11556.5 
 1022.97  3240  5258 13441 
 1023.01  3245  5330 13599 
 1023.05  3250  5403 12079.5 
 1023.08  3255  5476 15266.5 
 1023.12  3260  5549 18733 
 1023.16  3265  5622 19195 
 1023.2  3270  5695 19082 
 1023.23  3275  5768 17944.5 
 1023.27  3280  5842 16350 
 1023.31  3285  5915 17018.5 
 1023.35  3290  5989 20584 
 1023.38  3295  6063 23301.5 
 1023.42  3300  6136 23479 
 1023.46  3305  6210 19098.5 
 1023.49  3310  6284 19089.5 
 1023.53  3315  6359 19552.5 
 1023.57  3320  6433 20888 
 1023.61  3325  6507 20862 
 1023.65  3330  6582 20713.5 
 1023.68  3335  6656 18942 
 1023.72  3340  6731 19192 
 1023.76  3345  6806 21929.5 
 1023.79  3350  6881 21010 
 1023.83  3355  6956 23688 
 1023.87  3360  7031 16620.5 
 1023.91  3365  7107 19475.5 
 1023.94  3370  7182 16137.5 
 1023.98  3375  7258 20036.5 
 1024.02  3380  7333 19531.5 
 1024.06  3385  7409 21776.5 
 1024.09  3390  7485 21780 
 1024.13  3395  7561 21146.5 
 1024.17  3400  7637 24941 
 1024.2  3405  7713 22426 
 1024.24  3410  7789 21700 
 1024.28  3415  7866 20386 
 1024.31  3420  7942 23953 
 1024.35  3425  8019 22307.5 
 1024.39  3430  8096 24366.5 
 1024.43  3435  8173 22684.5 
 1024.46  3440  8250 16984 
 1024.5  3445  8327 16913 
 1024.54  3450  8404 22332 
 1024.58  3455  8482 22871.5 
 1024.61  3460  8559 19668 
 1024.65  3465  8637 22056.5 
 1024.69  3470  8714 23543 
 1024.73  3475  8792 19188.5 
 1024.76  3480  8870 21773.5 
 1024.8  3485  8948 21726.5 
 1024.84  3490  9026 20126 
 1024.87  3495  9105 19913 
 1024.91  3500  9183 24381.5 
 1025.05  3505  7392 24648.5 
 1025.09  3510  7472 22159.5 
 1025.12  3515  7552 20787.5 
 1025.16  3520  7632 22907.5 
 1025.2  3525  7713 17606.5 
 1025.24  3530  7793 22142 
 1025.27  3535  7874 23705 
 1025.31  3540  7955 24650 
 1025.35  3545  8036 24892.5 
 1025.38  3550  8117 25047.5 
 1025.42  3555  8198 22419.5 
 1025.46  3560  8279 23401.5 
 1025.5  3565  8361 20183 
 1025.53  3570  8443 16580.5 
 1025.57  3575  8524 20205 
 1025.61  3580  8606 16214.5 
 1025.65  3585  8688 13614 
 1025.69  3590  8770 18787 
 1025.72  3595  8853 23789.5 
 1025.76  3600  8935 25311 
 1025.8  3605  9018 20212.5 
 1025.84  3610  9101 18315.5 
 1025.87  3615  9184 21212.5 
 1025.91  3620  9267 17895 
 1025.95  3625  9350 24700 
 1025.99  3630  9433 22318.5 
end
uxIntegration time is 0.2294 seconds per sampledt  3E-08 cy 1dh260718arosa 46.7828-9.6754 3.444871pr812dark 1.525 
 1035.79  2865  117 2.25 
 1035.84  2870  182 1.75 
 1035.88  2875  247 2 
 1035.92  2880  312 1 
 1035.97  2885  377 2.5 
 1036.01  2890  442 1.5 
 1036.06  2895  507 2.5 
 1036.1  2900  572 1.75 
 1036.15  2905  638 1 
 1036.19  2910  703 1.25 
 1036.24  2915  769 1.5 
 1036.28  2920  834 1.75 
 1036.33  2925  900 .25 
 1036.37  2930  966 .25 
 1036.42  2935  1032 2 
 1036.46  2940  1098 4.5 
 1036.5  2945  1164 2 
 1036.55  2950  1230 1.25 
 1036.59  2955  1297 3 
 1036.64  2960  1363 2.75 
 1036.68  2965  1430 2 
 1036.73  2970  1497 3 
 1036.77  2975  1564 2 
 1036.82  2980  1630 1.75 
 1036.86  2985  1697 2.25 
 1036.91  2990  1765 4.25 
 1036.95  2995  1832 6.5 
 1036.99  3000  1899 6.5 
 1037.03  3005  1967 9 
 1037.06  3010  2034 16 
 1037.1  3015  2102 21.5 
 1037.14  3020  2170 18.5 
 1037.18  3025  2238 36 
 1037.21  3030  2305 69.5 
 1037.25  3035  2374 99.5 
 1037.29  3040  2442 99 
 1037.33  3045  2510 149.5 
 1037.36  3050  2578 241 
 1037.4  3055  2647 291 
 1037.43  3060  2716 301.5 
 1037.47  3065  2784 387.5 
 1037.51  3070  2853 656 
 1037.54  3075  2922 901 
 1037.6  3080  2991 381.5 
 1037.64  3085  3060 447 
 1037.67  3090  3130 449.5 
 1037.71  3095  3199 591 
 1037.75  3100  3268 673 
 1037.79  3105  3338 1089.5 
 1037.82  3110  3408 1428 
 1037.86  3115  3477 1422 
 1037.9  3120  3547 1566 
 1037.94  3125  3617 2049 
 1037.97  3130  3687 2224.5 
 1038.01  3135  3758 2262 
 1038.05  3140  3828 2912.5 
 1038.08  3145  3898 2852 
 1038.12  3150  3969 3767.5 
 1038.16  3155  4040 3239 
 1038.19  3160  4110 2920.5 
 1038.23  3165  4181 4396.5 
 1038.27  3170  4252 5437 
 1038.31  3175  4323 5634 
 1038.34  3180  4395 4541.5 
 1038.38  3185  4466 6026.5 
 1038.42  3190  4537 7117 
 1038.46  3195  4609 5919.5 
 1038.49  3200  4680 7059.5 
 1038.53  3205  4752 8879 
 1038.57  3210  4824 8295 
 1038.6  3215  4896 8091 
 1038.64  3220  4968 8492 
 1038.68  3225  5040 7107.5 
 1038.72  3230  5113 7465.5 
 1038.75  3235  5185 9355 
 1038.79  3240  5258 10985 
 1038.83  3245  5330 11049 
 1038.87  3250  5403 9751 
 1038.9  3255  5476 12377 
 1038.94  3260  5549 15394.5 
 1038.98  3265  5622 15717 
 1039.01  3270  5695 15752 
 1039.05  3275  5768 14722 
 1039.09  3280  5842 13193 
 1039.12  3285  5915 13844 
 1039.16  3290  5989 16934.5 
 1039.2  3295  6063 19312 
 1039.24  3300  6136 19469 
 1039.27  3305  6210 15738 
 1039.31  3310  6284 15663.5 
 1039.35  3315  6359 16062.5 
 1039.39  3320  6433 17408.5 
 1039.42  3325  6507 17250.5 
 1039.46  3330  6582 17252.5 
 1039.5  3335  6656 15688.5 
 1039.53  3340  6731 15927.5 
 1039.57  3345  6806 18185 
 1039.61  3350  6881 17475.5 
 1039.64  3355  6956 19679.5 
 1039.68  3360  7031 13881.5 
 1039.72  3365  7107 16341.5 
 1039.76  3370  7182 13451.5 
 1039.8  3375  7258 16546.5 
 1039.83  3380  7333 16215.5 
 1039.87  3385  7409 18146.5 
 1039.91  3390  7485 18191.5 
 1039.94  3395  7561 17477 
 1039.98  3400  7637 20662.5 
 1040.02  3405  7713 18666.5 
 1040.06  3410  7789 18079.5 
 1040.09  3415  7866 16739.5 
 1040.13  3420  7942 19837 
 1040.17  3425  8019 18569.5 
 1040.21  3430  8096 20234 
 1040.24  3435  8173 19007.5 
 1040.28  3440  8250 14015 
 1040.32  3445  8327 14043 
 1040.36  3450  8404 18486 
 1040.39  3455  8482 19015 
 1040.43  3460  8559 16331.5 
 1040.47  3465  8637 18264 
 1040.5  3470  8714 19487.5 
 1040.54  3475  8792 15855.5 
 1040.58  3480  8870 17863.5 
 1040.62  3485  8948 18049 
 1040.65  3490  9026 16614.5 
 1040.69  3495  9105 16470.5 
 1040.73  3500  9183 20110 
 1040.87  3505  7392 20329 
 1040.9  3510  7472 18213 
 1040.94  3515  7552 17183 
 1040.98  3520  7632 18851.5 
 1041.02  3525  7713 14542.5 
 1041.05  3530  7793 18115 
 1041.09  3535  7874 19363 
 1041.13  3540  7955 20225 
 1041.16  3545  8036 20600.5 
 1041.2  3550  8117 20562 
 1041.24  3555  8198 18433.5 
 1041.28  3560  8279 19169 
 1041.31  3565  8361 16582.5 
 1041.35  3570  8443 13653.5 
 1041.39  3575  8524 16503 
 1041.42  3580  8606 13258.5 
 1041.46  3585  8688 11224 
 1041.5  3590  8770 15437 
 1041.54  3595  8853 19539 
 1041.57  3600  8935 20855 
 1041.61  3605  9018 16529 
 1041.65  3610  9101 14991 
 1041.69  3615  9184 17453 
 1041.72  3620  9267 14585.5 
 1041.76  3625  9350 20266 
 1041.8  3630  9433 18283.5 
end
uxIntegration time is 0.2294 seconds per sampledt  3E-08 cy 1dh260718arosa 46.7828-9.6754 3.337806pr812dark 2.025 
 1057.69  2865  117 1.75 
 1057.73  2870  182 0 
 1057.78  2875  247 1.25 
 1057.82  2880  312 2.75 
 1057.87  2885  377 1.25 
 1057.91  2890  442 .25 
 1057.95  2895  507 1.5 
 1058  2900  572 1 
 1058.04  2905  638 3 
 1058.09  2910  703 2.5 
 1058.13  2915  769 1 
 1058.18  2920  834 1.25 
 1058.22  2925  900 2.25 
 1058.27  2930  966 2.5 
 1058.31  2935  1032 1.5 
 1058.35  2940  1098 1.25 
 1058.4  2945  1164 3 
 1058.44  2950  1230 3 
 1058.49  2955  1297 2 
 1058.53  2960  1363 1 
 1058.57  2965  1430 2.25 
 1058.62  2970  1497 3 
 1058.66  2975  1564 1.75 
 1058.71  2980  1630 3 
 1058.75  2985  1697 2 
 1058.8  2990  1765 3 
 1058.84  2995  1832 4.5 
 1058.88  3000  1899 6 
 1058.91  3005  1967 6.5 
 1058.95  3010  2034 7.5 
 1058.99  3015  2102 10.5 
 1059.03  3020  2170 12 
 1059.06  3025  2238 19.5 
 1059.1  3030  2305 37 
 1059.14  3035  2374 48 
 1059.17  3040  2442 49.5 
 1059.21  3045  2510 75 
 1059.25  3050  2578 110.5 
 1059.28  3055  2647 127.5 
 1059.32  3060  2716 136 
 1059.36  3065  2784 174.5 
 1059.4  3070  2853 287 
 1059.43  3075  2922 386.5 
 1059.49  3080  2991 167 
 1059.53  3085  3060 205 
 1059.56  3090  3130 195.5 
 1059.6  3095  3199 278 
 1059.64  3100  3268 313 
 1059.68  3105  3338 516 
 1059.71  3110  3408 671 
 1059.75  3115  3477 717 
 1059.79  3120  3547 791.5 
 1059.82  3125  3617 1050 
 1059.86  3130  3687 1188 
 1059.9  3135  3758 1210 
 1059.93  3140  3828 1559.5 
 1059.97  3145  3898 1591.5 
 1060.01  3150  3969 2092 
 1060.05  3155  4040 1780.5 
 1060.08  3160  4110 1705.5 
 1060.12  3165  4181 2652.5 
 1060.16  3170  4252 3275.5 
 1060.19  3175  4323 3331 
 1060.23  3180  4395 2742 
 1060.27  3185  4466 3743.5 
 1060.31  3190  4537 4536 
 1060.34  3195  4609 3695 
 1060.38  3200  4680 4367.5 
 1060.42  3205  4752 5724.5 
 1060.46  3210  4824 5388.5 
 1060.49  3215  4896 5324.5 
 1060.53  3220  4968 5472 
 1060.57  3225  5040 4657.5 
 1060.6  3230  5113 4956 
 1060.64  3235  5185 6430 
 1060.68  3240  5258 7592 
 1060.72  3245  5330 7484 
 1060.75  3250  5403 6452.5 
 1060.79  3255  5476 8339.5 
 1060.83  3260  5549 10554.5 
 1060.86  3265  5622 10989.5 
 1060.9  3270  5695 10991 
 1060.94  3275  5768 10142.5 
 1060.98  3280  5842 8943 
 1061.01  3285  5915 9620 
 1061.05  3290  5989 11962.5 
 1061.09  3295  6063 13717 
 1061.12  3300  6136 13752.5 
 1061.16  3305  6210 10982.5 
 1061.2  3310  6284 10934.5 
 1061.24  3315  6359 11236 
 1061.27  3320  6433 12323.5 
 1061.31  3325  6507 12359 
 1061.35  3330  6582 12275 
 1061.38  3335  6656 11062 
 1061.42  3340  6731 11102 
 1061.46  3345  6806 12953 
 1061.5  3350  6881 12503.5 
 1061.53  3355  6956 14117 
 1061.57  3360  7031 9967 
 1061.61  3365  7107 11523.5 
 1061.64  3370  7182 9495.5 
 1061.68  3375  7258 11644 
 1061.72  3380  7333 11396 
 1061.76  3385  7409 12843 
 1061.79  3390  7485 12944 
 1061.83  3395  7561 12480.5 
 1061.87  3400  7637 14711 
 1061.9  3405  7713 13211.5 
 1061.94  3410  7789 12820 
 1061.98  3415  7866 12014.5 
 1062.02  3420  7942 14046 
 1062.05  3425  8019 13198 
 1062.09  3430  8096 14417.5 
 1062.13  3435  8173 13411 
 1062.17  3440  8250 9896.5 
 1062.2  3445  8327 9918.5 
 1062.24  3450  8404 13132.5 
 1062.28  3455  8482 13474 
 1062.31  3460  8559 11578 
 1062.35  3465  8637 12879 
 1062.39  3470  8714 13694 
 1062.43  3475  8792 11206.5 
 1062.46  3480  8870 12685 
 1062.5  3485  8948 12588.5 
 1062.54  3490  9026 11731 
 1062.57  3495  9105 11679 
 1062.61  3500  9183 14206.5 
 1062.75  3505  7392 14241.5 
 1062.79  3510  7472 12813 
 1062.83  3515  7552 11963 
 1062.86  3520  7632 13188 
 1062.9  3525  7713 10190.5 
 1062.94  3530  7793 12790.5 
 1062.97  3535  7874 13586 
 1063.01  3540  7955 14168.5 
 1063.05  3545  8036 14301.5 
 1063.09  3550  8117 14279 
 1063.12  3555  8198 12931.5 
 1063.16  3560  8279 13338 
 1063.2  3565  8361 11615.5 
 1063.23  3570  8443 9512.5 
 1063.27  3575  8524 11463.5 
 1063.31  3580  8606 9175.5 
 1063.35  3585  8688 7782.5 
 1063.38  3590  8770 10631 
 1063.42  3595  8853 13478.5 
 1063.46  3600  8935 14349.5 
 1063.49  3605  9018 11443 
 1063.53  3610  9101 10336.5 
 1063.57  3615  9184 11981.5 
 1063.61  3620  9267 10066 
 1063.64  3625  9350 13851.5 
 1063.68  3630  9433 12530 
end
uxIntegration time is 0.2294 seconds per sampledt  3E-08 cy 1dh260718arosa 46.7828-9.6754 3.302118pr812dark 2.05 
 1073.47  2865  117 2 
 1073.52  2870  182 .75 
 1073.56  2875  247 .5 
 1073.61  2880  312 1.75 
 1073.65  2885  377 1.75 
 1073.7  2890  442 1.5 
 1073.74  2895  507 0 
 1073.78  2900  572 1 
 1073.83  2905  638 2 
 1073.87  2910  703 1.5 
 1073.92  2915  769 .75 
 1073.96  2920  834 1.75 
 1074.01  2925  900 .75 
 1074.05  2930  966 1.75 
 1074.1  2935  1032 1.75 
 1074.14  2940  1098 2.25 
 1074.19  2945  1164 2 
 1074.23  2950  1230 1.5 
 1074.28  2955  1297 .75 
 1074.32  2960  1363 2.25 
 1074.37  2965  1430 2.25 
 1074.41  2970  1497 1.5 
 1074.46  2975  1564 1.5 
 1074.5  2980  1630 2 
 1074.54  2985  1697 1.25 
 1074.59  2990  1765 2.75 
 1074.63  2995  1832 3.5 
 1074.67  3000  1899 4.5 
 1074.7  3005  1967 4.5 
 1074.74  3010  2034 4.5 
 1074.78  3015  2102 8.5 
 1074.82  3020  2170 6.5 
 1074.85  3025  2238 17 
 1074.89  3030  2305 25 
 1074.93  3035  2374 30 
 1074.97  3040  2442 32.5 
 1075  3045  2510 40 
 1075.04  3050  2578 62 
 1075.08  3055  2647 76.5 
 1075.12  3060  2716 77 
 1075.15  3065  2784 91.5 
 1075.19  3070  2853 152.5 
 1075.23  3075  2922 205 
 1075.28  3080  2991 90 
 1075.32  3085  3060 106.5 
 1075.36  3090  3130 92.5 
 1075.39  3095  3199 135 
 1075.43  3100  3268 155 
 1075.47  3105  3338 273 
 1075.51  3110  3408 360 
 1075.54  3115  3477 366.5 
 1075.58  3120  3547 415 
 1075.62  3125  3617 584.5 
 1075.65  3130  3687 643 
 1075.69  3135  3758 659.5 
 1075.73  3140  3828 863.5 
 1075.77  3145  3898 907.5 
 1075.8  3150  3969 1240 
 1075.84  3155  4040 1028 
 1075.88  3160  4110 1006.5 
 1075.92  3165  4181 1580.5 
 1075.95  3170  4252 1987.5 
 1075.99  3175  4323 1969.5 
 1076.03  3180  4395 1694.5 
 1076.06  3185  4466 2412 
 1076.1  3190  4537 2942.5 
 1076.14  3195  4609 2371.5 
 1076.17  3200  4680 2791.5 
 1076.21  3205  4752 3718.5 
 1076.25  3210  4824 3699.5 
 1076.29  3215  4896 3603 
 1076.32  3220  4968 3631.5 
 1076.36  3225  5040 3085 
 1076.4  3230  5113 3319 
 1076.44  3235  5185 4495 
 1076.47  3240  5258 5333.5 
 1076.51  3245  5330 5220.5 
 1076.55  3250  5403 4435.5 
 1076.58  3255  5476 5767 
 1076.62  3260  5549 7453 
 1076.66  3265  5622 7964.5 
 1076.69  3270  5695 7902.5 
 1076.73  3275  5768 7179 
 1076.77  3280  5842 6294 
 1076.81  3285  5915 6900 
 1076.84  3290  5989 8761 
 1076.88  3295  6063 10104.5 
 1076.92  3300  6136 10045 
 1076.95  3305  6210 7929 
 1076.99  3310  6284 7826 
 1077.03  3315  6359 8165 
 1077.06  3320  6433 9026 
 1077.1  3325  6507 9163 
 1077.14  3330  6582 9088.5 
 1077.18  3335  6656 8127.5 
 1077.21  3340  6731 8136 
 1077.25  3345  6806 9555 
 1077.29  3350  6881 9294.5 
 1077.33  3355  6956 10505.5 
 1077.36  3360  7031 7468.5 
 1077.4  3365  7107 8630.5 
 1077.44  3370  7182 6999 
 1077.48  3375  7258 8601.5 
 1077.51  3380  7333 8623.5 
 1077.55  3385  7409 9644.5 
 1077.59  3390  7485 9724 
 1077.62  3395  7561 9377 
 1077.66  3400  7637 11050 
 1077.7  3405  7713 9940.5 
 1077.74  3410  7789 9676 
 1077.77  3415  7866 9074.5 
 1077.81  3420  7942 10608 
 1077.85  3425  8019 10050 
 1077.89  3430  8096 10844.5 
 1077.93  3435  8173 10070.5 
 1077.96  3440  8250 7481 
 1078  3445  8327 7503 
 1078.04  3450  8404 9913 
 1078.08  3455  8482 10191 
 1078.11  3460  8559 8718.5 
 1078.15  3465  8637 9776 
 1078.19  3470  8714 10389 
 1078.22  3475  8792 8517 
 1078.26  3480  8870 9617.5 
 1078.3  3485  8948 9655 
 1078.33  3490  9026 8941.5 
 1078.37  3495  9105 8882.5 
 1078.41  3500  9183 10836.5 
 1078.55  3505  7392 10891 
 1078.59  3510  7472 9790.5 
 1078.62  3515  7552 9169.5 
 1078.66  3520  7632 10074.5 
 1078.7  3525  7713 7846 
 1078.74  3530  7793 9746.5 
 1078.77  3535  7874 10447.5 
 1078.81  3540  7955 10810.5 
 1078.85  3545  8036 11068.5 
 1078.88  3550  8117 10989 
 1078.92  3555  8198 9906 
 1078.96  3560  8279 10292 
 1079  3565  8361 8890 
 1079.03  3570  8443 7341 
 1079.07  3575  8524 8777.5 
 1079.11  3580  8606 7069.5 
 1079.15  3585  8688 6005 
 1079.18  3590  8770 8253 
 1079.22  3595  8853 10495.5 
 1079.26  3600  8935 11065 
 1079.29  3605  9018 8871.5 
 1079.33  3610  9101 8028.5 
 1079.37  3615  9184 9278 
 1079.41  3620  9267 7873 
 1079.45  3625  9350 10828 
 1079.48  3630  9433 9808 
end
uxIntegration time is 0.2294 seconds per sampledt  3E-08 cy 1dh260718arosa 46.7828-9.6754 3.256233pr812dark 1.525 
 1095.39  2865  117 .25 
 1095.43  2870  182 1.25 
 1095.47  2875  247 3.5 
 1095.52  2880  312 .25 
 1095.56  2885  377 1.75 
 1095.6  2890  442 .25 
 1095.65  2895  507 1.5 
 1095.69  2900  572 .75 
 1095.74  2905  638 1 
 1095.78  2910  703 2 
 1095.82  2915  769 1.25 
 1095.87  2920  834 1.75 
 1095.91  2925  900 3.5 
 1095.96  2930  966 2 
 1096  2935  1032 .5 
 1096.05  2940  1098 1.5 
 1096.09  2945  1164 .25 
 1096.13  2950  1230 .75 
 1096.18  2955  1297 2 
 1096.22  2960  1363 2.25 
 1096.27  2965  1430 1 
 1096.31  2970  1497 3.75 
 1096.36  2975  1564 1.75 
 1096.4  2980  1630 1.5 
 1096.45  2985  1697 3.25 
 1096.49  2990  1765 3.75 
 1096.54  2995  1832 3.5 
 1096.57  3000  1899 4.5 
 1096.61  3005  1967 5.5 
 1096.65  3010  2034 5 
 1096.68  3015  2102 6.5 
 1096.72  3020  2170 6.5 
 1096.76  3025  2238 11 
 1096.79  3030  2305 17.5 
 1096.83  3035  2374 19 
 1096.87  3040  2442 18.5 
 1096.9  3045  2510 27.5 
 1096.94  3050  2578 37 
 1096.98  3055  2647 43 
 1097.02  3060  2716 39 
 1097.05  3065  2784 50.5 
 1097.09  3070  2853 72.5 
 1097.13  3075  2922 93.5 
 1097.19  3080  2991 38.5 
 1097.22  3085  3060 50.5 
 1097.26  3090  3130 45 
 1097.3  3095  3199 58.5 
 1097.33  3100  3268 65 
 1097.37  3105  3338 107 
 1097.41  3110  3408 127.5 
 1097.44  3115  3477 136.5 
 1097.48  3120  3547 156 
 1097.52  3125  3617 214 
 1097.55  3130  3687 243.5 
 1097.59  3135  3758 229.5 
 1097.63  3140  3828 310.5 
 1097.67  3145  3898 358 
 1097.7  3150  3969 465.5 
 1097.74  3155  4040 403 
 1097.78  3160  4110 403.5 
 1097.81  3165  4181 639 
 1097.85  3170  4252 804 
 1097.89  3175  4323 827.5 
 1097.92  3180  4395 706 
 1097.96  3185  4466 1079 
 1098  3190  4537 1344.5 
 1098.04  3195  4609 1038 
 1098.07  3200  4680 1243 
 1098.11  3205  4752 1765 
 1098.15  3210  4824 1813 
 1098.18  3215  4896 1818 
 1098.22  3220  4968 1729.5 
 1098.26  3225  5040 1448.5 
 1098.3  3230  5113 1632.5 
 1098.33  3235  5185 2344.5 
 1098.37  3240  5258 2849.5 
 1098.41  3245  5330 2698 
 1098.44  3250  5403 2224 
 1098.48  3255  5476 2971.5 
 1098.52  3260  5549 4008.5 
 1098.55  3265  5622 4414 
 1098.59  3270  5695 4303 
 1098.63  3275  5768 3902.5 
 1098.66  3280  5842 3294.5 
 1098.7  3285  5915 3772.5 
 1098.74  3290  5989 4969.5 
 1098.78  3295  6063 5813.5 
 1098.81  3300  6136 5750 
 1098.85  3305  6210 4408 
 1098.89  3310  6284 4294.5 
 1098.93  3315  6359 4598.5 
 1098.96  3320  6433 5238.5 
 1099  3325  6507 5324.5 
 1099.04  3330  6582 5271.5 
 1099.07  3335  6656 4604.5 
 1099.11  3340  6731 4626 
 1099.15  3345  6806 5521 
 1099.19  3350  6881 5415 
 1099.22  3355  6956 6182 
 1099.26  3360  7031 4389.5 
 1099.3  3365  7107 5030.5 
 1099.33  3370  7182 4089.5 
 1099.37  3375  7258 4975 
 1099.41  3380  7333 4997 
 1099.45  3385  7409 5763 
 1099.48  3390  7485 5753.5 
 1099.52  3395  7561 5523 
 1099.56  3400  7637 6492 
 1099.59  3405  7713 5777.5 
 1099.63  3410  7789 5728 
 1099.67  3415  7866 5357 
 1099.7  3420  7942 6338.5 
 1099.74  3425  8019 5938 
 1099.78  3430  8096 6502 
 1099.82  3435  8173 5999.5 
 1099.86  3440  8250 4381 
 1099.89  3445  8327 4388.5 
 1099.93  3450  8404 5905.5 
 1099.97  3455  8482 6086 
 1100.01  3460  8559 5249 
 1100.04  3465  8637 5826.5 
 1100.08  3470  8714 6202.5 
 1100.12  3475  8792 5072 
 1100.16  3480  8870 5705.5 
 1100.19  3485  8948 5748.5 
 1100.23  3490  9026 5280 
 1100.27  3495  9105 5388 
 1100.3  3500  9183 6466 
 1100.44  3505  7392 6461 
 1100.48  3510  7472 5790.5 
 1100.52  3515  7552 5421 
 1100.55  3520  7632 6010 
 1100.59  3525  7713 4617.5 
 1100.63  3530  7793 5778.5 
 1100.67  3535  7874 6204.5 
 1100.7  3540  7955 6465.5 
 1100.74  3545  8036 6482.5 
 1100.78  3550  8117 6563.5 
 1100.82  3555  8198 5853 
 1100.86  3560  8279 6075 
 1100.89  3565  8361 5296 
 1100.93  3570  8443 4286 
 1100.97  3575  8524 5244.5 
 1101.01  3580  8606 4137.5 
 1101.04  3585  8688 3544 
 1101.08  3590  8770 4839 
 1101.12  3595  8853 6163.5 
 1101.16  3600  8935 6545.5 
 1101.19  3605  9018 5189 
 1101.23  3610  9101 4719 
 1101.27  3615  9184 5472.5 
 1101.31  3620  9267 4651.5 
 1101.35  3625  9350 6354.5 
 1101.38  3630  9433 5706 
end
uxIntegration time is 0.2294 seconds per sampledt  3E-08 cy 1dh260718arosa 46.7828-9.6754 3.246037pr812dark 1.2 
 1113.77  2865  117 .75 
 1113.81  2870  182 1 
 1113.85  2875  247 .5 
 1113.9  2880  312 2.25 
 1113.94  2885  377 2.5 
 1113.98  2890  442 1.75 
 1114.03  2895  507 .75 
 1114.07  2900  572 1.5 
 1114.11  2905  638 2.25 
 1114.16  2910  703 .75 
 1114.2  2915  769 1.25 
 1114.25  2920  834 0 
 1114.29  2925  900 .25 
 1114.34  2930  966 1.25 
 1114.38  2935  1032 2.25 
 1114.42  2940  1098 1.75 
 1114.47  2945  1164 .75 
 1114.51  2950  1230 2.25 
 1114.56  2955  1297 2.5 
 1114.6  2960  1363 1.75 
 1114.64  2965  1430 2 
 1114.69  2970  1497 1.75 
 1114.74  2975  1564 5.25 
 1114.78  2980  1630 3.25 
 1114.82  2985  1697 2.75 
 1114.87  2990  1765 2 
 1114.91  2995  1832 2.5 
 1114.95  3000  1899 3 
 1114.99  3005  1967 3 
 1115.03  3010  2034 4.5 
 1115.06  3015  2102 5 
 1115.1  3020  2170 3.5 
 1115.14  3025  2238 7.5 
 1115.17  3030  2305 10.5 
 1115.21  3035  2374 12 
 1115.25  3040  2442 14 
 1115.28  3045  2510 17.5 
 1115.32  3050  2578 26 
 1115.36  3055  2647 25 
 1115.39  3060  2716 25.5 
 1115.43  3065  2784 33 
 1115.47  3070  2853 41.5 
 1115.5  3075  2922 56 
 1115.56  3080  2991 25.5 
 1115.6  3085  3060 25.5 
 1115.64  3090  3130 23 
 1115.67  3095  3199 34.5 
 1115.71  3100  3268 33 
 1115.75  3105  3338 52 
 1115.78  3110  3408 69 
 1115.82  3115  3477 70 
 1115.86  3120  3547 70.5 
 1115.89  3125  3617 85 
 1115.93  3130  3687 97 
 1115.97  3135  3758 102 
 1116  3140  3828 133.5 
 1116.04  3145  3898 133 
 1116.08  3150  3969 178.5 
 1116.12  3155  4040 148.5 
 1116.15  3160  4110 145.5 
 1116.19  3165  4181 248.5 
 1116.23  3170  4252 296.5 
 1116.26  3175  4323 301.5 
 1116.3  3180  4395 265 
 1116.34  3185  4466 413 
 1116.38  3190  4537 515 
 1116.41  3195  4609 389 
 1116.45  3200  4680 450 
 1116.49  3205  4752 690.5 
 1116.52  3210  4824 753 
 1116.56  3215  4896 749 
 1116.6  3220  4968 692.5 
 1116.63  3225  5040 560.5 
 1116.67  3230  5113 681 
 1116.71  3235  5185 1050 
 1116.74  3240  5258 1273.5 
 1116.78  3245  5330 1192.5 
 1116.82  3250  5403 918 
 1116.86  3255  5476 1256 
 1116.89  3260  5549 1809.5 
 1116.93  3265  5622 2076 
 1116.97  3270  5695 2068.5 
 1117  3275  5768 1772 
 1117.04  3280  5842 1436 
 1117.08  3285  5915 1730.5 
 1117.12  3290  5989 2444.5 
 1117.15  3295  6063 2867 
 1117.19  3300  6136 2787.5 
 1117.23  3305  6210 2062 
 1117.26  3310  6284 1987.5 
 1117.3  3315  6359 2167.5 
 1117.34  3320  6433 2576 
 1117.37  3325  6507 2684 
 1117.41  3330  6582 2628 
 1117.45  3335  6656 2250 
 1117.48  3340  6731 2261.5 
 1117.52  3345  6806 2739.5 
 1117.56  3350  6881 2741 
 1117.6  3355  6956 3160.5 
 1117.63  3360  7031 2247.5 
 1117.67  3365  7107 2529.5 
 1117.71  3370  7182 2022.5 
 1117.74  3375  7258 2478.5 
 1117.78  3380  7333 2540.5 
 1117.82  3385  7409 2932.5 
 1117.85  3390  7485 2940.5 
 1117.89  3395  7561 2817.5 
 1117.93  3400  7637 3282 
 1117.96  3405  7713 2960 
 1118  3410  7789 2907.5 
 1118.04  3415  7866 2758 
 1118.08  3420  7942 3293.5 
 1118.11  3425  8019 3075 
 1118.15  3430  8096 3327.5 
 1118.19  3435  8173 3080 
 1118.22  3440  8250 2206 
 1118.26  3445  8327 2244.5 
 1118.3  3450  8404 3009 
 1118.34  3455  8482 3132 
 1118.37  3460  8559 2700.5 
 1118.41  3465  8637 2987.5 
 1118.45  3470  8714 3144.5 
 1118.48  3475  8792 2588 
 1118.52  3480  8870 2964.5 
 1118.56  3485  8948 2969.5 
 1118.59  3490  9026 2715.5 
 1118.63  3495  9105 2700 
 1118.67  3500  9183 3302.5 
 1118.81  3505  7392 3324.5 
 1118.84  3510  7472 2953.5 
 1118.88  3515  7552 2759.5 
 1118.92  3520  7632 3078.5 
 1118.95  3525  7713 2401.5 
 1118.99  3530  7793 2965 
 1119.03  3535  7874 3197 
 1119.07  3540  7955 3281 
 1119.1  3545  8036 3351 
 1119.14  3550  8117 3356.5 
 1119.18  3555  8198 2994 
 1119.22  3560  8279 3148 
 1119.25  3565  8361 2719.5 
 1119.29  3570  8443 2205.5 
 1119.33  3575  8524 2663 
 1119.37  3580  8606 2141.5 
 1119.4  3585  8688 1815 
 1119.44  3590  8770 2471 
 1119.48  3595  8853 3165.5 
 1119.52  3600  8935 3345 
 1119.55  3605  9018 2692.5 
 1119.59  3610  9101 2378.5 
 1119.63  3615  9184 2767 
 1119.67  3620  9267 2330.5 
 1119.71  3625  9350 3223 
 1119.74  3630  9433 2920 
end
