version=2
dh110119Thessaloniki 40.634 -22.956  2.37pr1000
co22:36:15dh: day header
co22:36:15main: version 4.1007/04/2015 15:00:00
co22:36:15skc: B005012
co22:36:15autohg:  1 
co22:36:15hifw2:  0 
co22:36:15attn:  25000  80000 
co22:36:15lowds:  1 
co22:36:15cubdsp:  0 

inst0-0.64-1.40-2.06-3.550.33365942.441.106517303032003.8E-0815970163705000100001500020000250002816mkii2000000025360000000000426975.3025600172112July 12/04EXTRAS1002500080000110012-27-2018@
disp2747.240.0734743-4.9324e-072787.890.072944-5.26743e-072826.010.0722188-5.4304e-072862.40.0713929-5.33509e-0728980.070614-5.33912e-072702.570.074581-5.1358e-074120.860.110211-7.39861e-074181.830.109416-7.90115e-074239.010.108328-8.1456e-074293.610.107089-8.00263e-0743470.105921-8.00869e-074053.850.111871-7.7037e-07SatJun 24/1742691591635@
zeni-0.006400-0.0196800.0165400.1707700.280530-0.061260-0.4913600.456260-0.045060February 10 1997@
op_st005c:\bdata.005\icf25718zsfvaldcf15317uvres110119Thessaloniki40.634-22.95610002.371455114676111110110020001skco3B005012@
uvrtemp 30.982900          2194.1692905          2235.4372910          2281.5592915          2322.552920          2361.3292925          2396.9982930          2434.32935          2469.7062940          2501.1912945          2531.6072950          2564.6492955          2593.5022960          2623.1312965          2648.5232970          2674.6412975          2698.4312980          2718.2222985          2733.7082990          27502995          2762.9213000          2770.343005          2778.8943010          2789.9983015          2796.7753020          2793.0733025          2793.9153030          2797.8543035          2798.6313040          2792.6053045          2785.1383050          2774.0763055          2765.8783060          2752.2553065          2735.2663070          2719.023075          2704.8383080          2686.493085          2663.0423090          2638.483095          2608.4173100          2573.1073105          2536.773110          2493.2423115          2448.3263120          2403.9843125          2354.1593130          2305.0533135          2254.0653140          2198.6633145          2142.1073150          2080.9933155          2021.1963160          1957.3573165          1889.1263170          1819.1123175          1746.5143180          1676.7663185          1606.1693190          1529.323195          1455.9753200          1381.943205          1307.8423210          1231.4033215          1157.0373220          1080.6063225          1009.0653230          937.16533235          868.12083240          800.13123245          735.21173250          675.0983255          616.97383260          561.39343265          508.8763270          459.93513275          414.6623280          371.50473285          330.92783290          291.8653295          255.70163300          222.1145@
schedule-110.00pdtdazzehgsl-92.09ufhgb1ufhgtdzsslzszs-85.61ufhgb1ufhgtdzssl-80.58uzb1sshgtddsb2dsslzszs-75.52uzb1sshgtddsb1ufhgtddszsds-70.43uzb1sshgtddsb2dsslb1ufhgtddszsdszsds-65.28uzb1sshgtddstdnt-63.51uzb1sshgtddsb1ufhgtddszsdszsds0.00ufb1sshgtddsb1ufhgtddszsdsb1sshgtddszsds64.74uzhgtddstdkeumdstdkeumds69.58uzhgtddstdkeumdszsds74.48uzhgtddstdkeumds79.43uzhgtddstdkeum84.38ufhgtdkeumtdkeumtdkeum100.00zeaprsdtslhgb2w1cib0180.00B005013@
co22:36:15re: Running re from B005012 line -200
co22:37:01re: Zenith discrepancy = -2
co22:38:01re: Azimuth discrepancy =  1
hk22:38:12 7 4 4 19.7 1.25-99-99
co22:38:16hgfw2: HG FW#2 at step  0
hk22:43:18 7 4 4 19 1.21-99-99
hgscan 0narrow 302warm= 4.922:43:18JAN 11/19 64 86 90 314 1235 2512 4153 5993 6945 7396 7622 6645 5193 3595 1982 1089 724 471 369 331 309 359 453 737 1066 1890 3523 5039 6556 7355 7269 6736 5741 4069 2491 1129 260 82 79 69
hg22:44:22 .9947 156.4697 156 14977 7-3
hgscan 0narrow 302warm= 4.922:44:22JAN 11/19 72 77 74 151 784 1868 3240 4789 5821 6307 6463 6042 4677 3328 1971 975 661 378 273 257 221 265 365 557 871 1645 2876 4017 5002 5513 5203 4808 3867 2702 1534 627 105 70 64 61
hg22:45:25 .9977 158.4908 158 11976 7-1
co22:45:27az: Running az from B005012 line -200
co22:45:40az: Azimuth discrepancy =  0
co22:45:49w1: Running w1 from B005012 line -200
co22:50:50fr: Running fr from B005012 line -200
hk22:50:52 7 4 4 19.7 1.25-99-99
co22:52:10fr: Micrometer #1 reference found at step 2377 (+CAL)= 2536 Now set to o3 offset = 2536
hk22:52:14 7 4 4 19.7 1.25-99-99
co22:52:16hgfw2: HG FW#2 at step  0
hk22:57:20 7 4 4 19.7 1.25-99-99
hgscan 0narrow 302warm= 4.922:57:20JAN 11/19 46 54 50 85 477 1151 2116 3190 4055 4476 4614 4345 3555 2499 1522 767 503 300 226 199 203 228 337 497 756 1540 2527 3701 4532 4803 4668 4182 3385 2253 1250 441 78 58 58 48
hg22:58:24 .998 159.5673 160 9417 7 1
ap22:58:26 6.88 3.75 3.75 1621.5 14.87 5-14.95 23.87 0 19.72 0 0 5.15-8.26 .07 0 5.94 3.75 3.44 1610.56 14.78 4.98-14.95 23.99 13.65 19.72 0 0 5.15-8.26 1.6 12.37
hk22:58:45 7 4 4 19 1.21-99-99
hk23:09:20 8 5 5 19 1.29-99-99
rso3JAN 11/1923:17:48 8 183660 6 1200531 1300314 1370325 1210938 945406 2444495 183928 6 1200946 1299496 1369472 1210287 945745 2445844 .9985 1 .9997 1.0006 1.0006 1.0005 .9996 .9994 .0037-.0309-.0537-.1075 .3478 .1787-.0754 .0034-.0309-.0537-.1071 .3461 .178-.0752
co04:03:14td: Running td from B005013 line -110
co04:03:14td: Time correction -1.5 seconds
co04:03:14az: Running az from B005013 line -110
co04:03:28az: Azimuth discrepancy = -1
co04:03:56ze: Running ze from B005013 line -110
co04:04:10ze: Zenith discrepancy =  0
hk04:04:12 6 4 3 19.7 1.25-99-99
co04:04:14hgfw2: HG FW#2 at step  0
hk04:09:18 7 4 3 19.7 1.25-99-99
hgscan 0narrow 302warm= 4.904:09:18JAN 12/19 79 78 90 150 814 2081 3735 5503 6978 7576 7977 7498 5888 4173 2580 1346 905 541 414 350 379 423 555 849 1310 2486 4127 5936 7444 7929 7591 6924 5528 3675 2118 751 174 90 76 77
hg04:10:22 .9981 159.3411 159 15906 7 0
hk04:15:25 7 4 3 19 1.21-99-99
sla 0 255.730620 122102 0 798675 863709 911303 804551 628657rat 18.30078-327.0977-562.0078-1108.402
sla 0 256.360620 122307 3 799382 864470 910448 805590 628891rat 20.11328-325.2813-552.043-1112.52
sla 0 256.990620 122293 4 799840 864448 910894 805349 629121rat 16.22266-326.4961-555.5743-1109.563
sla 0 257.620620 122597 2 799385 865576 911584 805518 629575rat 19.69922-331.3945-558.0235-1107.297
sla 0 258.250620 122561 3 800131 865682 911405 805911 629686rat 17.71484-329.7695-554.9727-1108.695
sla 0 258.880620 122379 2 801199 865757 912986 806135 630397rat 13.00391-328.9063-561.4922-1104.926
sla 0 259.510620 122377 4 800378 865771 912626 806693 630388rat 20.67578-325.8867-556.629-1108.09
summary04:17:37JAN 12/19 141.285 1.278 7sl 0 18-328-557-1108 3565 1835 799855.7 629530.7 3 2 4 2 9 5 836.1 706.6
co05:43:37uf: Running uf from B005013 line -92.08999
hk05:43:39 6 4 3 19.7 1.25-99-99
hk05:52:19 6 3 3 19.7 1.17-99-99
co05:52:42hgfw2: HG FW#2 at step  0
hk05:57:25 5 4 3 19 1.21-99-99
hgscan 0narrow 302warm= 4.905:57:25JAN 12/19 58 67 67 164 793 1832 3137 4378 5544 6025 6235 5711 4471 3221 1960 986 596 386 296 270 226 275 399 591 883 1699 2813 3920 4808 5096 4734 4363 3402 2400 1408 588 114 60 56 54
hg05:58:29 .9968 159.1041 159 11331 5 0
co05:58:30b1: Running b1 from B005013 line -92.08999
co05:58:30uf: Running uf from B005013 line -92.08999
hk05:58:33 6 3 3 19.7 1.17-99-99
hk06:07:08 6 4 3 19.7 1.25-99-99
co06:07:30hgfw2: HG FW#2 at step  0
hk06:07:36 6 4 3 19.7 1.25-99-99
hgscan 0narrow 302warm= 8.89999906:07:36JAN 12/19 59 69 68 142 763 1761 2943 4413 5510 5846 6164 5737 4507 3272 2018 1028 650 386 302 274 271 303 442 620 987 1880 3283 4461 5801 6168 6032 5506 4360 2975 1765 704 139 75 69 61
hg06:08:40 .9974 158.8343 159 12332 6 0
co06:08:41td: Running td from B005013 line -92.08999
co06:08:41td: Time correction -.3 seconds
co06:09:02zs: ZS intensity too low ( 61/cy), skipping.
hk06:14:04 6 4 3 19 1.21-99-99
sla 0 374.380620 122396 6 799553 864681 910550 805531 628449rat 20.90234-325.2656-552.2031-1113.832
sla 0 375.010620 122587 2 799884 864702 911879 805156 628995rat 16.96875-327.457-560.8203-1107.887
sla 0 375.640620 122335 3 800549 865117 912166 806575 629583rat 21.125-321.7383-554.375-1111.613
sla 0 376.270620 122607 1 800984 865667 912414 806113 629458rat 16.13672-327.1485-558.1524-1109.926
sla 0 376.90620 122214 3 800770 865801 912206 807028 630051rat 22.39844-322.7735-552.0665-1110.816
sla 0 377.530620 122613 4 800748 866437 912957 806756 629513rat 21.01953-327.5664-557.254-1113.113
sla 0 378.160620 122692 4 800483 866071 912934 806423 630292rat 20.64844-327.5117-558.9805-1105.777
summary06:16:16JAN 12/19 125.124 1.726 6sl 0 20-326-556-1110 3573 1840 800424.5 629477.3 2 3 3 3 10 5 547.4 670.4
co06:18:50zs: ZS intensity too low ( 99/cy), skipping.
co06:18:56zs: ZS intensity too low ( 104/cy), skipping.
co06:22:03uf: Running uf from B005013 line -85.62
hk06:22:06 7 4 4 19.7 1.25-99-99
hk06:30:25 6 4 4 18.4 1.17-99-99
co06:30:47hgfw2: HG FW#2 at step  0
hk06:35:31 7 4 4 18.4 1.17-99-99
hgscan 0narrow 302warm= 4.906:35:31JAN 12/19 60 54 69 92 608 1455 2454 3724 4511 4840 5015 4622 3647 2621 1574 789 523 314 247 223 205 230 335 492 748 1447 2552 3615 4608 5041 4772 4435 3606 2426 1459 577 89 60 53 52
hg06:36:35 .9976 158.4441 158 10056 7-1
co06:36:36b1: Running b1 from B005013 line -85.62
co06:36:36uf: Running uf from B005013 line -85.62
hk06:36:38 7 4 4 18.4 1.17-99-99
hk06:45:09 7 4 4 19.7 1.25-99-99
co06:45:31hgfw2: HG FW#2 at step  0
hk06:45:38 7 4 4 19 1.21-99-99
hgscan 0narrow 302warm= 8.89999906:45:38JAN 12/19 68 67 76 126 659 1701 2964 4408 5618 6159 6482 6105 4978 3618 2296 1178 700 466 341 278 279 329 495 704 1113 2151 3610 4925 6191 6472 6229 5640 4444 3061 1660 639 103 72 74 64
hg06:46:42 .9971 159.9273 160 12954 7 1
co06:46:43td: Running td from B005013 line -85.62
co06:46:42td: Time correction -1.4 seconds
co06:47:02zs: ZS intensity too low ( 287/cy), skipping.
hk06:52:05 7 5 4 18.4 1.25-99-99
sla 0 412.390620 122430 1 800099 866881 911896 806570 630347rat 21.55078-332.3086-553.7305-1107.684
sla 0 413.020620 122849 1 800578 865978 913027 806374 630301rat 17.78906-328.7266-560.3711-1106.926
sla 0 413.650620 122275 3 800077 867004 913026 806990 630527rat 23.9961-330.6172-556.961-1108.746
sla 0 414.280620 122551 6 800197 867182 913502 807665 630703rat 27.05078-327.8086-555.5665-1111.238
sla 0 414.910620 122409 3 800657 866430 913556 807599 630891rat 24.125-324.2774-556.1836-1109.559
sla 0 415.540620 122535 1 801728 867292 913399 807446 630547rat 17.3125-329.582-556.2618-1111.129
sla 0 416.180620 122693 7 801711 866687 913873 808327 631341rat 22.28125-321.5899-553.7227-1110.422
summary06:54:16JAN 12/19 118.659 2.061 7sl 0 22-328-556-1109 3572 1836 800721 630665.3 4 4 2 2 7 5 741.1 387
co06:56:31uz: Running uz from B005013 line -80.58
hk06:56:33 7 5 4 19 1.29-99-99
co07:06:58b1: Running b1 from B005013 line -80.58
co07:06:58ss: Running ss from B005013 line -80.58
hk07:07:02 8 5 4 18.4 1.25-99-99
hk07:12:20 7 5 4 19 1.29-99-99
co07:12:28hgfw2: HG FW#2 at step  0
hk07:12:36 7 5 4 19 1.29-99-99
hgscan 0narrow 302warm= 5.507:12:36JAN 12/19 54 63 65 103 635 1469 2503 3746 4611 5022 5246 4872 3888 2781 1679 849 530 377 255 248 232 254 365 538 827 1627 2787 3952 4964 5322 5079 4799 3845 2591 1500 660 93 58 55 54
hg07:13:39 .9973 158.8363 159 10568 7 0
co07:13:40td: Running td from B005013 line -80.58
co07:13:40td: Time correction -1.1 seconds
hk07:13:52 7 5 4 19 1.29-99-99
co07:13:56ds: DS intensity too low ( 7/cy), skipping.
hk07:14:11 7 5 4 18.4 1.25-99-99
zsa0 434.50620 6 3 213 1045 4223 10086 11191rat 16800.7 9848.578 3778.988 441.3633
zsa0 435.140620 4 7 192 1012 4024 9647 10601rat 17155.99 9810.414 3797.942 399.5391
zsa0 435.780620 5 2 175 1001 3883 9293 10366rat 17287.05 9676.219 3787.344 464.3789
zsa0 436.420620 8 4 197 1062 4116 9779 10706rat 17032.55 9647.621 3756.828 383.1875
zsa0 437.060620 8 0 181 952 3938 9305 10231rat 17097.27 9892.059 3730.563 401.7188
zsa0 437.70620 9 2 172 1004 3951 9177 10068rat 17308.44 9608.615 3657.317 392.207
zsa0 438.340620 8 4 170 985 3826 9038 9690rat 17344.58 9633.332 3732.027 292.3047
summary07:16:25JAN 12/19 77.63201 4.389 7zs 0 17147 9731 3749 396 15878 7183-55.6 396.7 191 116 48 54 308 117 6.8 16.7
co07:18:40b2: Running b2 from B005013 line -80.58
hk07:18:52 7 5 4 19 1.29-99-99
co07:18:55ds: DS intensity too low ( 8/cy), skipping.
hk07:19:10 7 5 4 19 1.29-99-99
zsa0 439.490620 7 6 215 1180 4511 10781 11672rat 17109.81 9618.932 3783.508 334.75
zsa0 440.130620 5 4 224 1244 4818 11197 12263rat 17052.4 9546.74 3660.703 384.8086
zsa0 440.770620 7 2 228 1320 4993 11660 12729rat 17112.38 9458.635 3680.707 370.7422
zsa0 441.410620 8 2 232 1356 5262 12293 13359rat 17265.91 9571.314 3682.406 350.9414
zsa0 442.050620 6 3 245 1428 5428 12464 13616rat 17104.71 9409.028 3607.926 373.7422
zsa0 442.690620 13 2 264 1545 5984 13913 15074rat 17238.12 9541.766 3661.641 337.8555
zsa0 443.330620 13 0 295 1651 6527 14959 16217rat 17038.49 9563.528 3598.481 340.4336
summary07:21:24JAN 12/19 76.95201 4.189 7zs 0 17132 9530 3668 356 15992 7091-48.4 394.2 88 72 61 20 126 85 4 11.9
hk07:24:01 7 5 4 19 1.29-99-99
sla 0 444.330620 122098 3 799932 865258 911435 806018 629917rat 19.41797-326.9805-554.5274-1107.652
sla 0 444.960620 122421 3 799721 866368 912245 805982 630749rat 20.40234-332.9102-558.7031-1101.606
sla 0 445.590620 122773 3 800809 866102 912563 806945 629829rat 19.66406-326.211-554.9375-1113.414
sla 0 446.220620 122408 2 799982 866191 912672 806553 629225rat 22.10547-328.836-557.6368-1115.5
sla 0 446.860620 122405 2 800785 866594 913271 807250 630365rat 21.48047-327.0625-556.7266-1111.328
sla 0 447.490620 122360 1 800896 867129 913605 807186 629661rat 20.50781-330.1758-558.7149-1115.926
sla 0 448.120620 122737 3 801555 867953 913399 806644 631025rat 13.83594-337.4336-560.711-1103.32
summary07:26:13JAN 12/19 112.99 2.513 7sl 0 20-330-557-1110 3571 1835 800525.8 630110.1 3 4 2 6 20 12 670.4 591.2
hk07:28:49 7 5 4 18.4 1.25-99-99
zsa0 449.140620 7 2 283 1692 6638 14785 15854rat 17198.23 9410.707 3475.113 292.9375
zsa0 449.780620 9 1 299 1743 6662 15025 16100rat 17013.39 9349.344 3529.047 289.8594
zsa0 450.420620 10 3 302 1888 7128 16236 17433rat 17335.15 9342.998 3572.828 298.7266
zsa0 451.060620 6 4 302 1853 7044 15639 16802rat 17186.6 9263.652 3461.871 301.336
zsa0 451.70620 7 3 307 1803 7038 15501 16858rat 17061.78 9342.059 3426.711 354.2969
zsa0 452.340620 8 1 307 1880 7008 15498 16522rat 17033.03 9155.227 3443.754 267.6055
zsa0 452.980620 9 3 291 1753 6733 14828 15914rat 17103.69 9271.506 3426.34 296.7539
summary07:31:03JAN 12/19 75.667 3.857 7zs 0 17133 9305 3477 300 16172 7056-42.7 408 114 83 55 26 142 63 3.4 5.9
co07:33:19uz: Running uz from B005013 line -75.52
hk07:33:21 8 5 4 18.4 1.25-99-99
co07:43:32b1: Running b1 from B005013 line -75.52
co07:43:33ss: Running ss from B005013 line -75.52
hk07:43:36 8 5 4 18.4 1.25-99-99
hk07:48:53 7 5 4 19 1.29-99-99
co07:49:02hgfw2: HG FW#2 at step  0
hk07:49:09 8 5 4 19 1.29-99-99
hgscan 0narrow 302warm= 5.407:49:09JAN 12/19 50 54 58 108 539 1355 2320 3454 4206 4633 4819 4432 3552 2550 1532 765 482 309 254 206 221 236 306 482 741 1513 2631 3626 4673 5029 4791 4422 3538 2372 1386 525 92 66 59 52
hg07:50:13 .9979 158.8851 159 9848 8 0
co07:50:14td: Running td from B005013 line -75.52
co07:50:19td: Time correction  4.5 seconds
hk07:50:32 8 5 4 18.4 1.25-99-99
co07:50:36ds: DS intensity too low ( 22/cy), skipping.
hk07:50:50 8 5 4 19.7 1.34-99-99
zsa0 471.160620 9 1 425 2603 9177 18699 19464rat 16430.45 8555.84 3087.512 162.3359
zsa0 471.80620 10 3 458 2613 9081 18546 19112rat 16087.81 8506.332 3097.985 118.7383
zsa0 472.440620 7 5 519 2634 9492 19159 19848rat 15699.17 8615.711 3047.422 141.6524
zsa0 473.080620 9 3 482 2819 9856 19811 20541rat 16151.35 8463.168 3028.875 145.3594
zsa0 473.720620 11 2 561 2853 10065 20407 21061rat 15609.63 8538.562 3066.301 125.1875
zsa0 474.360620 11 2 575 3084 10794 21692 22472rat 15767.61 8465.59 3027.867 141.6289
zsa0 4750620 10 2 701 3252 11579 23309 24067rat 15216.87 8547.566 3035.317 127.1797
summary07:53:04JAN 12/19 72.898 3.292 8zs 0 15852 8528 3056 137 15412 6766-31.3 411.5 403 54 29 15 377 56 6.1 7.1
co07:55:20b1: Running b1 from B005013 line -75.52
co07:55:20uf: Running uf from B005013 line -75.52
hk07:55:22 7 5 4 19 1.29-99-99
hk08:03:32 7 5 5 19 1.29-99-99
co08:03:54hgfw2: HG FW#2 at step  0
hk08:04:01 8 5 4 19 1.29-99-99
hgscan 0narrow 302warm= 8.508:04:01JAN 12/19 69 64 64 108 684 1624 2857 4190 5253 5695 5969 5572 4434 3157 1863 958 645 380 287 260 277 297 403 623 947 1860 3159 4440 5647 6075 5743 5303 4273 2973 1680 657 140 70 73 63
hg08:05:05 .9978 158.9801 159 12044 8 0
co08:05:06td: Running td from B005013 line -75.52
co08:05:07td: Time correction  .1 seconds
hk08:05:20 8 5 5 19 1.29-99-99
co08:05:23ds: DS intensity too low ( 47/cy), skipping.
hk08:05:38 8 5 5 19 1.29-99-99
zsa0 485.950620 16 5 891 4899 16803 32554 33313rat 15639.12 8221.36 2869.789 88.30078
zsa0 486.590620 19 1 939 5030 17373 33420 33990rat 15506.1 8217.848 2838.461 61.61328
zsa0 487.230620 15 5 961 5184 17443 33478 34026rat 15430.57 8097.203 2829.008 58.6836
zsa0 487.870620 14 4 966 5068 17203 32991 33766rat 15339.81 8131.153 2825.387 89.04688
zsa0 488.510620 16 3 1018 5348 18106 34581 35335rat 15311.69 8101.371 2807.586 81.8711
zsa0 489.150620 16 1 1049 5437 18541 35224 36004rat 15253.1 8108.407 2784.293 83.3125
zsa0 489.80620 14 1 1053 5414 18421 34870 35632rat 15192.63 8082.903 2768.59 82.07031
summary08:07:52JAN 12/19 71.179 3.018 8zs 0 15382 8137 2818 78 15133 6596-23.3 414.1 154 58 34 12 168 51 1.5 4.6
hk08:10:15 8 5 5 19 1.29-99-99
zsa0 490.560620 19 1 1073 5580 18687 35379 35912rat 15173.85 8014.703 2769.293 53.10157
zsa0 491.20620 15 4 1091 5568 18588 35211 35832rat 15092.43 8005.336 2772.016 64.10547
zsa0 491.840620 21 8 1072 5725 18875 35913 36316rat 15270.67 7972.86 2791.699 36.61328
zsa0 492.480620 16 3 1126 5753 19232 36461 37118rat 15102.74 8014.313 2775.563 65.74219
zsa0 493.120620 20 1 1127 5848 19738 37067 37687rat 15163.07 8013.567 2734.164 60.20313
zsa0 493.760620 16 1 1177 6066 20022 37808 38451rat 15060.45 7940.629 2758.141 61.41797
zsa0 494.40620 18 4 1170 6186 20772 38840 39599rat 15214.31 7974.403 2715.719 72.2461
summary08:12:28JAN 12/19 70.668 2.945 8zs 0 15154 7991 2760 59 14965 6511-20.3 410.5 74 29 26 12 99 29 1.6 2.9
co08:14:44uz: Running uz from B005013 line -70.44
hk08:14:46 8 5 5 19.7 1.34-99-99
co08:25:57b1: Running b1 from B005013 line -70.44
co08:25:58ss: Running ss from B005013 line -70.44
hk08:26:01 8 5 5 18.4 1.25-99-99
hk08:31:18 8 5 5 19.7 1.34-99-99
co08:31:27hgfw2: HG FW#2 at step  0
hk08:31:34 7 5 5 19 1.29-99-99
hgscan 0narrow 302warm= 5.408:31:34JAN 12/19 48 44 61 85 480 1146 1986 2979 3766 4073 4337 4044 3158 2236 1336 686 422 297 200 196 171 209 270 434 651 1325 2336 3280 4132 4511 4344 4011 3141 2125 1264 513 85 53 54 50
hg08:32:37 .9982 158.9759 159 8848 7 0
co08:32:38td: Running td from B005013 line -70.44
co08:32:39td: Time correction  0 seconds
hk08:32:52 8 5 5 19 1.29-99-99
co08:32:56ds: DS intensity too low ( 62/cy), skipping.
hk08:33:10 7 5 5 19 1.29-99-99
zsa0 513.490620 20 2 1688 7930 24719 43828 43501rat 14140.4 7420.918 2485.496-43.00391
zsa0 514.130620 22 5 1713 8036 25130 44319 44227rat 14132.25 7413.004 2462.492-19.47266
zsa0 514.77010620 25 5 1725 8162 25753 45646 45407rat 14230.17 7473.711 2484.367-33.26172
zsa0 515.410620 28 3 1797 8166 25752 45472 45198rat 14030.8 7454.09 2467.777-36.71875
zsa0 516.050620 26 3 1758 8161 25569 45104 44513rat 14090.92 7421.407 2463.434-67.80469
zsa0 516.690620 27 0 1733 8188 25500 44820 44608rat 14118.51 7378.274 2447.477-31.04297
zsa0 517.33010620 19 2 1787 8083 25373 44365 43926rat 13945.54 7390.844 2424.949-53.6836
summary08:35:24JAN 12/19 68.317 2.653 7zs 0 14098 7422 2462-41 14229 6260-13.7 409 90 33 21 16 82 37 1.8 5
co08:37:39b2: Running b2 from B005013 line -70.44
hk08:37:50 8 5 5 19 1.29-99-99
co08:37:54ds: DS intensity too low ( 59/cy), skipping.
hk08:38:08 8 6 5 19 1.38-99-99
zsa0 518.450620 27 0 1755 8085 25280 44618 44178rat 14042.03 7412.207 2464.84-55.02344
zsa0 519.09010620 23 4 1844 8381 25986 45753 45248rat 13945.48 7366.957 2454.66-60.19532
zsa0 519.730620 24 5 1843 8418 26385 46177 46096rat 13990.24 7388.36 2428.613-19.55859
zsa0 520.380620 30 2 1889 8522 26437 46075 45503rat 13866.63 7324.117 2410.219-66.25781
zsa0 521.02010620 29 5 1869 8496 26160 45741 45183rat 13887.96 7306.996 2424.574-65.3125
zsa0 521.730620 28 2 1906 8531 26219 45838 45337rat 13805.25 7297.106 2423.789-59.72266
zsa0 522.480620 25 2 1960 8746 26710 46730 46241rat 13767.61 7272.785 2426.965-57.67578
summary08:40:24JAN 12/19 67.848 2.602 8zs 0 13901 7338 2433-55 14076 6215-12.8 408.9 98 52 19 16 88 38 1 3.3
hk08:43:12 9 6 5 19 1.38-99-99
sla 0 523.510620 122272 4 797387 863722 910066 805040 628485rat 24.10547-327.2852-554.5235-1115.32
sla 0 524.140620 122207 6 799218 863722 910344 805366 628706rat 15.67578-325.4766-554.086-1115.57
sla 0 524.770620 122021 0 799406 864161 910967 805620 629363rat 16.03125-326.3399-555.7383-1112.328
sla 0 525.40620 122133 2 798809 864312 911182 805285 629571rat 17.50781-328.9844-558.6563-1109.016
sla 0 526.030620 122217 2 799439 864150 911933 806154 629170rat 18.80469-323.3242-557.5352-1116.652
sla 0 526.660620 122277 5 799115 865202 911399 806437 629788rat 22.1875-327.2031-553.336-1113.871
sla 0 527.30620 122227 4 799799 866185 912043 805880 629588rat 15.27734-335.375-559.6016-1112.195
summary08:45:24JAN 12/19 98.442 5.949 9sl 0 19-328-556-1114 3582 1843 799024.7 629238.8 3 4 2 3 10 7 774.1 446.9
co08:47:37b1: Running b1 from B005013 line -70.44
co08:47:38uf: Running uf from B005013 line -70.44
hk08:47:40 9 6 5 19 1.38-99-99
hk08:56:01 8 6 5 19 1.38-99-99
co08:56:23hgfw2: HG FW#2 at step  0
hk08:56:30 9 6 5 19 1.38-99-99
hgscan 0narrow 302warm= 8.708:56:30JAN 12/19 75 81 76 149 885 2142 3629 5359 6751 7364 7648 7149 5698 4142 2529 1324 847 532 417 351 323 373 526 815 1283 2437 4072 5683 7096 7723 7305 6744 5340 3619 2161 806 165 88 72 68
hg08:57:33 .9973 159.2201 159 15371 9 0
co08:57:34td: Running td from B005013 line -70.44
co08:57:35td: Time correction  .1 seconds
hk08:57:48 9 6 5 19 1.38-99-99
co08:57:52ds: DS intensity too low ( 85/cy), skipping.
hk08:58:06 9 6 5 18.4 1.33-99-99
zsa0 538.420620 30 2 2526 10926 32704 55744 54476rat 13430.07 7071.696 2313.469-113.5274
zsa0 538.770620 17 0 124 563 1668 2807 2794rat 13530.05 6964.883 2254.686-33.57031
zsa0 539.120620 34 3 2625 11128 33368 56898 55839rat 13353.7 7081.563 2315.289-95.16406
zsa0 539.760620 31 4 2602 11220 33811 56913 56235rat 13394.71 7047.242 2259.141-65.5625
zsa0 540.40620 29 4 2648 11273 33546 56769 55565rat 13307.45 7015.735 2282.324-106.6875
zsa0 541.040620 31 6 2674 11204 33813 56749 55818rat 13266.52 7041.504 2246.426-85.38672
zsa0 541.680620 33 5 2667 11407 34171 57357 56374rat 13322.74 7009.52 2246.945-88.62891
summary08:59:52JAN 12/19 66.183 2.437 9zs 0 13372 7033 2274-84 13641 6039-7.5 405.5 88 40 30 27 78 69 3.5 9.100001
hk09:02:08 8 6 5 19 1.38-99-99
zsa0 542.450620 37 2 2784 11780 35253 59252 58305rat 13274.98 7011.657 2253.356-82.03125
zsa0 543.090620 38 3 2824 12148 35969 60752 59875rat 13323.24 6987.071 2274.77-75.20703
zsa0 543.730620 36 4 2910 12199 36588 61551 60244rat 13251.09 7026.012 2257.485-105.3359
zsa0 544.370620 40 2 2892 12395 36673 61540 60351rat 13274.43 6955.399 2246.516-96.82422
zsa0 545.010620 41 3 2948 12436 36888 61402 60265rat 13182.71 6931.559 2211.371-93.26172
zsa0 545.650620 43 4 2969 12470 36841 61785 60613rat 13180.3 6947.032 2244.027-95.26953
zsa0 546.290620 39 2 2989 12708 37303 62656 61150rat 13209.25 6925.242 2250.656-117.793
summary09:04:22JAN 12/19 65.838 2.405 8zs 0 13242 6969 2248-95 13547 6007-6.8 405.2 54 40 19 14 47 34 1.7 4.2
hk09:06:47 9 6 5 19 1.38-99-99
co09:06:51ds: DS intensity too low ( 81/cy), skipping.
hk09:07:05 8 6 5 18.4 1.33-99-99
zsa0 547.40620 36 3 3025 12518 36889 61628 60367rat 13086.6 6918.989 2227.242-101.8945
zsa0 548.040620 38 4 3063 12628 37240 61668 60441rat 13036.49 6884.059 2188.934-99.37891
zsa0 548.680620 38 3 2999 12505 36316 60256 58933rat 13026.15 6825.524 2197.344-108.5313
zsa0 549.320620 40 1 2938 12033 35316 58251 56674rat 12965.41 6844.887 2171.395-131.3399
zsa0 549.960620 37 5 3102 12449 36826 60653 59235rat 12910.57 6874.16 2165.367-114.8711
zsa0 550.60620 40 4 3125 12962 37777 62349 60930rat 12997.14 6818.399 2174.465-112.1133
zsa0 551.240620 34 2 3113 12622 36632 60115 58538rat 12852.42 6774.582 2149.422-127.6016
summary09:09:19JAN 12/19 65.474 2.373 8zs 0 12982 6849 2182-114 13346 5951-6.4 401.9 80 48 25 12 56 33 1.8 4
co09:12:03uz: Running uz from B005013 line -65.28
hk09:12:06 8 6 5 19 1.38-99-99
co09:23:23b1: Running b1 from B005013 line -65.28
co09:23:24ss: Running ss from B005013 line -65.28
hk09:23:27 7 6 5 18.4 1.33-99-99
hk09:28:43 8 6 5 19 1.38-99-99
co09:28:53hgfw2: HG FW#2 at step  0
hk09:29:00 8 5 5 19 1.29-99-99
hgscan 0narrow 302warm= 5.409:29:00JAN 12/19 47 51 63 86 484 1202 2146 3137 3904 4236 4355 4070 3232 2370 1401 685 435 290 213 175 177 206 284 439 647 1397 2371 3330 4295 4587 4377 4071 3306 2323 1309 505 83 53 59 54
hg09:30:03 .9977 158.6796 159 8942 8 0
co09:30:04td: Running td from B005013 line -65.28
co09:30:05td: Time correction  .1 seconds
hk09:30:19 9 6 5 19 1.38-99-99
co09:30:23ds: DS intensity too low ( 86/cy), skipping.
hk09:30:37 9 6 5 19 1.38-99-99
zsa0 570.940620 40 2 3502 13769 39353 63898 61744rat 12604.23 6660.797 2102.781-162.6484
zsa0 571.580620 46 3 3462 13555 38752 62581 60472rat 12564.7 6638.477 2079.121-162.6094
zsa0 572.220620 44 5 3410 13466 38447 61861 60332rat 12582.54 6617.25 2063.199-122.3359
zsa0 572.860620 48 4 3466 13534 38471 61907 60063rat 12513.73 6598.336 2063.672-145.0078
zsa0 573.50620 43 4 3420 13237 37875 60942 59080rat 12503.46 6626.403 2063.211-148.4531
zsa0 574.140620 49 3 3409 13375 37851 61315 59234rat 12542.82 6607.629 2092.473-163.6758
zsa0 574.780620 57 4 3601 13985 39902 64163 62236rat 12503.36 6611.657 2060.633-146.1289
summary09:32:51JAN 12/19 63.995 2.25 9zs 0 12545 6623 2075-150 13025 5841-3.4 402.8 40 21 17 15 65 33 1.1 4.1
co09:35:06td: Running td from B005013 line -65.28
co09:35:07td: Time correction  0 seconds
co09:35:07nt: Running nt from B005013 line -65.28
hk09:35:09 8 6 5 19 1.38-99-99
co09:42:36uz: Running uz from B005013 line -63.51
hk09:42:38 8 6 5 19 1.38-99-99
co10:02:24b1: Running b1 from B005013 line -63.51
co10:02:24ss: Running ss from B005013 line -63.51
hk10:02:27 9 6 5 19 1.38-99-99
hk10:07:42 8 6 5 19 1.38-99-99
co10:07:52hgfw2: HG FW#2 at step  0
hk10:07:59 9 6 5 18.4 1.33-99-99
hgscan 0narrow 302warm= 5.410:07:59JAN 12/19 53 49 53 94 493 1244 2076 3118 3847 4157 4346 4048 3218 2277 1382 709 448 298 211 191 187 219 285 437 669 1386 2365 3279 4235 4534 4438 4065 3311 2240 1276 517 82 54 55 50
hg10:09:03 .9977 158.6755 159 8880 9 0
co10:09:04td: Running td from B005013 line -63.51
co10:09:05td: Time correction -.2 seconds
hk10:09:18 9 6 5 19.7 1.43-99-99
co10:09:22ds: DS intensity too low ( 468/cy), skipping.
hk10:09:36 9 6 5 19.7 1.43-99-99
zsa0 609.920620 64 5 4715 17217 47902 74821 71788rat 12001.31 6377.164 1934.809-193.5742
zsa0 610.560620 69 1 4974 18029 50280 78728 75556rat 11987.16 6397.75 1945.547-192.4805
zsa0 611.20620 74 4 4936 17936 49617 78088 75007rat 11987.4 6385.239 1967.836-188.6875
zsa0 611.840620 68 4 4939 17881 49630 77174 74130rat 11933.49 6347.321 1915.434-188.6328
zsa0 612.480620 68 5 5098 18494 51490 80463 77213rat 11978.29 6382.727 1937.129-192.9453
zsa0 613.120620 69 3 4814 17699 48782 76603 73781rat 12011.75 6359.262 1958.035-176.8359
zsa0 613.760620 64 2 4627 16629 46359 72744 69312rat 11958.02 6405.032 1954.574-223.8008
summary10:11:50JAN 12/19 62.527 2.142 9zs 0 11980 6379 1945-194 12600 5736-2.8 403.3 26 20 17 14 42 40 1.7 5.6
co10:14:05b1: Running b1 from B005013 line -63.51
co10:14:05uf: Running uf from B005013 line -63.51
hk10:14:08 9 6 5 19 1.38-99-99
hk10:22:15 9 7 6 18.4 1.42-99-99
co10:22:37hgfw2: HG FW#2 at step  0
hk10:22:43 10 6 6 19 1.38-99-99
hgscan 0narrow 302warm= 8.510:22:43JAN 12/19 59 69 73 109 702 1699 2945 4384 5468 5894 6065 5769 4604 3276 1924 1022 640 444 293 298 274 299 445 670 988 1840 3287 4642 5861 6345 6084 5579 4449 2932 1721 698 124 73 72 65
hg10:23:47 .9979 158.9945 159 12410 10 0
co10:23:48td: Running td from B005013 line -63.51
co10:23:48td: Time correction  0 seconds
hk10:24:02 10 7 6 19.7 1.52-99-99
dsa0 624.420620 22 5 1303 4685 13110 20481 19496rat 10582.93 5549.492 1529.465-611
dsa0 625.060620 26 3 1672 5989 16696 26240 25057rat 10569.24 5558.321 1555.695-597.1211
dsa0 625.70620 27 5 1649 6095 17032 27038 25628rat 10764.69 5613.407 1599.516-629.4219
dsa0 626.350620 37 4 2364 8461 24131 38033 36392rat 10678.28 5670.875 1568.641-588.3828
dsa0 626.990620 57 2 4025 14606 41403 65570 63034rat 10732.05 5667.567 1591.004-568.0703
summary10:25:42JAN 12/19 62.313 2.127 10ds 0 10665 5612 1569-599 12582 5845 .8 396.5 88 58 28 23 115 39 1.6 5.6
hk10:27:33 9 7 6 18.4 1.42-99-99
zsa0 627.870620 67 1 4658 16350 44733 68508 65114rat 11666.96 6217.184 1848.66-234.5742
zsa0 628.510620 69 4 4959 17415 47627 73049 69843rat 11676.75 6222.914 1855.465-208.7891
zsa0 629.150620 72 1 4818 16643 45921 70057 66664rat 11617.56 6237.324 1831.981-229.5039
zsa0 629.790620 68 4 4693 16263 44199 67359 63806rat 11563.39 6167.352 1827.375-249.2774
zsa0 630.430620 65 2 4463 15559 41631 63380 59905rat 11515.02 6094.25 1822.633-258.8086
zsa0 631.070620 63 4 4528 15639 41719 63990 60430rat 11495.66 6114.071 1855.211-262.5352
zsa0 631.710620 62 3 4257 14525 38845 58786 55313rat 11393.86 6065.86 1796.445-278.3945
summary10:29:47JAN 12/19 62.283 2.125 9zs 0 11561 6160 1834-246 12348 5661-2.5 395.1 102 69 21 23 39 33 1.6 4.6
hk10:32:12 9 7 6 18.4 1.42-99-99
dsa0 632.580620 676 7 48329 177653 504677 802667 781003rat 10920.69 5782.977 1651.813-516.6719
dsa0 633.220620 429 4 36913 136255 387274 617874 599880rat 10928.21 5776.891 1654.899-525.6016
dsa0 633.860620 186 5 14752 54288 154668 245837 238211rat 10857.99 5727.817 1617.563-532.5274
dsa0 634.510620 124 1 9787 35614 100907 159892 153901rat 10759 5680.387 1599.371-561.2813
dsa0 635.150620 121 3 9919 36091 102136 161614 156037rat 10749.04 5669.891 1593.613-547.7031
summary10:33:51JAN 12/19 62.266 2.124 9ds 0 10843 5728 1623-537 12561 5828 1.4 394.8 86 53 29 18 39 15 .4 2
co10:35:28b1: Running b1 from B005013 line -63.51
co10:35:29ss: Running ss from B005013 line -63.51
hk10:35:32 10 7 6 18.4 1.42-99-99
co10:40:34uf: Running uf from B005013 line  0
hk10:40:36 10 7 6 19 1.47-99-99
co10:48:44b1: Running b1 from B005013 line  0
co10:48:45ss: Running ss from B005013 line  0
hk10:48:48 10 7 6 18.4 1.42-99-99
hk10:54:07 10 7 7 17.7 1.37-99-99
co10:54:17hgfw2: HG FW#2 at step  0
hk10:54:24 11 7 7 18.4 1.42-99-99
hgscan 0narrow 302warm= 5.510:54:24JAN 12/19 74 74 85 137 862 2094 3588 5182 6607 7267 7522 7113 5669 4075 2479 1316 849 529 387 358 332 381 541 839 1280 2380 4076 5668 7156 7625 7294 6676 5302 3608 2042 797 132 89 75 65
hg10:55:28 .9975 159.3645 159 15147 11 0
co10:55:29td: Running td from B005013 line  0
co10:55:29td: Time correction  0 seconds
hk10:55:43 11 7 7 19 1.47-99-99
dsa64 656.180620 723 6 55381 207522 596933 957917 941089rat 11108.48 5888.141 1697.188-479.0547
dsa64 656.820620 715 6 56179 209998 601723 964635 947786rat 11076.97 5867.25 1692.945-478.7891
dsa64 657.460620 671 7 56522 211082 605987 970577 955480rat 11077.5 5871.938 1689.047-470.2578
dsa64 658.110620 673 8 55801 209738 603164 967059 950891rat 11116.48 5883.188 1693.242-475.7344
dsa64 658.750620 701 4 56152 210754 606689 973885 957189rat 11119.86 5893.188 1698.805-477.8672
summary10:57:27JAN 12/19 62.453 2.137 11ds 1 11100 5881 1694-476 12624 5843 1.6 394.5 21 11 4 4 28 13 .3 1.7
co10:59:04b1: Running b1 from B005013 line  0
co10:59:05uf: Running uf from B005013 line  0
hk10:59:07 11 8 7 18.4 1.52-99-99
hk11:07:19 12 8 7 17.7 1.47-99-99
co11:07:41hgfw2: HG FW#2 at step  0
hk11:07:47 11 8 7 18.4 1.52-99-99
co11:07:56hg: HOME key pressed
co11:07:58hg: Going to menu
co11:08:23td: Running td from menu line -200
co11:08:24td: Time correction  0 seconds
co11:08:39pdaphgdshgdspd: Running pdaphgdshgdspd from menu line -200
ap11:08:46 11.25 7.81 6.56 1621.5 14.87 5-14.95 23.87 0 18.41 0 0 5.15-8.26 .07 0 11.56 7.81 6.56 1610.56 14.78 4.98-14.95 23.99 0 18.41 0 0 5.15-8.26 1.6 12.37
hk11:09:04 12 8 7 18.4 1.52-99-99
co11:09:09hgfw2: HG FW#2 at step  0
hk11:14:10 12 9 7 18.4 1.62-99-99
hgscan 0narrow 302warm= 4.911:14:10JAN 12/19 77 83 88 153 816 2044 3578 5262 6657 7325 7621 7118 5694 4205 2464 1289 835 545 396 351 341 412 585 908 1254 2475 4180 5785 7289 7660 7397 6711 5424 3599 2101 836 147 86 80 73
hg11:15:14 .9975 159.4535 159 15281 12 0
hk11:15:30 13 9 8 18.4 1.62-99-99
dsa64 675.880620 689 8 52844 201471 585904 946735 933737rat 11232.1 5947.407 1718.852-471.0782
dsa64 676.520620 661 8 52449 201548 585801 947283 933812rat 11266.05 5947.539 1721.844-473.6563
dsa64 677.160620 679 7 52675 201165 583177 943572 931345rat 11229.01 5937.836 1723.938-468.1016
dsa64 677.80620 680 12 52579 201739 585295 947867 934476rat 11256.44 5945.055 1727.899-473.7813
dsa64 678.450620 688 10 52075 200125 579460 938975 926841rat 11254.62 5937.055 1729.602-468.6407
summary11:17:09JAN 12/19 62.976 2.174 13ds 1 11248 5943 1724-471 12755 5882 1.7 393 16 5 4 3 23 11 .5 1.8
hk11:18:48 13 9 8 18.4 1.62-99-99
co11:18:59hgfw2: HG FW#2 at step  0
hk11:23:54 13 9 8 18.4 1.62-99-99
hgscan 0narrow 302warm= 4.911:23:54JAN 12/19 72 61 76 119 738 1774 3160 4606 5863 6471 6628 6167 5032 3602 2203 1143 715 446 331 311 283 337 450 730 1104 2160 3631 5127 6427 6846 6589 6014 4771 3182 1877 750 116 73 78 66
hg11:24:58 .9976 159.3313 159 13474 13 0
hk11:25:14 13 9 8 17.7 1.56-99-99
dsa64 685.610620 698 3 50911 196569 575998 937460 926418rat 11331.69 5999.782 1744.938-467.1719
dsa64 686.250620 619 4 50734 196375 573019 932786 923118rat 11323.22 5980.899 1745.117-461.1094
dsa64 686.890620 648 7 50227 194584 569730 929037 918951rat 11347.81 6002.149 1752.18-463.6797
dsa64 687.530620 681 4 49504 192495 563682 919192 910195rat 11361.58 6000.711 1751.266-459.1797
dsa64 688.180620 596 6 49202 192340 562889 919518 910555rat 11388.67 6005.071 1758.727-459.3594
summary11:26:53JAN 12/19 63.354 2.201 13ds 1 11351 5998 1750-462 12829 5908 1.4 391.7 26 10 6 3 21 11 .6 1.7
co11:29:00pdzeazpdsi: Running pdzeazpdsi from menu line -200
co11:29:05ze: Running ze from menu line -200
co11:29:38ze: Zenith discrepancy =  1
co11:29:38az: Running az from menu line -200
co11:30:50az: Azimuth discrepancy = -1
co11:31:36si: Running si from menu line -200
co11:36:04si: New SI, HC = -1, NC =  1455  Old =  1 ,  1455
co11:36:24skc: Starting schedule b005012
co11:36:24uf: Running uf from b005012 line  0
hk11:36:26 12 9 8 23.9 2.1-99-99
co11:44:38b1: Running b1 from b005012 line  0
co11:44:38ss: Running ss from b005012 line  0
hk11:44:42 13 9 8 21 1.85-99-99
hk11:49:55 13 9 8 19.7 1.73-99-99
co11:50:05hgfw2: HG FW#2 at step  0
hk11:50:12 13 9 8 20.3 1.79-99-99
hgscan 0narrow 302warm= 5.411:50:13JAN 12/19 50 64 64 103 596 1517 2658 3807 4787 5206 5424 5007 3924 2839 1675 843 589 352 272 232 237 257 363 552 835 1664 2916 4166 5177 5653 5401 4992 3995 2734 1600 611 96 72 69 59
hg11:51:16 .9979 158.739 159 11077 13 0
co11:51:17td: Running td from b005012 line  0
co11:51:18td: Time correction  .2 seconds
hk11:51:32 13 9 8 19.7 1.73-99-99
dsa64 711.910620 443 7 38263 159947 484262 815202 814549rat 11876.93 6230.813 1865.484-437.5
dsa64 712.560620 430 8 38163 158769 481221 810695 811412rat 11861.74 6237.172 1867.977-430.5
dsa64 713.20620 429 8 37629 157227 476954 803484 803749rat 11880.55 6238.289 1866.633-433.6875
dsa64 713.840620 429 15 37200 156025 472904 797967 798366rat 11898.52 6240.016 1872.969-433.461
dsa64 714.480620 406 3 37106 155267 472452 798075 798891rat 11906.22 6260.039 1877-431.8438
summary11:53:11JAN 12/19 64.763 2.312 13ds 1 11885 6241 1870-433 13272 6043 1.3 390.5 18 11 5 3 20 8 .3 .7
co11:54:49uz: Running uz from b005012 line  64.74
hk11:54:51 13 9 8 19.7 1.73-99-99
hk12:04:09 13 9 8 19 1.68-99-99
co12:04:31hgfw2: HG FW#2 at step  0
hk12:09:15 12 9 8 18.4 1.62-99-99
hgscan 0narrow 302warm= 4.912:09:15JAN 12/19 56 57 65 99 624 1488 2595 3715 4764 5096 5367 4988 3903 2848 1629 883 574 347 267 220 228 240 402 563 836 1655 2918 4218 5252 5571 5344 4981 3958 2642 1563 596 118 69 62 59
hg12:10:19 .998 158.9682 159 10938 12 0
co12:10:20td: Running td from b005012 line  64.74
co12:10:20td: Time correction  .2 seconds
hk12:10:35 13 10 8 19 1.79-99-99
dsa64 730.960620 288 5 27384 122485 385627 673119 681434rat 12400.44 6494.157 1993.281-400.8438
dsa64 731.60620 283 11 26804 121636 382832 667703 676713rat 12455.98 6487.196 1988.672-396.5625
dsa64 732.250620 294 12 26579 120231 379456 663110 671625rat 12458.91 6505.235 1996.024-400.3203
dsa64 732.890620 284 6 25978 118259 374160 654707 664159rat 12497.56 6518.547 2000.242-394.2422
dsa64 733.530620 277 11 25758 117485 371081 651558 661228rat 12510.72 6523.938 2014.25-393.3594
summary12:12:14JAN 12/19 66.116 2.43 13ds 1 12465 6506 1998-397 13735 6182 1.3 388.6 43 16 10 3 34 9 .5 1
co12:13:51td: Running td from b005012 line  64.74
co12:13:52td: Time correction  0 seconds
co12:13:52ke: Running ke from b005012 line  64.74
hk12:13:55 13 10 8 19 1.79-99-99
hk12:14:28 13 9 8 18.4 1.62-99-99
um120119Thessaloniki 40.634-22.956 2.64pr10000 7351640 19 9300 33653 95290 151575 145105rat 12113.27 6527.996 2011.606-209.3125
hk12:17:07 13 9 8 18.4 1.62-99-99
um120119Thessaloniki 40.634-22.956 2.66pr10000 736.311640 21 123599 146896 117836 109460 62058rat-555.4883-1298.922-329.4688-2488.004
um120119Thessaloniki 40.634-22.956 2.66pr10000 737.661640 18 9001 33196 93506 148884 142912rat 12177.04 6509.34 2015.813-197.6133
hk12:19:46 12 9 8 19 1.68-99-99
um120119Thessaloniki 40.634-22.956 2.6pr10000 738.971640 16 121413 144913 116594 108365 61171rat-519.4922-1282.024-326.4258-2505.219
um120119Thessaloniki 40.634-22.956 2.6pr10000 740.311640 20 8668 32266 91257 146839 140752rat 12283.91 6574.289 2062.215-202.2188
hk12:22:25 12 9 8 19 1.68-99-99
um120119Thessaloniki 40.634-22.956 2.58pr10000 741.621640 17 118981 142563 114764 106914 60608rat-490.0938-1269.508-316.2461-2486.793
um120119Thessaloniki 40.634-22.956 2.58pr10000 742.961640 24 8468 31760 89601 144978 138862rat 12331.95 6587.91 2086.418-205.543
hk12:25:04 12 9 8 18.4 1.62-99-99
um120119Thessaloniki 40.634-22.956 2.58pr10000 744.271640 11 117741 141154 114481 106623 60472rat-456.336-1238.07-317.3438-2484.516
um120119Thessaloniki 40.634-22.956 2.58pr10000 745.611640 11 8201 30883 88420 143795 138571rat 12429.33 6672.567 2108.219-178.9883
hk12:27:44 12 9 8 19 1.68-99-99
um120119Thessaloniki 40.634-22.956 2.58pr10000 746.921640 20 116018 139411 113114 105241 59899rat-448.9805-1240.832-321.8594-2469.438
um120119Thessaloniki 40.634-22.956 2.58pr10000 748.271640 12 7945 30129 85984 140665 135501rat 12471.97 6684.309 2133.949-180.7031
hk12:30:23 12 9 8 19 1.68-99-99
um120119Thessaloniki 40.634-22.956 2.58pr10000 749.581640 13 114333 138076 112503 105506 59775rat-374.3438-1187.934-287.3281-2489.16
hk12:33:29 12 9 8 19 1.68-99-99
dsa64 753.870620 168 11 15940 80934 271031 501291 518234rat 13320.38 6915.563 2198.531-343.1172
dsa64 754.510620 157 6 15722 80187 268959 497733 515095rat 13342.95 6921.485 2199.344-339.75
dsa64 755.150620 161 4 15472 79291 265829 492650 508872rat 13362.25 6922.235 2203.969-349.3672
dsa64 755.790620 162 6 15257 78460 263800 489752 506493rat 13393.09 6939.391 2210.203-345.2813
dsa64 756.430620 152 5 14903 76940 259328 483329 499629rat 13432.07 6963.465 2225.5-348.5
summary12:35:08JAN 12/19 68.086 2.628 12ds 1 13370 6932 2208-345 14475 6416 .7 386 44 19 11 4 53 18 .2 .8
co12:36:45td: Running td from b005012 line  64.74
co12:36:46td: Time correction  .2 seconds
co12:36:46ke: Running ke from b005012 line  64.74
hk12:36:49 13 9 8 19 1.68-99-99
hk12:37:22 13 9 8 18.4 1.62-99-99
um120119Thessaloniki 40.634-22.956 2.64pr10000 757.911640 15 6923 27019 79396 131731 127727rat 12785.08 6871.192 2194.414-153.7266
hk12:40:01 12 9 8 18.4 1.62-99-99
um120119Thessaloniki 40.634-22.956 2.6pr10000 759.221640 10 106283 129145 106096 99846 56707rat-296.543-1136.727-272.0781-2478.258
um120119Thessaloniki 40.634-22.956 2.6pr10000 760.561640 19 6639 26216 77264 129193 124937rat 12887.29 6919.621 2228.879-163.6836
hk12:42:40 12 9 8 19 1.68-99-99
um120119Thessaloniki 40.634-22.956 2.62pr10000 761.871640 10 104103 126933 104690 98999 56170rat-243.4297-1098.586-251.0938-2482.574
um120119Thessaloniki 40.634-22.956 2.62pr10000 763.211640 15 6407 25218 75346 126731 122798rat 12955.91 7004.078 2254.367-155.1016
hk12:45:20 12 9 8 19 1.68-99-99
um120119Thessaloniki 40.634-22.956 2.62pr10000 764.521640 20 101881 124834 103116 97279 55536rat-225.832-1102.371-261.4649-2456.008
um120119Thessaloniki 40.634-22.956 2.62pr10000 765.871640 16 6059 24494 73018 123934 120836rat 13102.6 7033.719 2293.754-128.0664
hk12:47:59 11 9 8 19 1.68-99-99
um120119Thessaloniki 40.634-22.956 2.56pr10000 767.181640 16 99210 121841 101392 95819 54788rat-173.9609-1061.066-253.2188-2447.555
um120119Thessaloniki 40.634-22.956 2.56pr10000 768.521640 13 5865 23595 70999 121460 118527rat 13156.5 7109.496 2328.527-122.7774
hk12:50:38 12 9 8 18.4 1.62-99-99
um120119Thessaloniki 40.634-22.956 2.6pr10000 769.831640 11 97251 119919 99804 94589 54086rat-145.457-1049.449-241.3906-2448.742
co12:50:39uz: Running uz from b005012 line  69.58
hk12:50:42 12 9 8 19 1.68-99-99
hk13:01:39 13 9 8 19 1.68-99-99
co13:02:01hgfw2: HG FW#2 at step  0
hk13:06:45 13 9 8 19 1.68-99-99
hgscan 0narrow 302warm= 4.913:06:45JAN 12/19 58 57 57 101 554 1322 2281 3421 4224 4678 4862 4559 3577 2611 1569 781 510 328 259 209 208 242 319 531 740 1598 2699 3736 4766 5160 4940 4621 3649 2476 1428 579 85 59 56 57
hg13:07:49 .9978 158.9713 159 10022 13 0
co13:07:50td: Running td from b005012 line  69.58
co13:07:50td: Time correction  .2 seconds
hk13:08:04 13 9 8 19 1.68-99-99
dsa0 788.530620 155 4 13540 92739 356986 755825 816737rat 15532.84 7948.844 2718.485-232.7031
dsa0 789.180620 153 4 13129 90626 349943 742281 803553rat 15578.52 7963.93 2723.227-226.9375
dsa0 789.820620 144 8 12672 88071 341717 728320 789494rat 15640.93 7998.965 2740.766-223.461
dsa0 790.460620 131 6 12243 85518 334223 714901 775844rat 15699.47 8039.485 2753.117-220.6172
dsa0 791.10620 126 6 11771 83533 328336 705526 766685rat 15803.93 8078.278 2770.164-216.9688
summary13:09:49JAN 12/19 71.712 3.098 13ds 0 15651 8006 2741-224 16368 7016-.6 385.6 106 54 21 6 88 33 .3 1.2
co13:11:26td: Running td from b005012 line  69.58
co13:11:26td: Time correction  .1 seconds
co13:11:26ke: Running ke from b005012 line  69.58
hk13:11:29 13 9 8 19 1.68-99-99
hk13:12:02 12 9 8 18.4 1.62-99-99
um120119Thessaloniki 40.634-22.956 2.62pr10000 792.571640 17 3728 16259 52161 95474 95709rat 14085.06 7680.348 2621.238-7.179688
hk13:14:41 12 9 8 18.4 1.62-99-99
um120119Thessaloniki 40.634-22.956 2.6pr10000 793.881640 14 76140 96219 84524 81612 46984rat 277.1406-733.2774-160.418-2418.965
um120119Thessaloniki 40.634-22.956 2.6pr10000 795.221640 17 3553 15609 50006 92745 92969rat 14168.69 7731.61 2678.527-7.390625
hk13:17:20 11 9 8 18.4 1.62-99-99
um120119Thessaloniki 40.634-22.956 2.56pr10000 796.531640 14 73722 93504 82036 79883 45981rat 326.418-700.4727-122.9375-2418.152
um120119Thessaloniki 40.634-22.956 2.56pr10000 797.871640 11 3357 14839 47941 89715 90091rat 14266.42 7807.063 2717.797 1.804688
hk13:19:59 12 9 8 19 1.68-99-99
um120119Thessaloniki 40.634-22.956 2.58pr10000 799.181640 17 71201 90864 80635 78313 45225rat 389.3633-663.6563-135.0078-2405.512
um120119Thessaloniki 40.634-22.956 2.58pr10000 800.521640 16 3124 14085 45931 86884 87414rat 14445.11 7894.176 2764.09 8.570312
hk13:22:38 12 9 8 18.4 1.62-99-99
um120119Thessaloniki 40.634-22.956 2.58pr10000 801.831640 14 68716 87912 78467 76536 44229rat 444.0157-619.7891-116.293-2402.375
um120119Thessaloniki 40.634-22.956 2.58pr10000 803.171640 14 2948 13310 44241 84025 84740rat 14549.88 7994.203 2781.434 18.97266
hk13:25:17 11 8 8 19 1.57-99-99
um120119Thessaloniki 40.634-22.956 2.54pr10000 804.481640 16 66398 85200 76733 74543 43544rat 480.5547-596.836-133.2031-2354.07
um120119Thessaloniki 40.634-22.956 2.54pr10000 805.821640 16 2774 12699 42119 80779 82200rat 14649.14 8029.188 2824.52 59.45703
hk13:27:56 11 8 8 19 1.57-99-99
um120119Thessaloniki 40.634-22.956 2.52pr10000 807.131640 10 64315 82528 74713 73282 42466rat 544.9141-532.4024-91.37109-2388.598
hk13:31:02 12 8 8 18.4 1.52-99-99
dsa0 811.410620 54 6 3615 32241 144434 357292 407228rat 17625.62 9026.484 3267.766-95.19531
dsa0 812.050620 56 6 3461 30996 140608 348306 398386rat 17690.9 9078.281 3269.406-83.26563
dsa0 812.690620 63 10 3282 29596 134555 335287 384436rat 17748.3 9105.305 3290.735-75.95313
dsa0 813.330620 57 2 3158 28521 130380 326672 374887rat 17778.69 9143.274 3310.211-75.67969
dsa0 813.970620 48 8 2996 27316 124601 314552 361538rat 17838.02 9158.324 3338.524-72.5
summary13:32:41JAN 12/19 74.475 3.591 12ds 0 17736 9102 3295-81 17994 7592-3.4 380.7 82 53 30 9 54 25 .4 1.1
co13:34:18uz: Running uz from b005012 line  74.48001
hk13:34:21 13 9 8 18.4 1.62-99-99
hk13:44:12 12 9 8 18.4 1.62-99-99
co13:44:34hgfw2: HG FW#2 at step  0
hk13:49:17 12 8 7 18.4 1.52-99-99
hgscan 0narrow 302warm= 4.913:49:17JAN 12/19 60 54 57 89 489 1281 2278 3406 4217 4566 4791 4450 3559 2477 1492 750 466 316 251 204 210 219 315 499 731 1506 2593 3693 4658 4984 4775 4474 3563 2419 1384 512 92 69 56 57
hg13:50:21 .9982 158.8769 159 9775 12 0
co13:50:22td: Running td from b005012 line  74.48001
co13:50:22td: Time correction -1.1 seconds
hk13:50:35 11 8 7 18.4 1.52-99-99
dsa0 830.970620 7 9 195 2186 11938 35825 43582rat 20030.48 10429.79 3953.133 61.40625
dsa0 831.610620 8 4 203 2294 12538 38315 46687rat 20011.94 10491.78 4025.777 63.46094
dsa0 832.250620 11 8 202 2208 12010 36868 45203rat 19935.95 10486.57 4040.871 85.30859
dsa0 832.90620 13 5 164 1761 9703 29893 36554rat 19870.45 10542.97 4050.086 68.51563
dsa0 833.540620 11 7 160 1766 9720 30113 37189rat 20049.85 10555.31 4069.332 106.2617
summary13:52:15JAN 12/19 77.042 4.214 11ds 0 19980 10501 4028 77 19733 8356-9.899999 378.8 75 50 45 19 84 31 1.1 4
co13:53:52td: Running td from b005012 line  74.48001
co13:53:52td: Time correction -.1 seconds
co13:53:52ke: Running ke from b005012 line  74.48001
hk13:53:55 12 8 7 19 1.57-99-99
hk13:54:28 11 8 7 19 1.57-99-99
um120119Thessaloniki 40.634-22.956 2.56pr10000 835.011640 9 1387 6002 21767 48734 51888rat 15465.78 9088.535 3496.012 256.2305
hk13:57:07 11 8 7 18.4 1.52-99-99
um120119Thessaloniki 40.634-22.956 2.54pr10000 836.321640 5 37403 51419 52524 54279 32487rat 1595.992 219.6875 135.6211-2247.453
um120119Thessaloniki 40.634-22.956 2.54pr10000 837.661640 18 1386 5438 19991 45420 49032rat 15190.4 9218.012 3560.891 316.3164
hk13:59:46 11 8 7 18.4 1.52-99-99
um120119Thessaloniki 40.634-22.956 2.5pr10000 838.971640 14 34894 48485 49941 51993 31010rat 1711.09 288.086 167.8086-2263.129
um120119Thessaloniki 40.634-22.956 2.5pr10000 840.311640 13 1244 4978 18738 42717 46019rat 15382.43 9332.59 3574.938 307.3086
hk14:02:26 10 8 7 19 1.57-99-99
um120119Thessaloniki 40.634-22.956 2.49pr10000 841.621640 14 32734 45299 47291 49216 29380rat 1752.285 346.3672 166.8672-2257.707
um120119Thessaloniki 40.634-22.956 2.49pr10000 842.971640 14 1145 4516 17035 39964 43345rat 15462.73 9469.461 3700.367 338.1641
hk14:05:05 10 8 7 19 1.57-99-99
um120119Thessaloniki 40.634-22.956 2.49pr10000 844.281640 12 30167 42472 45197 47178 28397rat 1923.32 442.625 179.8906-2221.649
um120119Thessaloniki 40.634-22.956 2.49pr10000 845.631640 11 857 3915 14826 35750 39217rat 16239.63 9604.418 3819.317 387.4531
hk14:07:44 11 8 7 19 1.57-99-99
um120119Thessaloniki 40.634-22.956 2.5pr10000 846.941640 9 26676 37829 41175 43886 26620rat 2141.207 629.9727 269.918-2189.391
um120119Thessaloniki 40.634-22.956 2.5pr10000 848.281640 10 808 3571 13221 32307 35657rat 16051.2 9562.348 3876.379 412.461
hk14:10:24 11 7 7 19 1.47-99-99
um120119Thessaloniki 40.634-22.956 2.5pr10000 849.591640 12 24530 35247 38650 41314 25172rat 2243.414 674.7891 282.5078-2170.164
co14:10:25uz: Running uz from b005012 line  79.43
hk14:10:27 10 7 7 19 1.47-99-99
hk14:20:50 10 7 6 19 1.47-99-99
co14:21:12hgfw2: HG FW#2 at step  0
hk14:25:56 10 7 6 19 1.47-99-99
hgscan 0narrow 302warm= 4.914:25:56JAN 12/19 50 59 54 83 529 1226 2086 3098 3839 4153 4300 3952 3179 2286 1396 683 434 297 204 180 191 214 268 427 662 1375 2354 3264 4164 4535 4388 4041 3208 2273 1287 548 86 56 55 54
hg14:27:00 .9975 158.6014 159 8835 10 0
co14:27:01td: Running td from b005012 line  79.43
co14:27:01td: Time correction -.7 seconds
hk14:27:13 10 7 6 19 1.47-99-99
co14:27:17ds: DS intensity too low ( 8/cy), skipping.
co14:27:30zs: ZS intensity too low ( 287/cy), skipping.
co14:27:30td: Running td from b005012 line  79.43
co14:27:31td: Time correction  .1 seconds
co14:27:31ke: Running ke from b005012 line  79.43
hk14:27:34 10 7 6 19.7 1.52-99-99
hk14:28:00 10 7 6 19 1.47-99-99
um120119Thessaloniki 40.634-22.956 2.45pr10000 868.541640 16 318 1254 4607 12328 14394rat 16083.48 9962.674 4278.168 658.9493
hk14:30:39 10 7 6 19.7 1.52-99-99
um120119Thessaloniki 40.634-22.956 2.45pr10000 869.851640 9 9214 14061 17429 20239 12682rat 3399.91 1568.813 643.0743-2046.606
um120119Thessaloniki 40.634-22.956 2.45pr10000 871.21640 10 328 1465 4609 12542 14464rat 15936.21 9338.172 4347.543 604.9141
hk14:33:19 9 7 6 19 1.47-99-99
um120119Thessaloniki 40.634-22.956 2.41pr10000 872.511640 10 9486 14513 18418 21286 13332rat 3494.953 1652.027 623.0977-2047.188
um120119Thessaloniki 40.634-22.956 2.41pr10000 873.851640 6 338 1518 4532 11893 13978rat 15521.64 8943.174 4188.172 688.6016
hk14:35:58 10 7 6 19.7 1.52-99-99
um120119Thessaloniki 40.634-22.956 2.45pr10000 875.161640 17 8763 13431 17264 20008 12707rat 3570.461 1719.039 634.8086-1989.156
um120119Thessaloniki 40.634-22.956 2.45pr10000 876.511640 13 309 1205 4114 10652 12518rat 15536.24 9492.727 4133.986 687.0586
hk14:38:37 10 7 6 19 1.47-99-99
um120119Thessaloniki 40.634-22.956 2.45pr10000 877.811640 15 7850 12161 15968 18685 11854rat 3751.235 1853.375 676.6133-1993.688
um120119Thessaloniki 40.634-22.956 2.45pr10000 879.161640 8 275 1064 3504 9282 11075rat 15387.61 9422.424 4230.776 752.8555
hk14:41:16 9 7 6 19 1.47-99-99
um120119Thessaloniki 40.634-22.956 2.43pr10000 880.471640 9 6849 10498 14084 16736 10692rat 3865.793 2014.508 743.9493-1961.094
um120119Thessaloniki 40.634-22.956 2.43pr10000 881.811640 7 268 942 3237 8369 10110rat 15038.74 9502.74 4125.504 808.1172
hk14:43:55 9 6 6 19.7 1.43-99-99
um120119Thessaloniki 40.634-22.956 2.39pr10000 883.121640 11 6396 9869 13297 15958 10201rat 3957.332 2076.566 787.1016-1958.871
co14:43:56uf: Running uf from b005012 line  84.38
hk14:43:59 9 7 6 19.7 1.52-99-99
hk14:52:37 9 6 5 19.7 1.43-99-99
co14:52:59hgfw2: HG FW#2 at step  0
hk14:57:43 8 6 5 19.7 1.43-99-99
hgscan 0narrow 302warm= 4.914:57:43JAN 12/19 42 51 47 84 462 1155 2007 2920 3567 3866 4000 3765 2957 2031 1236 605 408 270 207 171 166 195 255 412 607 1250 2177 3083 3938 4175 4090 3789 3101 2101 1240 480 88 54 48 49
hg14:58:46 .9975 158.4011 158 8175 8-1
co14:58:47td: Running td from b005012 line  84.38
co14:58:47td: Time correction -.7 seconds
co14:58:47ke: Running ke from b005012 line  84.38
hk14:58:50 9 6 5 19.7 1.43-99-99
hk14:59:31 9 6 5 19.7 1.43-99-99
um120119Thessaloniki 40.634-22.956 2.39pr10000 900.051640 10 181 568 1800 4077 4797rat 13744.52 8613.869 3558.434 694.5352
hk15:02:10 8 6 5 19.7 1.43-99-99
um120119Thessaloniki 40.634-22.956 2.35pr10000 901.361640 15 2967 4431 6383 8214 5439rat 4420.342 2676.235 1092.43-1806.535
um120119Thessaloniki 40.634-22.956 2.35pr10000 902.71640 10 162 504 1544 3408 4029rat 13477.55 8363.813 3448.832 717.0743
hk15:04:49 8 6 5 19 1.38-99-99
um120119Thessaloniki 40.634-22.956 2.33pr10000 904.011640 9 2403 3637 5148 6817 4564rat 4522.793 2722.391 1216.25-1757.395
um120119Thessaloniki 40.634-22.956 2.33pr10000 905.351640 12 129 399 1343 2803 3208rat 13759.45 8569.302 3210.643 576.5781
hk15:07:28 8 6 5 19.7 1.43-99-99
um120119Thessaloniki 40.634-22.956 2.37pr10000 906.661640 11 2036 3130 4428 5867 3952rat 4595.557 2724.692 1219.559-1732.002
um120119Thessaloniki 40.634-22.956 2.37pr10000 9081640 9 133 393 1350 2636 2870rat 13244.08 8340.09 2915.125 358.6738
hk15:10:07 8 6 5 19 1.38-99-99
um120119Thessaloniki 40.634-22.956 2.35pr10000 909.311640 10 1947 2932 4101 5452 3702rat 4470.061 2689.606 1234.109-1697.018
um120119Thessaloniki 40.634-22.956 2.35pr10000 910.651640 5 129 354 1151 2334 2662rat 12721.15 8232.221 3074.654 560.3223
hk15:12:46 8 6 5 19.7 1.43-99-99
um120119Thessaloniki 40.634-22.956 2.33pr10000 911.961640 9 1666 2475 3265 4364 3015rat 4180.367 2458.723 1257.836-1622.004
um120119Thessaloniki 40.634-22.956 2.33pr10000 913.31640 4 116 296 889 1834 2095rat 12115.97 7959.43 3149.863 567.1309
hk15:15:25 8 6 5 19 1.38-99-99
um120119Thessaloniki 40.634-22.956 2.37pr10000 914.611640 8 1452 1897 2675 3508 2501rat 3828.678 2667.119 1175.229-1485.451
co15:18:02td: Running td from b005012 line  84.38
co15:18:02td: Time correction -.4 seconds
co15:18:02ke: Running ke from b005012 line  84.38
hk15:18:05 8 6 5 19.7 1.43-99-99
hk15:18:14 8 6 5 19 1.38-99-99
um120119Thessaloniki 40.634-22.956 2.35pr10000 918.771640 10 84 244 663 1444 1490rat 12856.79 7862.057 3411.135 125.209
hk15:20:53 7 5 5 19 1.29-99-99
um120119Thessaloniki 40.634-22.956 2.31pr10000 920.081640 7 956 1418 1765 2408 1623rat 4016.943 2298.785 1349.16-1729.996
um120119Thessaloniki 40.634-22.956 2.31pr10000 921.421640 5 65 206 553 1173 1352rat 12878.57 7632.598 3282.047 608.8301
hk15:23:32 8 5 4 19 1.29-99-99
um120119Thessaloniki 40.634-22.956 2.35pr10000 922.731640 8 782 1130 1497 1826 1346rat 3692.127 2084.703 861.7344-1343.334
um120119Thessaloniki 40.634-22.956 2.35pr10000 924.071640 11 64 171 436 873 971rat 12095.89 7302.565 3065.936 455.7246
hk15:26:11 8 5 4 19.7 1.34-99-99
um120119Thessaloniki 40.634-22.956 2.35pr10000 925.381640 5 625 831 1087 1449 1003rat 3655.334 2414.555 1248.145-1616.316
um120119Thessaloniki 40.634-22.956 2.35pr10000 926.731640 5 60 137 358 685 745rat 10905.03 7108.03 2842.088 355.3106
hk15:28:50 8 5 4 19.7 1.34-99-99
um120119Thessaloniki 40.634-22.956 2.33pr10000 928.041640 6 485 658 808 1076 731rat 3474.045 2140.035 1246.836-1702.402
um120119Thessaloniki 40.634-22.956 2.33pr10000 929.381640 5 49 119 307 492 577rat 10424.31 6294.908 2069.951 686.7578
hk15:31:29 8 5 4 19.7 1.34-99-99
um120119Thessaloniki 40.634-22.956 2.33pr10000 930.691640 6 360 467 588 736 520rat 3126.74 1984.881 978.7285-1535.533
um120119Thessaloniki 40.634-22.956 2.33pr10000 932.031640 9 31 80 208 384 411rat 12299.63 7216.39 2746.514 290.0313
hk15:34:08 7 5 4 20.3 1.38-99-99
um120119Thessaloniki 40.634-22.956 2.29pr10000 933.341640 7 259 339 425 533 376rat 3181.451 1988.553 993.4844-1550.033
co15:36:46td: Running td from b005012 line  84.38
co15:36:48td: Time correction  2.1 seconds
co15:36:48ke: Running ke from b005012 line  84.38
hk15:36:51 7 5 4 19.7 1.34-99-99
hk15:37:00 7 5 4 19.7 1.34-99-99
um120119Thessaloniki 40.634-22.956 2.29pr10000 937.541640 10 25 44 120 188 205rat 10728.88 7179.479 2085.656 385.7207
hk15:39:39 7 5 4 19.7 1.34-99-99
um120119Thessaloniki 40.634-22.956 2.31pr10000 938.851640 5 116 169 196 238 178rat 3205.92 1515.19 858.6133-1303.537
um120119Thessaloniki 40.634-22.956 2.31pr10000 940.191640 8 15 29 69 138 130rat 12674.04 7907.309 3281.52-286.2656
hk15:42:18 7 5 4 19 1.29-99-99
um120119Thessaloniki 40.634-22.956 2.29pr10000 941.51640 9 88 115 134 150 110rat 2501.506 1229.195 518.4747-1459.41
um120119Thessaloniki 40.634-22.956 2.29pr10000 942.841640 5 15 24 49 80 86rat 8736.198 5953.141 2311.469 323.8067
hk15:44:58 7 5 4 19 1.29-99-99
um120119Thessaloniki 40.634-22.956 2.29pr10000 944.151640 9 45 67 75 104 73rat 4199.794 2133.019 1577.179-1725.868
um120119Thessaloniki 40.634-22.956 2.29pr10000 945.51640 5 11 15 30 50 49rat 8736.196 6522.187 2548.107-108.0293
hk15:47:37 7 5 4 19.7 1.34-99-99
um120119Thessaloniki 40.634-22.956 2.27pr10000 946.811640 4 42 36 47 64 52rat 1969.258 2720.075 1442.209-979.5293
um120119Thessaloniki 40.634-22.956 2.27pr10000 948.151640 7 7 9 23 23 41rat 5410.547 5415.027-4.620117 3263.161
hk15:50:16 7 5 4 19.7 1.34-99-99
um120119Thessaloniki 40.634-22.956 2.29pr10000 949.461640 7 21 30 29 36 25rat 3148.282 996.7646 1195.135-2081.688
um120119Thessaloniki 40.634-22.956 2.29pr10000 950.81640 10 9 10 7 20 26rat 3369.347 3373.827 3379.147 2030.77
hk15:52:55 6 5 4 19.7 1.34-99-99
um120119Thessaloniki 40.634-22.956 2.23pr10000 952.111640 11 14 17 15 20 20rat 2913.831 1752.393 2922.231-8.94043
co16:14:54ze: Running ze from b005012 line  100
co16:15:37ze: Zenith discrepancy = -1
ap16:15:38 6.25 3.44 3.13 1621.5 14.87 5-14.95 23.87 0 20.37 0 0 5.15-8.26 .07 0 5.94 3.44 2.81 1610.56 14.78 4.98-14.95 24.1 0 20.37 0 0 5.15-8.26 1.6 12.37
hk16:15:57 7 4 4 19 1.21-99-99
rso3JAN 12/1916:24:26 7 183069 6 1194681 1292980 1361479 1204551 940874 2432497 182774 5 1195265 1292671 1361629 1203960 941631 2432012 1.0016 1.2 .9995 1.0002 .9999 1.0005 .9992 1.0002 .0036-.0308-.0532-.1073 .3469 .1782-.0753 .0031-.0309-.0534-.1067 .3447 .1773-.0749
hk16:24:29 7 4 4 19.7 1.25-99-99
hk16:35:14 7 5 4 18.4 1.25-99-99
sla 0 995.550620 122194 2 797078 862660 909136 804409 628733rat 26.46485-322.4375-552.1211-1107.09
sla 0 996.180620 122048 3 797559 863060 910292 804580 628158rat 24.71094-323.5664-556.8672-1112.098
sla 0 996.810620 121982 1 798097 864448 909423 804878 628848rat 23.35547-329.1094-550.9336-1108.875
sla 0 997.440620 122284 2 797370 863519 910596 804614 628325rat 25.96094-325.7617-558.1836-1111.102
sla 0 998.070620 121981 8 798509 863497 910334 805767 629992rat 25.97266-319.2578-550.504-1105.742
sla 0 998.70620 122194 3 798372 864853 909617 805175 629388rat 23.45313-329.5586-550.25-1106.715
sla 0 999.330620 122096 5 798261 864920 910962 804632 629274rat 21.07422-332.918-559.8828-1104.508
summary16:37:26JAN 12/19 47.307 1.469 7sl 0 24-326-554-1108 3570 1835 797892.3 628959.7 2 5 4 3 10 8 547.4 670.4
hk16:39:42 7 5 4 19 1.29-99-99
co16:39:44hgfw2: HG FW#2 at step  0
hk16:44:48 7 5 4 18.4 1.25-99-99
hgscan 0narrow 302warm= 4.916:44:48JAN 12/19 82 86 88 142 895 2141 3820 5813 7335 8059 8383 8135 6538 4754 2888 1496 982 668 443 382 392 438 673 971 1413 2934 4715 6478 7973 8341 7899 7176 5527 3713 2120 795 118 91 86 73
hg16:45:52 .9968 160.2788 160 16724 7 1
co16:45:53b2: Running b2 from b005012 line  100
co16:45:53w1: Running w1 from b005012 line  100
co16:50:54ci: Running ci from b005012 line  100
hk16:51:06 7 5 4 19 1.29-99-99
co16:55:50b0: Running b0 from b005012 line  100
ed
co22:36:34ed: Starting EndOfDay
co22:36:34sum: Running sum from b005012 line -200
co22:36:35ozsum: Running ozsum from b005012 line -200
co22:36:36slsum: Running slsum from b005012 line -200
co22:36:37hgsum: Running hgsum from b005012 line -200