version=2
dh090917Thessaloniki 40.634 -22.956  3.68pr1000
co22:25:23dh: day header
co22:25:23main: version 4.1007/04/2015 15:00:00
co22:25:23skc: b00535
co22:25:23autohg:  1 
co22:25:23hifw2:  0 
co22:25:23attn:  25000  80000 
co22:25:23lowds:  1 
co22:25:23cubdsp:  0 

inst0-0.64-1.40-2.06-3.550.33365942.441.106517303032003.8E-0815970163705000100001500020000250002816mkii2000000025020000000000426975.30256001302112July 12/04EXTRAS1002500080000110006-28-2017@
disp2747.240.0734743-4.9324e-072787.890.072944-5.26743e-072826.010.0722188-5.4304e-072862.40.0713929-5.33509e-0728980.070614-5.33912e-072702.570.074581-5.1358e-074120.860.110211-7.39861e-074181.830.109416-7.90115e-074239.010.108328-8.1456e-074293.610.107089-8.00263e-0743470.105921-8.00869e-074053.850.111871-7.7037e-07SatJun 24/1742691591635@
zeni-0.006400-0.0196800.0165400.1707700.280530-0.061260-0.4913600.456260-0.045060February 10 1997@
op_st005c:\bdata.005\icf17917zsfvaldcf15317uvres090917Thessaloniki40.634-22.95610003.431485-214650111110110020001skco3b00535@
uvrtemp 30.982900          2194.1692905          2235.4372910          2281.5592915          2322.552920          2361.3292925          2396.9982930          2434.32935          2469.7062940          2501.1912945          2531.6072950          2564.6492955          2593.5022960          2623.1312965          2648.5232970          2674.6412975          2698.4312980          2718.2222985          2733.7082990          27502995          2762.9213000          2770.343005          2778.8943010          2789.9983015          2796.7753020          2793.0733025          2793.9153030          2797.8543035          2798.6313040          2792.6053045          2785.1383050          2774.0763055          2765.8783060          2752.2553065          2735.2663070          2719.023075          2704.8383080          2686.493085          2663.0423090          2638.483095          2608.4173100          2573.1073105          2536.773110          2493.2423115          2448.3263120          2403.9843125          2354.1593130          2305.0533135          2254.0653140          2198.6633145          2142.1073150          2080.9933155          2021.1963160          1957.3573165          1889.1263170          1819.1123175          1746.5143180          1676.7663185          1606.1693190          1529.323195          1455.9753200          1381.943205          1307.8423210          1231.4033215          1157.0373220          1080.6063225          1009.0653230          937.16533235          868.12083240          800.13123245          735.21173250          675.0983255          616.97383260          561.39343265          508.8763270          459.93513275          414.6623280          371.50473285          330.92783290          291.8653295          255.70163300          222.1145@
schedule-110.00pdtdazzehgsl-90.87b0b1ufhgtdb2dssltddstdss-85.38uztdsshgtddszs-80.40b1uzhgb2tddssltddszstdds-75.45b0uzb1tdsshgtddszstdds-70.41b0uab1tdsshgtdsstd-65.36b1uztddsds-64.37b0b2ufslb1tddshg-60.39b0uab1tdsstddsdstddstddsds-55.47b0b1uzhgtddstdb2sssltdds-50.46b0uztddsb1tddssstdb2zssltdds-45.46b0uztddsb1sshgtddstdzs-40.45b0uatddsb1tddsssb2tddssltdzsds-35.41b0uztddsb1tdsshgb2tddssltdds-30.34b0uztddsdsb1tddsssntb2tddssltdzsw0uf-25.27b0uztddsb1tdsshgb2tddssltddszsuftdds-20.21b0uztddsb1tddsssb2tddssltddszsuftddsds0.00b0ufuab1tdsshgtduftdds19.82b0uzb1tddssstddsuftddsds22.69b0uztddsb1tdsshgtddsb2tddssl24.68b0uztddsb1tddssstddszsds27.65b0uztddstd29.63b0uztddsb1tdsshg32.57b0uztdb1dstddsds34.69b0uztddsb1tddshgtd37.61b0uztddstd39.63b0uzb1tdntsshgtdb2dssltdzs44.63b0uzb1tddsdstddstddsss49.56b0uzb1tddshgtdb2tddsslzsds54.65b0b1uztddsdskaum59.57b0uzb1tddshgtdds61.65b0kdumuz64.68b0b1uztdkdumds69.58b0b1uzhgtddskaum74.60b0b1uzhgtdkaum79.57b0b1uzdstdkaum84.58b0b1uzhgtdkaum89.63b0b1ufuihgtdb2tddsslkaum100.00azzeaphgrsdthgslb2w0cib0180.00b00535@
co22:25:23re: Running re from b00535 line -200
co22:26:07re: Zenith ZEROING FAILURE !!
co22:27:21re: Azimuth discrepancy = -29
hk22:27:32 25 20 22 25.8 4.45-99-99
co22:27:37hgfw2: HG FW#2 at step  0
hk22:29:38 24 20 21 25.8 4.45-99-99
hgscan 0narrow 302warm= 222:29:38SEP 09/17 74 73 82 110 597 1384 2197 3298 3890 4179 4318 3870 3100 2274 1338 604 492 296 252 190 231 262 330 473 657 1214 2096 3105 4086 4956 4953 4644 3694 2386 1249 381 86 85 86 78
hg22:30:42 .9977 157.2377 157 9274 24-2
hgscan 0narrow 302warm= 222:30:42SEP 09/17 82 84 83 89 300 1267 2500 3748 4964 5435 5597 5041 4014 2682 1403 776 578 432 289 255 235 289 403 537 714 1353 2610 3977 5200 5762 5651 5152 3596 2323 1104 272 87 83 94 84
hg22:31:46 .999 159.0398 159 11359 24 0
co22:31:48az: Running az from b00535 line -200
co22:32:01az: Azimuth discrepancy =  2
co22:32:09w1: Running w1 from b00535 line -200
co22:37:10fr: Running fr from b00535 line -200
hk22:37:12 25 21 22 25.8 4.72-99-99
co22:38:28fr: Micrometer #1 reference found at step 2343 (+CAL)= 2502 Now set to o3 offset = 2502
hk22:38:33 25 20 22 25.8 4.45-99-99
co22:38:35hgfw2: HG FW#2 at step  0
hk22:40:39 25 21 22 25.8 4.72-99-99
hgscan 0narrow 302warm= 222:40:39SEP 09/17 75 72 66 79 219 816 1566 2429 3353 3756 3949 3605 2848 1960 1011 517 423 273 207 189 164 190 252 360 495 790 1705 2660 3440 3972 3847 3419 2423 1489 597 134 74 69 67 77
hg22:41:43 .9976 159.5773 160 7921 25 1
ap22:41:45 24.37 20 20.94 1588.68 14.78 5-14.95 23.28 0 26.91 0 0 5.15-8.19 .06 0 24.37 19.69 20.94 1610.56 14.78 4.95-14.95 23.52 19.5 26.91 0 0 5.15-8.19 1.61 12.03
hk22:42:04 24 21 22 25.8 4.72-99-99
hk22:52:38 25 21 22 25.2 4.6-99-99
rso3SEP 09/1723:01:07 25 153118 147 1015921 1105680 1170111 1038837 815700 2092946 152705 147 1016301 1107612 1170212 1038802 815842 2093251 1.0027 1 .9996 .9983 .9999 1 .9998 .9999 .0097-.0271-.0517-.105 .3458 .1773-.0749 .0095-.0279-.0517-.1049 .3453 .1764-.0744
co02:18:19td: Running td from b00535 line -110
co02:18:18td: Time correction -2 seconds
co02:18:18az: Running az from b00535 line -110
co02:18:31az: Azimuth discrepancy =  1
co02:18:52ze: Running ze from b00535 line -110
co02:18:54ze: Zenith ZEROING FAILURE !!
co02:18:54ze: Turning AZ 30 degrees and repeating ZE.
co02:19:14ze: Zenith discrepancy = -1
hk02:19:16 23 19 19 25.2 4.09-99-99
co02:19:18hgfw2: HG FW#2 at step  0
hk02:21:22 23 19 19 25.8 4.2-99-99
hgscan 0narrow 302warm= 202:21:22SEP 10/17 60 63 69 74 299 917 1531 2607 3569 3959 4014 3473 2497 1774 941 577 384 269 232 177 176 197 260 420 576 1064 1890 2900 3959 4592 4595 4321 3428 2423 1280 402 83 83 69 73
hg02:22:26 .9974 157.3135 157 8606 23-2
hgscan 0narrow 302warm= 202:22:26SEP 10/17 73 72 77 90 146 794 1709 2922 4410 5022 5266 4982 3828 2741 1572 849 570 377 257 235 220 276 363 564 845 1377 2516 3923 5168 5641 5251 4555 3338 2245 1155 277 86 86 75 81
hg02:23:30 .9971 160.7053 161 10907 23 2
hgscan 0narrow 302warm= 202:23:30SEP 10/17 80 84 82 88 305 1342 2269 3633 4858 5332 5574 5091 3677 2331 1024 660 457 301 267 208 203 266 300 468 610 982 2254 3875 5210 5671 5309 4608 3110 1920 1013 188 82 81 77 82
hg02:24:34 .9946 159.0867 159 11245 23 0
hk02:29:37 22 19 19 25.8 4.2-99-99
sla 0 149.930620 100222 70 667185 725961 767174 681841 535417rat 51.26563-310.2266-539.5743-1104.77
sla 0 150.560620 100368 72 667484 726702 768255 682521 536289rat 53.70313-310.3438-541.4297-1102.004
sla 0 151.190620 100501 71 667741 727216 769226 683233 535257rat 56.63672-308.8438-542.418-1115.168
sla 0 151.820620 100477 71 668356 726735 768738 683411 536202rat 53.6875-304.7578-538.4415-1108.516
sla 0 152.460620 100615 66 668757 728439 769283 683139 536061rat 49.26563-316.9492-543.3672-1107.902
sla 0 153.090620 100418 58 668825 727599 769310 683656 537153rat 52.17188-308.4414-540.1485-1102.25
sla 0 153.720620 100464 63 669150 727798 769447 684170 537345rat 53.35547-306.3203-537.6016-1104.024
summary02:31:49SEP 10/17 35.03 1.219 22sl 0 53-309-540-1106 3593 1842 668214 536246.3 2 4 2 5 16 9 774.1 805.7
co04:03:49b0: Running b0 from b00535 line -90.87
co04:03:49b1: Running b1 from b00535 line -90.87
co04:03:49uf: Running uf from b00535 line -90.87
hk04:03:52 22 18 19 25.2 3.86-99-99
hk04:12:10 23 18 19 25.2 3.86-99-99
co04:12:32hgfw2: HG FW#2 at step  0
hk04:12:38 22 18 19 25.2 3.86-99-99
hgscan 0narrow 302warm= 250.533404:12:38SEP 10/17 76 85 80 89 203 1131 2024 3019 4078 4851 5218 5299 4167 2821 1439 853 545 337 254 199 221 261 321 489 755 1131 2446 3542 4686 5440 5218 4974 4155 2705 1713 645 89 81 78 75
hg04:13:42 .9988 159.1362 159 10658 22 0
co04:13:43td: Running td from b00535 line -90.87
co04:13:45td: Time correction  1.4 seconds
co04:13:45b2: Running b2 from b00535 line -90.87
hk04:13:58 23 19 19 25.8 4.2-99-99
co04:14:06ds: DS intensity too low ( 5/cy), skipping.
co04:14:20zs: ZS intensity too low ( 47/cy), skipping.
hk04:18:47 23 19 19 25.2 4.09-99-99
sla 0 259.090620 100692 52 668483 727634 769354 682318 535712rat 43.67578-318.7813-549.7735-1106.906
sla 0 259.720620 100768 62 669830 728242 769869 682456 535351rat 35.625-321.6094-551.8633-1110.797
sla 0 260.360620 100638 58 670119 728436 769354 682347 535105rat 33.00391-323.5-549.5899-1112.117
sla 0 260.990620 100665 51 669769 729020 769520 683742 535974rat 44.40235-317.9844-541.4649-1114.008
sla 0 261.620620 100888 66 670579 728205 769963 683370 536231rat 36.61328-315.4297-546.461-1109.492
sla 0 262.250620 100767 55 670645 729436 770140 683127 536659rat 34.59375-324.5313-549.0586-1104.367
sla 0 262.880620 100972 57 670061 729829 769756 683586 536569rat 41.44922-323.9453-543.8477-1108.094
summary04:20:59SEP 10/17 48.945 1.516 23sl 0 38-321-547-1109 3589 1839 669926.5 535943 5 4 4 3 12 7 706.6 591.2
co04:23:13td: Running td from b00535 line -90.87
co04:23:14td: Time correction  .4 seconds
hk04:23:27 22 19 20 25.2 4.09-99-99
co04:23:35ds: DS intensity too low ( 3/cy), skipping.
co04:23:49zs: ZS intensity too low ( 66/cy), skipping.
co04:23:49td: Running td from b00535 line -90.87
co04:23:50td: Time correction  .1 seconds
co04:23:50ss: Running ss from b00535 line -90.87
hk04:23:53 22 19 19 25.2 4.09-99-99
co04:32:00uz: Running uz from b00535 line -85.38
hk04:32:02 23 19 19 25.2 4.09-99-99
co04:41:27td: Running td from b00535 line -85.38
co04:41:28td: Time correction  .8 seconds
co04:41:28ss: Running ss from b00535 line -85.38
hk04:41:32 23 19 20 24.5 3.99-99-99
hk04:46:47 23 19 20 25.2 4.09-99-99
co04:46:56hgfw2: HG FW#2 at step  0
hk04:48:54 23 19 20 25.2 4.09-99-99
hgscan 0narrow 302warm= 204:48:54SEP 10/17 57 77 74 71 202 801 1525 2543 3539 3968 4194 4143 3587 2643 1484 665 491 348 223 188 193 240 367 485 636 1302 2498 3635 4458 4730 4590 4126 3135 2065 1201 427 76 80 73 64
hg04:49:58 .9975 161.006 161 8924 23 2
hgscan 0narrow 302warm= 204:49:58SEP 10/17 70 72 80 85 498 1183 2272 3478 4566 4920 5016 4362 3420 2233 1088 663 497 292 258 201 197 252 285 438 651 1315 2511 3615 4394 5105 4929 4567 3753 2640 1568 620 88 81 74 70
hg04:51:02 .9984 157.6385 158 10121 23-1
co04:51:03td: Running td from b00535 line -85.38
co04:51:04td: Time correction  .4 seconds
hk04:51:17 23 19 20 24.5 3.99-99-99
co04:51:25ds: DS intensity too low ( 33/cy), skipping.
co04:51:38zs: ZS intensity too low ( 338/cy), skipping.
co04:51:45zs: ZS intensity too low ( 341/cy), skipping.
co04:58:41b1: Running b1 from b00535 line -80.4
co04:58:41uz: Running uz from b00535 line -80.4
hk04:58:44 23 19 20 25.2 4.09-99-99
hk05:08:09 24 20 21 23.9 4.12-99-99
co05:08:31hgfw2: HG FW#2 at step  0
hk05:08:37 23 20 21 23.9 4.12-99-99
hgscan 0narrow 302warm= 306.511705:08:37SEP 10/17 76 75 91 98 596 1772 2976 4115 5339 5801 5996 5296 4125 2921 1707 839 598 403 292 254 243 283 425 652 887 1833 3153 4562 5680 6062 5892 5332 4111 2859 1756 535 118 87 78 79
hg05:09:41 .9984 158.6318 159 12058 23 0
co05:09:42b2: Running b2 from b00535 line -80.4
co05:09:42td: Running td from b00535 line -80.4
co05:09:43td: Time correction  .8 seconds
hk05:09:57 23 20 21 23.9 4.12-99-99
dsa0 310.40620 65 66 177 1040 4645 11619 13797rat 17027.49 8802.222 3098.77-142.4844
dsa0 311.040620 65 65 182 1137 5062 12697 15121rat 17216.95 8792.336 3116.059-121.7969
dsa0 311.690620 64 71 206 1271 5573 13505 16201rat 16893.07 8588.465 2974.137-81.48047
dsa0 312.330620 57 61 232 1380 5981 14545 17264rat 16222.3 8522.562 2991.492-120.6172
dsa0 312.970620 66 58 240 1485 6559 15671 18586rat 16305.92 8524.269 2919.223-116.5117
summary05:11:41SEP 10/17 77.955 4.49 23ds 0 16733 8646 3020-117 17106 7334-3 287.2 444 141 84 22 454 124 2 5.3
hk05:14:44 24 20 21 23.9 4.12-99-99
sla 0 315.040620 100624 68 670230 728661 770356 683359 536132rat 36.79688-319.711-549.4649-1111.727
sla 0 315.870620 100509 73 670436 729585 771101 684120 537154rat 40.37891-320.4102-548.8321-1108.262
sla 0 316.850620 100594 68 670306 729783 770837 684728 537806rat 45.19141-317.6641-543.3516-1106.84
sla 0 317.610620 101037 70 670713 730007 772352 684702 537351rat 42.32422-319.207-552.2852-1110.414
sla 0 318.240620 101170 71 671493 730399 771667 685271 537621rat 40.85156-317.8985-544.629-1111.891
sla 0 318.870620 100837 65 671507 730858 772304 684980 537984rat 38.875-322.586-550.1993-1107
sla 0 319.510620 101131 64 671686 730080 772861 685500 538162rat 41.05469-314.4805-550.0391-1108.91
summary05:17:25SEP 10/17 58.428 1.894 24sl 0 41-319-548-1109 3591 1841 670910.1 537458.6 3 3 3 2 6 5 632 670.4
co05:19:50td: Running td from b00535 line -80.4
co05:19:56td: Time correction  4.9 seconds
hk05:20:08 24 21 22 23.9 4.37-99-99
dsa0 320.520620 70 66 762 4253 17103 37974 43056rat 14631.79 7886.539 2675.602-232.2891
dsa0 321.160620 82 76 767 4705 18627 40850 46364rat 15003.15 7781.789 2629.332-221.3438
dsa0 321.80620 82 74 828 5311 20830 45508 51335rat 15116.66 7729.817 2618.274-242.043
dsa0 322.450620 79 68 905 5698 22350 48636 54653rat 14975.08 7719.078 2606.469-252.8125
dsa0 323.090620 80 65 953 6077 23920 51311 57731rat 14973.49 7680.821 2549.852-241.3438
summary05:21:48SEP 10/17 76.054 3.951 24ds 0 14940 7760 2616-238 15702 6856-1.7 290.2 182 80 45 12 195 50 3.3 2.4
hk05:23:40 25 21 22 23.2 4.25-99-99
zsa0 323.980620 75 65 868 3522 10800 18673 18686rat 13600.9 7276.684 2373.61-34.21094
zsa0 324.620620 74 67 896 3698 11163 18859 18877rat 13505.27 7106.153 2272.672-33.08594
zsa0 325.260620 82 67 943 3701 11297 19292 19106rat 13364.77 7201.559 2319.516-79.5
zsa0 325.90620 76 64 933 3783 11450 19629 19473rat 13475.79 7177.317 2335.766-72.04297
zsa0 326.540620 80 63 960 3899 11664 19890 19774rat 13395.87 7100.59 2312.301-62.75
zsa0 327.180620 70 67 1026 3989 11860 20056 20146rat 13140.97 7039.649 2276.348-17.72266
zsa0 327.820620 79 74 1042 4111 12297 20547 20400rat 13204.37 7018.094 2224.719-68.5625
summary05:25:53SEP 10/17 75.28501 3.768 25zs 0 13384 7131 2302-53 13552 6070-15 284.8 164 92 49 24 183 87 3.5 10.2
co05:28:09b0: Running b0 from b00535 line -75.45
co05:28:09uz: Running uz from b00535 line -75.45
hk05:28:12 24 21 22 23.2 4.25-99-99
co05:40:00b1: Running b1 from b00535 line -75.45
co05:40:01td: Running td from b00535 line -75.45
co05:39:58td: Time correction -3 seconds
co05:39:58ss: Running ss from b00535 line -75.45
hk05:40:01 26 22 23 22.6 4.37-99-99
hk05:45:18 26 22 23 22.6 4.37-99-99
co05:45:27hgfw2: HG FW#2 at step  0
hk05:45:34 26 22 23 23.2 4.5-99-99
hgscan 0narrow 302warm= 38.94505:45:34SEP 10/17 72 77 81 85 453 1353 2606 4103 4958 5308 5370 4561 3234 1908 971 654 485 299 258 206 196 271 313 500 628 901 2062 3519 4640 5569 5547 4969 3829 2341 1133 315 94 92 82 87
hg05:46:38 .9941 156.6998 157 10939 26-2
hgscan 0narrow 302warm= 38.94505:46:38SEP 10/17 86 70 82 83 132 823 1725 2925 4896 5548 5843 5482 4148 2784 1442 844 596 381 285 264 240 296 325 562 792 1401 3100 4513 5715 5922 5651 4936 3447 2066 942 169 104 86 99 87
hg05:47:42 .9939 161.2795 161 11765 26 2
hgscan 0narrow 302warm= 38.94505:47:42SEP 10/17 75 82 111 94 186 856 2024 3712 5134 5956 6219 5418 3906 2397 1245 717 500 335 303 267 268 299 358 544 741 1159 2685 4364 5536 6227 6116 5474 3538 2142 899 149 97 93 82 87
hg05:48:45 .9923 159.5395 160 12446 26 1
co05:48:46td: Running td from b00535 line -75.45
co05:48:47td: Time correction  .4 seconds
hk05:49:00 26 22 23 22.6 4.37-99-99
dsa0 349.380620 220 84 12591 52352 162516 277396 285945rat 11491.15 6041.965 1752.031-446.1641
dsa0 350.030620 229 86 13477 55668 171663 291279 299406rat 11420.11 5995.754 1730.34-455.3203
dsa0 350.670620 239 82 14041 58365 178319 302891 310189rat 11422.76 5967.989 1738.953-468.375
dsa0 351.310620 252 77 15194 61547 188690 319048 326566rat 11315.59 5971.219 1723.086-467.5703
dsa0 351.950620 302 86 16189 65625 198875 334439 342244rat 11259.4 5906.188 1703.586-465.2969
summary05:50:40SEP 10/17 70.656 2.944 26ds 0 11382 5977 1730-461 12856 5895 2 291.6 93 49 18 10 75 30 .8 1.6
co05:52:17b0: Running b0 from b00535 line -70.41001
co05:52:18ua: Running ua from b00535 line -70.41001
hk05:52:20 27 22 23 22.6 4.37-99-99
co06:06:50b1: Running b1 from b00535 line -70.41001
co06:06:50td: Running td from b00535 line -70.41001
co06:06:51td: Time correction  .1 seconds
co06:06:51ss: Running ss from b00535 line -70.41001
hk06:06:54 27 23 23 23.2 4.76-99-99
hk06:12:10 27 23 24 22.6 4.63-99-99
co06:12:19hgfw2: HG FW#2 at step  0
hk06:12:26 27 23 24 22.6 4.63-99-99
hgscan 0narrow 302warm= 333.373406:12:26SEP 10/17 82 98 89 90 412 1391 2550 3942 5093 5394 5545 4680 3474 2326 971 606 447 295 257 214 206 284 294 406 699 1236 2202 3367 4669 5807 5664 5121 3867 2550 1625 649 140 111 81 82
hg06:13:30 .9957 156.7919 157 11352 27-2
hgscan 0narrow 302warm= 333.373406:13:30SEP 10/17 76 91 98 84 310 1355 2455 3630 5169 5817 6033 5176 3793 2252 1211 727 564 375 289 237 265 312 335 507 714 1031 2417 3919 5248 6200 5990 5668 4623 3117 1534 618 115 96 94 86
hg06:14:34 .9962 157.2398 157 12233 27-2
hgscan 0narrow 302warm= 333.373406:14:34SEP 10/17 87 90 96 100 141 565 1723 3173 5059 6009 6445 5773 4529 3111 1535 838 660 424 317 289 289 328 400 676 970 1835 3457 5042 6186 6579 6227 5312 3719 2053 815 225 104 115 102 88
hg06:15:37 .9921 161.9133 162 13024 27 3
hgscan 0narrow 302warm= 333.373406:15:37SEP 10/17 90 96 99 101 443 1535 2821 4734 6215 6529 6716 5975 4527 3167 1473 840 565 367 329 284 270 325 366 582 823 1616 3329 4931 6428 6869 6420 5761 4247 2680 1389 375 125 95 94 92
hg06:16:41 .999 159.0541 159 13585 27 0
co06:16:42td: Running td from b00535 line -70.41001
co06:16:43td: Time correction  .6 seconds
co06:16:43ss: Running ss from b00535 line -70.41001
hk06:16:46 27 23 24 22.6 4.63-99-99
co06:21:59b1: Running b1 from b00535 line -65.36
co06:21:59uz: Running uz from b00535 line -65.36
hk06:22:02 28 23 24 22.6 4.63-99-99
co06:34:05b0: Running b0 from b00535 line -64.37
co06:34:05b2: Running b2 from b00535 line -64.37
co06:34:05uf: Running uf from b00535 line -64.37
hk06:34:08 29 24 24 22.3 4.83-99-99
hk06:42:10 29 25 25 22.3 5.11-99-99
sla 0 402.480620 101508 144 671662 731444 774335 687784 540909rat 45.72657-315.1172-547.1016-1108.774
sla 0 403.110620 101100 142 672405 731516 773999 687552 540779rat 39.30469-317.0547-546.668-1108.32
sla 0 403.740620 101372 142 672705 732569 774708 688927 541002rat 46.21094-314.5781-541.8633-1115.387
sla 0 404.370620 101088 148 672160 732797 774510 688166 541467rat 44.89453-320.8828-545.6485-1106.676
sla 0 405.010620 101182 147 672636 732591 774677 688122 541116rat 41.47656-319.9063-546.879-1109.274
sla 0 405.640620 101489 146 672695 731902 774607 688739 541264rat 45.0586-311.7344-542.4961-1112.039
sla 0 406.270620 100962 148 673273 732751 775220 688618 540617rat 40.46875-317.6875-546.8086-1116.559
summary06:44:22SEP 10/17 74.018 3.499 29sl 0 43-317-545-1111 3599 1845 672505.1 541022 3 3 2 4 12 8 446.9 273.7
co06:46:36b1: Running b1 from b00535 line -64.37
co06:46:36td: Running td from b00535 line -64.37
co06:46:38td: Time correction  1.4 seconds
hk06:46:52 29 26 26 21.6 5.25-99-99
dsa64 407.330620 2179 140 97919 237649 570112 768423 726022rat 7697.508 4339.414 928.8984-654.7578
dsa64 407.970620 2257 150 101402 243700 583674 785821 742695rat 7649.746 4332.055 925.9844-652.2656
dsa64 408.610620 2315 158 103681 248516 594511 798695 754114rat 7630.078 4321.703 918.3047-655.5547
dsa64 409.260620 2402 146 106593 254797 608028 813263 767831rat 7593.969 4295.664 900.6328-654.6485
dsa64 409.90620 2476 156 109034 259274 617156 825487 778123rat 7566.657 4288.883 902.5469-660.6875
summary06:48:36SEP 10/17 60.121 1.988 29ds 1 7628 4316 915-656 9725 4972 1.6 292.8 51 22 13 3 45 13 .2 .7
co06:50:14b0: Running b0 from b00535 line -60.39
co06:50:14ua: Running ua from b00535 line -60.39
hk06:50:17 30 26 26 21.6 5.25-99-99
co07:06:45b1: Running b1 from b00535 line -60.39
co07:06:45td: Running td from b00535 line -60.39
co07:06:47td: Time correction  .8 seconds
co07:06:47ss: Running ss from b00535 line -60.39
hk07:06:50 30 27 26 21.6 5.55-99-99
co07:12:06td: Running td from b00535 line -60.39
co07:12:07td: Time correction  .2 seconds
hk07:12:12 31 27 27 21.6 5.55-99-99
dsa128 432.580620 2284 192 82691 175520 399543 511214 474505rat 6773.586 3946.453 732.1641-692.5781
dsa128 433.220620 2284 199 83376 175994 400666 513625 475235rat 6761.899 3957.555 741.5547-705.7031
dsa128 433.860620 2328 194 84219 177556 403911 516199 478538rat 6743.078 3942.906 729.0547-696.336
dsa128 434.50620 2325 196 85403 179263 407449 519299 481323rat 6711.907 3929.539 718.0625-696.2969
dsa128 435.150620 2379 199 86418 182293 412251 525428 486437rat 6715.547 3910.133 719.2656-700.6094
summary07:13:51SEP 10/17 55.755 1.765 31ds 2 6741 3937 728-698 8976 4760 .8 293.8 27 18 10 5 31 16 .7 2.2
hk07:15:32 31 27 27 21.6 5.55-99-99
dsa128 435.910620 2466 199 88228 184495 417312 529407 491459rat 6662.282 3893.352 699.9922-687.5469
dsa128 436.560620 2467 198 89371 186441 421852 536884 496423rat 6670.657 3911.055 715.1016-704.4766
dsa128 437.20620 2549 210 91633 191383 430886 547453 506552rat 6651.492 3885.024 708.9453-700.6172
dsa128 437.840620 2586 199 93209 193708 436703 553965 512650rat 6632.18 3886.352 703.0781-699.1641
dsa128 438.480620 2596 205 94285 194773 439256 556534 513965rat 6605.352 3884.516 698.6172-707.625
summary07:17:11SEP 10/17 55.193 1.74 31ds 2 6644 3892 705-700 8884 4729 1 292.7 26 11 7 8 26 16 .8 3.2
co07:18:49b0: Running b0 from b00535 line -55.47
co07:18:49b1: Running b1 from b00535 line -55.47
co07:18:49uz: Running uz from b00535 line -55.47
hk07:18:52 31 27 27 21.6 5.55-99-99
hk07:31:26 32 27 27 21.6 5.55-99-99
co07:31:48hgfw2: HG FW#2 at step  0
hk07:31:54 32 27 27 22.3 5.72-99-99
hgscan 0narrow 302warm= 118.42507:31:54SEP 10/17 166 138 141 170 813 2407 3886 5528 7780 8944 9485 8940 7054 5129 3137 1486 952 626 516 428 433 481 645 1006 1480 3072 4909 7361 8983 9212 9088 8337 6905 4688 2588 797 153 141 138 132
hg07:32:58 .9978 159.9433 160 18697 32 1
co07:32:59td: Running td from b00535 line -55.47
co07:32:56td: Time correction -3 seconds
hk07:33:12 32 27 27 21.6 5.55-99-99
dsa128 453.580620 3775 249 125948 246666 538532 664982 610289rat 6193.93 3678.414 606.4141-720.3672
dsa128 454.220620 3785 246 126185 246651 538630 664095 608638rat 6182.266 3674.297 600.4141-725.75
dsa128 454.860620 3848 257 127926 249750 544897 671685 615507rat 6175.766 3671.781 600.5-725.7735
dsa128 455.510620 3923 266 130262 252804 551086 679885 623022rat 6153.446 3674.117 605.2188-725.1563
dsa128 456.150620 3978 258 130566 253000 551342 677210 620875rat 6128.094 3654.703 586.3906-722.25
summary07:34:51SEP 10/17 52.281 1.625 32ds 2 6167 3671 600-724 8483 4601 1.6 289.7 26 9 8 2 28 7 .3 1.2
co07:36:28td: Running td from b00535 line -55.47
co07:36:29td: Time correction  .1 seconds
co07:36:29b2: Running b2 from b00535 line -55.47
co07:36:29ss: Running ss from b00535 line -55.47
hk07:36:33 32 27 27 21.6 5.55-99-99
hk07:41:57 33 28 27 21.6 5.86-99-99
sla 0 462.260620 100763 272 670730 730541 772253 686432 539763rat 34.92578-324.0938-546.5743-1115.586
sla 0 462.890620 100889 278 670837 730628 772899 686679 540653rat 35.81641-323.0274-548.7071-1109.899
sla 0 463.520620 100839 285 671336 731617 773428 687639 540670rat 38.72266-322.8438-545.5469-1115.988
sla 0 464.150620 101184 286 671183 731178 774164 688156 540861rat 43.07813-316.8281-546.4493-1117.77
sla 0 464.780620 100743 291 671567 731404 773322 687683 540906rat 37.48438-321.2617-544.6641-1114.352
sla 0 465.410620 100908 289 670910 731605 773602 687782 540189rat 42.46875-321.8477-545.6328-1120.863
sla 0 466.040620 101161 295 671126 730914 773149 687813 541060rat 41.2461-317.4375-542.8203-1113.949
summary07:44:08SEP 10/17 84.768 8.262 33sl 0 39-321-546-1115 3609 1848 671098.5 540586 3 3 2 3 13 7 223.5 446.9
co07:46:23b0: Running b0 from b00535 line -50.46
co07:46:24uz: Running uz from b00535 line -50.46
hk07:46:26 33 28 27 21.6 5.86-99-99
co07:56:17td: Running td from b00535 line -50.46
co07:56:18td: Time correction  .1 seconds
hk07:56:35 33 28 28 21.6 5.86-99-99
dsa128 476.970620 6072 311 180794 329968 696086 834567 755723rat 5703.985 3461.641 502.8047-762.0391
dsa128 477.610620 6176 324 181945 331846 699587 838865 758859rat 5701.336 3460.938 504.0157-766.0078
dsa128 478.260620 6154 342 181710 330945 696606 834668 754455rat 5686.844 3451.805 501.1797-769.0235
dsa128 478.90620 6191 323 181944 331501 697164 834112 754799rat 5679.797 3442.477 495.1875-763.461
dsa128 479.540620 6222 318 182655 331389 697303 832322 753680rat 5654.938 3435.5 485.2422-759.9219
summary07:58:15SEP 10/17 48.629 1.506 33ds 2 5685 3450 498-764 8130 4501 1.3 292.5 20 12 8 4 27 11 .3 1.5
co07:59:52b1: Running b1 from b00535 line -50.46
co07:59:52td: Running td from b00535 line -50.46
co07:59:53td: Time correction  .2 seconds
hk07:59:57 34 28 28 21.6 5.86-99-99
dsa128 480.340620 6232 318 182542 330950 695258 830773 750509rat 5649.188 3432.766 489.8828-771.3594
dsa128 480.980620 6347 335 184222 333129 700121 834459 755431rat 5631.125 3425.031 479.25-761.4844
dsa128 481.630620 6424 331 187158 337219 708804 845316 764382rat 5621.571 3430.352 482.7422-766.2266
dsa128 482.270620 6535 357 190947 343909 721182 860366 776496rat 5615.188 3424.328 485.2266-774.5313
dsa128 482.910620 6632 341 193957 349105 732328 870340 785700rat 5599.289 3410.625 468.8516-773.1641
summary08:01:37SEP 10/17 48.126 1.492 34ds 2 5623 3425 481-769 8085 4492 .9 293.6 19 9 8 5 21 8 .4 1.8
co08:03:14ss: Running ss from b00535 line -50.46
hk08:03:17 33 28 28 21 5.69-99-99
co08:08:25td: Running td from b00535 line -50.46
co08:08:26td: Time correction  .4 seconds
co08:08:26b2: Running b2 from b00535 line -50.46
hk08:08:45 34 29 28 21.6 6.19-99-99
zsa0 489.060620 1510 351 32456 58246 118408 137686 120882rat 6257.266 3714.625 637.254-619.9258
zsa0 489.70620 1491 358 32523 58574 118695 138224 121269rat 6265.989 3707.402 643.7578-623.0274
zsa0 490.340620 1468 367 32784 59063 119347 138355 121968rat 6235.914 3675.535 623.9922-602.0781
zsa0 490.980620 1523 346 33106 59357 120069 138701 122374rat 6201.754 3663.832 608.4415-598.3828
zsa0 491.620620 1522 357 33147 59493 120343 139371 122711rat 6218.504 3675.36 619.6055-607.4883
zsa0 492.260620 1467 362 33314 59521 120376 139813 123041rat 6210.77 3687.36 632.2813-609.6133
zsa0 492.90620 1504 352 33524 60043 121348 140728 123669rat 6210.692 3677.254 625.5938-615.836
summary08:10:58SEP 10/17 46.761 1.454 34zs 0 6229 3686 627-611 8184 4411 6.9 292.8 25 19 12 9 50 28 1.2 5.1
hk08:13:36 34 29 28 21.6 6.19-99-99
sla 0 493.90620 100903 364 670901 730516 773241 687780 541022rat 40.47266-316.668-544.2735-1115.645
sla 0 494.540620 100924 387 671498 731580 773003 687998 541310rat 37.9336-321.7461-541.4961-1114.746
sla 0 495.170620 100756 356 671039 730609 773554 688148 540911rat 41.94141-314.8477-543.6915-1118.922
sla 0 495.80620 101015 375 671674 731157 774086 687493 541687rat 33.4961-322.4336-551.0078-1108.371
sla 0 496.430620 100895 372 671176 732043 774238 688463 542084rat 43.06641-321.5625-545.6094-1111.391
sla 0 497.060620 100937 384 671759 731976 774391 687500 540759rat 32.98047-327.3867-552.7305-1116.012
sla 0 497.690620 101297 379 671769 731934 774250 688463 542026rat 39.13672-320.9024-545.6797-1111.879
summary08:15:47SEP 10/17 90.333 11.969 34sl 0 38-321-546-1114 3603 1846 671402.3 541399.9 4 4 4 4 13 8 387 524
co08:18:01td: Running td from b00535 line -50.46
co08:18:02td: Time correction  .4 seconds
hk08:18:19 35 29 29 21.6 6.19-99-99
dsa128 498.690620 8206 391 221777 387453 795130 933829 837239rat 5366.258 3290.938 428.4766-795.3985
dsa128 499.330620 8075 395 221249 385922 792001 930788 834517rat 5363.414 3294.555 431.8282-794.9844
dsa128 499.970620 8193 419 221437 385342 791461 928195 832423rat 5348.797 3289.602 422.7422-793.3516
dsa128 500.620620 8179 416 222652 386773 793792 930705 834442rat 5338.18 3286.164 422.1016-794.2735
dsa128 501.260620 8265 411 224251 388965 797662 934719 837832rat 5327.969 3281.735 420.2578-794.9297
summary08:19:58SEP 10/17 45.499 1.421 35ds 2 5349 3289 425-795 7892 4427 1.6 294.4 16 5 5 1 17 3 .2 .3
co08:21:36b0: Running b0 from b00535 line -45.46
co08:21:36uz: Running uz from b00535 line -45.46
hk08:21:39 34 29 29 21.6 6.19-99-99
co08:30:37td: Running td from b00535 line -45.46
co08:31:14td: Time correction  36.9 seconds
hk08:31:32 35 30 29 21.6 6.54-99-99
dsa128 511.910620 8874 435 243237 411835 837997 974555 875853rat 5181.211 3230.992 393.6172-777.7031
dsa128 512.550620 8812 452 242655 410393 837490 971901 872375rat 5180.977 3235.102 384.461-782.9297
dsa128 513.190620 9042 452 246320 415940 847784 983917 882878rat 5171.735 3231.938 385.4141-784.1953
dsa128 513.83010620 9019 462 245257 413359 842334 977258 876598rat 5160.953 3229.305 383.9297-785.4766
dsa128 514.480620 8945 445 245302 413169 840939 976272 874548rat 5156.68 3227.485 387.1797-791.0703
summary08:33:11SEP 10/17 43.744 1.38 35ds 2 5170 3231 387-784 7680 4371 .9 291.2 11 3 4 5 8 9 .6 2.4
co08:34:48b1: Running b1 from b00535 line -45.46
co08:34:48ss: Running ss from b00535 line -45.46
hk08:34:52 35 30 29 21 6.34-99-99
hk08:40:02 35 30 29 21.6 6.54-99-99
co08:40:14hgfw2: HG FW#2 at step  0
hk08:40:21 35 30 29 21.6 6.54-99-99
hgscan 0narrow 302warm= 401.813408:40:21SEP 10/17 170 165 172 181 449 1705 3195 5421 7172 7911 8087 7412 5523 3445 1621 1086 786 536 442 396 388 438 512 736 1063 1585 3286 5509 7175 8290 8052 7344 5508 3479 1927 705 194 169 170 166
hg08:41:25 .9966 158.259 158 16377 35-1
co08:41:26td: Running td from b00535 line -45.46
co08:41:27td: Time correction  .5 seconds
hk08:41:43 35 30 29 21.6 6.54-99-99
dsa128 522.110620 9900 544 253853 428056 860078 993079 885004rat 5097.828 3156.992 367.2266-810.8985
dsa128 522.750620 10004 482 255643 430544 865739 1000237 888842rat 5099.797 3164.172 370.4922-823.4219
dsa128 523.390620 10168 544 257712 433673 871545 1006070 893687rat 5092.649 3159.539 367.1563-824.9141
dsa128 524.03010620 10190 514 259857 437407 878559 1013248 902316rat 5088.524 3153.922 363.4219-813.6328
dsa128 524.670620 10457 478 261761 439578 881436 1016228 905047rat 5070.539 3145.891 362.3281-812.9219
summary08:43:23SEP 10/17 42.479 1.352 35ds 2 5090 3156 366-817 7705 4362 2.4 295.2 12 7 3 7 28 15 .6 3.3
co08:45:00td: Running td from b00535 line -45.46
co08:45:01td: Time correction  .2 seconds
hk08:45:18 35 30 29 21.6 6.54-99-99
zsa0 525.630620 2102 500 43060 74163 146895 167528 147018rat 5883.809 3519.235 552.5274-624.1133
zsa0 526.270620 2140 513 43146 74007 147070 167692 146854rat 5880.301 3533.184 551.6485-633.336
zsa0 526.910620 2154 507 43325 74184 147133 167998 147144rat 5869.614 3530.504 557.7344-632.6563
zsa0 527.550620 2039 587 43525 74358 147494 168417 147380rat 5866.27 3533.777 558.211-636.8438
zsa0 528.190620 2147 526 43791 74829 147716 168625 147538rat 5840.274 3509.488 556.8086-637.3399
zsa0 528.830620 2139 506 43957 74992 148292 169090 147921rat 5834.196 3511.36 551.75-637.9766
zsa0 529.470620 2145 543 44079 75432 148716 169944 148870rat 5846.809 3508.985 561.4453-632.1719
summary08:47:32SEP 10/17 41.987 1.341 35zs 0 5860 3521 556-633 7887 4320 8.8 294.3 20 11 4 5 15 14 .9 2.9
co09:01:30b0: Running b0 from b00535 line -40.45
co09:01:30ua: Running ua from b00535 line -40.45
hk09:01:32 35 30 30 22.3 6.73-99-99
co09:21:34td: Running td from b00535 line -40.45
co09:21:36td: Time correction  1.4 seconds
hk09:21:53 36 31 30 21.6 6.9-99-99
dsa128 562.270620 11755 653 305777 489096 970572 1101026 982810rat 4796.508 3064.485 304.7422-792.6016
dsa128 562.910620 11692 658 306189 488984 971236 1100609 982705rat 4789.578 3064.203 300.1485-791.1875
dsa128 563.550620 11861 710 307025 489931 973061 1101329 983467rat 4781.719 3059.258 294.8828-790.5156
dsa128 564.190620 12030 687 311015 495744 981973 1110791 993173rat 4763.977 3046.031 292.7031-784.7891
dsa128 564.840620 12156 677 314292 500690 991255 1121014 1002239rat 4759.813 3043.852 291.961-785.1094
summary09:23:33SEP 10/17 38.411 1.273 36ds 2 4778 3056 297-789 7303 4248 1.8 286.6 16 10 5 4 27 14 .5 3
co09:25:10b1: Running b1 from b00535 line -40.45
co09:25:10td: Running td from b00535 line -40.45
co09:25:11td: Time correction  .2 seconds
hk09:25:15 36 31 30 22.6 7.21-99-99
dsa128 565.630620 12105 651 312471 496851 984162 1112994 993753rat 4753.313 3045.727 292-790.7344
dsa128 566.280620 12336 721 314838 499645 989854 1119300 997969rat 4746.992 3047.188 291.8203-797.0938
dsa128 566.920620 12246 704 316823 502431 994423 1124115 1003055rat 4739.219 3042.305 290.6875-793.4297
dsa128 567.560620 12412 658 318764 505735 1000971 1131513 1009801rat 4742.203 3043.164 290.9766-792.7344
dsa128 568.20620 12464 638 319453 506369 1002127 1133430 1010930rat 4740.789 3045.547 293.6016-795.1406
summary09:26:55SEP 10/17 38.146 1.269 36ds 2 4745 3045 292-794 7285 4248 1.3 287.8 5 2 1 2 8 5 .3 1.3
co09:28:32ss: Running ss from b00535 line -40.45
hk09:28:35 36 31 30 22.3 7.1-99-99
co09:33:42b2: Running b2 from b00535 line -40.45
co09:33:43td: Running td from b00535 line -40.45
co09:33:40td: Time correction -3.5 seconds
hk09:33:44 36 31 31 21.6 6.9-99-99
dsa128 574.120620 13834 670 334123 531602 1044419 1180374 1045238rat 4731.727 3016.914 292.4375-827.2578
dsa128 574.760620 14005 685 335812 534687 1050446 1185754 1049938rat 4730.922 3012.367 287.2969-827.4688
dsa128 575.40620 13904 727 337043 535923 1051479 1187604 1051273rat 4722.266 3009.391 289.961-828.8203
dsa128 576.050620 13906 666 337396 537053 1053534 1189833 1053357rat 4726.227 3008.68 289.8047-828.1719
dsa128 576.690620 14074 719 338076 538131 1055675 1191949 1055124rat 4726.563 3008.477 288.9141-828.5235
summary09:35:24SEP 10/17 37.538 1.258 36ds 2 4728 3011 290-828 7377 4274 1.5 296.2 4 4 2 1 4 2 .2 .3
hk09:38:44 37 31 31 21.6 6.9-99-99
sla 0 579.040620 101161 728 672071 731589 774602 688863 543234rat 33.60547-320.6055-547.3516-1109.672
sla 0 579.670620 101255 717 672586 732497 776071 689006 543054rat 31.125-325.207-554.879-1112.047
sla 0 580.30620 101319 728 672517 732921 776190 690469 544131rat 41.01953-318.3477-546.1328-1112.727
sla 0 580.930620 101433 719 671783 733124 776875 690443 543972rat 45.70703-319.75-550.2305-1113.84
sla 0 581.570620 101462 728 672842 733185 776843 690263 543869rat 37.53516-321.2813-551.2149-1113.535
sla 0 582.20620 101627 722 672794 733419 777004 690610 543683rat 40.09375-320.4688-549.9024-1117.274
sla 0 582.830620 101250 741 672774 734394 777021 689949 544956rat 35.96094-330.6563-554.2696-1102.68
summary09:40:56SEP 10/17 105.023 3.686 37sl 0 38-322-551-1112 3595 1843 672481 543842.7 5 4 3 5 17 11 446.9 612
co09:43:10td: Running td from b00535 line -40.45
co09:43:10td: Time correction  .1 seconds
hk09:43:39 37 32 31 21.6 7.28-99-99
zsa0 583.970620 2903 711 56713 91437 178980 199884 174522rat 5454.824 3378.203 460.1758-650.3633
zsa0 584.610620 2912 737 56705 91600 178444 200031 174132rat 5460.121 3374.281 476.625-663.4805
zsa0 585.250620 2911 747 56702 91668 178843 199831 174098rat 5456.516 3366.887 462.4532-659.9727
zsa0 585.890620 2959 730 56897 92146 179020 200329 174828rat 5451.364 3354.543 469-652.4961
zsa0 586.530620 2959 756 56807 92106 179051 200140 174563rat 5455.653 3352.977 464.168-655.0899
zsa0 587.170620 2925 734 57221 92047 179223 200033 174639rat 5420.063 3352.863 457.543-650.754
zsa0 587.810620 2928 740 57254 92710 179588 200590 174610rat 5430.063 3333.715 460.836-663.711
summary09:45:53SEP 10/17 36.909 1.248 37zs 0 5447 3359 464-657 7548 4243 7.8 295.7 15 15 7 6 26 15 1.1 3.3
hk09:48:18 37 32 32 21.6 7.28-99-99
dsa128 588.680620 15705 766 371961 583920 1141188 1284362 1136230rat 4650.266 2988.633 277.5625-832.6328
dsa128 589.320620 15798 732 373176 586705 1146162 1287442 1140766rat 4647.141 2978.664 268.9453-825.3047
dsa128 589.960620 15760 732 375311 589166 1150574 1293764 1145229rat 4644.274 2982.383 273.836-829.9297
dsa128 590.60620 15901 774 373186 586158 1144566 1286404 1139450rat 4644.336 2979.695 271.7813-826.6953
dsa128 591.250620 15924 785 374190 586741 1144935 1288138 1139563rat 4638.711 2981.453 276.4453-832.375
summary09:49:57SEP 10/17 36.703 1.245 37ds 2 4645 2982 274-829 7299 4255 1.1 294.9 4 4 4 3 10 7 .4 1.8
co10:25:08b0: Running b0 from b00535 line  34.69
co10:25:08uz: Running uz from b00535 line  34.69
hk10:25:10 38 33 32 22.3 7.9-99-99
co10:46:22td: Running td from b00535 line  34.69
co10:46:23td: Time correction  .4 seconds
hk10:46:39 38 33 32 22.3 7.9-99-99
dsa128 647.040620 15829 1017 354949 559235 1086173 1218860 1075060rat 4624.649 2945.586 264.211-844.8906
dsa128 647.680620 15941 1011 356290 563362 1093182 1225950 1082070rat 4634.297 2939.281 261.4766-841.8594
dsa128 648.320620 15875 1034 354993 559999 1087204 1222489 1077397rat 4637.742 2953.102 273.4219-848.5781
dsa128 648.970620 16078 1083 359407 566178 1099194 1234452 1088601rat 4627.25 2948.438 267.9219-846.2734
dsa128 649.610620 15912 1060 357642 564742 1096118 1231903 1086553rat 4639.367 2950.227 271.1875-845.3828
summary10:48:19SEP 10/17 36.234 1.237 38ds 2 4633 2947 268-845 7338 4251 2.7 295.6 6 5 5 2 11 7 .5 1.6
co10:49:56b1: Running b1 from b00535 line  34.69
co10:49:56td: Running td from b00535 line  34.69
co10:49:57td: Time correction  .1 seconds
hk10:50:01 39 33 32 22.3 7.9-99-99
dsa128 650.410620 15894 1056 357894 564172 1095436 1231451 1086068rat 4632.508 2951.602 271.6719-847.2266
dsa128 651.050620 15913 1075 357042 562128 1093485 1228126 1083256rat 4630.258 2955.11 267.2735-846.8516
dsa128 651.690620 16061 1059 358355 565064 1096988 1232808 1086654rat 4631.203 2949.203 270.086-849.9688
dsa128 652.330620 15807 1065 354110 558789 1086090 1219624 1077717rat 4634.352 2949.57 266.1953-838.625
dsa128 652.970620 15700 1041 351502 555410 1079504 1214510 1070666rat 4647.657 2957.289 274.586-849.1797
summary10:51:41SEP 10/17 36.351 1.239 39ds 2 4635 2953 270-846 7344 4256 2.3 296.6 7 4 3 5 18 9 .4 2.1
hk10:53:20 38 33 32 22.6 8.020001-99-99
co10:53:33hgfw2: HG FW#2 at step  0
hk10:55:02 39 33 32 22.3 7.9-99-99
hgscan 0narrow 302warm= 253.118310:55:02SEP 10/17 303 291 295 296 614 2272 4172 6255 7757 8470 8691 8204 6723 4607 2388 1327 997 677 555 519 492 600 712 1027 1353 2451 4574 6336 8246 9023 8807 8135 6390 4384 3099 1446 392 301 290 293
hg10:56:05 .9987 158.504 159 17714 39 0
co10:56:06td: Running td from b00535 line  34.69
co10:56:07td: Time correction  .1 seconds
co11:15:32b0: Running b0 from b00535 line  37.61
co11:15:32uz: Running uz from b00535 line  37.61
hk11:15:34 38 32 32 22.6 7.6-99-99
co11:27:58td: Running td from b00535 line  37.61
co11:27:59td: Time correction  .2 seconds
hk11:28:16 38 33 32 22.6 8.020001-99-99
dsa128 688.640620 13833 1116 326200 520465 1025990 1163016 1032441rat 4759.492 3036.07 301.2813-821.8906
dsa128 689.280620 13899 1108 326123 520315 1027211 1164619 1034646rat 4766.055 3043.156 301.9766-818.6953
dsa128 689.930620 13778 1156 324976 517823 1022840 1159577 1030506rat 4761.75 3044.586 301.3672-817.3047
dsa128 690.570620 13646 1110 322787 515711 1017665 1153633 1025828rat 4767.172 3038.82 300.7422-814.6953
dsa128 691.210620 13530 1152 318091 508190 1004628 1139109 1014166rat 4774.172 3046.36 301.3125-809.0781
summary11:29:55SEP 10/17 38.708 1.279 38ds 2 4766 3042 301-816 7378 4279 1.1 292.7 6 4 0 5 10 6 .4 1.8
co11:31:32td: Running td from b00535 line  37.61
co11:31:33td: Time correction  .1 seconds
co11:40:09b0: Running b0 from b00535 line  39.63
co11:40:09uz: Running uz from b00535 line  39.63
hk11:40:12 38 32 32 23.2 7.82-99-99
co11:50:53b1: Running b1 from b00535 line  39.63
co11:50:53td: Running td from b00535 line  39.63
co11:50:53td: Time correction -.7 seconds
co11:50:53nt: Running nt from b00535 line  39.63
hk11:50:55 38 32 32 22.6 7.6-99-99
co11:55:04ss: Running ss from b00535 line  39.63
hk11:55:07 38 32 32 23.2 7.82-99-99
hk12:00:17 38 32 32 23.2 7.82-99-99
co12:00:29hgfw2: HG FW#2 at step  0
hk12:00:36 38 32 32 23.2 7.82-99-99
hgscan 0narrow 302warm= 467.3712:00:36SEP 10/17 341 303 307 331 721 2628 4744 6748 8632 9573 10047 9029 6563 4262 2064 1481 1029 717 652 557 579 651 711 1095 1459 2036 3942 6281 8859 10108 9753 9199 7134 4767 2796 1113 364 301 312 304
hg12:01:40 .9969 157.5314 158 20155 38-1
co12:01:41td: Running td from b00535 line  39.63
co12:01:42td: Time correction -.1 seconds
co12:01:42b2: Running b2 from b00535 line  39.63
hk12:01:58 38 32 32 22.6 7.6-99-99
dsa128 722.350620 11115 1093 259515 439761 875484 1010256 896097rat 5087.821 3119.469 365.9063-834.5235
dsa128 7230620 11066 1039 257600 436571 870405 1004870 891640rat 5095.016 3126.86 367.6797-832.9688
dsa128 723.640620 11012 1131 255712 433416 866059 999435 887447rat 5102.821 3134.211 365.3672-830.0781
dsa128 724.280620 10907 1089 255546 433965 865836 998908 888220rat 5101.492 3125.219 363.7578-824.1406
dsa128 724.930620 10952 1090 256511 436423 870874 1005792 893586rat 5115.203 3130.805 368.4922-828.211
summary12:03:38SEP 10/17 42.142 1.345 38ds 2 5100 3127 366-830 7756 4355 4.4 295.3 10 6 2 4 10 7 .5 1.8
hk12:06:44 38 33 32 22.6 8.020001-99-99
sla 0 727.040620 101703 1045 671377 731358 774127 688247 541105rat 32.20703-324.7149-549.4844-1125.117
sla 0 727.670620 101505 1069 671255 731323 773836 686720 541695rat 23.125-334.4024-557.711-1110.438
sla 0 728.30620 101358 1127 671862 731386 774487 688097 541702rat 28.03125-325.8906-552.586-1119.399
sla 0 728.930620 101525 1078 672106 731824 774531 688902 541240rat 31.61719-323.332-547.6016-1128.305
sla 0 729.560620 101710 1052 671944 732756 774708 689062 541992rat 33.72266-327.9649-547.5665-1123.133
sla 0 730.190620 101728 1101 672633 731781 774301 688745 542301rat 27.1211-324.0938-547.3047-1118.652
sla 0 730.820620 101613 1096 672079 732880 775487 688414 542136rat 28.64453-332.9297-556.2735-1117.848
summary12:08:55SEP 10/17 124.452 1.754 38sl 0 29-328-551-1120 3615 1853 671893.7 541738.7 4 4 4 6 22 12 446.9 418
co12:11:09td: Running td from b00535 line  39.63
co12:11:10td: Time correction  0 seconds
hk12:11:38 38 33 32 23.2 8.25-99-99
zsa0 731.960620 2675 1058 43151 74606 146745 167352 146556rat 5906.379 3502.543 552.4727-639.836
zsa0 732.60620 2672 1073 42839 74232 146392 166704 145948rat 5922.86 3508.195 546.0703-641.125
zsa0 733.240620 2703 1082 42384 73891 145468 165573 144700rat 5941.278 3498.902 544.0118-648.9844
zsa0 733.880620 2670 1079 42298 73266 144526 164708 144127rat 5927.086 3513.317 549.543-643.3985
zsa0 734.520620 2644 1074 42197 73397 144181 165021 144184rat 5945.699 3513.598 568.375-649.9844
zsa0 735.160620 2644 1065 41888 73066 143956 164273 143180rat 5957.809 3513.297 555.2383-660.7031
zsa0 735.80620 2601 1083 41573 72563 143377 163541 143224rat 5973.321 3524.797 553.3985-639.793
summary12:13:52SEP 10/17 43.389 1.372 38zs 0 5939 3511 553-646 8007 4333 10.3 291.4 23 9 8 8 39 14 .5 2.4
co12:23:27b0: Running b0 from b00535 line  44.63
co12:23:27uz: Running uz from b00535 line  44.63
hk12:23:30 39 33 32 23.2 8.25-99-99
co12:33:12b1: Running b1 from b00535 line  44.63
co12:33:12td: Running td from b00535 line  44.63
co12:33:13td: Time correction -.2 seconds
hk12:33:30 38 32 31 23.2 7.82-99-99
dsa128 753.880620 8133 1104 212563 369374 763210 898329 810534rat 5376.961 3324.242 434.2657-773.1094
dsa128 754.520620 8075 1114 210466 366005 758341 891944 805167rat 5387.414 3331.938 430.4766-771.1797
dsa128 755.170620 8071 1061 210326 365757 758866 893260 805779rat 5394.203 3339.992 433.3985-774.9141
dsa128 755.810620 7965 1074 210007 366724 758833 894646 808430rat 5406.75 3334.602 440.1797-767.5391
dsa128 756.450620 7923 1104 208119 362839 753159 888559 802774rat 5414.399 3349.992 442.5391-768.875
summary12:35:09SEP 10/17 46.234 1.44 38ds 2 5396 3336 436-771 7864 4429 .6 291.1 15 10 5 3 11 9 .6 1.8
hk12:36:50 38 32 31 23.2 7.82-99-99
dsa128 757.220620 7822 1094 203853 356875 741080 873150 789240rat 5425.571 3343.766 435.8672-766.7813
dsa128 757.860620 7731 1122 203278 356136 739259 873694 789248rat 5439.313 3354.719 449.1016-770.0781
dsa128 758.50620 7720 1116 204341 359280 745127 879166 795464rat 5442.977 3343.11 441.4219-763.3516
dsa128 759.140620 7736 1103 203362 358782 743877 880376 795877rat 5468.125 3354.117 454.5235-767.7266
dsa128 759.790620 7633 1121 202497 355850 740547 875291 791586rat 5459.914 3363.672 448.2032-766.2891
summary12:38:30SEP 10/17 46.709 1.453 38ds 2 5447 3352 446-767 7901 4433 1.3 289.3 17 9 7 2 19 9 .6 1.7
co12:40:06td: Running td from b00535 line  44.63
co12:40:07td: Time correction  0 seconds
hk12:40:12 38 32 32 23.2 7.82-99-99
dsa128 760.570620 7613 1077 202055 355918 739996 876708 793661rat 5474.117 3368.586 458.1719-762.3438
dsa128 761.220620 7586 1102 200436 353402 737065 872719 789794rat 5487.539 3378.422 454.9063-764.2891
dsa128 761.860620 7379 1098 196779 346845 723944 857967 775951rat 5490.102 3383.36 458.0547-767.4297
dsa128 762.50620 7516 1135 197721 349371 729170 864055 782238rat 5500.133 3382.547 457.3203-763.4297
dsa128 763.140620 7447 1090 196653 347715 725929 860944 780028rat 5505.094 3385.805 460.4219-760.4219
summary12:41:51SEP 10/17 47.191 1.466 38ds 2 5491 3380 458-764 7935 4449 .7 290.1 12 7 2 3 13 9 .4 1.5
co12:43:28td: Running td from b00535 line  44.63
co12:43:29td: Time correction  0 seconds
hk12:43:33 38 32 32 23.9 8.04-99-99
dsa128 763.930620 7347 1127 195017 346564 723145 858516 778061rat 5527.883 3386.867 464.375-759.6094
dsa128 764.570620 7318 1080 193052 342470 717065 851853 770570rat 5534.758 3402.813 466.5157-768.4219
dsa128 765.210620 7307 1095 191709 341387 714644 848323 769161rat 5545.821 3397.485 462.625-758.3594
dsa128 765.860620 7150 1143 190206 339440 711389 846285 767080rat 5568.586 3411.117 471.6953-760.2656
dsa128 766.50620 7121 1106 188913 336870 707031 841966 762778rat 5573.078 3420.227 475.5703-762.9688
summary12:45:12SEP 10/17 47.681 1.479 38ds 2 5550 3404 468-762 7988 4465 .7 290.6 20 13 5 4 23 14 .7 2.4
co12:46:49ss: Running ss from b00535 line  44.63
hk12:46:52 38 32 32 23.2 7.82-99-99
co12:57:42b0: Running b0 from b00535 line  49.56
co12:57:43uz: Running uz from b00535 line  49.56
hk12:57:45 39 33 33 23.2 8.25-99-99
co13:07:36b1: Running b1 from b00535 line  49.56
co13:07:36td: Running td from b00535 line  49.56
co13:07:36td: Time correction -.4 seconds
hk13:07:54 39 33 33 23.2 8.25-99-99
dsa128 788.280620 5486 1081 151462 288200 621751 760894 696302rat 6021.789 3611.735 574.5469-737.125
dsa128 788.920620 5392 1055 149796 285599 615462 754088 690884rat 6027.758 3610.078 579.0078-732.3203
dsa128 789.560620 5279 1106 147840 282696 611375 748590 686461rat 6051.532 3621.313 575.2735-729.0156
dsa128 790.20620 5190 1071 145335 279597 605145 742060 679345rat 6084.172 3628.805 580.875-737.0156
dsa128 790.840620 5253 1061 145407 279777 606698 742618 681794rat 6083.188 3628.055 572.2735-724.8828
summary13:09:33SEP 10/17 51.414 1.595 39ds 2 6054 3620 576-732 8396 4576 1.6 290.5 30 9 4 5 29 10 .3 1.7
hk13:11:12 39 33 33 23.2 8.25-99-99
co13:11:24hgfw2: HG FW#2 at step  0
hk13:12:41 39 33 33 23.2 8.25-99-99
hgscan 0narrow 302warm= 325.221713:12:41SEP 10/17 282 287 300 335 831 2152 3726 5443 7723 8696 9180 8536 6864 4803 2366 1401 1134 799 650 589 573 630 836 1155 1443 2747 5331 7387 8643 9379 9149 8566 6964 5004 2852 1012 316 317 299 299
hg13:13:45 .9989 159.467 159 18559 39 0
co13:13:46td: Running td from b00535 line  49.56
co13:13:47td: Time correction  0 seconds
co13:13:47b2: Running b2 from b00535 line  49.56
co13:13:47td: Time correction  .1 seconds
hk13:14:03 38 33 33 22.6 8.020001-99-99
dsa128 794.430620 5077 1090 139587 272756 593992 732707 671444rat 6192.149 3673.367 603.0781-735.3047
dsa128 795.070620 5122 1122 139540 273221 594068 734314 672775rat 6201.641 3674.375 611.5781-736.9766
dsa128 795.710620 5047 1083 138840 271210 592534 732178 671566rat 6207.844 3692.32 609.4531-732.5
dsa128 796.360620 4971 1056 136864 268644 585788 725392 665441rat 6226.086 3690.766 617.961-732.4453
dsa128 7970620 4905 1073 135465 266057 581521 720168 661444rat 6236.922 3699.703 617.461-727.75
summary13:15:42SEP 10/17 52.401 1.63 38ds 2 6213 3686 612-733 8559 4626 1.5 293.5 18 12 6 4 10 5 .4 .9
hk13:18:48 38 33 33 22.6 8.020001-99-99
sla 0 799.120620 101190 1116 670610 731921 774598 689466 543269rat 45.1875-320.293-544.3672-1115.426
sla 0 799.750620 101440 1121 672222 731224 775117 689918 543779rat 37.42188-313.1289-544.4453-1114.191
sla 0 800.380620 101662 1116 671505 732853 775513 690391 543793rat 45.22657-319.9961-543.6641-1117.125
sla 0 801.010620 101504 1144 672337 732647 776187 690205 544975rat 38.51563-319.9531-548.7696-1106.344
sla 0 801.640620 101412 1095 672420 732741 776492 691064 545165rat 43.4961-314.9649-544.9453-1110.266
sla 0 802.270620 101765 1135 673694 733987 777262 690947 545529rat 34.32422-323.3086-550.1563-1106.613
sla 0 802.90620 101470 1129 673954 733541 778596 691464 545525rat 35.9336-317.2735-554.4883-1109.961
summary13:21:00SEP 10/17 128.912 1.583 38sl 0 40-318-547-1111 3597 1845 672391.7 544576.5 5 4 4 4 17 8 1161.1 921.3
hk13:23:42 39 33 33 22.6 8.020001-99-99
zsa0 804.020620 1709 1114 21223 41372 85994 103519 92211rat 7000.848 4008.289 791.9493-567.9102
zsa0 804.660620 1713 1129 20939 40974 85808 102982 91614rat 7042.407 4029.582 778.7227-573.7266
zsa0 805.540620 1635 1133 20476 40035 83634 100768 90415rat 7050.141 4037.801 796.2696-536.086
zsa0 806.630620 1653 1112 20396 39696 83374 100257 89701rat 7041.93 4052.004 787.4141-548.543
zsa0 807.720620 1613 1157 20078 39635 82949 99768 89130rat 7100.985 4040.442 788.8399-555.4063
zsa0 808.680620 1655 1132 19738 39292 82279 99514 88920rat 7163.817 4066.402 813.1915-554.4531
zsa0 809.410620 1625 1143 19843 38976 82102 98986 88428rat 7117.969 4079.875 799.3516-555.5352
summary13:26:39SEP 10/17 54.197 1.699 39zs 0 7074 4045 794-556 8853 4593 5.1 288.2 56 24 11 12 61 24 1.1 3.8
co13:29:44b0: Running b0 from b00535 line  54.65
co13:29:45b1: Running b1 from b00535 line  54.65
co13:29:45uz: Running uz from b00535 line  54.65
hk13:29:48 39 33 33 22.6 8.020001-99-99
co13:38:32td: Running td from b00535 line  54.65
co13:38:35td: Time correction  1.6 seconds
hk13:38:53 39 33 33 22.6 8.020001-99-99
dsa128 819.260620 3269 1120 90438 191889 439068 564003 526794rat 6828.485 3987.5 745.0156-680.7031
dsa128 819.90620 3221 1117 88970 190086 435052 559276 523023rat 6860 3989.641 747.3438-676.0781
dsa128 820.540620 3147 1155 87536 187493 429959 554111 518496rat 6888.946 4007.492 757.375-674.3672
dsa128 821.190620 3098 1165 86326 185223 424660 547282 512056rat 6892.61 4004.242 756.2656-675.625
dsa128 821.830620 3086 1151 84174 181327 417876 538748 505179rat 6929.938 4025.469 756.5625-666.8906
summary13:40:32SEP 10/17 56.534 1.8 39ds 2 6880 4003 753-675 9039 4774 1.2 290.3 38 15 6 5 24 5 .3 .9
hk13:42:13 39 33 33 22.6 8.020001-99-99
dsa128 822.60620 3040 1180 82149 177757 409809 529551 497377rat 6958.625 4034.688 765.2813-660.5781
dsa128 823.240620 3042 1155 80664 175113 404436 523208 492610rat 6980.813 4044.399 768.9688-650.8594
dsa128 823.880620 2872 1134 78219 170020 394536 512556 481178rat 7021.492 4080.75 786.2735-664.5313
dsa128 824.520620 2878 1155 77013 168321 391180 508245 477628rat 7050.555 4085.891 785.6797-660.7891
dsa128 825.160620 2823 1163 75637 166843 386911 504139 473610rat 7090.891 4086.539 797.0938-663.3203
summary13:43:52SEP 10/17 57.106 1.827 39ds 2 7020 4066 781-660 9133 4798 1.4 290 53 25 13 5 64 25 .7 3.2
co13:45:29ka: Running ka from b00535 line  54.65
hk13:45:32 39 33 33 22.6 8.020001-99-99
hk13:46:05 39 33 33 22.3 7.9-99-99
um100917Thessaloniki 40.634-22.956 4.25pr10000 826.621640 2280 47007 96536 209663 259704 235006rat 7535.832 4319.832 916.6524-497.9453
hk13:48:44 38 33 33 23.2 8.25-99-99
um100917Thessaloniki 40.634-22.956 4.23pr10000 827.931640 2371 224020 241365 169461 148914 84758rat-1880.723-2184.875-596.4219-2562.317
um100917Thessaloniki 40.634-22.956 4.23pr10000 829.281640 2379 45550 94596 206136 256409 232400rat 7633.895 4358.492 936.2891-489.5352
hk13:51:24 38 33 33 22.6 8.020001-99-99
um100917Thessaloniki 40.634-22.956 4.23pr10000 830.591640 2320 219074 237824 166578 147383 83941rat-1827.574-2164.93-566.1719-2558.746
um100917Thessaloniki 40.634-22.956 4.23pr10000 831.931640 2428 44031 92596 203074 253405 228753rat 7741.949 4403.485 950.6016-507.418
hk13:54:03 38 33 33 22.6 8.020001-99-99
um100917Thessaloniki 40.634-22.956 4.21pr10000 833.241640 2429 214704 234379 164577 145978 83218rat-1782.242-2144.301-555.5391-2557.629
um100917Thessaloniki 40.634-22.956 4.21pr10000 834.591640 2421 41754 88764 195895 245133 223435rat 7839.762 4445.989 963.1719-464.9063
hk13:56:42 38 33 33 23.2 8.25-99-99
um100917Thessaloniki 40.634-22.956 4.21pr10000 835.891640 2303 211719 231256 162889 144454 82373rat-1765.742-2130.207-555.9883-2553.906
um100917Thessaloniki 40.634-22.956 4.21pr10000 837.241640 2503 40594 87115 192827 242350 220822rat 7927.414 4482.285 982.9102-466.6016
hk13:59:21 39 32 33 23.2 7.82-99-99
um100917Thessaloniki 40.634-22.956 4.25pr10000 838.551640 2438 210816 228394 161333 142851 81452rat-1799.699-2127.731-564.1016-2559.578
co13:59:22b0: Running b0 from b00535 line  59.57
co13:59:23uz: Running uz from b00535 line  59.57
hk13:59:25 39 32 33 23.2 7.82-99-99
co14:07:37b1: Running b1 from b00535 line  59.57
co14:07:37td: Running td from b00535 line  59.57
co14:07:38td: Time correction -.2 seconds
hk14:07:56 38 32 33 23.2 7.82-99-99
dsa64 848.390620 3514 1181 120138 297900 722899 987327 941253rat 7898.961 4442.344 979.9375-642
dsa64 849.030620 3416 1182 118139 294634 717016 979281 935366rat 7930.926 4450.93 978.0547-634.7813
dsa64 849.670620 3419 1143 115380 289002 704071 965861 922472rat 7967.149 4470.672 995.8281-636.2891
dsa64 850.320620 3336 1151 112686 283604 693580 953372 910085rat 8007.809 4492.094 1002.711-639.8906
dsa64 850.960620 3298 1169 110870 280438 687348 944665 904223rat 8033.629 4497.313 1000.211-629.0781
summary14:09:40SEP 10/17 61.626 2.081 38ds 1 7968 4471 991-636 10004 5057 1.5 291.8 55 24 12 5 47 16 .3 1.3
co14:11:17b0: Running b0 from b00535 line  61.65
co14:11:18kd: Running kd from b00535 line  61.65
hk14:11:21 39 32 32 23.2 7.82-99-99
hk14:11:53 39 32 32 23.9 8.04-99-99
um100917Thessaloniki 40.634-22.956 4.25pr10000 852.421640 2292 32744 74729 169540 218866 200837rat 8453.008 4711.492 1100.289-436.8867
hk14:14:32 38 32 32 23.2 7.82-99-99
um100917Thessaloniki 40.634-22.956 4.23pr10000 853.731640 2311 187969 205408 147312 131099 75067rat-1670.766-2037.609-541.2031-2540.735
um100917Thessaloniki 40.634-22.956 4.23pr10000 855.081640 2295 31547 71980 164459 213394 195798rat 8518.156 4769.723 1123.777-435.875
hk14:17:12 38 32 32 23.2 7.82-99-99
um100917Thessaloniki 40.634-22.956 4.19pr10000 856.391640 2283 180277 199846 144315 129437 74211rat-1542.711-1972.813-506.7149-2534.93
um100917Thessaloniki 40.634-22.956 4.19pr10000 857.731640 2302 29833 69162 159453 208245 191662rat 8673.852 4841.891 1152.742-422.4063
hk14:19:51 38 32 32 23.2 7.82-99-99
um100917Thessaloniki 40.634-22.956 4.23pr10000 859.041640 2276 179235 197268 142636 126903 72804rat-1604.668-2003.094-542.5313-2533.031
um100917Thessaloniki 40.634-22.956 4.23pr10000 860.381640 2232 28468 66731 154274 202156 187395rat 8753.934 4868.942 1167.391-390.7969
hk14:22:30 38 32 32 23.9 8.04-99-99
um100917Thessaloniki 40.634-22.956 4.23pr10000 861.691640 2243 178116 193899 140353 124751 71692rat-1652.488-2002.539-546.8203-2525.43
co14:25:07uz: Running uz from b00535 line  61.65
hk14:25:09 38 32 33 23.9 8.04-99-99
co14:35:34b0: Running b0 from b00535 line  64.68
co14:35:34b1: Running b1 from b00535 line  64.68
co14:35:34uz: Running uz from b00535 line  64.68
hk14:35:37 38 32 32 23.9 8.04-99-99
co14:46:32td: Running td from b00535 line  64.68
co14:46:32td: Time correction -.4 seconds
co14:46:32kd: Running kd from b00535 line  64.68
hk14:46:35 38 31 31 23.9 7.62-99-99
hk14:47:10 37 31 31 23.9 7.62-99-99
um100917Thessaloniki 40.634-22.956 4.17pr10000 887.71640 2015 16572 43899 108900 154655 145104rat 10139.71 5571.66 1526.402-336.4453
hk14:49:49 37 31 31 23.9 7.62-99-99
um100917Thessaloniki 40.634-22.956 4.13pr10000 889.011640 1988 130688 148042 112396 102272 59040rat-1161.734-1688.66-442.836-2507.86
um100917Thessaloniki 40.634-22.956 4.13pr10000 890.351640 2009 15604 42054 104893 149613 141337rat 10290.63 5620.719 1546.313-306.3242
hk14:52:28 37 31 31 23.9 7.62-99-99
um100917Thessaloniki 40.634-22.956 4.13pr10000 891.661640 2012 124236 142772 109262 100031 58114rat-1036.434-1627.32-415.957-2481.473
um100917Thessaloniki 40.634-22.956 4.13pr10000 893.011640 2009 14560 39856 99931 144388 136989rat 10480.82 5709.145 1604.449-287.4336
hk14:55:07 36 31 31 24.5 7.83-99-99
um100917Thessaloniki 40.634-22.956 4.11pr10000 894.311640 2036 122386 139182 106931 97284 56646rat-1091.871-1637.414-443.4453-2472.41
co14:55:08b0: Running b0 from b00535 line  69.58
co14:55:09b1: Running b1 from b00535 line  69.58
co14:55:09uz: Running uz from b00535 line  69.58
hk14:55:11 37 31 31 24.5 7.83-99-99
hk15:03:19 37 31 31 23.9 7.62-99-99
co15:03:41hgfw2: HG FW#2 at step  0
hk15:03:48 37 31 31 24.5 7.83-99-99
hgscan 0narrow 302warm= 578.468415:03:48SEP 10/17 277 284 291 284 869 2338 4255 6750 8803 10157 10418 9359 7338 4863 2334 1456 1099 722 647 585 589 638 700 898 1361 2087 4549 7068 9292 10244 9911 8942 6762 4916 2945 1254 289 280 267 273
hg15:04:51 .998 158.6033 159 20662 37 0
co15:04:52td: Running td from b00535 line  69.58
co15:04:52td: Time correction -.2 seconds
hk15:05:06 37 31 31 24.5 7.83-99-99
dsa0 905.560620 1315 960 27737 120707 385434 677943 711092rat 11996.37 6290.567 1876.688-410.5938
dsa0 906.20620 1276 943 26077 115446 370304 655916 689012rat 12111.28 6330.664 1902.281-407.875
dsa0 906.850620 1244 941 24865 110540 356147 633081 666932rat 12155.35 6356.035 1912.774-398.8438
dsa0 907.490620 1188 915 23609 106040 343058 613724 646815rat 12233.51 6391.621 1935.719-400.8516
dsa0 908.130620 1191 944 22395 101067 330344 593371 626056rat 12314.25 6445.426 1948.352-400.0078
summary15:06:50SEP 10/17 72.10501 3.16 37ds 0 12162 6363 1915-404 13454 6091 1.2 290.3 121 59 28 5 108 39 .4 1.2
co15:08:27ka: Running ka from b00535 line  69.58
hk15:08:30 37 31 31 23.9 7.62-99-99
hk15:09:03 36 31 31 23.9 7.62-99-99
um100917Thessaloniki 40.634-22.956 4.11pr10000 909.591640 1863 9361 27571 73293 112394 108547rat 11618.65 6289.149 1875.09-207.7656
hk15:11:42 36 31 31 23.9 7.62-99-99
um100917Thessaloniki 40.634-22.956 4.11pr10000 910.91640 1834 93311 109750 87887 81716 47924rat-663.625-1359.516-347.3828-2444.496
um100917Thessaloniki 40.634-22.956 4.11pr10000 912.241640 1824 8592 25461 68387 106945 103769rat 11845.23 6435.727 1963.598-187.1133
hk15:14:21 36 30 31 24.5 7.42-99-99
um100917Thessaloniki 40.634-22.956 4.09pr10000 913.551640 1790 87562 104449 84455 79087 46480rat-526.5977-1285.301-315.7383-2435.516
um100917Thessaloniki 40.634-22.956 4.09pr10000 914.891640 1817 7852 23682 64166 101376 98861rat 12106.61 6537.782 2011.426-164.9336
hk15:17:00 36 30 31 25.2 7.61-99-99
um100917Thessaloniki 40.634-22.956 4.07pr10000 916.21640 1740 84660 100203 81491 76298 45170rat-536.4102-1260.625-316.5547-2402.926
um100917Thessaloniki 40.634-22.956 4.07pr10000 917.541640 1795 7326 22186 60646 97275 95191rat 12303.41 6659.028 2080.469-149.6289
hk15:19:39 36 30 32 24.5 7.42-99-99
um100917Thessaloniki 40.634-22.956 4.07pr10000 918.851640 1754 81008 96358 78554 73610 43489rat-500.2696-1247.223-313.0977-2415.445
um100917Thessaloniki 40.634-22.956 4.07pr10000 920.191640 1737 6826 20464 56381 91701 90119rat 12406.32 6770.016 2144.051-130.8047
hk15:22:18 36 30 31 23.9 7.22-99-99
um100917Thessaloniki 40.634-22.956 4.07pr10000 921.51640 1744 75665 90860 75284 71464 42218rat-328.5703-1118.5-255.6953-2417.563
co15:22:19b0: Running b0 from b00535 line  74.6
co15:22:20b1: Running b1 from b00535 line  74.6
co15:22:20uz: Running uz from b00535 line  74.6
hk15:22:23 36 30 32 24.5 7.42-99-99
hk15:34:56 36 30 31 24.5 7.42-99-99
co15:35:18hgfw2: HG FW#2 at step  0
hk15:35:25 35 30 31 24.5 7.42-99-99
hgscan 0narrow 302warm= 356.838415:35:25SEP 10/17 255 252 256 310 942 2328 4033 6410 8489 9142 9719 9714 8211 6255 3694 1872 1310 882 658 581 551 623 833 1184 1695 3300 5869 7796 9479 9817 9459 8170 6325 4397 2352 681 254 285 246 236
hg15:36:28 .9963 161.4256 161 19536 35 2
hgscan 0narrow 302warm= 356.838415:36:28SEP 10/17 240 284 284 299 936 2439 4611 7110 8876 9536 9836 8526 6251 4282 2186 1338 1048 692 626 532 549 593 683 1016 1381 2027 3904 6365 8601 9871 9586 8985 7337 4779 2934 1214 262 263 257 244
hg15:37:32 .9969 157.0172 157 19707 35-2
hgscan 0narrow 302warm= 356.838415:37:32SEP 10/17 245 259 263 261 624 2290 4653 6597 8700 9524 9913 8726 6841 4514 2212 1493 1133 750 612 548 543 610 745 1191 1522 2464 4830 7151 9340 9824 9561 8432 6138 3495 1424 497 263 245 246 240
hg15:38:36 .9985 159.4552 159 19737 35 0
co15:38:37td: Running td from b00535 line  74.6
co15:38:39td: Time correction  1.5 seconds
co15:38:39ka: Running ka from b00535 line  74.6
hk15:38:42 35 30 31 24.5 7.42-99-99
hk15:39:22 36 30 31 24.5 7.42-99-99
um100917Thessaloniki 40.634-22.956 4.07pr10000 939.91640 1576 3803 10696 31594 57345 59057rat 13916.42 7816.215 2668.207 77.80078
hk15:42:01 35 30 31 25.2 7.61-99-99
um100917Thessaloniki 40.634-22.956 4.03pr10000 941.211640 1574 47373 58886 53101 51690 31155rat 319.4141-632.9141-143.7891-2343.262
um100917Thessaloniki 40.634-22.956 4.03pr10000 942.551640 1585 3546 9680 28346 52808 54576rat 14101.32 7965.887 2798.285 95.34766
hk15:44:40 36 29 30 24.5 7.02-99-99
um100917Thessaloniki 40.634-22.956 4.07pr10000 943.861640 1581 42692 54092 49700 49038 29577rat 549.7149-490.9883-83.97656-2347.082
um100917Thessaloniki 40.634-22.956 4.07pr10000 945.21640 1575 3357 8710 25736 48777 51192rat 14159.64 8157.434 2886.363 163.2344
hk15:47:19 35 29 30 24.5 7.02-99-99
um100917Thessaloniki 40.634-22.956 4.01pr10000 946.511640 1526 39791 50406 47046 46365 28146rat 616.9141-424.75-88.61328-2317.942
co15:47:20b0: Running b0 from b00535 line  79.57
co15:47:20b1: Running b1 from b00535 line  79.57
co15:47:21uz: Running uz from b00535 line  79.57
hk15:47:23 35 29 30 25.2 7.21-99-99
hk15:56:29 35 29 30 25.8 7.39-99-99
co15:56:33ds: DS intensity too low ( 369/cy), skipping.
co15:56:46zs: ZS intensity too low ( 399/cy), skipping.
co15:56:46td: Running td from b00535 line  79.57
co15:56:47td: Time correction -.2 seconds
co15:56:47ka: Running ka from b00535 line  79.57
hk15:56:50 34 29 30 25.2 7.21-99-99
hk15:57:16 35 29 30 25.2 7.21-99-99
um100917Thessaloniki 40.634-22.956 4.01pr10000 957.811640 1468 2546 5289 15077 30855 33258rat 14285.3 8811.916 3321.32 289.3828
hk15:59:55 35 29 29 25.2 7.21-99-99
um100917Thessaloniki 40.634-22.956 4.01pr10000 959.121640 1521 24341 32759 33106 34089 21250rat 1473.356 131.4766 110.0703-2229.93
um100917Thessaloniki 40.634-22.956 4.01pr10000 960.461640 1490 2407 4800 13470 27599 30021rat 14473.92 8921.555 3361.238 333.3047
hk16:02:35 35 29 29 25.2 7.21-99-99
um100917Thessaloniki 40.634-22.956 4pr10000 961.781640 1464 21908 29557 30625 31644 19805rat 1620.133 261.6641 126.1406-2215.965
um100917Thessaloniki 40.634-22.956 4pr10000 963.121640 1481 2342 4407 11785 24781 27215rat 14253.03 8962.576 3521.328 379.543
hk16:05:14 34 28 29 25.2 6.83-99-99
um100917Thessaloniki 40.634-22.956 3.98pr10000 964.431640 1473 19451 26456 27909 29121 18336rat 1799.883 392.1055 172.332-2198.727
um100917Thessaloniki 40.634-22.956 3.98pr10000 965.771640 1421 2206 4001 10356 21898 24310rat 14095.35 8949.477 3580.113 433.1172
hk16:07:53 34 28 29 25.8 7-99-99
um100917Thessaloniki 40.634-22.956 3.96pr10000 967.081640 1454 17609 23779 25572 26715 16930rat 1872.055 488.5313 178.7383-2179.285
um100917Thessaloniki 40.634-22.956 3.96pr10000 968.421640 1423 2103 3615 9133 19509 21657rat 14179.55 9117.881 3681.192 436.8867
hk16:10:32 34 28 29 25.8 7-99-99
um100917Thessaloniki 40.634-22.956 3.98pr10000 969.731640 1412 15146 20890 23216 24608 15540rat 2206.805 710.6797 246.4336-2204.637
um100917Thessaloniki 40.634-22.956 3.98pr10000 971.071640 1392 1995 3247 7928 16787 18734rat 14001.65 9143.052 3698.879 466.6758
hk16:13:11 34 28 29 26.5 7.18-99-99
um100917Thessaloniki 40.634-22.956 3.98pr10000 972.381640 1353 13170 18315 20702 22345 14471rat 2426.086 877.7812 331.6328-2093.086
um100917Thessaloniki 40.634-22.956 3.98pr10000 973.721640 1315 1931 3003 6911 14490 16475rat 13232.57 8876.328 3696.832 558.9688
hk16:15:50 34 28 29 26.5 7.18-99-99
um100917Thessaloniki 40.634-22.956 3.94pr10000 975.031640 1403 11643 15953 18620 20271 13065rat 2584.836 1080.66 375.3672-2140.703
co16:15:51b0: Running b0 from b00535 line  84.58
co16:15:52b1: Running b1 from b00535 line  84.58
co16:15:52uz: Running uz from b00535 line  84.58
hk16:15:54 34 28 29 25.8 7-99-99
hk16:28:24 33 27 28 26.5 6.79-99-99
co16:28:46hgfw2: HG FW#2 at step  0
hk16:28:52 33 27 28 25.8 6.63-99-99
hgscan 0narrow 302warm= 631.923316:28:52SEP 10/17 194 188 193 213 293 1514 3649 6141 8356 9265 9522 8103 6002 4303 2115 1309 909 588 540 490 461 504 600 879 1276 1971 4112 6122 7506 9129 9538 9009 7569 4867 2426 900 213 202 209 190
hg16:29:56 .9967 157.4715 157 18651 33-2
hgscan 0narrow 302warm= 631.923316:29:56SEP 10/17 187 188 196 205 398 1540 3501 6077 8116 8960 9552 8537 6804 4964 2754 1410 1018 627 537 463 440 535 597 980 1352 2570 5271 7159 9011 9438 9105 8135 5936 3683 1983 633 207 193 193 193
hg16:31:46 .9986 160.4919 160 18990 33 1
co16:31:47td: Running td from b00535 line  84.58
co16:32:40td: Time correction  52.2 seconds
co16:32:40ka: Running ka from b00535 line  84.58
hk16:32:43 33 27 28 26.5 6.79-99-99
hk16:33:23 33 27 28 25.8 6.63-99-99
um100917Thessaloniki 40.634-22.956 3.88pr10000 993.921640 1117 1466 1712 2785 4318 4752rat 9556.826 7261.016 2809.227 503.0489
hk16:36:02 33 27 28 26.5 6.79-99-99
um100917Thessaloniki 40.634-22.956 3.9pr10000 995.231640 1058 3421 4493 5724 6807 5073rat 3793.553 2189.961 884.7734-1608.363
um100917Thessaloniki 40.634-22.956 3.9pr10000 996.571640 1122 1507 1632 2512 3710 4022rat 8207.215 7007.231 2677.801 445.1875
hk16:38:41 33 27 27 27.1 6.96-99-99
um100917Thessaloniki 40.634-22.956 3.88pr10000 997.881640 1151 2941 3754 4796 5741 4231rat 4021.815 2416.664 979.4375-1781.897
um100917Thessaloniki 40.634-22.956 3.88pr10000 999.221640 1034 1376 1516 2275 3132 3362rat 7809.94 6340.842 2258.619 402.6211
hk16:41:20 32 27 27 26.5 6.79-99-99
um100917Thessaloniki 40.634-22.956 3.86pr10000 1000.531640 1098 2696 3130 3874 4695 3559rat 3457.863 2434.844 1104.152-1696.051
um100917Thessaloniki 40.634-22.956 3.86pr10000 1001.871640 1035 1300 1519 1989 2769 2839rat 8092.215 5496.688 2573.945 124.2012
hk16:43:59 32 27 27 27.1 6.96-99-99
um100917Thessaloniki 40.634-22.956 3.84pr10000 1003.181640 1051 2214 2726 3108 3892 2907rat 3813.113 2249.205 1381.307-1896.682
co16:44:00b0: Running b0 from b00535 line  89.63
co16:44:00b1: Running b1 from b00535 line  89.63
co16:44:01uf: Running uf from b00535 line  89.63
hk16:44:03 32 27 27 26.5 6.79-99-99
co16:52:20ui: Running ui from b00535 line  89.63
hk16:52:24 31 26 27 27.7 6.74-99-99
co16:52:46hgfw2: HG FW#2 at step  0
hk16:52:52 31 26 27 26.5 6.43-99-99
hgscan 0narrow 302warm= 380.84516:52:52SEP 10/17 160 175 171 176 638 2228 3727 5432 7104 7600 7927 7357 5552 3409 1872 1076 826 567 457 383 386 458 555 840 1087 1751 3436 5232 6814 8052 7781 7337 5799 3878 2062 619 200 171 172 157
hg16:53:56 .9984 157.6837 158 15979 31-1
co16:53:57td: Running td from b00535 line  89.63
co16:53:57td: Time correction -.2 seconds
co16:53:57b2: Running b2 from b00535 line  89.63
co16:53:58td: Time correction  .1 seconds
hk16:54:09 32 26 27 26.5 6.43-99-99
co16:54:13ds: DS intensity too low ( 26/cy), skipping.
co16:54:27zs: ZS intensity too low ( 27/cy), skipping.
hk16:58:59 31 26 27 27.1 6.58-99-99
sla 0 1019.30620 100925 426 670902 730973 773064 687313 540952rat 43.63672-318.2422-544.3399-1108.836
sla 0 1019.930620 101332 431 670171 730973 773838 688097 540069rat 53.55469-313.168-543.7383-1121.152
sla 0 1020.560620 101058 411 671119 732067 773470 687531 541476rat 43.60938-323.4922-545.2578-1105.93
sla 0 1021.190620 101112 415 671384 731251 774170 687883 541568rat 44.125-316.2461-547.0235-1107.461
sla 0 1021.820620 100981 421 671349 731073 774334 686869 541325rat 37.79297-321.7266-554.5391-1102.895
sla 0 1022.450620 100865 411 671354 731888 774440 687482 541072rat 41.73047-322.7149-551.168-1108.922
sla 0 1023.080620 101231 400 672030 731663 773579 687684 540953rat 38.5625-320.0352-544.8906-1111.184
summary17:01:11SEP 10/17 114.629 2.361 31sl 0 43-319-547-1109 3594 1840 671187 541059.3 5 4 4 6 23 12 547.4 474
co17:03:25ka: Running ka from b00535 line  89.63
hk17:03:28 31 26 27 27.1 6.58-99-99
hk17:04:08 31 26 27 27.1 6.58-99-99
um100917Thessaloniki 40.634-22.956 3.8pr10000 1024.671640 792 802 815 856 887 887rat 9713.381 6115.943 1694.978-46.18946
hk17:06:47 31 26 27 26.5 6.43-99-99
um100917Thessaloniki 40.634-22.956 3.8pr10000 1025.981640 772 826 835 876 913 861rat 4104.399 3454.77 1301.4-2044.485
um100917Thessaloniki 40.634-22.956 3.8pr10000 1027.321640 771 799 760 815 829 805rat 3098.842 10974.03 1179.295-2365.682
hk17:09:26 31 26 26 26.5 6.43-99-99
um100917Thessaloniki 40.634-22.956 3.76pr10000 1028.631640 759 823 835 789 815 804rat-643.7813-1370.278 2690.209-995.9453
um100917Thessaloniki 40.634-22.956 3.76pr10000 1029.971640 757 735 761 786 763 768rat 1101.419 1121.259-6862.93 2586.225
hk17:12:05 31 26 26 27.1 6.58-99-99
um100917Thessaloniki 40.634-22.956 3.78pr10000 1031.281640 737 760 761 753 783 743rat 2946.443 2781.448 4565.921-8892.259
um100917Thessaloniki 40.634-22.956 3.78pr10000 1032.621640 732 722 746 724 748 771rat 5361.107 535.8995 5404.507 3823.259
hk17:14:44 30 25 26 26.5 6.08-99-99
um100917Thessaloniki 40.634-22.956 3.74pr10000 1033.931640 724 744 735 756 752 746rat 1399.481 4015.055-599.7198-1092.054
um100917Thessaloniki 40.634-22.956 3.74pr10000 1035.271640 732 720 708 739 694 734rat-61.80005-42.6001-1854.547-44.69995
hk17:17:23 31 25 26 27.1 6.22-99-99
um100917Thessaloniki 40.634-22.956 3.76pr10000 1036.581640 697 709 704 708 702 720rat-3865.973-1505.301-3444.687 6581.389
um100917Thessaloniki 40.634-22.956 3.76pr10000 1037.921640 696 714 709 678 694 678rat-6000.352-4567.22-20.45996-46.18994
hk17:20:02 30 25 26 27.1 6.22-99-99
um100917Thessaloniki 40.634-22.956 3.74pr10000 1039.231640 705 686 684 697 716 689rat 3735.893 3755.093 3777.893-3842.393
um100917Thessaloniki 40.634-22.956 3.74pr10000 1040.571640 698 684 667 683 684 672rat-61.80005-42.6001-19.80005-44.69995
hk17:22:41 30 25 26 27.1 6.22-99-99
um100917Thessaloniki 40.634-22.956 3.72pr10000 1041.881640 681 653 661 672 686 685rat 311.666 330.866 353.666-418.166
um100917Thessaloniki 40.634-22.956 3.72pr10000 1043.221640 665 669 665 698 685 664rat 6332.268 6351.468-2194.64-6438.768
hk17:25:20 30 25 26 27.1 6.22-99-99
um100917Thessaloniki 40.634-22.956 3.72pr10000 1044.531640 660 666 647 662 654 655rat-1227.079-42.6001-19.80005-44.69995
um100917Thessaloniki 40.634-22.956 3.72pr10000 1045.871640 651 670 647 641 638 640rat-6233.104-42.6001-19.80005-44.69995
hk17:27:59 30 25 25 27.1 6.22-99-99
um100917Thessaloniki 40.634-22.956 3.7pr10000 1047.181640 659 650 662 620 649 666rat-61.80005-42.6001-19.80005 1790.047
um100917Thessaloniki 40.634-22.956 3.7pr10000 1048.521640 641 633 614 638 638 634rat-61.80005-42.6001-19.80005-44.69995
hk17:30:38 30 25 25 27.7 6.37-99-99
um100917Thessaloniki 40.634-22.956 3.7pr10000 1049.831640 637 611 623 646 616 627rat-61.80005-42.6001-2945.991-44.69995
um100917Thessaloniki 40.634-22.956 3.7pr10000 1051.171640 643 618 628 628 631 594rat-61.80005-42.6001-19.80005-44.69995
hk17:33:17 30 24 25 27.7 6.02-99-99
um100917Thessaloniki 40.634-22.956 3.7pr10000 1052.481640 601 628 583 633 621 608rat-1365.139 6351.468-2061-4604.021
um100917Thessaloniki 40.634-22.956 3.7pr10000 1053.821640 611 600 636 630 586 598rat-61.80005-7405.767-6191.104-44.69995
hk17:35:56 30 24 25 27.7 6.02-99-99
um100917Thessaloniki 40.634-22.956 3.7pr10000 1055.121640 592 585 597 625 621 573rat 7945.949 7591.683-580.958-8052.449
co17:35:57az: Running az from b00535 line  100
co17:37:09az: Azimuth discrepancy = -40
co17:37:56ze: Running ze from b00535 line  100
co17:38:37ze: Zenith discrepancy =  1
ap17:38:38 28.44 23.75 24.37 1588.68 14.78 4.98-14.95 23.28 0 28.87 0 0 5.15-8.19 .06 0 29.06 23.75 24.37 1610.56 14.68 4.95-14.95 23.52 0 28.21 0 0 5.15-8.19 1.61 12.03
hk17:38:57 30 24 25 27.1 5.88-99-99
co17:38:59hgfw2: HG FW#2 at step  0
hk17:41:03 30 24 25 27.7 6.02-99-99
hgscan 0narrow 302warm= 217:41:03SEP 10/17 118 141 131 132 180 908 2294 3534 4795 5569 5790 5444 4385 3155 1822 890 633 456 344 288 312 332 449 672 919 1620 3003 4596 5695 6245 5976 5487 3988 2418 1272 306 140 142 129 150
hg17:42:07 .9985 160.4542 160 12035 30 1
hk17:42:10 30 24 25 27.1 5.88-99-99
rso3SEP 10/1717:50:40 30 152918 414 1016285 1107352 1171480 1040434 818734 2096367 152805 375 1016707 1107025 1172508 1042570 818639 2096065 1.0007 1.104 .9995 1.0003 .9991 .9979 1.0001 1.0001 .0102-.0271-.0515-.1041 .3434 .1757-.074 .0109-.0261-.051-.1051 .3471 .178-.0753
hk17:50:42 30 24 25 27.1 5.88-99-99
hk17:56:27 29 24 25 26.5 5.74-99-99
co17:56:34hgfw2: HG FW#2 at step  0
hk17:58:33 30 24 25 27.1 5.88-99-99
hgscan 0narrow 302warm= 217:58:34SEP 10/17 148 133 145 147 1001 2497 3826 5669 7854 8609 9049 8596 6459 4633 2535 1304 911 565 481 416 400 461 576 924 1261 2069 3951 5747 4318 8739 8520 7746 6000 4039 2407 808 139 164 134 147
hg17:59:36 .9936 157.9917 158 17788 30-1
hk18:04:40 29 24 25 25.8 5.6-99-99
sla 0 1084.970620 101876 246 677282 737975 781430 695092 546831rat 55.70703-307.7422-540.8555-1107.766
sla 0 1085.60620 101850 259 678015 737956 781356 695091 547516rat 50.90235-307.6406-540.4453-1102.246
sla 0 1086.230620 101959 252 677863 738687 781873 695475 547025rat 54.35547-309.586-540.9375-1108.66
sla 0 1086.860620 101906 226 678217 738955 782738 694927 547262rat 48.51953-314.711-549.3594-1103.188
sla 0 1087.490620 102026 245 678346 738767 782326 695382 547285rat 50.58203-310.6719-544.1172-1105.949
sla 0 1088.130620 101998 247 678744 738829 781667 695656 547415rat 49.73047-309.2891-538.6016-1106.649
sla 0 1088.760620 101989 249 677464 738127 782153 695557 547180rat 57.49219-305.6875-542-1107.926
summary18:06:51SEP 10/17 104.684 3.761 29sl 0 52-309-542-1106 3592 1842 677990.1 547216.3 3 3 4 2 10 5 499.7 223.5
co18:09:05b2: Running b2 from b00535 line  100
co18:09:06w0: Running w0 from b00535 line  100
co18:10:06ci: Running ci from b00535 line  100
hk18:10:19 29 25 25 26.5 6.08-99-99
co18:15:01b0: Running b0 from b00535 line  100
ed
co22:24:57ed: Starting EndOfDay
co22:24:57sum: Running sum from b00535 line -200
co22:24:59ozsum: Running ozsum from b00535 line -200
co22:25:00slsum: Running slsum from b00535 line -200
co22:25:01hgsum: Running hgsum from b00535 line -200