dh081118Thessaloniki 40.634-22.956 3.09pr1000
CI SCAN-INST #005 dt  3.8E-08  cy 4 DARK =     5.400 
1004.00  2865   1620    29913.00   131023.90
1004.16  2870   1689    31366.00   137422.80
1004.19  2875   1759    32916.00   144252.40
1004.23  2880   1829    34631.00   151813.10
1004.27  2885   1899    36322.00   159272.30
1004.31  2890   1969    37933.00   166382.60
1004.35  2895   2038    39681.00   174101.80
1004.39  2900   2108    41503.00   182152.80
1004.43  2905   2179    43704.00   191884.90
1004.47  2910   2249    45568.00   200132.70
1004.51  2915   2319    47887.00   210400.90
1004.55  2920   2389    49558.00   217804.90
1004.59  2925   2459    51868.00   228047.00
1004.62  2930   2530    53972.00   237382.80
1004.66  2935   2600    56300.00   247720.30
1004.70  2940   2671    58246.00   256367.70
1004.75  2945   2742    60603.00   266849.20
1004.79  2950   2812    63023.00   277619.60
1004.83  2955   2883    65436.00   288367.60
1004.87  2960   2954    67628.00   298139.00
1004.91  2965   3025    69945.00   308475.40
1004.95  2970   3096    72640.00   320508.50
1004.99  2975   3167    75133.00   331649.50
1005.03  2980   3238    77240.00   341073.00
1005.07  2985   3309    79726.00   352200.20
1005.11  2990   3380    82212.00   363336.90
1005.15  2995   3452    84841.00   375124.60
1005.19  3000   3523    87312.00   386213.50
1005.23  3005   3594    89838.00   397559.00
1005.27  3010   3666    92147.00   407938.50
1005.31  3015   3738    94386.00   418011.10
1005.35  3020   3809    97052.00   430015.00
1005.38  3025   3881    99609.00   441538.30
1005.42  3030   3953   101845.00   451623.50
1005.46  3035   4025   104061.00   461626.10
1005.50  3040   4097   106702.00   473557.20
1005.54  3045   4169   108599.00   482133.80
1005.58  3050   4241   110904.00   492562.70
1005.62  3055   4313   112925.00   501713.60
1005.66  3060   4385   115039.00   511292.40
1005.70  3065   4458   116969.00   520043.60
1005.74  3070   4530   119391.00   531034.00
1005.78  3075   4603   120660.00   536796.10
1005.82  3080   4675   122299.00   544242.00
1005.86  3085   4748   124434.00   553947.70
1005.90  3090   4821   125135.00   557136.00
1005.93  3095   4893   127118.00   566159.30
1005.97  3100   4966   128110.00   570675.60
1006.01  3105   5039   129155.00   575434.90
1006.05  3110   5112   129642.00   577653.50
1006.09  3115   5185   130791.00   582889.30
1006.13  3120   5259   130901.00   583390.60
1006.17  3125   5332   131317.00   585286.80
1006.21  3130   5405   131166.00   584598.50
1006.25  3135   5479   130761.00   582752.50
1006.29  3140   5552   130511.00   581613.10
1006.33  3145   5626   129996.00   579266.30
1006.37  3150   5699   129111.00   575234.50
1006.41  3155   5773   127707.00   568840.70
1006.45  3160   5847   125935.00   560775.50
1006.49  3165   5921   124140.00   552610.80
1006.53  3170   5995   121952.00   542665.30
1006.57  3175   6069   119913.00   533403.90
1006.61  3180   6143   117089.00   520587.90
1006.65  3185   6217   114260.00   507761.80
1006.69  3190   6291   111415.00   494875.90
1006.73  3195   6366   107747.00   478281.10
1006.77  3200   6440   104010.00   461395.90
1006.80  3205   6515   100129.00   443883.00
1006.84  3210   6589    96228.00   426303.70
1006.88  3215   6664    91982.00   407196.50
1006.92  3220   6739    88109.00   389792.10
1006.96  3225   6814    83692.00   369971.50
1007.00  3230   6889    78945.00   348703.50
1007.04  3235   6964    74816.00   330232.40
1007.08  3240   7039    70314.00   310122.40
1007.12  3245   7114    65785.00   289922.90
1007.16  3250   7189    61403.00   270408.70
end
