ufIntegration time is 0.2294 seconds per sampledt  4E-08 cy 1dh140217Thessaloniki 40.634-22.956 2.21pr1000dark .15 
 323.86  2900  16 .2 
 323.93  2905  87 .4 
 323.99  2910  158 .3 
 324.06  2915  229 .3 
 324.12  2920  300 .4 
 324.19  2925  371 .3 
 324.26  2930  442 .2 
 324.32  2935  513 .3 
 324.39  2940  585 .3 
 324.46  2945  656 .1 
 324.52  2950  728 .1 
 324.59  2955  799 .2 
 324.66  2960  871 .1 
 324.72  2965  943 .2 
 324.79  2970  1014 .3 
 324.85  2975  1086 .4 
 324.92  2980  1158 .3 
 324.99  2985  1230 .3 
 325.06  2990  1303 .2 
 325.12  2995  1375 .2 
 325.16  3000  1447 .4 
 325.7  3005  1520 .2 
 325.75  3010  1592 0 
 325.8  3015  1665 .4 
 325.85  3020  1738 .8 
 325.9  3025  1811 .8 
 325.94  3030  1884 .6 
 325.99  3035  1957 1.4 
 326.04  3040  2030 1 
 326.09  3045  2103 1.8 
 326.14  3050  2176 2.4 
 326.19  3055  2250 3 
 326.23  3060  2323 2.8 
 326.28  3065  2397 3.2 
 326.33  3070  2470 3.2 
 326.38  3075  2544 5.6 
 326.43  3080  2618 6.2 
 326.48  3085  2692 6.4 
 326.52  3090  2766 6 
 326.57  3095  2840 7.2 
 326.61  3100  2914 9 
 327.12  3105  2989 13.5 
 327.16  3110  3063 14.5 
 327.19  3115  3138 15 
 327.23  3120  3212 19.5 
 327.27  3125  3287 22 
 327.3  3130  3362 24.5 
 327.34  3135  3437 21.5 
 327.37  3140  3512 24.5 
 327.41  3145  3587 33 
 327.44  3150  3662 35.5 
 327.48  3155  3738 35.5 
 327.51  3160  3813 38 
 327.55  3165  3889 43.5 
 327.58  3170  3964 51.5 
 327.62  3175  4040 54.5 
 327.65  3180  4116 38 
 327.69  3185  4192 56.5 
 327.73  3190  4268 72 
 327.76  3195  4344 46.5 
 327.79  3200  4420 55.5 
 328.34  3205  4497 75 
 328.38  3210  4573 84.5 
 328.41  3215  4650 78 
 328.45  3220  4726 70 
 328.48  3225  4803 54.5 
 328.52  3230  4880 57.5 
 328.55  3235  4957 83 
 328.59  3240  5034 104.5 
 328.63  3245  5112 80.5 
 328.66  3250  5189 59.5 
 328.69  3255  5266 79.5 
 328.73  3260  5344 107.5 
 328.77  3265  5422 108 
 328.8  3270  5499 117.5 
 328.84  3275  5577 78 
 328.87  3280  5655 61 
 328.91  3285  5733 60 
 328.95  3290  5812 80.5 
 328.98  3295  5890 85.5 
 329.02  3300  5968 68 
 329.57  3305  6047 43 
 329.6  3310  6126 36.5 
 329.64  3315  6205 39 
 329.68  3320  6283 46.5 
 329.71  3325  6363 41 
 329.75  3330  6442 31.5 
 329.78  3335  6521 21 
 329.82  3340  6600 19 
 329.85  3345  6680 22 
 329.89  3350  6760 18.5 
 329.93  3355  6839 20 
 329.96  3360  6919 12 
 330  3365  6999 11 
 330.03  3370  7079 7 
 330.07  3375  7160 6.5 
 330.11  3380  7240 5.5 
 330.14  3385  7320 6 
 330.18  3390  7401 5.5 
 330.21  3395  7482 5.5 
 330.25  3400  7563 4 
end
dr 6  0  0  0  1.515695  1.495288  1.479199 
uzIntegration time is 0.2294 seconds per sampledt  4E-08 cy 1dh140217Thessaloniki 40.634-22.956 2.23pr1000dark .25 
 354.98  2900  16 .5 
 355.04  2905  87 .5 
 355.11  2910  158 .5 
 355.17  2915  229 .4 
 355.24  2920  300 .4 
 355.3  2925  371 .4 
 355.37  2930  442 .3 
 355.44  2935  513 .4 
 355.5  2940  585 .4 
 355.57  2945  656 .5 
 355.63  2950  728 .4 
 355.7  2955  799 .5 
 355.77  2960  871 .5 
 355.83  2965  943 .3 
 355.9  2970  1014 .5 
 355.96  2975  1086 .6 
 356.03  2980  1158 .3 
 356.1  2985  1230 .7 
 356.16  2990  1303 .8 
 356.23  2995  1375 .6 
 356.27  3000  1447 .6 
 356.81  3005  1520 1 
 356.86  3010  1592 1.2 
 356.9  3015  1665 1.2 
 356.95  3020  1738 1.2 
 357  3025  1811 2.4 
 357.05  3030  1884 3.2 
 357.1  3035  1957 4.6 
 357.14  3040  2030 3.6 
 357.19  3045  2103 4.4 
 357.24  3050  2176 7.2 
 357.29  3055  2250 9 
 357.34  3060  2323 8 
 357.39  3065  2397 11 
 357.44  3070  2470 14 
 357.48  3075  2544 22 
 357.53  3080  2618 20.6 
 357.58  3085  2692 25 
 357.63  3090  2766 29.6 
 357.68  3095  2840 38.6 
 357.71  3100  2914 35.5 
 358.22  3105  2989 67 
 358.26  3110  3063 75.5 
 358.29  3115  3138 82.5 
 358.33  3120  3212 85.5 
 358.36  3125  3287 112.5 
 358.4  3130  3362 130.5 
 358.43  3135  3437 123.5 
 358.47  3140  3512 161.5 
 358.5  3145  3587 165 
 358.54  3150  3662 217.5 
 358.58  3155  3738 189.5 
 358.61  3160  3813 170.5 
 358.65  3165  3889 289 
 358.68  3170  3964 342.5 
 358.72  3175  4040 351.5 
 358.75  3180  4116 280.5 
 358.79  3185  4192 403.5 
 358.82  3190  4268 528 
 358.86  3195  4344 380.5 
 358.89  3200  4420 402.5 
 359.43  3205  4497 595.5 
 359.46  3210  4573 620 
 359.5  3215  4650 575 
 359.53  3220  4726 506.5 
 359.57  3225  4803 392.5 
 359.6  3230  4880 425 
 359.64  3235  4957 600.5 
 359.67  3240  5034 683 
 359.71  3245  5112 582 
 359.74  3250  5189 427.5 
 359.78  3255  5266 518.5 
 359.82  3260  5344 661.5 
 359.85  3265  5422 674.5 
 359.89  3270  5499 624 
 359.92  3275  5577 487 
 359.96  3280  5655 359 
 359.99  3285  5733 382 
 360.03  3290  5812 453.5 
 360.06  3295  5890 475 
 360.1  3300  5968 399 
 360.63  3305  6047 262 
 360.67  3310  6126 236 
 360.7  3315  6205 218.5 
 360.74  3320  6283 225.5 
 360.77  3325  6363 199 
 360.81  3330  6442 168.5 
 360.85  3335  6521 113.5 
 360.88  3340  6600 110.5 
 360.92  3345  6680 106 
 360.95  3350  6760 97.5 
 360.99  3355  6839 85.5 
 361.03  3360  6919 49.5 
 361.06  3365  6999 53 
 361.1  3370  7079 33.5 
 361.13  3375  7160 40.5 
 361.17  3380  7240 32 
 361.21  3385  7320 28.5 
 361.24  3390  7401 22 
 361.28  3395  7482 19.5 
 361.31  3400  7563 16.5 
end
dr 6  0  .4  .5  1.515695  1.495288  0 
uzIntegration time is 0.2294 seconds per sampledt  4E-08 cy 1dh140217Thessaloniki 40.634-22.956 2.29pr1000dark .1 
 384.24  2900  16 1.1 
 384.31  2905  87 .8 
 384.37  2910  158 .6 
 384.44  2915  229 1.1 
 384.51  2920  300 1 
 384.57  2925  371 1.2 
 384.64  2930  442 1.2 
 384.71  2935  513 .8 
 384.77  2940  585 1 
 384.84  2945  656 1.3 
 384.9  2950  728 1.3 
 384.97  2955  799 1.1 
 385.03  2960  871 1.1 
 385.1  2965  943 1.1 
 385.16  2970  1014 1.1 
 385.23  2975  1086 1.4 
 385.3  2980  1158 1.4 
 385.37  2985  1230 1.2 
 385.43  2990  1303 1.1 
 385.5  2995  1375 1.4 
 385.54  3000  1447 1.4 
 386.07  3005  1520 2 
 386.12  3010  1592 2.8 
 386.17  3015  1665 2.2 
 386.22  3020  1738 2.2 
 386.26  3025  1811 3.2 
 386.31  3030  1884 6 
 386.36  3035  1957 8.399999 
 386.41  3040  2030 7 
 386.46  3045  2103 11.2 
 386.5  3050  2176 16 
 386.55  3055  2250 20.8 
 386.6  3060  2323 19.4 
 386.65  3065  2397 25.8 
 386.7  3070  2470 37.4 
 386.75  3075  2544 55.2 
 386.79  3080  2618 59 
 386.84  3085  2692 71.6 
 386.89  3090  2766 77 
 386.94  3095  2840 94 
 386.97  3100  2914 120 
 387.47  3105  2989 173.5 
 387.51  3110  3063 265 
 387.54  3115  3138 258.5 
 387.58  3120  3212 276 
 387.61  3125  3287 394 
 387.65  3130  3362 463 
 387.69  3135  3437 434 
 387.72  3140  3512 572.5 
 387.76  3145  3587 623.5 
 387.79  3150  3662 833.5 
 387.83  3155  3738 698.5 
 387.86  3160  3813 615.5 
 387.9  3165  3889 1007 
 387.93  3170  3964 1211 
 387.97  3175  4040 1171.5 
 388  3180  4116 971.5 
 388.04  3185  4192 1302.5 
 388.08  3190  4268 1659.5 
 388.11  3195  4344 1229 
 388.15  3200  4420 1324.5 
 388.68  3205  4497 1786.5 
 388.71  3210  4573 1733 
 388.75  3215  4650 1590 
 388.78  3220  4726 1507.5 
 388.82  3225  4803 1162 
 388.85  3230  4880 1167 
 388.89  3235  4957 1502.5 
 388.92  3240  5034 1646 
 388.96  3245  5112 1501.5 
 388.99  3250  5189 1120 
 389.03  3255  5266 1328.5 
 389.06  3260  5344 1636 
 389.1  3265  5422 1569 
 389.13  3270  5499 1449 
 389.17  3275  5577 1157.5 
 389.2  3280  5655 879.5 
 389.24  3285  5733 882 
 389.27  3290  5812 1000 
 389.31  3295  5890 1018.5 
 389.34  3300  5968 890 
 389.87  3305  6047 610.5 
 389.91  3310  6126 528 
 389.94  3315  6205 487 
 389.98  3320  6283 475.5 
 390.02  3325  6363 389 
 390.05  3330  6442 350.5 
 390.09  3335  6521 257 
 390.12  3340  6600 232 
 390.16  3345  6680 228.5 
 390.2  3350  6760 192.5 
 390.23  3355  6839 173.5 
 390.27  3360  6919 112.5 
 390.3  3365  6999 109 
 390.34  3370  7079 71.5 
 390.38  3375  7160 78 
 390.41  3380  7240 68 
 390.45  3385  7320 60.5 
 390.49  3390  7401 51.5 
 390.52  3395  7482 40.5 
 390.56  3400  7563 34.5 
end
dr 6  0  .6  18.5  883.6502  1287.443  78.39753 
uzIntegration time is 0.2294 seconds per sampledt  4E-08 cy 1dh140217Thessaloniki 40.634-22.956 2.35pr1000dark .2 
 414.67  2900  16 1.5 
 414.74  2905  87 1.5 
 414.81  2910  158 1.9 
 414.87  2915  229 2 
 414.94  2920  300 1.9 
 415  2925  371 1.6 
 415.07  2930  442 1.7 
 415.14  2935  513 1.7 
 415.2  2940  585 2.1 
 415.27  2945  656 1.6 
 415.34  2950  728 2 
 415.4  2955  799 2 
 415.47  2960  871 2.4 
 415.54  2965  943 1.9 
 415.6  2970  1014 2 
 415.67  2975  1086 2.2 
 415.74  2980  1158 1.8 
 415.8  2985  1230 1.7 
 415.87  2990  1303 2.2 
 415.93  2995  1375 2.5 
 415.98  3000  1447 2.8 
 416.49  3005  1520 4.4 
 416.54  3010  1592 3.8 
 416.59  3015  1665 4.8 
 416.63  3020  1738 4.6 
 416.68  3025  1811 7.8 
 416.73  3030  1884 12 
 416.78  3035  1957 15.2 
 416.83  3040  2030 18.4 
 416.88  3045  2103 23 
 416.93  3050  2176 38 
 416.98  3055  2250 51.6 
 417.02  3060  2323 49.2 
 417.07  3065  2397 65.2 
 417.12  3070  2470 96 
 417.17  3075  2544 156.6 
 417.22  3080  2618 174.2 
 417.26  3085  2692 204.4 
 417.31  3090  2766 211.2 
 417.36  3095  2840 279.2 
 417.4  3100  2914 340.5 
 417.88  3105  2989 507.5 
 417.92  3110  3063 729.5 
 417.95  3115  3138 749 
 417.99  3120  3212 801 
 418.02  3125  3287 1060 
 418.06  3130  3362 1219.5 
 418.1  3135  3437 1146.5 
 418.13  3140  3512 1523 
 418.17  3145  3587 1509 
 418.2  3150  3662 1983.5 
 418.24  3155  3738 1687 
 418.27  3160  3813 1482.5 
 418.31  3165  3889 2238 
 418.34  3170  3964 2666 
 418.38  3175  4040 2668 
 418.42  3180  4116 2107 
 418.45  3185  4192 2731.5 
 418.49  3190  4268 3234 
 418.52  3195  4344 2489.5 
 418.56  3200  4420 2728.5 
 419.07  3205  4497 3423 
 419.11  3210  4573 3220 
 419.14  3215  4650 2796 
 419.18  3220  4726 2776.5 
 419.22  3225  4803 2195.5 
 419.25  3230  4880 2109 
 419.29  3235  4957 2590.5 
 419.32  3240  5034 2804.5 
 419.36  3245  5112 2577.5 
 419.4  3250  5189 2034 
 419.43  3255  5266 2347.5 
 419.47  3260  5344 2720.5 
 419.5  3265  5422 2594.5 
 419.54  3270  5499 2308 
 419.58  3275  5577 1915.5 
 419.61  3280  5655 1509 
 419.64  3285  5733 1454 
 419.68  3290  5812 1612 
 419.71  3295  5890 1600 
 419.75  3300  5968 1411 
 420.27  3305  6047 977.5 
 420.31  3310  6126 857.5 
 420.34  3315  6205 783.5 
 420.38  3320  6283 755 
 420.42  3325  6363 645.5 
 420.45  3330  6442 532.5 
 420.49  3335  6521 408.5 
 420.52  3340  6600 373.5 
 420.56  3345  6680 353.5 
 420.6  3350  6760 287.5 
 420.63  3355  6839 273.5 
 420.67  3360  6919 165.5 
 420.7  3365  6999 165 
 420.74  3370  7079 108 
 420.77  3375  7160 133 
 420.81  3380  7240 94 
 420.85  3385  7320 94 
 420.88  3390  7401 76 
 420.92  3395  7482 71 
 420.95  3400  7563 53.5 
end
dr 6  0  7  648.5  9739.858  7850.262  462.9892 
uaIntegration time is 0.2294 seconds per sampledt  4E-08 cy 1dh140217Thessaloniki 40.634-22.956 2.5pr1000dark .25 
 450.1  2900  16 2.6 
 450.14  2905  87 2.8 
 450.19  2910  158 2.6 
 450.23  2915  229 3 
 450.27  2920  300 3.2 
 450.32  2925  371 4.2 
 450.36  2930  442 3 
 450.4  2935  513 3.2 
 450.45  2940  585 2.8 
 450.49  2945  656 3.2 
 450.54  2950  728 3 
 450.58  2955  799 3.4 
 450.62  2960  871 2.8 
 450.67  2965  943 3.2 
 450.71  2970  1014 3.4 
 450.76  2975  1086 3.4 
 450.8  2980  1158 4.8 
 450.84  2985  1230 4.2 
 450.89  2990  1303 4.8 
 450.94  2995  1375 4.4 
 450.99  3000  1447 5.8 
 451.5  3005  1520 6.4 
 451.55  3010  1592 8.600001 
 451.6  3015  1665 12.4 
 451.64  3020  1738 12 
 451.69  3025  1811 18.6 
 451.74  3030  1884 42.2 
 451.79  3035  1957 48.2 
 451.84  3040  2030 49.4 
 451.89  3045  2103 73.8 
 451.94  3050  2176 123.6 
 451.98  3055  2250 164 
 452.03  3060  2323 150.4 
 452.08  3065  2397 201.6 
 452.13  3070  2470 309.8 
 452.18  3075  2544 458.8 
 452.22  3080  2618 512.6 
 452.27  3085  2692 616.8 
 452.32  3090  2766 610.6 
 452.37  3095  2840 739 
 452.4  3100  2914 874 
 452.88  3105  2989 1346.5 
 452.92  3110  3063 1812 
 452.95  3115  3138 1832.5 
 452.99  3120  3212 1929.5 
 453.02  3125  3287 2460 
 453.06  3130  3362 2703 
 453.09  3135  3437 2582 
 453.13  3140  3512 3258.5 
 453.16  3145  3587 3165 
 453.2  3150  3662 4017 
 453.24  3155  3738 3403.5 
 453.27  3160  3813 2876.5 
 453.31  3165  3889 4215 
 453.34  3170  3964 5036 
 453.38  3175  4040 5117.5 
 453.42  3180  4116 3976 
 453.45  3185  4192 4754 
 453.49  3190  4268 5680.5 
 453.52  3195  4344 4423 
 453.56  3200  4420 4885.5 
 454.06  3205  4497 5901 
 454.1  3210  4573 5393 
 454.13  3215  4650 4700 
 454.17  3220  4726 4744 
 454.21  3225  4803 3735.5 
 454.24  3230  4880 3538.5 
 454.28  3235  4957 4101.5 
 454.31  3240  5034 4460 
 454.35  3245  5112 4150 
 454.39  3250  5189 3340.5 
 454.42  3255  5266 3769.5 
 454.46  3260  5344 4254.5 
 454.49  3265  5422 14449.5 
 454.52  3270  5499 3600 
 454.56  3275  5577 3020 
 454.59  3280  5655 2393 
 454.63  3285  5733 2293.5 
 454.66  3290  5812 2466 
 454.7  3295  5890 2463 
 454.73  3300  5968 2180.5 
 455.24  3305  6047 1550 
 455.28  3310  6126 1366.5 
 455.32  3315  6205 1202 
 455.35  3320  6283 1129 
 455.39  3325  6363 987 
 455.42  3330  6442 815.5 
 455.46  3335  6521 648.5 
 455.49  3340  6600 581 
 455.53  3345  6680 550 
 455.57  3350  6760 455.5 
 455.6  3355  6839 436.5 
 455.64  3360  6919 246.5 
 455.67  3365  6999 257.5 
 455.71  3370  7079 178.5 
 455.75  3375  7160 203 
 455.78  3380  7240 162.5 
 455.82  3385  7320 140.5 
 455.85  3390  7401 113.5 
 455.89  3395  7482 98.5 
 455.93  3400  7563 89 
end
dr 6  0  34.6  5677  41599.77  24219.18  1328.32 
uzIntegration time is 0.2294 seconds per sampledt  4E-08 cy 1dh140217Thessaloniki 40.634-22.956 2.62pr1000dark .35 
 482.89  2900  16 3.8 
 482.95  2905  87 4.4 
 483.02  2910  158 5.5 
 483.08  2915  229 5.4 
 483.15  2920  300 5.4 
 483.21  2925  371 4.5 
 483.28  2930  442 4.7 
 483.35  2935  513 4.5 
 483.42  2940  585 5.3 
 483.48  2945  656 5.1 
 483.55  2950  728 5.2 
 483.61  2955  799 5.6 
 483.68  2960  871 5.1 
 483.75  2965  943 5.3 
 483.81  2970  1014 4.8 
 483.88  2975  1086 5.7 
 483.94  2980  1158 6.7 
 484.01  2985  1230 6.2 
 484.08  2990  1303 7.5 
 484.14  2995  1375 9.3 
 484.19  3000  1447 10.2 
 484.68  3005  1520 12.8 
 484.73  3010  1592 18 
 484.78  3015  1665 28.6 
 484.83  3020  1738 27.8 
 484.88  3025  1811 43.4 
 484.92  3030  1884 89.6 
 484.97  3035  1957 132.8 
 485.02  3040  2030 134.2 
 485.07  3045  2103 187.4 
 485.12  3050  2176 301.6 
 485.17  3055  2250 390.4 
 485.22  3060  2323 367.2 
 485.27  3065  2397 490.4 
 485.32  3070  2470 726.2 
 485.37  3075  2544 1004.2 
 485.41  3080  2618 1117.6 
 485.46  3085  2692 1283.2 
 485.51  3090  2766 1304.8 
 485.56  3095  2840 1511 
 485.59  3100  2914 1708.5 
 486.06  3105  2989 2459 
 486.1  3110  3063 3371 
 486.13  3115  3138 3356 
 486.17  3120  3212 3381.5 
 486.2  3125  3287 4183.5 
 486.24  3130  3362 4648.5 
 486.28  3135  3437 4469.5 
 486.31  3140  3512 5495.5 
 486.35  3145  3587 5017.5 
 486.38  3150  3662 6396.5 
 486.42  3155  3738 5710 
 486.45  3160  3813 4626.5 
 486.49  3165  3889 6481.5 
 486.52  3170  3964 7693 
 486.56  3175  4040 7928 
 486.59  3180  4116 6081.5 
 486.63  3185  4192 7009 
 486.66  3190  4268 8301 
 486.7  3195  4344 6542.5 
 486.74  3200  4420 7307 
 487.24  3205  4497 8600.5 
 487.28  3210  4573 7474 
 487.31  3215  4650 6593.5 
 487.35  3220  4726 6802.5 
 487.38  3225  4803 5457 
 487.42  3230  4880 5019 
 487.45  3235  4957 5747.5 
 487.49  3240  5034 6133.5 
 487.52  3245  5112 5769.5 
 487.56  3250  5189 4689.5 
 487.59  3255  5266 5251.5 
 487.63  3260  5344 5913.5 
 487.66  3265  5422 5405 
 487.7  3270  5499 4976.5 
 487.73  3275  5577 4204.5 
 487.77  3280  5655 3390.5 
 487.8  3285  5733 3123 
 487.84  3290  5812 3300.5 
 487.88  3295  5890 3291.5 
 487.91  3300  5968 2979.5 
 488.41  3305  6047 2145.5 
 488.45  3310  6126 1832 
 488.48  3315  6205 1653.5 
 488.52  3320  6283 1501 
 488.55  3325  6363 1312.5 
 488.59  3330  6442 1115 
 488.62  3335  6521 827.5 
 488.66  3340  6600 779 
 488.7  3345  6680 743.5 
 488.73  3350  6760 608 
 488.77  3355  6839 558 
 488.8  3360  6919 368 
 488.84  3365  6999 348.5 
 488.88  3370  7079 238.5 
 488.91  3375  7160 249.5 
 488.95  3380  7240 212.5 
 488.98  3385  7320 196 
 489.02  3390  7401 149 
 489.06  3395  7482 148.5 
 489.1  3400  7563 120 
end
dr 6  0  101.2  18646  94894.64  45956.18  2356.364 
uzIntegration time is 0.2294 seconds per sampledt  4E-08 cy 1dh140217Thessaloniki 40.634-22.956 2.66pr1000dark .5 
 490.66  2900  16 4.4 
 490.72  2905  87 4.3 
 490.79  2910  158 4.6 
 490.85  2915  229 5 
 490.92  2920  300 5.6 
 490.98  2925  371 5.3 
 491.05  2930  442 4.8 
 491.12  2935  513 4.8 
 491.19  2940  585 5.2 
 491.25  2945  656 5.8 
 491.32  2950  728 5.6 
 491.38  2955  799 5.5 
 491.45  2960  871 5 
 491.52  2965  943 5.8 
 491.58  2970  1014 6.4 
 491.65  2975  1086 5.9 
 491.72  2980  1158 7.8 
 491.78  2985  1230 7.6 
 491.85  2990  1303 8.3 
 491.92  2995  1375 10.4 
 491.96  3000  1447 12 
 492.45  3005  1520 14.2 
 492.5  3010  1592 21.8 
 492.55  3015  1665 37 
 492.6  3020  1738 39.8 
 492.64  3025  1811 57.2 
 492.69  3030  1884 110.2 
 492.74  3035  1957 153.4 
 492.79  3040  2030 152 
 492.84  3045  2103 227.2 
 492.88  3050  2176 354 
 492.93  3055  2250 456.4 
 492.98  3060  2323 429.6 
 493.03  3065  2397 567.8 
 493.08  3070  2470 824.8 
 493.13  3075  2544 1165 
 493.18  3080  2618 1302 
 493.22  3085  2692 1502.6 
 493.27  3090  2766 1456.8 
 493.32  3095  2840 1716.6 
 493.36  3100  2914 1924.5 
 493.82  3105  2989 2824.5 
 493.86  3110  3063 3820.5 
 493.89  3115  3138 3814 
 493.93  3120  3212 3797.5 
 493.96  3125  3287 4654 
 494  3130  3362 5111 
 494.03  3135  3437 4949.5 
 494.07  3140  3512 6060 
 494.1  3145  3587 5564.5 
 494.14  3150  3662 6951.5 
 494.18  3155  3738 6169 
 494.21  3160  3813 5005.5 
 494.25  3165  3889 7001 
 494.29  3170  3964 8328 
 494.32  3175  4040 8644.5 
 494.36  3180  4116 6529.5 
 494.39  3185  4192 7573 
 494.43  3190  4268 8844.5 
 494.46  3195  4344 6988 
 494.5  3200  4420 7829 
 494.99  3205  4497 9253 
 495.03  3210  4573 7999 
 495.07  3215  4650 7005.5 
 495.1  3220  4726 7182.5 
 495.14  3225  4803 5821 
 495.17  3230  4880 5242.5 
 495.21  3235  4957 6071.5 
 495.24  3240  5034 6479.5 
 495.28  3245  5112 6023 
 495.31  3250  5189 5007.5 
 495.35  3255  5266 5642 
 495.39  3260  5344 6288 
 495.42  3265  5422 5746.5 
 495.46  3270  5499 5245 
 495.49  3275  5577 4416.5 
 495.53  3280  5655 3546.5 
 495.56  3285  5733 3312 
 495.6  3290  5812 3433.5 
 495.63  3295  5890 3539 
 495.67  3300  5968 3097.5 
 496.16  3305  6047 2249.5 
 496.2  3310  6126 1959.5 
 496.24  3315  6205 1728 
 496.27  3320  6283 1595.5 
 496.31  3325  6363 1389.5 
 496.34  3330  6442 1190.5 
 496.38  3335  6521 911 
 496.42  3340  6600 826 
 496.45  3345  6680 782 
 496.49  3350  6760 629.5 
 496.52  3355  6839 594 
 496.56  3360  6919 354.5 
 496.6  3365  6999 364.5 
 496.63  3370  7079 262 
 496.67  3375  7160 280 
 496.7  3380  7240 218 
 496.74  3385  7320 205 
 496.78  3390  7401 158.5 
 496.81  3395  7482 143.5 
 496.85  3400  7563 130.5 
end
dr 6  0  118.6  23135.5  102151.8  50268.59  2624.099 
uaIntegration time is 0.2294 seconds per sampledt  4E-08 cy 1dh140217Thessaloniki 40.634-22.956 2.74pr1000dark .55 
 525.09  2900  16 7 
 525.14  2905  87 4.4 
 525.18  2910  158 5.8 
 525.23  2915  229 7.8 
 525.27  2920  300 6.8 
 525.31  2925  371 7.6 
 525.36  2930  442 7.8 
 525.4  2935  513 6.8 
 525.45  2940  585 6.6 
 525.49  2945  656 7.4 
 525.53  2950  728 6.8 
 525.58  2955  799 8 
 525.62  2960  871 6.6 
 525.67  2965  943 9.2 
 525.71  2970  1014 8.2 
 525.75  2975  1086 7.8 
 525.8  2980  1158 11.2 
 525.84  2985  1230 11.4 
 525.89  2990  1303 13.2 
 525.94  2995  1375 17.6 
 525.99  3000  1447 26.6 
 526.48  3005  1520 27.8 
 526.53  3010  1592 42.6 
 526.57  3015  1665 71.6 
 526.62  3020  1738 73.4 
 526.67  3025  1811 118.4 
 526.72  3030  1884 206 
 526.77  3035  1957 289.8 
 526.81  3040  2030 293.6 
 526.86  3045  2103 406.6 
 526.91  3050  2176 625.6 
 526.96  3055  2250 828.8 
 527.01  3060  2323 751.6 
 527.06  3065  2397 974 
 527.11  3070  2470 1354.4 
 527.16  3075  2544 1886 
 527.2  3080  2618 2079 
 527.25  3085  2692 2357.2 
 527.3  3090  2766 2274.4 
 527.35  3095  2840 2567.4 
 527.39  3100  2914 2872 
 527.84  3105  2989 4197 
 527.88  3110  3063 5591.5 
 527.91  3115  3138 5606 
 527.95  3120  3212 5448 
 527.99  3125  3287 6542 
 528.02  3130  3362 7199.5 
 528.06  3135  3437 6920.5 
 528.09  3140  3512 8409.5 
 528.13  3145  3587 7513 
 528.16  3150  3662 9466 
 528.2  3155  3738 8409 
 528.23  3160  3813 6730.5 
 528.27  3165  3889 9386.5 
 528.3  3170  3964 10890.5 
 528.34  3175  4040 11471 
 528.38  3180  4116 8688 
 528.41  3185  4192 9698.5 
 528.45  3190  4268 11439.5 
 528.48  3195  4344 9041.5 
 528.52  3200  4420 10155.5 
 529.01  3205  4497 11746.5 
 529.04  3210  4573 10230 
 529.08  3215  4650 8885.5 
 529.11  3220  4726 9183 
 529.15  3225  4803 7501 
 529.18  3230  4880 6737.5 
 529.22  3235  4957 7589.5 
 529.25  3240  5034 8112 
 529.29  3245  5112 7672 
 529.32  3250  5189 6384.5 
 529.36  3255  5266 7089.5 
 529.39  3260  5344 7808 
 529.43  3265  5422 7133 
 529.47  3270  5499 6492.5 
 529.5  3275  5577 5519 
 529.54  3280  5655 4429 
 529.57  3285  5733 4122 
 529.61  3290  5812 4265 
 529.64  3295  5890 4320 
 529.68  3300  5968 3848.5 
 530.17  3305  6047 2720.5 
 530.2  3310  6126 2456.5 
 530.23  3315  6205 2121.5 
 530.27  3320  6283 1972 
 530.31  3325  6363 1690.5 
 530.35  3330  6442 1450 
 530.38  3335  6521 1116 
 530.42  3340  6600 1018.5 
 530.45  3345  6680 968.5 
 530.49  3350  6760 776.5 
 530.53  3355  6839 715.5 
 530.56  3360  6919 438 
 530.6  3365  6999 444.5 
 530.63  3370  7079 299 
 530.67  3375  7160 345 
 530.71  3380  7240 263 
 530.74  3385  7320 258.5 
 530.78  3390  7401 195.5 
 530.81  3395  7482 172 
 530.85  3400  7563 153 
end
dr 6  0  282.6  41554.5  162910  70771.98  3342.989 
uzIntegration time is 0.2294 seconds per sampledt  4E-08 cy 1dh140217Thessaloniki 40.634-22.956 2.88pr1000dark .6 
 587.34  2900  16 8.899999 
 587.4  2905  87 8.5 
 587.47  2910  158 8.5 
 587.53  2915  229 10.5 
 587.6  2920  300 10.6 
 587.67  2925  371 9.100001 
 587.73  2930  442 8.899999 
 587.8  2935  513 9.399999 
 587.87  2940  585 9.5 
 587.94  2945  656 9.5 
 588  2950  728 10.8 
 588.07  2955  799 10.5 
 588.13  2960  871 10.9 
 588.2  2965  943 11.3 
 588.27  2970  1014 13 
 588.33  2975  1086 15.2 
 588.4  2980  1158 16.8 
 588.46  2985  1230 17.1 
 588.53  2990  1303 28.2 
 588.6  2995  1375 39.3 
 588.64  3000  1447 44.4 
 589.13  3005  1520 58.4 
 589.18  3010  1592 86.8 
 589.23  3015  1665 142 
 589.27  3020  1738 135.6 
 589.32  3025  1811 242.8 
 589.37  3030  1884 430.6 
 589.42  3035  1957 588.6 
 589.47  3040  2030 574.2 
 589.51  3045  2103 813.2 
 589.56  3050  2176 1201.2 
 589.61  3055  2250 1490.2 
 589.66  3060  2323 1334 
 589.71  3065  2397 1707.2 
 589.76  3070  2470 2317.2 
 589.81  3075  2544 3079.8 
 589.86  3080  2618 3380.6 
 589.91  3085  2692 3803.4 
 589.95  3090  2766 3564 
 590  3095  2840 3976 
 590.04  3100  2914 4321 
 590.49  3105  2989 6462 
 590.52  3110  3063 8230.5 
 590.56  3115  3138 8147.5 
 590.6  3120  3212 7858 
 590.63  3125  3287 9338 
 590.67  3130  3362 9966.5 
 590.7  3135  3437 9695.5 
 590.74  3140  3512 11613 
 590.78  3145  3587 10207.5 
 590.81  3150  3662 12597 
 590.85  3155  3738 11378.5 
 590.88  3160  3813 8965.5 
 590.92  3165  3889 12342 
 590.96  3170  3964 14593.5 
 590.99  3175  4040 15144 
 591.03  3180  4116 11123 
 591.06  3185  4192 12807 
 591.1  3190  4268 14580.5 
 591.14  3195  4344 11680.5 
 591.17  3200  4420 13176.5 
 591.65  3205  4497 15026.5 
 591.69  3210  4573 12657.5 
 591.72  3215  4650 11115.5 
 591.76  3220  4726 11640.5 
 591.8  3225  4803 9251.5 
 591.83  3230  4880 8482.5 
 591.87  3235  4957 9469 
 591.9  3240  5034 10113.5 
 591.94  3245  5112 9495.5 
 591.98  3250  5189 7935.5 
 592.01  3255  5266 8851.5 
 592.05  3260  5344 9705.5 
 592.08  3265  5422 8716 
 592.12  3270  5499 7914.5 
 592.15  3275  5577 6724.5 
 592.19  3280  5655 5519 
 592.23  3285  5733 5059.5 
 592.26  3290  5812 5303.5 
 592.3  3295  5890 5183.5 
 592.33  3300  5968 4683 
 592.81  3305  6047 3301.5 
 592.85  3310  6126 3025 
 592.89  3315  6205 2613.5 
 592.92  3320  6283 2355.5 
 592.96  3325  6363 2037.5 
 592.99  3330  6442 1775 
 593.03  3335  6521 1341 
 593.06  3340  6600 1210 
 593.1  3345  6680 1176 
 593.14  3350  6760 947.5 
 593.17  3355  6839 876.5 
 593.21  3360  6919 516.5 
 593.24  3365  6999 541.5 
 593.28  3370  7079 377.5 
 593.32  3375  7160 415 
 593.35  3380  7240 317 
 593.39  3385  7320 304.5 
 593.42  3390  7401 240.5 
 593.46  3395  7482 217 
 593.5  3400  7563 188 
end
dr 6  0  665  67800  225844.7  91734.42  4264.53 
uzIntegration time is 0.2294 seconds per sampledt  4E-08 cy 1dh140217Thessaloniki 40.634-22.956 3pr1000dark 1.1 
 674.66  2900  16 9.399999 
 674.73  2905  87 10 
 674.79  2910  158 9.100001 
 674.86  2915  229 11.6 
 674.93  2920  300 11 
 674.99  2925  371 10.9 
 675.06  2930  442 10.6 
 675.13  2935  513 11.4 
 675.19  2940  585 10.3 
 675.26  2945  656 10 
 675.32  2950  728 11.3 
 675.39  2955  799 11.5 
 675.46  2960  871 12.1 
 675.53  2965  943 12.7 
 675.59  2970  1014 14.8 
 675.66  2975  1086 16.7 
 675.72  2980  1158 19.3 
 675.79  2985  1230 20.8 
 675.85  2990  1303 32.6 
 675.92  2995  1375 45.1 
 675.96  3000  1447 52.4 
 676.48  3005  1520 66.8 
 676.53  3010  1592 106 
 676.58  3015  1665 161.6 
 676.63  3020  1738 170 
 676.68  3025  1811 275.6 
 676.73  3030  1884 503.8 
 676.78  3035  1957 678.8 
 676.82  3040  2030 682 
 676.87  3045  2103 910 
 676.92  3050  2176 1402 
 676.97  3055  2250 1655.8 
 677.02  3060  2323 1537.8 
 677.07  3065  2397 1914.4 
 677.12  3070  2470 2674 
 677.16  3075  2544 3444.8 
 677.21  3080  2618 3727.6 
 677.26  3085  2692 4193.6 
 677.31  3090  2766 3972.2 
 677.36  3095  2840 4279 
 677.39  3100  2914 4623.5 
 677.84  3105  2989 7055 
 677.88  3110  3063 8795 
 677.92  3115  3138 8787 
 677.95  3120  3212 8392.5 
 677.99  3125  3287 10001.5 
 678.02  3130  3362 10620.5 
 678.06  3135  3437 10333.5 
 678.09  3140  3512 12351.5 
 678.13  3145  3587 10678 
 678.17  3150  3662 13441 
 678.2  3155  3738 11833.5 
 678.24  3160  3813 9449.5 
 678.27  3165  3889 12835.5 
 678.31  3170  3964 15209.5 
 678.34  3175  4040 15749.5 
 678.38  3180  4116 11657 
 678.41  3185  4192 13400.5 
 678.45  3190  4268 14991.5 
 678.49  3195  4344 12107.5 
 678.52  3200  4420 13726 
 679  3205  4497 15610.5 
 679.03  3210  4573 13240 
 679.07  3215  4650 11588 
 679.1  3220  4726 12056.5 
 679.14  3225  4803 9720.5 
 679.18  3230  4880 8720 
 679.21  3235  4957 9750.5 
 679.25  3240  5034 10425 
 679.28  3245  5112 9839 
 679.32  3250  5189 8112 
 679.36  3255  5266 9169 
 679.39  3260  5344 10016.5 
 679.43  3265  5422 9010.5 
 679.46  3270  5499 8118 
 679.5  3275  5577 6963 
 679.53  3280  5655 5719 
 679.57  3285  5733 5262 
 679.6  3290  5812 5428.5 
 679.64  3295  5890 5394.5 
 679.67  3300  5968 4742 
 680.16  3305  6047 3431 
 680.19  3310  6126 3110.5 
 680.23  3315  6205 2702.5 
 680.26  3320  6283 2431 
 680.3  3325  6363 2158 
 680.34  3330  6442 1826 
 680.37  3335  6521 1393.5 
 680.41  3340  6600 1257.5 
 680.44  3345  6680 1199.5 
 680.48  3350  6760 988 
 680.52  3355  6839 886.5 
 680.55  3360  6919 534.5 
 680.59  3365  6999 582 
 680.62  3370  7079 374.5 
 680.66  3375  7160 423.5 
 680.7  3380  7240 322 
 680.73  3385  7320 307 
 680.77  3390  7401 235 
 680.81  3395  7482 206 
 680.84  3400  7563 195.5 
end
dr 6  0  852.4  76524  238805.4  95297.69  4570.724 
uzIntegration time is 0.2294 seconds per sampledt  4E-08 cy 1dh140217Thessaloniki 40.634-22.956 3.05pr1000dark 1.4 
 697.95  2900  16 8.600001 
 698.02  2905  87 8.8 
 698.09  2910  158 9.3 
 698.15  2915  229 10.7 
 698.22  2920  300 11 
 698.28  2925  371 11.1 
 698.35  2930  442 10.7 
 698.42  2935  513 10.6 
 698.48  2940  585 9.600001 
 698.55  2945  656 11.1 
 698.62  2950  728 11.2 
 698.68  2955  799 10.9 
 698.75  2960  871 12.2 
 698.82  2965  943 12.9 
 698.88  2970  1014 13 
 698.95  2975  1086 15.9 
 699.02  2980  1158 18.5 
 699.08  2985  1230 20.1 
 699.15  2990  1303 33.3 
 699.21  2995  1375 39.3 
 699.26  3000  1447 48.6 
 699.74  3005  1520 60.4 
 699.82  3010  1592 98.8 
 699.88  3015  1665 148 
 699.92  3020  1738 145.8 
 699.97  3025  1811 249.4 
 700.05  3030  1884 449.6 
 700.1  3035  1957 602.2 
 700.15  3040  2030 604.6 
 700.2  3045  2103 833 
 700.25  3050  2176 1239.4 
 700.33  3055  2250 1493 
 700.4  3060  2323 1402 
 700.48  3065  2397 1727 
 700.55  3070  2470 2378.2 
 700.63  3075  2544 3158.2 
 700.7  3080  2618 3424.8 
 700.78  3085  2692 3824 
 700.84  3090  2766 3656.4 
 700.91  3095  2840 3991.6 
 700.97  3100  2914 4296 
 701.43  3105  2989 6647 
 701.47  3110  3063 8223.5 
 701.52  3115  3138 8123.5 
 701.56  3120  3212 7895.5 
 701.59  3125  3287 9273.5 
 701.62  3130  3362 9855.5 
 701.68  3135  3437 9706 
 701.72  3140  3512 11532 
 701.76  3145  3587 9959.5 
 701.79  3150  3662 12494.5 
 701.83  3155  3738 11036.5 
 701.87  3160  3813 8919 
 701.9  3165  3889 12183 
 701.94  3170  3964 14413.5 
 701.99  3175  4040 14872.5 
 702.04  3180  4116 11056.5 
 702.09  3185  4192 12449 
 702.15  3190  4268 14191 
 702.2  3195  4344 11448.5 
 702.25  3200  4420 12933.5 
 702.73  3205  4497 14700 
 702.77  3210  4573 12566.5 
 702.8  3215  4650 10849.5 
 702.84  3220  4726 11481.5 
 702.87  3225  4803 9358.5 
 702.91  3230  4880 8337 
 702.94  3235  4957 9229.5 
 702.98  3240  5034 9880 
 703.01  3245  5112 9240.5 
 703.05  3250  5189 7625.5 
 703.08  3255  5266 8755 
 703.12  3260  5344 9458 
 703.15  3265  5422 8543 
 703.19  3270  5499 7831.5 
 703.22  3275  5577 6620.5 
 703.26  3280  5655 5457 
 703.29  3285  5733 4977.5 
 703.33  3290  5812 5272.5 
 703.37  3295  5890 5117 
 703.4  3300  5968 4530 
 703.88  3305  6047 3298 
 703.92  3310  6126 2967.5 
 703.95  3315  6205 2616.5 
 703.99  3320  6283 2333 
 704.02  3325  6363 2045.5 
 704.06  3330  6442 1767.5 
 704.1  3335  6521 1344 
 704.13  3340  6600 1239.5 
 704.17  3345  6680 1171 
 704.2  3350  6760 971 
 704.24  3355  6839 857 
 704.28  3360  6919 526 
 704.31  3365  6999 556.5 
 704.35  3370  7079 366.5 
 704.38  3375  7160 392.5 
 704.42  3380  7240 304 
 704.46  3385  7320 301 
 704.5  3390  7401 230.5 
 704.53  3395  7482 206 
 704.57  3400  7563 201.5 
end
dr 6  0  728.2  69494  223854.5  90385.68  4412.45 
uzIntegration time is 0.2294 seconds per sampledt  4E-08 cy 1dh140217Thessaloniki 40.634-22.956 3.05pr1000dark 1.5 
 760.2  2900  16 7.6 
 760.26  2905  87 6.8 
 760.33  2910  158 7.9 
 760.39  2915  229 8.2 
 760.46  2920  300 9 
 760.53  2925  371 8.600001 
 760.59  2930  442 8.3 
 760.66  2935  513 8 
 760.72  2940  585 7.7 
 760.79  2945  656 8.100001 
 760.85  2950  728 7.9 
 760.91  2955  799 8.399999 
 760.98  2960  871 8.600001 
 761.04  2965  943 9.2 
 761.11  2970  1014 9.399999 
 761.17  2975  1086 9.899999 
 761.24  2980  1158 12.1 
 761.31  2985  1230 12.8 
 761.37  2990  1303 16.3 
 761.44  2995  1375 21.9 
 761.48  3000  1447 27.6 
 761.97  3005  1520 37.6 
 762.02  3010  1592 48.8 
 762.07  3015  1665 74 
 762.12  3020  1738 76.2 
 762.16  3025  1811 127.6 
 762.21  3030  1884 245.6 
 762.26  3035  1957 327.2 
 762.31  3040  2030 337 
 762.36  3045  2103 460.2 
 762.4  3050  2176 709.4 
 762.45  3055  2250 878.4 
 762.5  3060  2323 844.8 
 762.55  3065  2397 1058.4 
 762.6  3070  2470 1505.8 
 762.65  3075  2544 2031 
 762.7  3080  2618 2181.2 
 762.75  3085  2692 2511.4 
 762.79  3090  2766 2393.2 
 762.84  3095  2840 2743 
 762.88  3100  2914 2956.5 
 763.34  3105  2989 4281.5 
 763.37  3110  3063 5715 
 763.41  3115  3138 5677.5 
 763.44  3120  3212 5572.5 
 763.48  3125  3287 6626 
 763.51  3130  3362 7194 
 763.55  3135  3437 7026 
 763.59  3140  3512 8482.5 
 763.62  3145  3587 7545.5 
 763.66  3150  3662 9421 
 763.69  3155  3738 8216 
 763.73  3160  3813 6780.5 
 763.77  3165  3889 9401.5 
 763.8  3170  3964 11002 
 763.83  3175  4040 11427.5 
 763.87  3180  4116 8605 
 763.91  3185  4192 9916.5 
 763.94  3190  4268 11158.5 
 763.98  3195  4344 8949.5 
 764.01  3200  4420 10058 
 764.51  3205  4497 11569.5 
 764.54  3210  4573 9881.5 
 764.58  3215  4650 8710 
 764.61  3220  4726 8961 
 764.65  3225  4803 7099.5 
 764.69  3230  4880 6581.5 
 764.72  3235  4957 7372 
 764.76  3240  5034 7869 
 764.79  3245  5112 7362.5 
 764.83  3250  5189 6151 
 764.86  3255  5266 6911 
 764.9  3260  5344 7540 
 764.93  3265  5422 6882 
 764.97  3270  5499 6345 
 765  3275  5577 5332 
 765.04  3280  5655 4339 
 765.07  3285  5733 3969.5 
 765.11  3290  5812 4181 
 765.15  3295  5890 4129.5 
 765.18  3300  5968 3702 
 765.68  3305  6047 2630 
 765.71  3310  6126 2415 
 765.75  3315  6205 2075.5 
 765.78  3320  6283 1917.5 
 765.82  3325  6363 1685.5 
 765.85  3330  6442 1391.5 
 765.89  3335  6521 1064.5 
 765.93  3340  6600 1008.5 
 765.96  3345  6680 941.5 
 766  3350  6760 787 
 766.03  3355  6839 697 
 766.07  3360  6919 419 
 766.1  3365  6999 440 
 766.14  3370  7079 299 
 766.17  3375  7160 322 
 766.21  3380  7240 245 
 766.24  3385  7320 246 
 766.28  3390  7401 177 
 766.32  3395  7482 170 
 766.36  3400  7563 155.5 
end
dr 6  0  341  45569.5  177715.3  77822.26  3884.376 
uzIntegration time is 0.2294 seconds per sampledt  4E-08 cy 1dh140217Thessaloniki 40.634-22.956 3.03pr1000dark 1.4 
 794.64  2900  16 5.6 
 794.7  2905  87 6.2 
 794.77  2910  158 5.7 
 794.83  2915  229 6.4 
 794.9  2920  300 6.5 
 794.96  2925  371 6.4 
 795.03  2930  442 7.1 
 795.09  2935  513 6.4 
 795.15  2940  585 6.3 
 795.22  2945  656 7.1 
 795.28  2950  728 6.1 
 795.35  2955  799 7.1 
 795.42  2960  871 7 
 795.48  2965  943 6.9 
 795.54  2970  1014 7.3 
 795.61  2975  1086 7.7 
 795.67  2980  1158 8.3 
 795.74  2985  1230 8.2 
 795.81  2990  1303 10.8 
 795.88  2995  1375 12.7 
 795.92  3000  1447 16 
 796.42  3005  1520 17 
 796.47  3010  1592 28.2 
 796.52  3015  1665 38 
 796.57  3020  1738 39.4 
 796.62  3025  1811 69.8 
 796.66  3030  1884 128.6 
 796.71  3035  1957 171.6 
 796.76  3040  2030 178 
 796.81  3045  2103 249.6 
 796.86  3050  2176 392.2 
 796.91  3055  2250 509.4 
 796.95  3060  2323 480 
 797  3065  2397 619.2 
 797.05  3070  2470 929.6 
 797.1  3075  2544 1235 
 797.15  3080  2618 1379.8 
 797.2  3085  2692 1569.8 
 797.25  3090  2766 1545.2 
 797.29  3095  2840 1803.2 
 797.33  3100  2914 1968 
 797.8  3105  2989 2952 
 797.83  3110  3063 3868.5 
 797.87  3115  3138 3867 
 797.91  3120  3212 3896 
 797.94  3125  3287 4712.5 
 797.98  3130  3362 5107 
 798.01  3135  3437 4945 
 798.05  3140  3512 6005 
 798.08  3145  3587 5518.5 
 798.12  3150  3662 6888 
 798.15  3155  3738 6119.5 
 798.19  3160  3813 4960.5 
 798.22  3165  3889 7016 
 798.26  3170  3964 8167.5 
 798.29  3175  4040 8505.5 
 798.33  3180  4116 6323 
 798.36  3185  4192 7584.5 
 798.4  3190  4268 8590.5 
 798.43  3195  4344 6770 
 798.47  3200  4420 7725 
 798.97  3205  4497 8943.5 
 799.01  3210  4573 7658 
 799.05  3215  4650 6769 
 799.08  3220  4726 6960 
 799.12  3225  4803 5536 
 799.15  3230  4880 5135 
 799.19  3235  4957 5843.5 
 799.22  3240  5034 6363.5 
 799.26  3245  5112 5886.5 
 799.29  3250  5189 4793.5 
 799.33  3255  5266 5445 
 799.36  3260  5344 6051 
 799.4  3265  5422 5551 
 799.43  3270  5499 5053.5 
 799.47  3275  5577 4250.5 
 799.5  3280  5655 3453 
 799.54  3285  5733 3182.5 
 799.57  3290  5812 3400 
 799.61  3295  5890 3350 
 799.65  3300  5968 2972.5 
 800.15  3305  6047 2134 
 800.19  3310  6126 1863.5 
 800.22  3315  6205 1670 
 800.26  3320  6283 1537 
 800.29  3325  6363 1331 
 800.33  3330  6442 1150.5 
 800.37  3335  6521 854.5 
 800.4  3340  6600 797.5 
 800.44  3345  6680 752.5 
 800.47  3350  6760 618.5 
 800.51  3355  6839 563.5 
 800.55  3360  6919 350.5 
 800.58  3365  6999 357.5 
 800.62  3370  7079 266 
 800.65  3375  7160 268 
 800.69  3380  7240 202.5 
 800.73  3385  7320 196.5 
 800.76  3390  7401 161.5 
 800.8  3395  7482 140.5 
 800.84  3400  7563 136 
end
dr 6  0  162.8  27352  124470.4  59482.56  2943.605 
uzIntegration time is 0.2294 seconds per sampledt  4E-08 cy 1dh140217Thessaloniki 40.634-22.956 3.03pr1000dark 1.35 
 802.42  2900  16 6.2 
 802.48  2905  87 4.9 
 802.55  2910  158 5.7 
 802.62  2915  229 6.6 
 802.68  2920  300 6.7 
 802.75  2925  371 6.2 
 802.81  2930  442 5.5 
 802.88  2935  513 5.4 
 802.95  2940  585 6.4 
 803.01  2945  656 6.2 
 803.08  2950  728 6.1 
 803.14  2955  799 6.6 
 803.21  2960  871 6 
 803.28  2965  943 6.5 
 803.34  2970  1014 7.1 
 803.41  2975  1086 6.9 
 803.47  2980  1158 8.3 
 803.54  2985  1230 8.2 
 803.61  2990  1303 10.9 
 803.67  2995  1375 11.2 
 803.72  3000  1447 11.8 
 804.21  3005  1520 14.8 
 804.26  3010  1592 24 
 804.31  3015  1665 35.8 
 804.36  3020  1738 37.6 
 804.41  3025  1811 59.8 
 804.45  3030  1884 106.2 
 804.5  3035  1957 144 
 804.55  3040  2030 153.4 
 804.6  3045  2103 217.8 
 804.65  3050  2176 334 
 804.7  3055  2250 423.8 
 804.75  3060  2323 398.8 
 804.8  3065  2397 532.6 
 804.84  3070  2470 780.6 
 804.89  3075  2544 1067.4 
 804.94  3080  2618 1194.8 
 804.99  3085  2692 1375.6 
 805.04  3090  2766 1328.8 
 805.08  3095  2840 1585.6 
 805.12  3100  2914 1739.5 
 805.59  3105  2989 2674 
 805.62  3110  3063 3410.5 
 805.66  3115  3138 3440 
 805.7  3120  3212 3453 
 805.73  3125  3287 4179.5 
 805.77  3130  3362 4662.5 
 805.8  3135  3437 4511 
 805.84  3140  3512 5471 
 805.88  3145  3587 4993 
 805.91  3150  3662 6316 
 805.95  3155  3738 5539.5 
 805.98  3160  3813 4581.5 
 806.02  3165  3889 6459.5 
 806.05  3170  3964 7632 
 806.09  3175  4040 7757 
 806.12  3180  4116 5916.5 
 806.16  3185  4192 6965 
 806.19  3190  4268 7961 
 806.23  3195  4344 6360 
 806.27  3200  4420 7156 
 806.76  3205  4497 8349 
 806.8  3210  4573 7137 
 806.84  3215  4650 6403 
 806.88  3220  4726 6504 
 806.91  3225  4803 5213 
 806.95  3230  4880 4819.5 
 806.98  3235  4957 5521 
 807.02  3240  5034 5903.5 
 807.05  3245  5112 5432 
 807.09  3250  5189 4484.5 
 807.12  3255  5266 5171 
 807.16  3260  5344 5643.5 
 807.19  3265  5422 5169 
 807.23  3270  5499 4700.5 
 807.27  3275  5577 4047 
 807.3  3280  5655 3221 
 807.34  3285  5733 3044 
 807.37  3290  5812 3203 
 807.41  3295  5890 3178 
 807.44  3300  5968 2786.5 
 807.94  3305  6047 1972.5 
 807.98  3310  6126 1763.5 
 808.02  3315  6205 1562 
 808.05  3320  6283 1446.5 
 808.09  3325  6363 1240 
 808.12  3330  6442 1050 
 808.16  3335  6521 794 
 808.2  3340  6600 767 
 808.23  3345  6680 709.5 
 808.27  3350  6760 581.5 
 808.3  3355  6839 548 
 808.34  3360  6919 324 
 808.37  3365  6999 331 
 808.41  3370  7079 226.5 
 808.45  3375  7160 236.5 
 808.48  3380  7240 187.5 
 808.52  3385  7320 205 
 808.55  3390  7401 140.5 
 808.59  3395  7482 134.5 
 808.63  3400  7563 116 
end
dr 6  0  140.8  23440.5  111606.7  54112.98  2811.957 
uzIntegration time is 0.2294 seconds per sampledt  4E-08 cy 1dh140217Thessaloniki 40.634-22.956 3.01pr1000dark 1.45 
 838.21  2900  16 3.8 
 838.28  2905  87 4 
 838.34  2910  158 3.5 
 838.41  2915  229 5.2 
 838.48  2920  300 4.7 
 838.54  2925  371 5 
 838.61  2930  442 4.5 
 838.67  2935  513 4.6 
 838.74  2940  585 4.8 
 838.81  2945  656 3.6 
 838.87  2950  728 4.4 
 838.94  2955  799 5.3 
 839  2960  871 5.3 
 839.07  2965  943 4.9 
 839.13  2970  1014 4.9 
 839.2  2975  1086 3.9 
 839.26  2980  1158 4.7 
 839.33  2985  1230 5.2 
 839.4  2990  1303 6.4 
 839.46  2995  1375 6.4 
 839.5  3000  1447 7 
 840.01  3005  1520 8 
 840.06  3010  1592 10.4 
 840.11  3015  1665 13.6 
 840.16  3020  1738 13.4 
 840.21  3025  1811 23.2 
 840.26  3030  1884 38.8 
 840.31  3035  1957 57 
 840.35  3040  2030 56.8 
 840.4  3045  2103 84.6 
 840.45  3050  2176 127.2 
 840.5  3055  2250 169 
 840.55  3060  2323 172.2 
 840.6  3065  2397 225.2 
 840.65  3070  2470 344.4 
 840.7  3075  2544 475.6 
 840.75  3080  2618 537.6 
 840.8  3085  2692 646.4 
 840.85  3090  2766 627.4 
 840.89  3095  2840 785.2 
 840.93  3100  2914 899 
 841.41  3105  2989 1338 
 841.45  3110  3063 1801 
 841.48  3115  3138 1837 
 841.52  3120  3212 1911 
 841.56  3125  3287 2423.5 
 841.59  3130  3362 2650 
 841.63  3135  3437 2552.5 
 841.67  3140  3512 3184 
 841.7  3145  3587 3038.5 
 841.74  3150  3662 3876.5 
 841.77  3155  3738 3350.5 
 841.8  3160  3813 2800.5 
 841.84  3165  3889 4033 
 841.88  3170  3964 4808.5 
 841.91  3175  4040 4889 
 841.95  3180  4116 3766.5 
 841.98  3185  4192 4601.5 
 842.02  3190  4268 5367.5 
 842.05  3195  4344 4182 
 842.09  3200  4420 4706.5 
 842.61  3205  4497 5552 
 842.64  3210  4573 4903 
 842.68  3215  4650 4383 
 842.71  3220  4726 4369.5 
 842.75  3225  4803 3532.5 
 842.78  3230  4880 3340 
 842.82  3235  4957 3840.5 
 842.86  3240  5034 4161.5 
 842.89  3245  5112 3770 
 842.93  3250  5189 3109 
 842.96  3255  5266 3589.5 
 843  3260  5344 3981.5 
 843.03  3265  5422 3692.5 
 843.07  3270  5499 3359.5 
 843.1  3275  5577 2822 
 843.14  3280  5655 2250.5 
 843.18  3285  5733 2104 
 843.21  3290  5812 2306 
 843.25  3295  5890 2277 
 843.28  3300  5968 2013.5 
 843.8  3305  6047 1420 
 843.84  3310  6126 1262.5 
 843.87  3315  6205 1117 
 843.91  3320  6283 1024.5 
 843.94  3325  6363 905.5 
 843.98  3330  6442 769.5 
 844.02  3335  6521 594 
 844.05  3340  6600 547 
 844.09  3345  6680 519.5 
 844.12  3350  6760 414.5 
 844.16  3355  6839 380.5 
 844.19  3360  6919 233.5 
 844.23  3365  6999 236 
 844.26  3370  7079 167 
 844.3  3375  7160 188 
 844.34  3380  7240 145 
 844.37  3385  7320 128.5 
 844.41  3390  7401 99 
 844.45  3395  7482 92 
 844.49  3400  7563 85.5 
end
dr 6  0  58.8  8502.5  59548.64  33304.55  1754.33 
uzIntegration time is 0.2294 seconds per sampledt  4E-08 cy 1dh140217Thessaloniki 40.634-22.956 2.98pr1000dark 1.35 
 876.87  2900  16 2.3 
 876.94  2905  87 2.9 
 877  2910  158 2.5 
 877.07  2915  229 2.9 
 877.13  2920  300 3.1 
 877.2  2925  371 3.2 
 877.26  2930  442 2.9 
 877.32  2935  513 2.4 
 877.39  2940  585 2.7 
 877.46  2945  656 2.6 
 877.52  2950  728 2.5 
 877.58  2955  799 2.6 
 877.65  2960  871 2.5 
 877.71  2965  943 3.4 
 877.78  2970  1014 3 
 877.85  2975  1086 3.1 
 877.91  2980  1158 3.4 
 877.98  2985  1230 2.9 
 878.05  2990  1303 3.4 
 878.11  2995  1375 3.6 
 878.16  3000  1447 3.8 
 878.68  3005  1520 4.2 
 878.73  3010  1592 4.6 
 878.78  3015  1665 7.4 
 878.83  3020  1738 6.4 
 878.88  3025  1811 9.399999 
 878.93  3030  1884 13.4 
 878.97  3035  1957 16.4 
 879.02  3040  2030 17.4 
 879.07  3045  2103 25 
 879.12  3050  2176 40 
 879.17  3055  2250 52.4 
 879.22  3060  2323 47.4 
 879.26  3065  2397 67.4 
 879.31  3070  2470 97.8 
 879.36  3075  2544 139.4 
 879.41  3080  2618 156.4 
 879.46  3085  2692 190 
 879.51  3090  2766 197.8 
 879.56  3095  2840 240.6 
 879.59  3100  2914 288 
 880.09  3105  2989 432.5 
 880.12  3110  3063 594.5 
 880.16  3115  3138 622.5 
 880.19  3120  3212 693 
 880.23  3125  3287 888 
 880.26  3130  3362 993 
 880.3  3135  3437 964 
 880.34  3140  3512 1243.5 
 880.37  3145  3587 1233 
 880.4  3150  3662 1642 
 880.44  3155  3738 1443.5 
 880.48  3160  3813 1265 
 880.51  3165  3889 1856 
 880.55  3170  3964 2240.5 
 880.58  3175  4040 2261 
 880.62  3180  4116 1828.5 
 880.65  3185  4192 2273.5 
 880.69  3190  4268 2774.5 
 880.72  3195  4344 2107 
 880.76  3200  4420 2268 
 881.28  3205  4497 2854 
 881.32  3210  4573 2693.5 
 881.35  3215  4650 2374.5 
 881.39  3220  4726 2309.5 
 881.42  3225  4803 1860 
 881.46  3230  4880 1737 
 881.49  3235  4957 2159.5 
 881.53  3240  5034 2377.5 
 881.56  3245  5112 2186.5 
 881.6  3250  5189 1689 
 881.63  3255  5266 1989 
 881.67  3260  5344 2292.5 
 881.71  3265  5422 2150.5 
 881.74  3270  5499 1991 
 881.78  3275  5577 1619.5 
 881.81  3280  5655 1256.5 
 881.85  3285  5733 1241 
 881.89  3290  5812 1335.5 
 881.92  3295  5890 1375.5 
 881.96  3300  5968 1221.5 
 882.48  3305  6047 843 
 882.52  3310  6126 732.5 
 882.55  3315  6205 659 
 882.59  3320  6283 622.5 
 882.62  3325  6363 559.5 
 882.66  3330  6442 457.5 
 882.69  3335  6521 335.5 
 882.73  3340  6600 307 
 882.77  3345  6680 307 
 882.8  3350  6760 251 
 882.84  3355  6839 243.5 
 882.87  3360  6919 143 
 882.91  3365  6999 147 
 882.95  3370  7079 94.5 
 882.98  3375  7160 108.5 
 883.02  3380  7240 90 
 883.06  3385  7320 81 
 883.09  3390  7401 59.5 
 883.13  3395  7482 58 
 883.17  3400  7563 46 
end
dr 6  0  8.8  663  10276.41  8675.661  483.698 
uzIntegration time is 0.2294 seconds per sampledt  4E-08 cy 1dh140217Thessaloniki 40.634-22.956 2.94pr1000dark 1.35 
 901.22  2900  16 2 
 901.28  2905  87 2.4 
 901.35  2910  158 1.6 
 901.41  2915  229 2.3 
 901.48  2920  300 2 
 901.54  2925  371 2.2 
 901.61  2930  442 1.9 
 901.67  2935  513 2.2 
 901.74  2940  585 1.8 
 901.8  2945  656 1.7 
 901.87  2950  728 1.8 
 901.93  2955  799 1.9 
 902  2960  871 2 
 902.06  2965  943 1.8 
 902.13  2970  1014 1.9 
 902.2  2975  1086 1.7 
 902.27  2980  1158 2.5 
 902.33  2985  1230 1.8 
 902.4  2990  1303 2.7 
 902.46  2995  1375 3.2 
 902.51  3000  1447 3 
 903.03  3005  1520 2.6 
 903.08  3010  1592 3.4 
 903.13  3015  1665 4.2 
 903.18  3020  1738 3.8 
 903.23  3025  1811 5.8 
 903.27  3030  1884 7.8 
 903.32  3035  1957 9.399999 
 903.37  3040  2030 11 
 903.42  3045  2103 14 
 903.47  3050  2176 20.8 
 903.52  3055  2250 22.6 
 903.57  3060  2323 21.2 
 903.62  3065  2397 37.4 
 903.66  3070  2470 41.8 
 903.71  3075  2544 57.4 
 903.76  3080  2618 66.8 
 903.81  3085  2692 72.2 
 903.86  3090  2766 73 
 903.91  3095  2840 98.8 
 903.94  3100  2914 110.5 
 904.45  3105  2989 166 
 904.48  3110  3063 221.5 
 904.52  3115  3138 233.5 
 904.55  3120  3212 257.5 
 904.59  3125  3287 354.5 
 904.63  3130  3362 408 
 904.66  3135  3437 383.5 
 904.69  3140  3512 502.5 
 904.73  3145  3587 531.5 
 904.77  3150  3662 705.5 
 904.8  3155  3738 614 
 904.84  3160  3813 542.5 
 904.87  3165  3889 837.5 
 904.91  3170  3964 1031.5 
 904.94  3175  4040 1039 
 904.98  3180  4116 851.5 
 905.02  3185  4192 1110 
 905.05  3190  4268 1403 
 905.09  3195  4344 1030.5 
 905.12  3200  4420 1107 
 905.66  3205  4497 1464.5 
 905.7  3210  4573 1451 
 905.73  3215  4650 1297 
 905.77  3220  4726 1201.5 
 905.8  3225  4803 965.5 
 905.84  3230  4880 941 
 905.88  3235  4957 1228.5 
 905.91  3240  5034 1351 
 905.95  3245  5112 1202.5 
 905.98  3250  5189 913.5 
 906.02  3255  5266 1088 
 906.06  3260  5344 1329 
 906.09  3265  5422 1297 
 906.13  3270  5499 1178 
 906.16  3275  5577 966 
 906.2  3280  5655 731 
 906.24  3285  5733 719 
 906.27  3290  5812 821 
 906.31  3295  5890 859.5 
 906.34  3300  5968 731.5 
 906.88  3305  6047 481 
 906.92  3310  6126 440.5 
 906.95  3315  6205 392.5 
 906.99  3320  6283 388 
 907.02  3325  6363 327 
 907.06  3330  6442 282.5 
 907.1  3335  6521 211.5 
 907.13  3340  6600 190 
 907.17  3345  6680 176 
 907.2  3350  6760 157 
 907.24  3355  6839 144.5 
 907.27  3360  6919 91.5 
 907.31  3365  6999 91 
 907.34  3370  7079 68.5 
 907.38  3375  7160 64.5 
 907.42  3380  7240 55 
 907.45  3385  7320 50 
 907.49  3390  7401 41.5 
 907.53  3395  7482 35.5 
 907.56  3400  7563 36 
end
dr 6  0  2.2  20  818.4754  1037.73  68.04314 
uzIntegration time is 0.2294 seconds per sampledt  4E-08 cy 1dh140217Thessaloniki 40.634-22.956 2.86pr1000dark .9 
 930.38  2900  16 1.2 
 930.44  2905  87 1.4 
 930.51  2910  158 1.4 
 930.58  2915  229 1.3 
 930.64  2920  300 1.1 
 930.71  2925  371 1 
 930.78  2930  442 1.3 
 930.84  2935  513 1.2 
 930.91  2940  585 1.4 
 930.97  2945  656 1.3 
 931.04  2950  728 1.3 
 931.11  2955  799 1.3 
 931.17  2960  871 1.4 
 931.24  2965  943 1.3 
 931.31  2970  1014 1.3 
 931.37  2975  1086 1.2 
 931.44  2980  1158 1.4 
 931.51  2985  1230 1.5 
 931.58  2990  1303 1.5 
 931.64  2995  1375 1.6 
 931.69  3000  1447 1.8 
 932.22  3005  1520 1.2 
 932.27  3010  1592 2 
 932.32  3015  1665 2.2 
 932.37  3020  1738 2.8 
 932.41  3025  1811 2 
 932.46  3030  1884 4 
 932.51  3035  1957 5 
 932.56  3040  2030 5.4 
 932.61  3045  2103 6.4 
 932.66  3050  2176 9.600001 
 932.71  3055  2250 10.4 
 932.75  3060  2323 10 
 932.8  3065  2397 12.4 
 932.85  3070  2470 14.8 
 932.9  3075  2544 21.6 
 932.95  3080  2618 23.8 
 932.99  3085  2692 31.8 
 933.04  3090  2766 27.2 
 933.09  3095  2840 25.6 
 933.13  3100  2914 37.5 
 933.63  3105  2989 56.5 
 933.67  3110  3063 62 
 933.7  3115  3138 67.5 
 933.74  3120  3212 74 
 933.78  3125  3287 94.5 
 933.81  3130  3362 107.5 
 933.85  3135  3437 95 
 933.88  3140  3512 127 
 933.92  3145  3587 130 
 933.95  3150  3662 173 
 933.99  3155  3738 151 
 934.02  3160  3813 139 
 934.06  3165  3889 211.5 
 934.09  3170  3964 261 
 934.13  3175  4040 260.5 
 934.17  3180  4116 215.5 
 934.2  3185  4192 293 
 934.24  3190  4268 392 
 934.27  3195  4344 280.5 
 934.31  3200  4420 290 
 934.84  3205  4497 413.5 
 934.88  3210  4573 435.5 
 934.92  3215  4650 398.5 
 934.95  3220  4726 343 
 934.99  3225  4803 275.5 
 935.02  3230  4880 295.5 
 935.06  3235  4957 411.5 
 935.09  3240  5034 465.5 
 935.13  3245  5112 402 
 935.17  3250  5189 282.5 
 935.2  3255  5266 365.5 
 935.24  3260  5344 448 
 935.27  3265  5422 486 
 935.31  3270  5499 420.5 
 935.35  3275  5577 338.5 
 935.38  3280  5655 232.5 
 935.41  3285  5733 265 
 935.45  3290  5812 311 
 935.49  3295  5890 329 
 935.52  3300  5968 276.5 
 936.06  3305  6047 176 
 936.1  3310  6126 153.5 
 936.14  3315  6205 143.5 
 936.17  3320  6283 160 
 936.21  3325  6363 140 
 936.24  3330  6442 113 
 936.28  3335  6521 74 
 936.32  3340  6600 73.5 
 936.35  3345  6680 74.5 
 936.39  3350  6760 60 
 936.42  3355  6839 68.5 
 936.46  3360  6919 36.5 
 936.5  3365  6999 37 
 936.53  3370  7079 26 
 936.57  3375  7160 23.5 
 936.6  3380  7240 23.5 
 936.64  3385  7320 17.5 
 936.67  3390  7401 17 
 936.71  3395  7482 15 
 936.75  3400  7563 16.5 
end
dr 6  0  1.6  1  6.062781  2.990576  4.437596 
ufIntegration time is 0.2294 seconds per sampledt  4E-08 cy 1dh140217Thessaloniki 40.634-22.956 2.8pr1000dark .85 
 959.83  2900  16 .8 
 959.89  2905  87 .6 
 959.96  2910  158 1.1 
 960.02  2915  229 1 
 960.09  2920  300 1.1 
 960.15  2925  371 .9 
 960.22  2930  442 1 
 960.29  2935  513 1 
 960.36  2940  585 .9 
 960.42  2945  656 .6 
 960.49  2950  728 1.3 
 960.55  2955  799 .9 
 960.62  2960  871 1.4 
 960.69  2965  943 .9 
 960.75  2970  1014 .9 
 960.82  2975  1086 1 
 960.89  2980  1158 .7 
 960.95  2985  1230 1.3 
 961.02  2990  1303 .8 
 961.08  2995  1375 .8 
 961.13  3000  1447 1 
 961.68  3005  1520 .6 
 961.72  3010  1592 1 
 961.77  3015  1665 .6 
 961.82  3020  1738 1.2 
 961.87  3025  1811 .8 
 961.92  3030  1884 1.6 
 961.97  3035  1957 1.8 
 962.02  3040  2030 1.8 
 962.07  3045  2103 2 
 962.12  3050  2176 3.2 
 962.16  3055  2250 2.6 
 962.21  3060  2323 3.2 
 962.26  3065  2397 4 
 962.31  3070  2470 4 
 962.36  3075  2544 4.6 
 962.4  3080  2618 5.8 
 962.45  3085  2692 7.4 
 962.5  3090  2766 6.2 
 962.55  3095  2840 7 
 962.59  3100  2914 7.5 
 963.1  3105  2989 8.5 
 963.14  3110  3063 15 
 963.17  3115  3138 13 
 963.21  3120  3212 14.5 
 963.25  3125  3287 14.5 
 963.28  3130  3362 17 
 963.32  3135  3437 15.5 
 963.35  3140  3512 20.5 
 963.39  3145  3587 20 
 963.42  3150  3662 25 
 963.46  3155  3738 20.5 
 963.5  3160  3813 19 
 963.53  3165  3889 41.5 
 963.57  3170  3964 32 
 963.6  3175  4040 39 
 963.64  3180  4116 23.5 
 963.68  3185  4192 35 
 963.71  3190  4268 47.5 
 963.75  3195  4344 30.5 
 963.78  3200  4420 36 
 964.33  3205  4497 41.5 
 964.36  3210  4573 40.5 
 964.4  3215  4650 39.5 
 964.43  3220  4726 35.5 
 964.47  3225  4803 29 
 964.5  3230  4880 25 
 964.54  3235  4957 42 
 964.58  3240  5034 44 
 964.61  3245  5112 37 
 964.65  3250  5189 26 
 964.69  3255  5266 33.5 
 964.72  3260  5344 44.5 
 964.76  3265  5422 47.5 
 964.79  3270  5499 44 
 964.83  3275  5577 41 
 964.86  3280  5655 20.5 
 964.9  3285  5733 28.5 
 964.94  3290  5812 33 
 964.97  3295  5890 43.5 
 965.01  3300  5968 30 
 965.55  3305  6047 18.5 
 965.59  3310  6126 16.5 
 965.63  3315  6205 13.5 
 965.66  3320  6283 15.5 
 965.7  3325  6363 17.5 
 965.73  3330  6442 13 
 965.77  3335  6521 9 
 965.8  3340  6600 8 
 965.84  3345  6680 8.5 
 965.88  3350  6760 10 
 965.91  3355  6839 8.5 
 965.95  3360  6919 4 
 965.98  3365  6999 4 
 966.02  3370  7079 2.5 
 966.05  3375  7160 3 
 966.09  3380  7240 3 
 966.13  3385  7320 3 
 966.16  3390  7401 3 
 966.2  3395  7482 1.5 
 966.24  3400  7563 2 
end
dr 6  0  1  1  1.515695  1.495288  2.958398 
