ufIntegration time is 0.2294 seconds per sampledt  3.8E-08 cy 1dh211218Thessaloniki 40.634-22.956 2.41pr1000dark .2 
 349.63  2900  28 .2 
 349.7  2905  99 .1 
 349.77  2910  170 .4 
 349.84  2915  241 .2 
 349.91  2920  312 .2 
 349.98  2925  383 .2 
 350.05  2930  455 .2 
 350.12  2935  526 .3 
 350.19  2940  597 .1 
 350.26  2945  669 .2 
 350.33  2950  741 .2 
 350.4  2955  812 .2 
 350.47  2960  884 .3 
 350.53  2965  956 .2 
 350.6  2970  1028 .4 
 350.67  2975  1100 .2 
 350.74  2980  1172 .2 
 350.81  2985  1244 .2 
 350.88  2990  1316 .2 
 350.95  2995  1388 .4 
 351  3000  1461 .2 
 351.54  3005  1533 .6 
 351.59  3010  1606 .6 
 351.64  3015  1678 .6 
 351.69  3020  1751 .8 
 351.74  3025  1824 .8 
 351.79  3030  1897 1 
 351.83  3035  1969 2.2 
 351.88  3040  2042 1.4 
 351.93  3045  2116 2 
 351.98  3050  2189 3.2 
 352.03  3055  2262 2.8 
 352.07  3060  2335 3.2 
 352.12  3065  2409 3.6 
 352.17  3070  2482 5 
 352.22  3075  2556 6.4 
 352.27  3080  2630 6 
 352.32  3085  2703 7 
 352.37  3090  2777 5.8 
 352.42  3095  2851 7 
 352.45  3100  2925 8 
 352.97  3105  2999 11 
 353  3110  3074 16 
 353.04  3115  3148 16.5 
 353.07  3120  3222 15.5 
 353.11  3125  3297 19.5 
 353.14  3130  3371 21.5 
 353.18  3135  3446 18 
 353.21  3140  3521 23.5 
 353.25  3145  3596 20.5 
 353.28  3150  3671 29 
 353.32  3155  3746 23 
 353.35  3160  3821 24.5 
 353.39  3165  3896 39 
 353.42  3170  3971 39.5 
 353.46  3175  4047 37 
 353.49  3180  4122 33 
 353.53  3185  4198 45 
 353.57  3190  4273 49 
 353.6  3195  4349 35.5 
 353.64  3200  4425 42 
 354.18  3205  4501 43 
 354.21  3210  4577 43 
 354.25  3215  4653 41.5 
 354.29  3220  4729 33 
 354.32  3225  4805 30 
 354.36  3230  4882 39 
 354.39  3235  4958 43.5 
 354.43  3240  5035 53 
 354.46  3245  5112 43.5 
 354.5  3250  5188 29 
 354.53  3255  5265 44.5 
 354.57  3260  5342 49 
 354.6  3265  5419 55 
 354.64  3270  5497 48.5 
 354.68  3275  5574 38.5 
 354.71  3280  5651 28 
 354.75  3285  5729 26 
 354.78  3290  5806 35.5 
 354.82  3295  5884 42.5 
 354.86  3300  5962 35 
 355.4  3305  6040 31.5 
 355.43  3310  6117 21 
 355.47  3315  6196 19 
 355.51  3320  6274 19 
 355.54  3325  6352 18 
 355.58  3330  6430 18 
 355.61  3335  6509 13 
 355.65  3340  6587 10 
 355.69  3345  6666 9 
 355.72  3350  6745 8 
 355.76  3355  6824 9.5 
 355.79  3360  6903 6 
 355.83  3365  6982 5.5 
 355.87  3370  7061 3.5 
 355.9  3375  7141 3.5 
 355.94  3380  7220 2.5 
 355.97  3385  7300 2.5 
 356.01  3390  7379 4.5 
 356.05  3395  7459 4 
 356.08  3400  7539 1 
end
dr 6  0  .2  .5  0  1.495288  1.479199 
uzIntegration time is 0.2294 seconds per sampledt  3.8E-08 cy 1dh211218Thessaloniki 40.634-22.956 2.5pr1000dark .15 
 384.43  2900  28 .5 
 384.5  2905  99 .5 
 384.57  2910  170 .5 
 384.64  2915  241 .6 
 384.71  2920  312 .5 
 384.78  2925  383 .6 
 384.85  2930  455 .5 
 384.91  2935  526 .5 
 384.99  2940  597 .5 
 385.05  2945  669 .6 
 385.13  2950  741 .5 
 385.19  2955  812 .6 
 385.26  2960  884 .4 
 385.33  2965  956 .7 
 385.4  2970  1028 .5 
 385.47  2975  1100 .4 
 385.54  2980  1172 .8 
 385.61  2985  1244 .8 
 385.68  2990  1316 .9 
 385.75  2995  1388 1.1 
 385.8  3000  1461 1 
 386.33  3005  1533 1.4 
 386.38  3010  1606 1.6 
 386.43  3015  1678 2.2 
 386.48  3020  1751 2 
 386.52  3025  1824 3.2 
 386.57  3030  1897 5 
 386.62  3035  1969 6 
 386.67  3040  2042 6.6 
 386.72  3045  2116 8.2 
 386.77  3050  2189 10.6 
 386.82  3055  2262 14.2 
 386.86  3060  2335 12.8 
 386.91  3065  2409 15.6 
 386.96  3070  2482 21.8 
 387.01  3075  2556 37.4 
 387.06  3080  2630 34.8 
 387.11  3085  2703 36 
 387.15  3090  2777 39 
 387.2  3095  2851 44.2 
 387.24  3100  2925 47 
 387.75  3105  2999 78 
 387.78  3110  3074 104.5 
 387.82  3115  3148 99.5 
 387.85  3120  3222 106.5 
 387.89  3125  3297 140 
 387.93  3130  3371 163 
 387.96  3135  3446 152.5 
 388  3140  3521 200.5 
 388.03  3145  3596 216.5 
 388.07  3150  3671 282.5 
 388.1  3155  3746 225.5 
 388.14  3160  3821 219.5 
 388.17  3165  3896 321.5 
 388.21  3170  3971 400.5 
 388.25  3175  4047 382.5 
 388.28  3180  4122 322 
 388.32  3185  4198 459.5 
 388.35  3190  4273 550 
 388.39  3195  4349 400 
 388.42  3200  4425 434.5 
 388.96  3205  4501 605.5 
 389  3210  4577 584 
 389.03  3215  4653 533.5 
 389.07  3220  4729 494.5 
 389.1  3225  4805 402.5 
 389.14  3230  4882 403 
 389.17  3235  4958 528 
 389.21  3240  5035 580 
 389.24  3245  5112 511.5 
 389.28  3250  5188 385.5 
 389.32  3255  5265 445.5 
 389.35  3260  5342 556.5 
 389.38  3265  5419 575.5 
 389.42  3270  5497 523.5 
 389.46  3275  5574 404.5 
 389.49  3280  5651 325 
 389.53  3285  5729 312.5 
 389.56  3290  5806 338 
 389.6  3295  5884 382 
 389.63  3300  5962 326.5 
 390.18  3305  6040 239.5 
 390.21  3310  6117 203 
 390.25  3315  6196 179 
 390.28  3320  6274 180.5 
 390.32  3325  6352 157.5 
 390.35  3330  6430 134.5 
 390.39  3335  6509 100.5 
 390.42  3340  6587 89.5 
 390.46  3345  6666 87.5 
 390.49  3350  6745 75 
 390.53  3355  6824 64.5 
 390.56  3360  6903 45 
 390.6  3365  6982 39.5 
 390.63  3370  7061 32 
 390.67  3375  7141 34 
 390.71  3380  7220 26 
 390.74  3385  7300 23.5 
 390.78  3390  7379 21 
 390.81  3395  7459 16 
 390.85  3400  7539 14 
end
dr 6  0  .4  .5  6.062781  4.485864  1.479199 
uzIntegration time is 0.2294 seconds per sampledt  3.8E-08 cy 1dh211218Thessaloniki 40.634-22.956 2.49pr1000dark .25 
 419.27  2900  28 1 
 419.34  2905  99 1.1 
 419.41  2910  170 1.2 
 419.48  2915  241 1.2 
 419.55  2920  312 .8 
 419.62  2925  383 1.1 
 419.69  2930  455 .8 
 419.76  2935  526 .8 
 419.83  2940  597 1.2 
 419.9  2945  669 1.1 
 419.97  2950  741 .9 
 420.04  2955  812 1 
 420.11  2960  884 1.3 
 420.18  2965  956 .9 
 420.25  2970  1028 1.4 
 420.32  2975  1100 1.7 
 420.39  2980  1172 1.3 
 420.46  2985  1244 1 
 420.52  2990  1316 1.8 
 420.59  2995  1388 2.4 
 420.64  3000  1461 2.6 
 421.17  3005  1533 2.8 
 421.22  3010  1606 2.2 
 421.27  3015  1678 4.6 
 421.31  3020  1751 5.8 
 421.36  3025  1824 8.2 
 421.41  3030  1897 12.2 
 421.46  3035  1969 14.2 
 421.51  3040  2042 13.2 
 421.55  3045  2116 22.6 
 421.6  3050  2189 32.8 
 421.65  3055  2262 37 
 421.7  3060  2335 40.8 
 421.75  3065  2409 43.8 
 421.8  3070  2482 71.2 
 421.85  3075  2556 96.4 
 421.89  3080  2630 104.8 
 421.94  3085  2703 125.8 
 421.99  3090  2777 130 
 422.04  3095  2851 168.8 
 422.07  3100  2925 183 
 422.57  3105  2999 134.5 
 422.61  3110  3074 159.5 
 422.64  3115  3148 169 
 422.68  3120  3222 197 
 422.71  3125  3297 247 
 422.75  3130  3371 257 
 422.78  3135  3446 265.5 
 422.82  3140  3521 332.5 
 422.85  3145  3596 348.5 
 422.89  3150  3671 429.5 
 422.92  3155  3746 335.5 
 422.96  3160  3821 333 
 423  3165  3896 481 
 423.03  3170  3971 576.5 
 423.07  3175  4047 529.5 
 423.1  3180  4122 433.5 
 423.14  3185  4198 614.5 
 423.17  3190  4273 664 
 423.21  3195  4349 519.5 
 423.24  3200  4425 574.5 
 423.77  3205  4501 328.5 
 423.8  3210  4577 283.5 
 423.84  3215  4653 269.5 
 423.87  3220  4729 250.5 
 423.91  3225  4805 212 
 423.94  3230  4882 209 
 423.98  3235  4958 243 
 424.02  3240  5035 266 
 424.05  3245  5112 253 
 424.09  3250  5188 188 
 424.12  3255  5265 228 
 424.16  3260  5342 253.5 
 424.19  3265  5419 239 
 424.23  3270  5497 227.5 
 424.27  3275  5574 178.5 
 424.3  3280  5651 145 
 424.33  3285  5729 133.5 
 424.37  3290  5806 160 
 424.41  3295  5884 150.5 
 424.44  3300  5962 132.5 
 424.97  3305  6040 11.5 
 425  3310  6117 11 
 425.04  3315  6196 9.5 
 425.08  3320  6274 9 
 425.11  3325  6352 10 
 425.15  3330  6430 7 
 425.18  3335  6509 4 
 425.22  3340  6587 4 
 425.26  3345  6666 4 
 425.29  3350  6745 3.5 
 425.33  3355  6824 2.5 
 425.36  3360  6903 2.5 
 425.4  3365  6982 3 
 425.44  3370  7061 1 
 425.47  3375  7141 1.5 
 425.51  3380  7220 1.5 
 425.54  3385  7300 2 
 425.58  3390  7379 1.5 
 425.62  3395  7459 1 
 425.65  3400  7539 1.5 
end
dr 6  0  .2  4  22.73543  4.485864  1.479199 
ufIntegration time is 0.2294 seconds per sampledt  3.8E-08 cy 1dh211218Thessaloniki 40.634-22.956 2.74pr1000dark .4 
 631.42  2900  28 5.7 
 631.49  2905  99 5.2 
 631.56  2910  170 6 
 631.63  2915  241 6.4 
 631.7  2920  312 6 
 631.77  2925  383 7.4 
 631.84  2930  455 6 
 631.91  2935  526 5.8 
 631.98  2940  597 5.7 
 632.05  2945  669 6.3 
 632.12  2950  741 6.8 
 632.19  2955  812 6.7 
 632.26  2960  884 7.3 
 632.33  2965  956 6.8 
 632.4  2970  1028 8 
 632.47  2975  1100 9.7 
 632.54  2980  1172 11.7 
 632.61  2985  1244 12.2 
 632.68  2990  1316 17.5 
 632.75  2995  1388 24 
 632.8  3000  1461 37.6 
 633.29  3005  1533 40.6 
 633.34  3010  1606 67 
 633.38  3015  1678 93.6 
 633.43  3020  1751 93.4 
 633.48  3025  1824 171.8 
 633.53  3030  1897 302.8 
 633.57  3035  1969 395.8 
 633.62  3040  2042 398.4 
 633.67  3045  2116 549.4 
 633.72  3050  2189 854.4 
 633.77  3055  2262 961 
 633.81  3060  2335 945.4 
 633.86  3065  2409 1180.2 
 633.91  3070  2482 1692 
 633.96  3075  2556 2109 
 634.01  3080  2630 2183 
 634.06  3085  2703 2417.6 
 634.11  3090  2777 2172.8 
 634.15  3095  2851 2523.4 
 634.19  3100  2925 2666 
 634.65  3105  2999 4026 
 634.69  3110  3074 5032.5 
 634.72  3115  3148 4991 
 634.76  3120  3222 5113.5 
 634.79  3125  3297 6066.5 
 634.83  3130  3371 6198 
 634.86  3135  3446 5975.5 
 634.9  3140  3521 6920.5 
 634.94  3145  3596 6079 
 634.97  3150  3671 7486 
 635.01  3155  3746 6167 
 635.04  3160  3821 5333.5 
 635.08  3165  3896 7228 
 635.11  3170  3971 8652.5 
 635.15  3175  4047 8449.5 
 635.19  3180  4122 6476 
 635.22  3185  4198 7532.5 
 635.26  3190  4273 8224 
 635.3  3195  4349 6753.5 
 635.33  3200  4425 7642 
 635.83  3205  4501 8453.5 
 635.86  3210  4577 6999.5 
 635.9  3215  4653 6480 
 635.93  3220  4729 6940 
 635.97  3225  4805 5639 
 636  3230  4882 5196 
 636.04  3235  4958 5649.5 
 636.07  3240  5035 6107 
 636.11  3245  5112 5647.5 
 636.15  3250  5188 4582.5 
 636.18  3255  5265 5157 
 636.22  3260  5342 5706.5 
 636.25  3265  5419 5125 
 636.29  3270  5497 4597 
 636.33  3275  5574 3926 
 636.36  3280  5651 3163.5 
 636.4  3285  5729 2821.5 
 636.43  3290  5806 2779 
 636.47  3295  5884 2830.5 
 636.5  3300  5962 2566 
 637  3305  6040 1806.5 
 637.03  3310  6117 1598 
 637.07  3315  6196 1354 
 637.1  3320  6274 1318 
 637.14  3325  6352 1080 
 637.18  3330  6430 958.5 
 637.21  3335  6509 782 
 637.25  3340  6587 645 
 637.28  3345  6666 623.5 
 637.32  3350  6745 509 
 637.36  3355  6824 501 
 637.39  3360  6903 310.5 
 637.43  3365  6982 283.5 
 637.46  3370  7061 223 
 637.5  3375  7141 210 
 637.54  3380  7220 176 
 637.57  3385  7300 159.5 
 637.61  3390  7379 147 
 637.64  3395  7459 106 
 637.68  3400  7539 113 
end
dr 6  0  36.8  4505  13054.68  2710.957  1211.464 
ufIntegration time is 0.2294 seconds per sampledt  3.8E-08 cy 1dh211218Thessaloniki 40.634-22.956 2.88pr1000dark .45 
 653.27  2900  28 3.5 
 653.34  2905  99 4 
 653.41  2910  170 3.8 
 653.48  2915  241 4.5 
 653.55  2920  312 4.6 
 653.62  2925  383 4.6 
 653.69  2930  455 4.9 
 653.76  2935  526 3.9 
 653.83  2940  597 4.1 
 653.9  2945  669 4 
 653.97  2950  741 5.1 
 654.04  2955  812 4.7 
 654.11  2960  884 5.1 
 654.18  2965  956 5.1 
 654.25  2970  1028 5.8 
 654.32  2975  1100 7.2 
 654.39  2980  1172 7.9 
 654.46  2985  1244 8.100001 
 654.53  2990  1316 12.8 
 654.6  2995  1388 16.4 
 654.65  3000  1461 16.6 
 655.14  3005  1533 27.6 
 655.19  3010  1606 38.4 
 655.23  3015  1678 58 
 655.28  3020  1751 55.8 
 655.33  3025  1824 106.2 
 655.38  3030  1897 184 
 655.43  3035  1969 225.2 
 655.47  3040  2042 233.8 
 655.52  3045  2116 334 
 655.57  3050  2189 494.8 
 655.62  3055  2262 545.4 
 655.67  3060  2335 549.2 
 655.72  3065  2409 668 
 655.77  3070  2482 988 
 655.81  3075  2556 1241.6 
 655.86  3080  2630 1332.8 
 655.91  3085  2703 1529.6 
 655.96  3090  2777 1369.2 
 656.01  3095  2851 1654.4 
 656.04  3100  2925 1719 
 656.51  3105  2999 2657 
 656.54  3110  3074 3202.5 
 656.58  3115  3148 3089 
 656.62  3120  3222 3161.5 
 656.65  3125  3297 3714 
 656.69  3130  3371 3975.5 
 656.72  3135  3446 3975.5 
 656.76  3140  3521 4607 
 656.79  3145  3596 4073 
 656.83  3150  3671 4999 
 656.86  3155  3746 4087 
 656.9  3160  3821 3596 
 656.93  3165  3896 4846 
 656.97  3170  3971 5690 
 657.01  3175  4047 5582 
 657.04  3180  4122 4210.5 
 657.07  3185  4198 5028 
 657.11  3190  4273 5394.5 
 657.14  3195  4349 4483 
 657.18  3200  4425 5031 
 657.68  3205  4501 5816.5 
 657.72  3210  4577 4732 
 657.76  3215  4653 4411 
 657.79  3220  4729 4471.5 
 657.83  3225  4805 3675 
 657.86  3230  4882 3334 
 657.9  3235  4958 3688 
 657.93  3240  5035 3928 
 657.97  3245  5112 3748.5 
 658.01  3250  5188 3088 
 658.04  3255  5265 3426.5 
 658.08  3260  5342 3682 
 658.11  3265  5419 3322 
 658.15  3270  5497 3031 
 658.18  3275  5574 2592.5 
 658.22  3280  5651 2160 
 658.25  3285  5729 1938 
 658.29  3290  5806 1971 
 658.32  3295  5884 2022 
 658.36  3300  5962 1821.5 
 658.86  3305  6040 1345 
 658.9  3310  6117 1216 
 658.93  3315  6196 1022 
 658.97  3320  6274 967.5 
 659  3325  6352 818 
 659.04  3330  6430 703.5 
 659.07  3335  6509 565.5 
 659.11  3340  6587 471 
 659.14  3345  6666 466 
 659.18  3350  6745 380.5 
 659.22  3355  6824 356.5 
 659.25  3360  6903 226.5 
 659.29  3365  6982 204.5 
 659.32  3370  7061 164.5 
 659.36  3375  7141 146 
 659.39  3380  7220 134 
 659.43  3385  7300 119.5 
 659.47  3390  7379 110.5 
 659.5  3395  7459 80.5 
 659.54  3400  7539 80 
end
dr 6  0  17  1273.5  2164.413  2791.703  612.3883 
ufIntegration time is 0.2294 seconds per sampledt  3.8E-08 cy 1dh211218Thessaloniki 40.634-22.956 2.86pr1000dark .45 
 683.72  2900  28 4.3 
 683.79  2905  99 4.7 
 683.85  2910  170 5.7 
 683.92  2915  241 5.9 
 683.99  2920  312 5.4 
 684.06  2925  383 5.3 
 684.13  2930  455 4.8 
 684.2  2935  526 4.9 
 684.27  2940  597 4.5 
 684.34  2945  669 5.6 
 684.41  2950  741 5 
 684.48  2955  812 5.3 
 684.55  2960  884 6.3 
 684.61  2965  956 5.9 
 684.68  2970  1028 7.2 
 684.75  2975  1100 8.5 
 684.82  2980  1172 9.7 
 684.89  2985  1244 10.5 
 684.96  2990  1316 14.7 
 685.03  2995  1388 19.7 
 685.08  3000  1461 22.2 
 685.58  3005  1533 28.6 
 685.63  3010  1606 46.4 
 685.68  3015  1678 72.6 
 685.72  3020  1751 71.2 
 685.78  3025  1824 117.4 
 685.82  3030  1897 215 
 685.87  3035  1969 286 
 685.92  3040  2042 297.4 
 685.97  3045  2116 413.4 
 686.02  3050  2189 631.4 
 686.06  3055  2262 730 
 686.11  3060  2335 725.6 
 686.16  3065  2409 894.4 
 686.21  3070  2482 1316.2 
 686.26  3075  2556 1680.4 
 686.31  3080  2630 1781 
 686.36  3085  2703 2005.8 
 686.4  3090  2777 1868 
 686.45  3095  2851 2237.4 
 686.49  3100  2925 2372.5 
 686.95  3105  2999 3661.5 
 686.99  3110  3074 4530 
 687.03  3115  3148 4543.5 
 687.06  3120  3222 4496 
 687.1  3125  3297 5317.5 
 687.13  3130  3371 5617.5 
 687.17  3135  3446 5601.5 
 687.2  3140  3521 6631.5 
 687.24  3145  3596 5898 
 687.28  3150  3671 7422.5 
 687.31  3155  3746 6189.5 
 687.35  3160  3821 5332 
 687.38  3165  3896 7272.5 
 687.42  3170  3971 8617.5 
 687.45  3175  4047 8436 
 687.49  3180  4122 6451.5 
 687.52  3185  4198 7525.5 
 687.56  3190  4273 8400 
 687.59  3195  4349 6903 
 687.63  3200  4425 7571 
 688.13  3205  4501 8775.5 
 688.17  3210  4577 7372.5 
 688.21  3215  4653 6627.5 
 688.24  3220  4729 6847 
 688.28  3225  4805 5594 
 688.31  3230  4882 5055.5 
 688.35  3235  4958 5660.5 
 688.38  3240  5035 5972.5 
 688.42  3245  5112 5710 
 688.46  3250  5188 4711.5 
 688.49  3255  5265 5204.5 
 688.53  3260  5342 5746 
 688.56  3265  5419 5146 
 688.6  3270  5497 4590.5 
 688.63  3275  5574 3837.5 
 688.67  3280  5651 3082.5 
 688.7  3285  5729 2756.5 
 688.74  3290  5806 2792 
 688.77  3295  5884 2834 
 688.81  3300  5962 2528.5 
 689.31  3305  6040 1815.5 
 689.35  3310  6117 1548 
 689.38  3315  6196 1353 
 689.42  3320  6274 1286.5 
 689.45  3325  6352 1065.5 
 689.49  3330  6430 935.5 
 689.52  3335  6509 788 
 689.56  3340  6587 660 
 689.59  3345  6666 631 
 689.63  3350  6745 526.5 
 689.67  3355  6824 496 
 689.7  3360  6903 325 
 689.74  3365  6982 304 
 689.77  3370  7061 233.5 
 689.81  3375  7141 219 
 689.85  3380  7220 198 
 689.88  3385  7300 180.5 
 689.92  3390  7379 161 
 689.95  3395  7459 107.5 
 689.99  3400  7539 106.5 
end
dr 6  0  99.4  18522  35009.53  11672.22  107.9815 
uzIntegration time is 0.2294 seconds per sampledt  3.8E-08 cy 1dh211218Thessaloniki 40.634-22.956 3.07pr1000dark .95 
 747.99  2900  28 3.3 
 748.05  2905  99 3.4 
 748.12  2910  170 3.8 
 748.19  2915  241 3.8 
 748.26  2920  312 3.7 
 748.33  2925  383 3.8 
 748.39  2930  455 3.6 
 748.46  2935  526 3.4 
 748.53  2940  597 3.6 
 748.6  2945  669 3.7 
 748.67  2950  741 3.6 
 748.74  2955  812 3.7 
 748.81  2960  884 3.9 
 748.87  2965  956 3.6 
 748.94  2970  1028 4 
 749.01  2975  1100 4.7 
 749.08  2980  1172 5.5 
 749.15  2985  1244 4.4 
 749.22  2990  1316 6.7 
 749.29  2995  1388 8 
 749.34  3000  1461 9 
 749.85  3005  1533 10.6 
 749.89  3010  1606 14.8 
 749.94  3015  1678 20.4 
 749.99  3020  1751 22 
 750.04  3025  1824 36.8 
 750.09  3030  1897 68 
 750.13  3035  1969 90.4 
 750.18  3040  2042 92.8 
 750.23  3045  2116 138.6 
 750.28  3050  2189 206.6 
 750.33  3055  2262 252.4 
 750.38  3060  2335 259.2 
 750.43  3065  2409 309.4 
 750.47  3070  2482 487.4 
 750.52  3075  2556 639 
 750.57  3080  2630 679.6 
 750.62  3085  2703 795.6 
 750.67  3090  2777 750.6 
 750.71  3095  2851 938.6 
 750.75  3100  2925 989 
 751.22  3105  2999 1548.5 
 751.26  3110  3074 1927.5 
 751.3  3115  3148 1885 
 751.33  3120  3222 1959 
 751.37  3125  3297 2430 
 751.4  3130  3371 2535.5 
 751.44  3135  3446 2549.5 
 751.47  3140  3521 3006.5 
 751.51  3145  3596 2789.5 
 751.54  3150  3671 3458.5 
 751.58  3155  3746 2875 
 751.61  3160  3821 2567 
 751.65  3165  3896 3576 
 751.68  3170  3971 4214.5 
 751.72  3175  4047 4114 
 751.76  3180  4122 3169 
 751.79  3185  4198 3851 
 751.83  3190  4273 4271 
 751.86  3195  4349 3449 
 751.9  3200  4425 3861.5 
 752.41  3205  4501 4425.5 
 752.45  3210  4577 3813.5 
 752.48  3215  4653 3402 
 752.52  3220  4729 3464 
 752.55  3225  4805 2750.5 
 752.59  3230  4882 2592 
 752.62  3235  4958 2893 
 752.66  3240  5035 3121 
 752.7  3245  5112 2880.5 
 752.73  3250  5188 2344 
 752.77  3255  5265 2655.5 
 752.8  3260  5342 2938 
 752.84  3265  5419 2713 
 752.87  3270  5497 2480 
 752.91  3275  5574 2108.5 
 752.94  3280  5651 1740.5 
 752.98  3285  5729 1546 
 753.01  3290  5806 1628.5 
 753.05  3295  5884 1639 
 753.09  3300  5962 1479.5 
 753.6  3305  6040 1065.5 
 753.63  3310  6117 917.5 
 753.67  3315  6196 790.5 
 753.7  3320  6274 757.5 
 753.74  3325  6352 622 
 753.77  3330  6430 554.5 
 753.81  3335  6509 442 
 753.85  3340  6587 371.5 
 753.88  3345  6666 365 
 753.92  3350  6745 297 
 753.95  3355  6824 295 
 753.99  3360  6903 182 
 754.02  3365  6982 166 
 754.06  3370  7061 128 
 754.1  3375  7141 117.5 
 754.13  3380  7220 103 
 754.17  3385  7300 94 
 754.2  3390  7379 77.5 
 754.24  3395  7459 64.5 
 754.27  3400  7539 64 
end
dr 6  0  1.2  71.5  66.69059  29.90576  1.479199 
uzIntegration time is 0.2294 seconds per sampledt  3.8E-08 cy 1dh211218Thessaloniki 40.634-22.956 2.84pr1000dark .85 
 802.75  2900  28 2.5 
 802.82  2905  99 2.8 
 802.89  2910  170 2.4 
 802.96  2915  241 2.5 
 803.03  2920  312 2.3 
 803.1  2925  383 2.7 
 803.17  2930  455 2.7 
 803.24  2935  526 2.3 
 803.31  2940  597 2.6 
 803.38  2945  669 2.8 
 803.45  2950  741 2.3 
 803.52  2955  812 2.5 
 803.59  2960  884 3.1 
 803.66  2965  956 2.7 
 803.74  2970  1028 2.6 
 803.81  2975  1100 2.8 
 803.87  2980  1172 3.3 
 803.94  2985  1244 3 
 804.01  2990  1316 3.7 
 804.08  2995  1388 3.8 
 804.13  3000  1461 5 
 804.65  3005  1533 4.8 
 804.7  3010  1606 6.4 
 804.75  3015  1678 9.399999 
 804.79  3020  1751 8.399999 
 804.84  3025  1824 13.4 
 804.89  3030  1897 19.8 
 804.94  3035  1969 25.6 
 804.99  3040  2042 29.2 
 805.03  3045  2116 43.6 
 805.08  3050  2189 69.2 
 805.14  3055  2262 74.2 
 805.19  3060  2335 78.6 
 805.23  3065  2409 96 
 805.28  3070  2482 162.4 
 805.33  3075  2556 228.2 
 805.38  3080  2630 248.2 
 805.43  3085  2703 293.8 
 805.47  3090  2777 280.8 
 805.52  3095  2851 386.8 
 805.56  3100  2925 417.5 
 806.06  3105  2999 670 
 806.09  3110  3074 848.5 
 806.13  3115  3148 853.5 
 806.17  3120  3222 945.5 
 806.2  3125  3297 1199.5 
 806.24  3130  3371 1298.5 
 806.28  3135  3446 1275 
 806.33  3140  3521 1597.5 
 806.38  3145  3596 1567.5 
 806.41  3150  3671 2037 
 806.45  3155  3746 1625.5 
 806.49  3160  3821 1525 
 806.52  3165  3896 2207 
 806.56  3170  3971 2596 
 806.59  3175  4047 2484 
 806.63  3180  4122 2024 
 806.66  3185  4198 2575.5 
 806.7  3190  4273 2906.5 
 806.73  3195  4349 2287 
 806.77  3200  4425 2561 
 807.29  3205  4501 3121.5 
 807.33  3210  4577 2734 
 807.36  3215  4653 2514 
 807.4  3220  4729 2450 
 807.44  3225  4805 1961.5 
 807.47  3230  4882 1891 
 807.51  3235  4958 2214 
 807.54  3240  5035 2421 
 807.58  3245  5112 2234 
 807.61  3250  5188 1754.5 
 807.65  3255  5265 2014.5 
 807.69  3260  5342 2315 
 807.73  3265  5419 2183 
 807.77  3270  5497 1987 
 807.8  3275  5574 1680.5 
 807.84  3280  5651 1326.5 
 807.88  3285  5729 1288 
 807.91  3290  5806 1344 
 807.95  3295  5884 1377 
 807.98  3300  5962 1232.5 
 808.51  3305  6040 858.5 
 808.55  3310  6117 729 
 808.59  3315  6196 646 
 808.62  3320  6274 650.5 
 808.66  3325  6352 532.5 
 808.69  3330  6430 492.5 
 808.73  3335  6509 364 
 808.76  3340  6587 322.5 
 808.8  3345  6666 315 
 808.84  3350  6745 260 
 808.87  3355  6824 259 
 808.91  3360  6903 154.5 
 808.94  3365  6982 140 
 808.98  3370  7061 103 
 809.02  3375  7141 103 
 809.06  3380  7220 88.5 
 809.09  3385  7300 75.5 
 809.13  3390  7379 81.5 
 809.16  3395  7459 69.5 
 809.2  3400  7539 55 
end
dr 6  0  1.6  140.5  3329.982  3461.592  170.1079 
uzIntegration time is 0.2294 seconds per sampledt  3.8E-08 cy 1dh211218Thessaloniki 40.634-22.956 2.7pr1000dark .45 
 917.28  2900  28 .7 
 917.35  2905  99 .5 
 917.42  2910  170 .8 
 917.49  2915  241 .4 
 917.56  2920  312 .3 
 917.63  2925  383 .5 
 917.7  2930  455 .6 
 917.76  2935  526 .6 
 917.83  2940  597 .7 
 917.9  2945  669 .6 
 917.97  2950  741 .8 
 918.04  2955  812 .7 
 918.11  2960  884 .7 
 918.18  2965  956 .9 
 918.25  2970  1028 .4 
 918.32  2975  1100 .4 
 918.39  2980  1172 .7 
 918.46  2985  1244 .5 
 918.53  2990  1316 .5 
 918.59  2995  1388 .6 
 918.64  3000  1461 .4 
 919.19  3005  1533 .6 
 919.24  3010  1606 .8 
 919.29  3015  1678 .8 
 919.34  3020  1751 .4 
 919.38  3025  1824 .8 
 919.43  3030  1897 .6 
 919.48  3035  1969 1 
 919.53  3040  2042 .8 
 919.57  3045  2116 .8 
 919.62  3050  2189 .8 
 919.67  3055  2262 1 
 919.72  3060  2335 1.4 
 919.77  3065  2409 1 
 919.81  3070  2482 2 
 919.86  3075  2556 1.6 
 919.91  3080  2630 2 
 919.96  3085  2703 1.2 
 920.01  3090  2777 2 
 920.06  3095  2851 1.4 
 920.09  3100  2925 2.5 
 920.62  3105  2999 2 
 920.65  3110  3074 2.5 
 920.69  3115  3148 2 
 920.72  3120  3222 2.5 
 920.76  3125  3297 3 
 920.8  3130  3371 2.5 
 920.83  3135  3446 3 
 920.87  3140  3521 3.5 
 920.9  3145  3596 2 
 920.94  3150  3671 4 
 920.97  3155  3746 2.5 
 921.01  3160  3821 2.5 
 921.04  3165  3896 3.5 
 921.08  3170  3971 4 
 921.11  3175  4047 4.5 
 921.15  3180  4122 5.5 
 921.19  3185  4198 3.5 
 921.22  3190  4273 6.5 
 921.26  3195  4349 3.5 
 921.3  3200  4425 5 
 921.85  3205  4501 5 
 921.89  3210  4577 4.5 
 921.92  3215  4653 5.5 
 921.96  3220  4729 4 
 921.99  3225  4805 3 
 922.03  3230  4882 4 
 922.06  3235  4958 5 
 922.1  3240  5035 5 
 922.14  3245  5112 4.5 
 922.17  3250  5188 4 
 922.21  3255  5265 4 
 922.25  3260  5342 5 
 922.28  3265  5419 3.5 
 922.32  3270  5497 3.5 
 922.35  3275  5574 3 
 922.39  3280  5651 3 
 922.42  3285  5729 2 
 922.46  3290  5806 3 
 922.49  3295  5884 2.5 
 922.53  3300  5962 4.5 
 923.09  3305  6040 2.5 
 923.12  3310  6117 2 
 923.16  3315  6196 2.5 
 923.19  3320  6274 1.5 
 923.23  3325  6352 1.5 
 923.27  3330  6430 1.5 
 923.3  3335  6509 1.5 
 923.34  3340  6587 .5 
 923.37  3345  6666 1.5 
 923.41  3350  6745 .5 
 923.44  3355  6824 1 
 923.48  3360  6903 1 
 923.52  3365  6982 1 
 923.55  3370  7061 0 
 923.59  3375  7141 1 
 923.62  3380  7220 1 
 923.66  3385  7300 .5 
 923.7  3390  7379 .5 
 923.73  3395  7459 .5 
 923.77  3400  7539 .5 
end
dr 6  0  .4  0  0  2.990576  1.479199 
