 3261.055 
5994         7954
6004         9168
6014        10216
6024        10233
6034         9504
6044         8429
6054         7654
6064        16408
6074        52962
6084       113065
6094       174832
6104       238416
6114       301892
6124       364808
6134       416303
6144       443736
6154       432824
6164       384005
6174       326937
6184       268915
6194       208849
6204       142753
6214        79038
6224        30209
6234         5944
6244         1433
6254         1090
6264          950
6274          887
6284          787
6294          741
6294          714
6284          817
6274          869
6264          956
6254         1093
6244         1422
6234         5401
6224        28253
6214        77546
6204       139836
6194       206630
6184       267547
6174       325022
6164       382394
6154       431552
6144       444769
6134       420773
6124       370172
6114       306953
6104       243277
6094       179726
6084       119181
6074        59183
6064        17809
6054         7708
6044         8310
6034         9500
6024        10166
6014        10227
6004         9230
5994         8063
eof
