0.00000      
0.55180      
0.38690      
-0.19350     
-1.35380     
-0.0         
0.3435     
2.35000      
1.15140      
3225        
4020         
0.0000000360 
286          
92           
1757         
0.0000       
4900         
9200         
15780        
21520        
25000        
2816         
mkii        
1            
0            
0            
0            
0            
0            
0            
0            
2925         
0            
0            
1.00000      
0            
0            
0            
0            
2546         
0.99262      
25.47607     
3469         
250          
0.400        
0            
256          
0            
64           
31           
2110         
June 16/2013 
EXTRAS       
1            
0            
0            
25000        
80000        
1            
1            
1127         
-413         
06-04-2017
