 3133.167 
3573           97
3583          106
3593           97
3603          104
3613          103
3623          108
3633          131
3643          426
3653         1472
3663         3456
3673         6102
3683         8822
3693        11638
3703        14502
3713        16848
3723        18126
3733        18014
3743        16570
3753        14052
3763        11246
3773         8283
3783         5502
3793         3008
3803         1136
3813          266
3823           97
3833           94
3843           93
3853           95
3863           91
3873           97
3873           85
3863           91
3853          103
3843          104
3833          101
3823           99
3813          283
3803         1114
3793         3005
3783         5567
3773         8303
3763        11310
3753        14187
3743        16802
3733        18188
3723        17919
3713        16616
3703        14328
3693        11461
3683         8686
3673         5967
3663         3323
3653         1422
3643          424
3633          136
3623          120
3613          104
3603          100
3593           95
3583           94
3573          101
eof
174 mkiii
slit  1 
ZERO  2469 
CalStep 289
TE  28 
ND  0
LAMP custom configuration
PORT U
MODE o3
