0            
-.0028       
-.0817       
-0.1711      
-0.2317      
0            
0.3425       
2.35         
1.1512       
1567         
135          
.000000031   
283          
14           
1694         
0            
4550         
10350        
14450        
21350        
25800        
2972         
mkiii       
1            
0            
0            
0            
0            
0            
0            
0            
0            
0            
242          
-3           
770          
740          
8028         
178          
2526         
1.0100       
-20          
2469         
250          
0            
64           
256          
64           
0            
0            
2213         
June 19/13   
EXTRAS       
1            
0            
0            
25000        
80000        
1            
1            
0            
0            
06-07-2017
