 3261.055 
5496         3378
5506         3870
5516         4038
5526         4027
5536         3713
5546         3248
5556         3587
5566         8924
5576        23127
5586        37600
5596        53512
5606        66733
5616        80511
5626        95352
5636       108814
5646       114847
5656       111852
5666       101832
5676        85591
5686        72876
5696        58575
5706        41082
5716        25281
5726        10249
5736         2062
5746          522
5756          421
5766          327
5776          303
5786          296
5796          274
5796          254
5786          256
5776          285
5766          322
5756          366
5746          468
5736         1910
5726         9618
5716        24838
5706        40412
5696        58025
5686        73027
5676        86549
5666       102098
5656       112573
5646       115982
5636       111116
5626        97804
5616        81673
5606        68010
5596        54676
5586        38937
5576        23606
5566         9301
5556         3701
5546         3184
5536         3630
5526         3977
5516         3935
5506         3803
5496         3328
eof
126 mkii
slit  3 
ZERO  3469 
CalStep 286
TE  34 
ND  2
LAMP Cd
PORT U
MODE o3
