 3341.48 
5326          558
5336          573
5346          577
5356          583
5366          594
5376          621
5386          620
5396          709
5406         4014
5416        17500
5426        31989
5436        46333
5446        59358
5456        72913
5466        88002
5476        98706
5486       101375
5496        94331
5506        80075
5516        65259
5526        50640
5536        38976
5546        25053
5556         9704
5566         1570
5576          746
5586          702
5596          735
5606          687
5616          664
5626          670
5626          675
5616          656
5606          679
5596          701
5586          704
5576          739
5566         1392
5556         7237
5546        22134
5536        38928
5526        52347
5516        64682
5506        78181
5496        92439
5486       100946
5476        97787
5466        87643
5456        74068
5446        60409
5436        46320
5426        32358
5416        18188
5406         5946
5396          923
5386          608
5376          631
5366          593
5356          567
5346          608
5336          570
5326          544
eof
166 mkiv
slit  4 
ZERO  2665 
CalStep 283
TE  33 
ND  0 
