ufIntegration time is 0.2294 seconds per sampledt  3.8E-08 cy 1dh240917Thessaloniki 40.634-22.956 3.07pr1000dark 1.8 
 258.25  2900  28 2.1 
 258.31  2905  99 1.7 
 258.38  2910  170 2 
 258.45  2915  241 2 
 258.51  2920  312 1.8 
 258.58  2925  383 1.9 
 258.64  2930  455 1.5 
 258.71  2935  526 2 
 258.78  2940  597 1.8 
 258.84  2945  669 1.7 
 258.91  2950  741 2.1 
 258.97  2955  812 1.9 
 259.04  2960  884 1.7 
 259.11  2965  956 1.9 
 259.17  2970  1028 2.2 
 259.24  2975  1100 2 
 259.3  2980  1172 1.9 
 259.37  2985  1244 2.1 
 259.44  2990  1316 2.5 
 259.5  2995  1388 1.9 
 259.55  3000  1461 1.6 
 260.08  3005  1533 2.2 
 260.13  3010  1606 2.4 
 260.18  3015  1678 2.2 
 260.23  3020  1751 2.8 
 260.28  3025  1824 3.6 
 260.32  3030  1897 3.8 
 260.37  3035  1969 4 
 260.42  3040  2042 3.6 
 260.47  3045  2116 4 
 260.52  3050  2189 5.2 
 260.56  3055  2262 6.4 
 260.61  3060  2335 5.2 
 260.66  3065  2409 7.6 
 260.71  3070  2482 7.6 
 260.76  3075  2556 10.6 
 260.81  3080  2630 10.6 
 260.86  3085  2703 11.2 
 260.9  3090  2777 10.4 
 260.95  3095  2851 12.2 
 260.99  3100  2925 12.5 
 261.5  3105  2999 22 
 261.54  3110  3074 22 
 261.57  3115  3148 24 
 261.61  3120  3222 22 
 261.65  3125  3297 37 
 261.68  3130  3371 33.5 
 261.72  3135  3446 38.5 
 261.75  3140  3521 38 
 261.79  3145  3596 30 
 261.82  3150  3671 42 
 261.86  3155  3746 44 
 261.89  3160  3821 34.5 
 261.93  3165  3896 51 
 261.97  3170  3971 57.5 
 262  3175  4047 64.5 
 262.04  3180  4122 47.5 
 262.07  3185  4198 75 
 262.11  3190  4273 79.5 
 262.14  3195  4349 63 
 262.18  3200  4425 66.5 
 262.72  3205  4501 100.5 
 262.76  3210  4577 110 
 262.79  3215  4653 101.5 
 262.83  3220  4729 87.5 
 262.86  3225  4805 69 
 262.9  3230  4882 70 
 262.94  3235  4958 102.5 
 262.97  3240  5035 125 
 263.01  3245  5112 104 
 263.04  3250  5188 71.5 
 263.08  3255  5265 91.5 
 263.12  3260  5342 134 
 263.15  3265  5419 128 
 263.19  3270  5497 121 
 263.22  3275  5574 94.5 
 263.26  3280  5651 68.5 
 263.29  3285  5729 75.5 
 263.33  3290  5806 94.5 
 263.36  3295  5884 100.5 
 263.4  3300  5962 89.5 
 263.94  3305  6040 58 
 263.98  3310  6117 45 
 264.01  3315  6196 48.5 
 264.05  3320  6274 54 
 264.09  3325  6352 48.5 
 264.12  3330  6430 39 
 264.16  3335  6509 30.5 
 264.19  3340  6587 28 
 264.23  3345  6666 28 
 264.27  3350  6745 21.5 
 264.3  3355  6824 21.5 
 264.34  3360  6903 16 
 264.37  3365  6982 14.5 
 264.41  3370  7061 11.5 
 264.44  3375  7141 9.5 
 264.48  3380  7220 8.5 
 264.52  3385  7300 10 
 264.55  3390  7379 9 
 264.59  3395  7459 7 
 264.62  3400  7539 6 
end
dr 6  0  1.8  2.5  4.547086  5.981152  4.437596 
uzIntegration time is 0.2294 seconds per sampledt  3.8E-08 cy 1dh240917Thessaloniki 40.634-22.956 3.07pr1000dark 1.75 
 287.71  2900  28 2 
 287.78  2905  99 1.8 
 287.84  2910  170 1.9 
 287.91  2915  241 2.1 
 287.97  2920  312 1.8 
 288.04  2925  383 2.3 
 288.11  2930  455 2.1 
 288.18  2935  526 2.3 
 288.24  2940  597 2.2 
 288.31  2945  669 2 
 288.37  2950  741 2.3 
 288.44  2955  812 2.3 
 288.51  2960  884 2.4 
 288.57  2965  956 2.2 
 288.64  2970  1028 2.2 
 288.7  2975  1100 2.4 
 288.77  2980  1172 2.7 
 288.84  2985  1244 2 
 288.9  2990  1316 2.6 
 288.97  2995  1388 2.3 
 289.01  3000  1461 2.6 
 289.55  3005  1533 3.8 
 289.59  3010  1606 4.4 
 289.64  3015  1678 4.2 
 289.69  3020  1751 4.6 
 289.74  3025  1824 6.4 
 289.78  3030  1897 7.2 
 289.83  3035  1969 10 
 289.88  3040  2042 10.4 
 289.93  3045  2116 10.8 
 289.98  3050  2189 15.6 
 290.02  3055  2262 19.2 
 290.07  3060  2335 16.6 
 290.12  3065  2409 20.4 
 290.17  3070  2482 27.6 
 290.22  3075  2556 35.2 
 290.27  3080  2630 40.4 
 290.32  3085  2703 44.2 
 290.36  3090  2777 44.2 
 290.41  3095  2851 53.8 
 290.45  3100  2925 55.5 
 290.95  3105  2999 96.5 
 290.99  3110  3074 128.5 
 291.02  3115  3148 131 
 291.06  3120  3222 139 
 291.09  3125  3297 185.5 
 291.13  3130  3371 206 
 291.17  3135  3446 220.5 
 291.2  3140  3521 270 
 291.24  3145  3596 291 
 291.27  3150  3671 384.5 
 291.31  3155  3746 302.5 
 291.34  3160  3821 290 
 291.38  3165  3896 450.5 
 291.42  3170  3971 568.5 
 291.45  3175  4047 546 
 291.49  3180  4122 445 
 291.52  3185  4198 638.5 
 291.56  3190  4273 765 
 291.6  3195  4349 576 
 291.63  3200  4425 614 
 292.17  3205  4501 847 
 292.2  3210  4577 830.5 
 292.24  3215  4653 762 
 292.27  3220  4729 725 
 292.31  3225  4805 563.5 
 292.34  3230  4882 575 
 292.38  3235  4958 761.5 
 292.42  3240  5035 815.5 
 292.45  3245  5112 764 
 292.49  3250  5188 574 
 292.52  3255  5265 656.5 
 292.56  3260  5342 814 
 292.59  3265  5419 819.5 
 292.63  3270  5497 733.5 
 292.66  3275  5574 610 
 292.7  3280  5651 454.5 
 292.74  3285  5729 462.5 
 292.77  3290  5806 489 
 292.81  3295  5884 525.5 
 292.84  3300  5962 473 
 293.38  3305  6040 334.5 
 293.42  3310  6117 285.5 
 293.46  3315  6196 261 
 293.49  3320  6274 263 
 293.52  3325  6352 226.5 
 293.56  3330  6430 203 
 293.6  3335  6509 154 
 293.63  3340  6587 113.5 
 293.67  3345  6666 137 
 293.71  3350  6745 107.5 
 293.74  3355  6824 108 
 293.78  3360  6903 72 
 293.81  3365  6982 67 
 293.85  3370  7061 45.5 
 293.89  3375  7141 48.5 
 293.92  3380  7220 43.5 
 293.96  3385  7300 37.5 
 293.99  3390  7379 36.5 
 294.03  3395  7459 23.5 
 294.07  3400  7539 33.5 
end
dr 6  0  1.6  2.5  6.062781  5.981152  5.916795 
uzIntegration time is 0.2294 seconds per sampledt  3.8E-08 cy 1dh240917Thessaloniki 40.634-22.956 3.09pr1000dark 1.8 
 314.67  2900  28 2.4 
 314.74  2905  99 2.6 
 314.8  2910  170 3 
 314.87  2915  241 2.8 
 314.93  2920  312 2.7 
 315  2925  383 2.3 
 315.07  2930  455 2.7 
 315.13  2935  526 2.9 
 315.2  2940  597 3 
 315.27  2945  669 2.8 
 315.33  2950  741 2.6 
 315.4  2955  812 3.1 
 315.47  2960  884 3.3 
 315.53  2965  956 3.2 
 315.6  2970  1028 3.1 
 315.67  2975  1100 3.1 
 315.73  2980  1172 3.3 
 315.8  2985  1244 3.6 
 315.86  2990  1316 3.5 
 315.93  2995  1388 3.8 
 315.97  3000  1461 3.2 
 316.49  3005  1533 4.6 
 316.54  3010  1606 6.6 
 316.59  3015  1678 7.2 
 316.64  3020  1751 7.2 
 316.69  3025  1824 10.4 
 316.73  3030  1897 15.2 
 316.78  3035  1969 19 
 316.83  3040  2042 20.4 
 316.88  3045  2116 28.8 
 316.93  3050  2189 38.2 
 316.97  3055  2262 44.6 
 317.02  3060  2335 47.8 
 317.07  3065  2409 61.2 
 317.12  3070  2482 90.8 
 317.17  3075  2556 125.8 
 317.22  3080  2630 138.8 
 317.27  3085  2703 167.2 
 317.32  3090  2777 171 
 317.36  3095  2851 213.6 
 317.4  3100  2925 246.5 
 317.89  3105  2999 407 
 317.93  3110  3074 524.5 
 317.96  3115  3148 534 
 318  3120  3222 586.5 
 318.03  3125  3297 773.5 
 318.07  3130  3371 841 
 318.1  3135  3446 826.5 
 318.14  3140  3521 1074 
 318.17  3145  3596 1060 
 318.21  3150  3671 1377 
 318.25  3155  3746 1147.5 
 318.28  3160  3821 1024 
 318.32  3165  3896 1540.5 
 318.35  3170  3971 1850.5 
 318.39  3175  4047 1843.5 
 318.42  3180  4122 1468 
 318.46  3185  4198 1876.5 
 318.49  3190  4273 2193.5 
 318.53  3195  4349 1713.5 
 318.57  3200  4425 1927 
 319.09  3205  4501 2378.5 
 319.13  3210  4577 2172.5 
 319.16  3215  4653 1961.5 
 319.2  3220  4729 1910 
 319.23  3225  4805 1531.5 
 319.27  3230  4882 1474.5 
 319.3  3235  4958 1786 
 319.34  3240  5035 1950.5 
 319.38  3245  5112 1816.5 
 319.41  3250  5188 1417 
 319.45  3255  5265 1649 
 319.48  3260  5342 1892.5 
 319.52  3265  5419 1778.5 
 319.55  3270  5497 1675.5 
 319.59  3275  5574 1369 
 319.63  3280  5651 1079 
 319.66  3285  5729 1015.5 
 319.7  3290  5806 1094 
 319.73  3295  5884 1136.5 
 319.77  3300  5962 1008.5 
 320.29  3305  6040 742.5 
 320.33  3310  6117 642 
 320.36  3315  6196 552 
 320.4  3320  6274 537 
 320.43  3325  6352 460.5 
 320.47  3330  6430 412 
 320.51  3335  6509 289.5 
 320.54  3340  6587 274.5 
 320.58  3345  6666 265 
 320.61  3350  6745 223.5 
 320.65  3355  6824 212.5 
 320.69  3360  6903 133.5 
 320.72  3365  6982 129.5 
 320.76  3370  7061 92.5 
 320.79  3375  7141 102.5 
 320.83  3380  7220 79.5 
 320.87  3385  7300 70 
 320.9  3390  7379 68.5 
 320.94  3395  7459 51.5 
 320.98  3400  7539 49.5 
end
dr 6  0  3.6  146.5  3108.691  3231.317  252.943 
uzIntegration time is 0.2294 seconds per sampledt  3.8E-08 cy 1dh240917Thessaloniki 40.634-22.956 3.21pr1000dark 2.1 
 347.24  2900  28 4.1 
 347.31  2905  99 5.1 
 347.37  2910  170 5.2 
 347.44  2915  241 4.9 
 347.5  2920  312 4.1 
 347.57  2925  383 4.5 
 347.64  2930  455 4.3 
 347.7  2935  526 5.2 
 347.77  2940  597 4 
 347.83  2945  669 4.8 
 347.9  2950  741 4.5 
 347.97  2955  812 4 
 348.03  2960  884 4.9 
 348.1  2965  956 5.2 
 348.17  2970  1028 5.5 
 348.23  2975  1100 5.4 
 348.3  2980  1172 5.5 
 348.36  2985  1244 5.6 
 348.43  2990  1316 7.5 
 348.5  2995  1388 8.7 
 348.54  3000  1461 8.600001 
 349.05  3005  1533 10.2 
 349.1  3010  1606 13 
 349.15  3015  1678 18.2 
 349.2  3020  1751 18.4 
 349.24  3025  1824 33.2 
 349.29  3030  1897 51.2 
 349.34  3035  1969 71 
 349.39  3040  2042 72.2 
 349.44  3045  2116 94.2 
 349.48  3050  2189 167 
 349.53  3055  2262 195 
 349.58  3060  2335 196.8 
 349.63  3065  2409 247.4 
 349.68  3070  2482 371.8 
 349.73  3075  2556 524.2 
 349.77  3080  2630 577.2 
 349.82  3085  2703 669.8 
 349.87  3090  2777 646.8 
 349.92  3095  2851 804.8 
 349.95  3100  2925 890 
 350.44  3105  2999 1380.5 
 350.47  3110  3074 1778 
 350.51  3115  3148 1806 
 350.54  3120  3222 1927 
 350.58  3125  3297 2325.5 
 350.62  3130  3371 2539.5 
 350.65  3135  3446 2514 
 350.68  3140  3521 3031.5 
 350.72  3145  3596 2831.5 
 350.76  3150  3671 3564.5 
 350.79  3155  3746 3078.5 
 350.83  3160  3821 2607.5 
 350.86  3165  3896 3693 
 350.9  3170  3971 4437 
 350.93  3175  4047 4534 
 350.97  3180  4122 3450 
 351  3185  4198 4166.5 
 351.04  3190  4273 4709.5 
 351.07  3195  4349 3715.5 
 351.11  3200  4425 4305 
 351.63  3205  4501 5048.5 
 351.66  3210  4577 4426 
 351.69  3215  4653 3902 
 351.73  3220  4729 4047 
 351.77  3225  4805 3230 
 351.8  3230  4882 3004.5 
 351.84  3235  4958 3413 
 351.87  3240  5035 3702.5 
 351.91  3245  5112 3492.5 
 351.94  3250  5188 2814.5 
 351.98  3255  5265 3238 
 352.01  3260  5342 3576 
 352.05  3265  5419 3302 
 352.08  3270  5497 3060.5 
 352.12  3275  5574 2597 
 352.16  3280  5651 2069 
 352.19  3285  5729 1943 
 352.23  3290  5806 2001.5 
 352.26  3295  5884 2060 
 352.3  3300  5962 1874 
 352.81  3305  6040 1345 
 352.85  3310  6117 1163.5 
 352.88  3315  6196 1022 
 352.92  3320  6274 994.5 
 352.95  3325  6352 823.5 
 352.99  3330  6430 721.5 
 353.03  3335  6509 562 
 353.06  3340  6587 501 
 353.1  3345  6666 496 
 353.13  3350  6745 379 
 353.17  3355  6824 378 
 353.2  3360  6903 223 
 353.24  3365  6982 230.5 
 353.27  3370  7061 164 
 353.31  3375  7141 170.5 
 353.34  3380  7220 143.5 
 353.38  3385  7300 128 
 353.42  3390  7379 104.5 
 353.46  3395  7459 89.5 
 353.49  3400  7539 85.5 
end
dr 6  0  31.8  3627.5  29716.72  19181.56  1174.484 
uaIntegration time is 0.2294 seconds per sampledt  3.8E-08 cy 1dh240917Thessaloniki 40.634-22.956 3.37pr1000dark 2.65 
 375.1  2900  28 7.4 
 375.14  2905  99 7.4 
 375.18  2910  170 7.2 
 375.23  2915  241 7.4 
 375.27  2920  312 6.4 
 375.32  2925  383 6.6 
 375.36  2930  455 6.6 
 375.41  2935  526 7.4 
 375.45  2940  597 7.4 
 375.49  2945  669 7.8 
 375.54  2950  741 6.8 
 375.58  2955  812 8.2 
 375.63  2960  884 7 
 375.67  2965  956 7.6 
 375.71  2970  1028 8 
 375.76  2975  1100 8.8 
 375.8  2980  1172 10 
 375.84  2985  1244 11.6 
 375.89  2990  1316 12.8 
 375.94  2995  1388 17 
 375.99  3000  1461 18.2 
 376.49  3005  1533 22 
 376.54  3010  1606 37.8 
 376.59  3015  1678 45.6 
 376.64  3020  1751 52.8 
 376.69  3025  1824 98.2 
 376.73  3030  1897 151.4 
 376.78  3035  1969 193.8 
 376.83  3040  2042 195 
 376.88  3045  2116 279.2 
 376.92  3050  2189 439.6 
 376.97  3055  2262 507.4 
 377.02  3060  2335 490.6 
 377.07  3065  2409 642.6 
 377.12  3070  2482 967.6 
 377.16  3075  2556 1227.6 
 377.21  3080  2630 1353.4 
 377.26  3085  2703 1562.4 
 377.31  3090  2777 1447 
 377.36  3095  2851 1740.2 
 377.4  3100  2925 1861 
 377.87  3105  2999 2941 
 377.9  3110  3074 3653 
 377.94  3115  3148 3609 
 377.97  3120  3222 3668.5 
 378.01  3125  3297 4357.5 
 378.05  3130  3371 4709.5 
 378.08  3135  3446 4624 
 378.12  3140  3521 5522.5 
 378.16  3145  3596 5059 
 378.19  3150  3671 6299 
 378.23  3155  3746 5513 
 378.26  3160  3821 4496 
 378.3  3165  3896 6339 
 378.34  3170  3971 7375 
 378.37  3175  4047 7567.5 
 378.41  3180  4122 5698 
 378.44  3185  4198 6772 
 378.48  3190  4273 7496.5 
 378.51  3195  4349 6027 
 378.55  3200  4425 6806 
 379.05  3205  4501 7972 
 379.09  3210  4577 6701.5 
 379.13  3215  4653 6012.5 
 379.16  3220  4729 6278 
 379.2  3225  4805 5105 
 379.23  3230  4882 4664.5 
 379.27  3235  4958 5116 
 379.31  3240  5035 5546.5 
 379.34  3245  5112 5158.5 
 379.38  3250  5188 4306.5 
 379.41  3255  5265 4801 
 379.45  3260  5342 5419 
 379.48  3265  5419 4841.5 
 379.52  3270  5497 4475.5 
 379.55  3275  5574 3807 
 379.59  3280  5651 3065 
 379.62  3285  5729 2854 
 379.66  3290  5806 2961.5 
 379.7  3295  5884 2996 
 379.73  3300  5962 2659.5 
 380.23  3305  6040 1934 
 380.27  3310  6117 1722.5 
 380.31  3315  6196 1500 
 380.34  3320  6274 1427 
 380.38  3325  6352 1219 
 380.41  3330  6430 1051.5 
 380.45  3335  6509 839.5 
 380.49  3340  6587 715 
 380.52  3345  6666 705.5 
 380.56  3350  6745 583 
 380.59  3355  6824 552 
 380.63  3360  6903 314 
 380.67  3365  6982 327 
 380.7  3370  7061 231.5 
 380.74  3375  7141 239 
 380.77  3380  7220 194 
 380.81  3385  7300 180.5 
 380.84  3390  7379 155 
 380.88  3395  7459 123.5 
 380.92  3400  7539 129.5 
end
dr 6  0  109.4  17378.5  81893.01  41240.04  2332.696 
uzIntegration time is 0.2294 seconds per sampledt  3.8E-08 cy 1dh240917Thessaloniki 40.634-22.956 3.54pr1000dark 4.05 
 403.66  2900  28 9.100001 
 403.73  2905  99 9.100001 
 403.79  2910  170 10 
 403.86  2915  241 10.7 
 403.92  2920  312 10.3 
 403.99  2925  383 10.3 
 404.05  2930  455 10.5 
 404.12  2935  526 10.4 
 404.18  2940  597 10.6 
 404.25  2945  669 11.1 
 404.32  2950  741 11.2 
 404.38  2955  812 11.5 
 404.45  2960  884 12 
 404.52  2965  956 13.2 
 404.58  2970  1028 14.1 
 404.65  2975  1100 16.9 
 404.72  2980  1172 20.3 
 404.78  2985  1244 20 
 404.85  2990  1316 29.8 
 404.92  2995  1388 38.7 
 404.96  3000  1461 37 
 405.45  3005  1533 52.6 
 405.5  3010  1606 86.6 
 405.55  3015  1678 125.2 
 405.6  3020  1751 128.8 
 405.65  3025  1824 231.6 
 405.7  3030  1897 392.4 
 405.75  3035  1969 474.2 
 405.79  3040  2042 490.6 
 405.84  3045  2116 677.6 
 405.89  3050  2189 998.2 
 405.94  3055  2262 1119 
 405.99  3060  2335 1107.8 
 406.04  3065  2409 1357.8 
 406.09  3070  2482 1909.4 
 406.13  3075  2556 2447.8 
 406.18  3080  2630 2619.4 
 406.23  3085  2703 2908 
 406.28  3090  2777 2747 
 406.33  3095  2851 3140.4 
 406.36  3100  2925 3275.5 
 406.83  3105  2999 4998 
 406.86  3110  3074 6292.5 
 406.9  3115  3148 6207 
 406.94  3120  3222 5971.5 
 406.97  3125  3297 7110 
 407.01  3130  3371 7520 
 407.04  3135  3446 7391 
 407.08  3140  3521 8799.5 
 407.11  3145  3596 7648.5 
 407.15  3150  3671 9518 
 407.18  3155  3746 8543 
 407.22  3160  3821 6754.5 
 407.26  3165  3896 9314 
 407.29  3170  3971 10978.5 
 407.33  3175  4047 11146 
 407.36  3180  4122 8449 
 407.4  3185  4198 9691 
 407.43  3190  4273 10699 
 407.47  3195  4349 8794 
 407.5  3200  4425 9905 
 408  3205  4501 11295.5 
 408.04  3210  4577 9481.5 
 408.07  3215  4653 8308.5 
 408.11  3220  4729 8861.5 
 408.14  3225  4805 7088.5 
 408.18  3230  4882 6397 
 408.22  3235  4958 7029 
 408.25  3240  5035 7508 
 408.29  3245  5112 7231.5 
 408.32  3250  5188 6108.5 
 408.36  3255  5265 6675.5 
 408.4  3260  5342 7285.5 
 408.43  3265  5419 6654 
 408.47  3270  5497 6129.5 
 408.5  3275  5574 5192.5 
 408.54  3280  5651 4334 
 408.57  3285  5729 3941 
 408.61  3290  5806 3953 
 408.65  3295  5884 4081 
 408.68  3300  5962 3640.5 
 409.18  3305  6040 2709.5 
 409.21  3310  6117 2349 
 409.25  3315  6196 2059 
 409.28  3320  6274 1923.5 
 409.32  3325  6352 1643.5 
 409.35  3330  6430 1425.5 
 409.39  3335  6509 1143 
 409.43  3340  6587 978 
 409.46  3345  6666 957 
 409.5  3350  6745 762 
 409.53  3355  6824 744 
 409.57  3360  6903 439.5 
 409.61  3365  6982 447 
 409.64  3370  7061 344.5 
 409.68  3375  7141 328 
 409.71  3380  7220 282 
 409.75  3385  7300 252.5 
 409.78  3390  7379 205 
 409.82  3395  7459 173 
 409.86  3400  7539 179 
end
dr 6  0  398  42471  149432.4  66268.18  3501.263 
uzIntegration time is 0.2294 seconds per sampledt  3.8E-08 cy 1dh240917Thessaloniki 40.634-22.956 3.56pr1000dark 5.2 
 415.5  2900  28 10.8 
 415.56  2905  99 11 
 415.63  2910  170 12 
 415.69  2915  241 13.9 
 415.76  2920  312 13 
 415.82  2925  383 12.4 
 415.89  2930  455 12.9 
 415.95  2935  526 11.8 
 416.02  2940  597 12.5 
 416.08  2945  669 12.9 
 416.15  2950  741 13 
 416.21  2955  812 12.9 
 416.28  2960  884 13.2 
 416.34  2965  956 14 
 416.41  2970  1028 16.1 
 416.47  2975  1100 20.7 
 416.54  2980  1172 25.9 
 416.6  2985  1244 29 
 416.67  2990  1316 36 
 416.73  2995  1388 51.6 
 416.78  3000  1461 58.4 
 417.27  3005  1533 75.8 
 417.32  3010  1606 118 
 417.37  3015  1678 183 
 417.42  3020  1751 171 
 417.46  3025  1824 320.4 
 417.51  3030  1897 516.2 
 417.56  3035  1969 649.4 
 417.61  3040  2042 644 
 417.66  3045  2116 893.6 
 417.7  3050  2189 1331.2 
 417.75  3055  2262 1487 
 417.8  3060  2335 1403.8 
 417.85  3065  2409 1731.8 
 417.9  3070  2482 2478 
 417.94  3075  2556 3018.4 
 417.99  3080  2630 3269.6 
 418.04  3085  2703 3641.2 
 418.09  3090  2777 3358.2 
 418.14  3095  2851 3775.8 
 418.17  3100  2925 3960.5 
 418.64  3105  2999 5921.5 
 418.67  3110  3074 7618 
 418.71  3115  3148 7408 
 418.74  3120  3222 7096 
 418.78  3125  3297 8494.5 
 418.81  3130  3371 8865 
 418.85  3135  3446 8655 
 418.88  3140  3521 10300.5 
 418.92  3145  3596 8891 
 418.95  3150  3671 11091 
 418.99  3155  3746 9600 
 419.02  3160  3821 7837 
 419.06  3165  3896 10586.5 
 419.1  3170  3971 12577 
 419.13  3175  4047 12934.5 
 419.17  3180  4122 9575.5 
 419.2  3185  4198 10863 
 419.24  3190  4273 12146 
 419.27  3195  4349 9963 
 419.31  3200  4425 11272.5 
 419.8  3205  4501 12677.5 
 419.84  3210  4577 10780.5 
 419.88  3215  4653 9410 
 419.91  3220  4729 9992 
 419.95  3225  4805 8124 
 419.98  3230  4882 7150.5 
 420.02  3235  4958 7966.5 
 420.06  3240  5035 8470 
 420.09  3245  5112 8068.5 
 420.13  3250  5188 6704 
 420.17  3255  5265 7491 
 420.2  3260  5342 8203 
 420.24  3265  5419 7425.5 
 420.28  3270  5497 6850 
 420.31  3275  5574 5847 
 420.35  3280  5651 4757 
 420.38  3285  5729 4379.5 
 420.42  3290  5806 4436.5 
 420.45  3295  5884 4489.5 
 420.49  3300  5962 4112 
 420.98  3305  6040 3017.5 
 421.02  3310  6117 2666 
 421.05  3315  6196 2279.5 
 421.09  3320  6274 2159 
 421.12  3325  6352 1807.5 
 421.16  3330  6430 1564.5 
 421.19  3335  6509 1297.5 
 421.23  3340  6587 1081.5 
 421.27  3345  6666 1046 
 421.3  3350  6745 840.5 
 421.34  3355  6824 840 
 421.37  3360  6903 490.5 
 421.41  3365  6982 503 
 421.45  3370  7061 357 
 421.48  3375  7141 371.5 
 421.52  3380  7220 300 
 421.55  3385  7300 281 
 421.59  3390  7379 226.5 
 421.62  3395  7459 179.5 
 421.66  3400  7539 185.5 
end
dr 6  0  638.2  56085.5  180413.2  77237.6  3986.441 
uaIntegration time is 0.2294 seconds per sampledt  3.8E-08 cy 1dh240917Thessaloniki 40.634-22.956 3.64pr1000dark 5.55 
 435.1  2900  28 15 
 435.14  2905  99 13.8 
 435.19  2910  170 15.4 
 435.23  2915  241 15.8 
 435.27  2920  312 14.6 
 435.32  2925  383 14.4 
 435.36  2930  455 16.8 
 435.41  2935  526 14.4 
 435.45  2940  597 16.4 
 435.49  2945  669 17 
 435.54  2950  741 15.6 
 435.58  2955  812 17.8 
 435.62  2960  884 18.4 
 435.67  2965  956 21 
 435.71  2970  1028 22.6 
 435.76  2975  1100 31.6 
 435.8  2980  1172 37.6 
 435.85  2985  1244 40 
 435.89  2990  1316 63.4 
 435.94  2995  1388 82.2 
 435.99  3000  1461 93 
 436.48  3005  1533 128.4 
 436.53  3010  1606 206.8 
 436.58  3015  1678 276 
 436.63  3020  1751 256.6 
 436.68  3025  1824 465.8 
 436.72  3030  1897 799.4 
 436.77  3035  1969 975.4 
 436.82  3040  2042 945.4 
 436.87  3045  2116 1312 
 436.91  3050  2189 1890.8 
 436.96  3055  2262 2079.8 
 437.01  3060  2335 1995 
 437.06  3065  2409 2419 
 437.11  3070  2482 3418 
 437.15  3075  2556 4110.6 
 437.2  3080  2630 4375.2 
 437.25  3085  2703 4916 
 437.3  3090  2777 4457.6 
 437.35  3095  2851 4914 
 437.38  3100  2925 5126.5 
 437.84  3105  2999 8034 
 437.88  3110  3074 9690.5 
 437.92  3115  3148 9425 
 437.95  3120  3222 9070.5 
 437.99  3125  3297 10535.5 
 438.02  3130  3371 10967.5 
 438.06  3135  3446 10789 
 438.1  3140  3521 12729 
 438.13  3145  3596 10824 
 438.17  3150  3671 13538 
 438.2  3155  3746 11790.5 
 438.24  3160  3821 9506 
 438.28  3165  3896 12711 
 438.31  3170  3971 14853 
 438.35  3175  4047 15543 
 438.38  3180  4122 11389.5 
 438.42  3185  4198 13028.5 
 438.46  3190  4273 14574 
 438.49  3195  4349 11786.5 
 438.53  3200  4425 13381.5 
 439.02  3205  4501 14978.5 
 439.05  3210  4577 12351.5 
 439.09  3215  4653 11023.5 
 439.12  3220  4729 11699.5 
 439.16  3225  4805 9468.5 
 439.19  3230  4882 8472 
 439.23  3235  4958 9234.5 
 439.27  3240  5035 9793 
 439.3  3245  5112 9322.5 
 439.34  3250  5188 7915.5 
 439.37  3255  5265 8827.5 
 439.41  3260  5342 9531.5 
 439.44  3265  5419 8538.5 
 439.48  3270  5497 7895 
 439.51  3275  5574 6798 
 439.55  3280  5651 5583.5 
 439.58  3285  5729 5026.5 
 439.62  3290  5806 5091.5 
 439.66  3295  5884 5159.5 
 439.69  3300  5962 4703 
 440.18  3305  6040 3501 
 440.21  3310  6117 3022 
 440.25  3315  6196 2631.5 
 440.29  3320  6274 2491 
 440.32  3325  6352 2082.5 
 440.36  3330  6430 1852 
 440.39  3335  6509 1453.5 
 440.43  3340  6587 1253.5 
 440.47  3345  6666 1206.5 
 440.5  3350  6745 981.5 
 440.54  3355  6824 970 
 440.57  3360  6903 606.5 
 440.61  3365  6982 564 
 440.65  3370  7061 410.5 
 440.69  3375  7141 414.5 
 440.72  3380  7220 346 
 440.76  3385  7300 321.5 
 440.79  3390  7379 258.5 
 440.83  3395  7459 211 
 440.87  3400  7539 222 
end
dr 6  0  1176.4  75293.5  213502.3  88888.89  4481.972 
uzIntegration time is 0.2294 seconds per sampledt  3.8E-08 cy 1dh240917Thessaloniki 40.634-22.956 3.68pr1000dark 7.5 
 466.41  2900  28 18.1 
 466.48  2905  99 18.7 
 466.54  2910  170 19.4 
 466.61  2915  241 22.8 
 466.68  2920  312 21.1 
 466.74  2925  383 20.4 
 466.81  2930  455 19.4 
 466.87  2935  526 20.9 
 466.94  2940  597 21.7 
 467  2945  669 24.3 
 467.07  2950  741 22.6 
 467.13  2955  812 28.2 
 467.2  2960  884 32.8 
 467.27  2965  956 32.7 
 467.34  2970  1028 34.7 
 467.4  2975  1100 50.1 
 467.47  2980  1172 66.6 
 467.54  2985  1244 67.3 
 467.6  2990  1316 114.2 
 467.67  2995  1388 157.9 
 467.71  3000  1461 169.2 
 468.19  3005  1533 215.2 
 468.24  3010  1606 359.8 
 468.29  3015  1678 483.4 
 468.34  3020  1751 442.6 
 468.38  3025  1824 757.2 
 468.43  3030  1897 1284.4 
 468.48  3035  1969 1595.2 
 468.53  3040  2042 1534.2 
 468.58  3045  2116 2096.2 
 468.63  3050  2189 2817.4 
 468.68  3055  2262 3125.8 
 468.72  3060  2335 2927.6 
 468.77  3065  2409 3527 
 468.82  3070  2482 4727.2 
 468.87  3075  2556 5738.6 
 468.92  3080  2630 6089.6 
 468.97  3085  2703 6759.2 
 469.01  3090  2777 6028.8 
 469.06  3095  2851 6566.8 
 469.1  3100  2925 6706 
 469.54  3105  2999 10190.5 
 469.57  3110  3074 12560 
 469.61  3115  3148 12040 
 469.64  3120  3222 11409.5 
 469.68  3125  3297 13146 
 469.72  3130  3371 13751 
 469.75  3135  3446 13455.5 
 469.79  3140  3521 15572 
 469.82  3145  3596 13248 
 469.86  3150  3671 16457.5 
 469.89  3155  3746 14145.5 
 469.93  3160  3821 11320 
 469.97  3165  3896 15519 
 470  3170  3971 18105 
 470.04  3175  4047 18394.5 
 470.07  3180  4122 13613 
 470.11  3185  4198 15288 
 470.14  3190  4273 16611.5 
 470.18  3195  4349 13841.5 
 470.21  3200  4425 15785 
 470.69  3205  4501 17356 
 470.72  3210  4577 14482 
 470.76  3215  4653 12494.5 
 470.79  3220  4729 13456.5 
 470.83  3225  4805 10799.5 
 470.86  3230  4882 9707 
 470.9  3235  4958 10434 
 470.93  3240  5035 10987.5 
 470.97  3245  5112 10621 
 471  3250  5188 8888 
 471.04  3255  5265 9813 
 471.08  3260  5342 10552.5 
 471.11  3265  5419 9504 
 471.14  3270  5497 8692.5 
 471.18  3275  5574 7539.5 
 471.22  3280  5651 6288.5 
 471.25  3285  5729 5661.5 
 471.29  3290  5806 5697.5 
 471.32  3295  5884 5792.5 
 471.36  3300  5962 5172 
 471.83  3305  6040 3775 
 471.87  3310  6117 3351 
 471.9  3315  6196 2883.5 
 471.94  3320  6274 2666.5 
 471.97  3325  6352 2264.5 
 472.01  3330  6430 1970 
 472.04  3335  6509 1584 
 472.08  3340  6587 1367.5 
 472.12  3345  6666 1329 
 472.15  3350  6745 1040.5 
 472.19  3355  6824 1030 
 472.22  3360  6903 655 
 472.26  3365  6982 619 
 472.29  3370  7061 442.5 
 472.33  3375  7141 445 
 472.37  3380  7220 392 
 472.4  3385  7300 346.5 
 472.44  3390  7379 294.5 
 472.47  3395  7459 236.5 
 472.51  3400  7539 252 
end
dr 6  0  2211.2  91206.5  225038.3  80627.43  3979.045 
uaIntegration time is 0.2294 seconds per sampledt  3.8E-08 cy 1dh240917Thessaloniki 40.634-22.956 3.78pr1000dark 10.35 
 495.1  2900  28 23.2 
 495.14  2905  99 29.6 
 495.18  2910  170 25.8 
 495.23  2915  241 27.6 
 495.27  2920  312 27 
 495.32  2925  383 33.2 
 495.36  2930  455 27.2 
 495.4  2935  526 34.6 
 495.45  2940  597 29 
 495.49  2945  669 43.2 
 495.53  2950  741 36.8 
 495.58  2955  812 40.2 
 495.62  2960  884 42.6 
 495.67  2965  956 48 
 495.71  2970  1028 55.2 
 495.76  2975  1100 87.6 
 495.8  2980  1172 113.8 
 495.84  2985  1244 114.8 
 495.89  2990  1316 193.8 
 495.94  2995  1388 267.6 
 495.99  3000  1461 281.6 
 496.45  3005  1533 375.2 
 496.5  3010  1606 578.4 
 496.55  3015  1678 803.8 
 496.6  3020  1751 731.6 
 496.65  3025  1824 1301.2 
 496.7  3030  1897 2013.2 
 496.74  3035  1969 2461.6 
 496.79  3040  2042 2339.4 
 496.84  3045  2116 3070 
 496.89  3050  2189 4299.6 
 496.94  3055  2262 4605 
 496.98  3060  2335 4244.6 
 497.03  3065  2409 5122.6 
 497.08  3070  2482 6772 
 497.13  3075  2556 8088 
 497.18  3080  2630 8492.2 
 497.23  3085  2703 9274 
 497.27  3090  2777 8454.8 
 497.32  3095  2851 9070.2 
 497.36  3100  2925 9143.5 
 497.79  3105  2999 13118.5 
 497.83  3110  3074 16686 
 497.86  3115  3148 16039 
 497.9  3120  3222 14980 
 497.93  3125  3297 17174.5 
 497.97  3130  3371 17770.5 
 498.01  3135  3446 17602 
 498.04  3140  3521 20191 
 498.08  3145  3596 16908 
 498.11  3150  3671 20976.5 
 498.15  3155  3746 18083 
 498.18  3160  3821 14672 
 498.22  3165  3896 19612 
 498.26  3170  3971 22866.5 
 498.29  3175  4047 23390 
 498.33  3180  4122 17303 
 498.36  3185  4198 18991 
 498.4  3190  4273 20717.5 
 498.43  3195  4349 17476.5 
 498.47  3200  4425 19758 
 498.94  3205  4501 21626.5 
 498.97  3210  4577 17743 
 499.01  3215  4653 15556 
 499.04  3220  4729 16769.5 
 499.08  3225  4805 13281.5 
 499.11  3230  4882 11895.5 
 499.15  3235  4958 12704.5 
 499.18  3240  5035 13485 
 499.22  3245  5112 12928.5 
 499.25  3250  5188 11020 
 499.29  3255  5265 12152.5 
 499.33  3260  5342 13066.5 
 499.36  3265  5419 11559.5 
 499.4  3270  5497 10739 
 499.43  3275  5574 9238.5 
 499.47  3280  5651 7752 
 499.5  3285  5729 6908 
 499.54  3290  5806 6995.5 
 499.57  3295  5884 7115 
 499.61  3300  5962 6438 
 500.08  3305  6040 4720 
 500.11  3310  6117 4192.5 
 500.15  3315  6196 3608 
 500.19  3320  6274 3359.5 
 500.22  3325  6352 2827 
 500.26  3330  6430 2481 
 500.29  3335  6509 2004.5 
 500.33  3340  6587 1712.5 
 500.37  3345  6666 1701 
 500.4  3350  6745 1323.5 
 500.44  3355  6824 1306.5 
 500.47  3360  6903 804 
 500.51  3365  6982 766.5 
 500.54  3370  7061 581 
 500.58  3375  7141 580 
 500.62  3380  7220 511 
 500.65  3385  7300 449 
 500.69  3390  7379 377.5 
 500.72  3395  7459 306 
 500.76  3400  7539 310 
end
dr 6  0  4677  140499.5  307999.9  110817.3  5924.191 
ufIntegration time is 0.2294 seconds per sampledt  3.8E-08 cy 1dh240917Thessaloniki 40.634-22.956 3.92pr1000dark 15.55 
 533.94  2900  28 35.6 
 534.01  2905  99 35 
 534.07  2910  170 33.7 
 534.14  2915  241 39.4 
 534.21  2920  312 40.6 
 534.27  2925  383 37.9 
 534.34  2930  455 34.8 
 534.41  2935  526 34.3 
 534.47  2940  597 38.1 
 534.54  2945  669 39.3 
 534.6  2950  741 43.5 
 534.67  2955  812 50.8 
 534.73  2960  884 62.7 
 534.8  2965  956 71.7 
 534.87  2970  1028 79.6 
 534.94  2975  1100 130.5 
 535  2980  1172 162.9 
 535.07  2985  1244 165.1 
 535.13  2990  1316 293.3 
 535.2  2995  1388 392.4 
 535.24  3000  1461 405.8 
 535.7  3005  1533 515 
 535.75  3010  1606 825.6 
 535.79  3015  1678 1107.2 
 535.84  3020  1751 964 
 535.89  3025  1824 1703.6 
 535.94  3030  1897 2679.8 
 535.98  3035  1969 3229.6 
 536.03  3040  2042 3029.8 
 536.08  3045  2116 3931 
 536.13  3050  2189 5414 
 536.18  3055  2262 5688.6 
 536.23  3060  2335 5334.8 
 536.27  3065  2409 6247.2 
 536.32  3070  2482 8333.6 
 536.37  3075  2556 9568.8 
 536.42  3080  2630 10039.8 
 536.47  3085  2703 11014.4 
 536.52  3090  2777 9925.2 
 536.57  3095  2851 10360.2 
 536.6  3100  2925 10438.5 
 537.04  3105  2999 15906 
 537.07  3110  3074 19381.5 
 537.1  3115  3148 18630.5 
 537.14  3120  3222 17271 
 537.18  3125  3297 19697.5 
 537.21  3130  3371 20325 
 537.25  3135  3446 20137 
 537.28  3140  3521 23039 
 537.32  3145  3596 19093 
 537.36  3150  3671 23724 
 537.39  3155  3746 20535 
 537.43  3160  3821 16475.5 
 537.47  3165  3896 21691 
 537.5  3170  3971 25410.5 
 537.54  3175  4047 26329 
 537.58  3180  4122 19633.5 
 537.61  3185  4198 20976 
 537.65  3190  4273 23232 
 537.68  3195  4349 19311.5 
 537.72  3200  4425 22048 
 538.18  3205  4501 24335 
 538.22  3210  4577 20199 
 538.26  3215  4653 17402 
 538.29  3220  4729 18769 
 538.33  3225  4805 15434 
 538.36  3230  4882 13361.5 
 538.4  3235  4958 14457 
 538.44  3240  5035 15372 
 538.47  3245  5112 14826 
 538.51  3250  5188 12488 
 538.54  3255  5265 13818 
 538.58  3260  5342 14902.5 
 538.62  3265  5419 13360 
 538.65  3270  5497 12408 
 538.69  3275  5574 10538 
 538.72  3280  5651 8870.5 
 538.76  3285  5729 8006.5 
 538.79  3290  5806 7858.5 
 538.83  3295  5884 8086.5 
 538.87  3300  5962 7188 
 539.33  3305  6040 5445 
 539.37  3310  6117 4834.5 
 539.41  3315  6196 4124.5 
 539.44  3320  6274 3768.5 
 539.48  3325  6352 3259.5 
 539.51  3330  6430 2870.5 
 539.55  3335  6509 2237 
 539.59  3340  6587 1976.5 
 539.62  3345  6666 1941.5 
 539.66  3350  6745 1484.5 
 539.69  3355  6824 1513.5 
 539.73  3360  6903 896.5 
 539.77  3365  6982 911 
 539.81  3370  7061 646 
 539.84  3375  7141 678.5 
 539.87  3380  7220 553.5 
 539.91  3385  7300 507 
 539.95  3390  7379 428.5 
 539.98  3395  7459 330 
 540.02  3400  7539 345.5 
end
dr 6  0  5758.2  138967  299116.4  115579.8  6319.137 
uzIntegration time is 0.2294 seconds per sampledt  3.8E-08 cy 1dh240917Thessaloniki 40.634-22.956 3.92pr1000dark 16.15 
 552.7  2900  28 34.8 
 552.76  2905  99 34.7 
 552.83  2910  170 36.9 
 552.89  2915  241 40.3 
 552.96  2920  312 36.6 
 553.02  2925  383 39.3 
 553.09  2930  455 38 
 553.15  2935  526 39.3 
 553.22  2940  597 41.8 
 553.28  2945  669 43.7 
 553.35  2950  741 45.4 
 553.41  2955  812 57.4 
 553.48  2960  884 69.3 
 553.54  2965  956 79.5 
 553.61  2970  1028 102.7 
 553.67  2975  1100 148.5 
 553.74  2980  1172 193.2 
 553.8  2985  1244 190.9 
 553.87  2990  1316 330.6 
 553.93  2995  1388 451.1 
 553.98  3000  1461 465.4 
 554.45  3005  1533 604.2 
 554.5  3010  1606 950 
 554.55  3015  1678 1243.2 
 554.6  3020  1751 1099.6 
 554.65  3025  1824 1802.6 
 554.69  3030  1897 2917.8 
 554.74  3035  1969 3543.2 
 554.79  3040  2042 3373.4 
 554.84  3045  2116 4293.6 
 554.89  3050  2189 5737 
 554.93  3055  2262 6083 
 554.98  3060  2335 5885.8 
 555.03  3065  2409 6837.4 
 555.08  3070  2482 9017 
 555.13  3075  2556 10511 
 555.18  3080  2630 10926.6 
 555.23  3085  2703 11954 
 555.27  3090  2777 10396.2 
 555.32  3095  2851 11189.4 
 555.36  3100  2925 11174 
 555.78  3105  2999 17439.5 
 555.82  3110  3074 20565.5 
 555.85  3115  3148 19855.5 
 555.89  3120  3222 18264.5 
 555.93  3125  3297 20915 
 555.96  3130  3371 21522 
 556  3135  3446 21355 
 556.04  3140  3521 24216 
 556.07  3145  3596 20070 
 556.11  3150  3671 24964.5 
 556.14  3155  3746 21382 
 556.18  3160  3821 17217 
 556.21  3165  3896 22995 
 556.25  3170  3971 26895 
 556.28  3175  4047 27686.5 
 556.32  3180  4122 20285.5 
 556.36  3185  4198 22604 
 556.39  3190  4273 23841.5 
 556.43  3195  4349 20238 
 556.46  3200  4425 22991.5 
 556.93  3205  4501 25436.5 
 556.96  3210  4577 20463 
 557  3215  4653 18171 
 557.03  3220  4729 19765 
 557.07  3225  4805 16178 
 557.11  3230  4882 13903.5 
 557.14  3235  4958 14932 
 557.18  3240  5035 15941 
 557.21  3245  5112 15259.5 
 557.25  3250  5188 12887.5 
 557.29  3255  5265 14364 
 557.32  3260  5342 15346.5 
 557.36  3265  5419 13716 
 557.39  3270  5497 12572 
 557.43  3275  5574 10810 
 557.46  3280  5651 9051.5 
 557.5  3285  5729 8097.5 
 557.53  3290  5806 8124.5 
 557.57  3295  5884 8265.5 
 557.6  3300  5962 7384 
 558.06  3305  6040 5444 
 558.1  3310  6117 4826 
 558.14  3315  6196 4144.5 
 558.17  3320  6274 3740 
 558.21  3325  6352 3217.5 
 558.24  3330  6430 2835 
 558.28  3335  6509 2315 
 558.31  3340  6587 1994.5 
 558.35  3345  6666 1935.5 
 558.38  3350  6745 1501.5 
 558.42  3355  6824 1506 
 558.45  3360  6903 944 
 558.49  3365  6982 916 
 558.53  3370  7061 644 
 558.56  3375  7141 656 
 558.6  3380  7220 567 
 558.63  3385  7300 511.5 
 558.67  3390  7379 425.5 
 558.71  3395  7459 343 
 558.74  3400  7539 347.5 
end
dr 6  0  6792.2  150138.5  330679.2  118314.7  6146.071 
ufIntegration time is 0.2294 seconds per sampledt  3.8E-08 cy 1dh240917Thessaloniki 40.634-22.956 4.03pr1000dark 23.35 
 588.09  2900  28 41.6 
 588.16  2905  99 42.7 
 588.22  2910  170 44.8 
 588.29  2915  241 45.1 
 588.36  2920  312 45.9 
 588.42  2925  383 45.6 
 588.49  2930  455 47.1 
 588.56  2935  526 48.3 
 588.62  2940  597 54.5 
 588.69  2945  669 54.1 
 588.75  2950  741 62.6 
 588.82  2955  812 72.5 
 588.89  2960  884 96.2 
 588.95  2965  956 107.6 
 589.02  2970  1028 126.5 
 589.09  2975  1100 207 
 589.15  2980  1172 257.4 
 589.22  2985  1244 258 
 589.29  2990  1316 441.8 
 589.35  2995  1388 577.8 
 589.4  3000  1461 612.2 
 589.85  3005  1533 785 
 589.9  3010  1606 1225.4 
 589.95  3015  1678 1545.8 
 589.99  3020  1751 1386.6 
 590.04  3025  1824 2405.6 
 590.09  3030  1897 3646.8 
 590.14  3035  1969 4326.2 
 590.18  3040  2042 4111.6 
 590.23  3045  2116 5320 
 590.28  3050  2189 7085.6 
 590.33  3055  2262 7223.2 
 590.38  3060  2335 6938 
 590.43  3065  2409 7999.4 
 590.48  3070  2482 10493 
 590.52  3075  2556 12139 
 590.57  3080  2630 12638.6 
 590.62  3085  2703 13843.2 
 590.67  3090  2777 12269.8 
 590.72  3095  2851 12811 
 590.75  3100  2925 12848.5 
 591.18  3105  2999 19249 
 591.21  3110  3074 23415 
 591.25  3115  3148 22443 
 591.28  3120  3222 20725 
 591.32  3125  3297 23497 
 591.35  3130  3371 24184.5 
 591.39  3135  3446 24027 
 591.42  3140  3521 27120.5 
 591.46  3145  3596 22434 
 591.49  3150  3671 27821 
 591.53  3155  3746 23903 
 591.56  3160  3821 19366 
 591.6  3165  3896 25227 
 591.64  3170  3971 30239.5 
 591.67  3175  4047 30394 
 591.71  3180  4122 22273 
 591.74  3185  4198 24761 
 591.78  3190  4273 26565.5 
 591.81  3195  4349 22360.5 
 591.85  3200  4425 25579 
 592.3  3205  4501 27940 
 592.34  3210  4577 22716 
 592.37  3215  4653 19823 
 592.41  3220  4729 21490 
 592.44  3225  4805 17339 
 592.48  3230  4882 15201.5 
 592.51  3235  4958 16209 
 592.55  3240  5035 17202.5 
 592.58  3245  5112 16622 
 592.62  3250  5188 14139.5 
 592.65  3255  5265 15468.5 
 592.69  3260  5342 16759 
 592.73  3265  5419 14760.5 
 592.76  3270  5497 13777 
 592.8  3275  5574 11836 
 592.83  3280  5651 9739 
 592.87  3285  5729 8661 
 592.9  3290  5806 8831.5 
 592.94  3295  5884 8978.5 
 592.97  3300  5962 7993 
 593.42  3305  6040 5973 
 593.46  3310  6117 5228 
 593.49  3315  6196 4576 
 593.53  3320  6274 4122.5 
 593.57  3325  6352 3537.5 
 593.6  3330  6430 3114 
 593.64  3335  6509 2496.5 
 593.67  3340  6587 2189 
 593.71  3345  6666 2099.5 
 593.74  3350  6745 1654 
 593.78  3355  6824 1634.5 
 593.81  3360  6903 1000 
 593.85  3365  6982 972.5 
 593.88  3370  7061 705.5 
 593.92  3375  7141 736.5 
 593.96  3380  7220 594.5 
 594  3385  7300 549 
 594.03  3390  7379 449 
 594.07  3395  7459 383.5 
 594.1  3400  7539 381 
end
dr 6  0  11104.8  204062.5  438998.4  155047.9  7764.314 
uzIntegration time is 0.2294 seconds per sampledt  3.8E-08 cy 1dh240917Thessaloniki 40.634-22.956 4.01pr1000dark 26.7 
 654.7  2900  28 45.3 
 654.77  2905  99 45.3 
 654.83  2910  170 45.7 
 654.9  2915  241 46.6 
 654.97  2920  312 51.8 
 655.03  2925  383 50.1 
 655.1  2930  455 50.1 
 655.17  2935  526 48.7 
 655.23  2940  597 50.8 
 655.3  2945  669 57.8 
 655.37  2950  741 67.7 
 655.43  2955  812 77.1 
 655.5  2960  884 101.2 
 655.56  2965  956 111.6 
 655.63  2970  1028 132.8 
 655.69  2975  1100 209.7 
 655.76  2980  1172 254.2 
 655.82  2985  1244 251.8 
 655.89  2990  1316 452.3 
 655.96  2995  1388 578.7 
 656  3000  1461 598 
 656.52  3005  1533 748.4 
 656.57  3010  1606 1159.8 
 656.61  3015  1678 1537 
 656.66  3020  1751 1341.4 
 656.71  3025  1824 2267.4 
 656.76  3030  1897 3634.6 
 656.81  3035  1969 4271 
 656.86  3040  2042 4022.8 
 656.9  3045  2116 5236.6 
 656.95  3050  2189 7017.8 
 657  3055  2262 7256.8 
 657.05  3060  2335 6709.8 
 657.1  3065  2409 7938.4 
 657.15  3070  2482 10196.8 
 657.2  3075  2556 12056.4 
 657.25  3080  2630 12537.4 
 657.29  3085  2703 13719.8 
 657.34  3090  2777 12103.4 
 657.39  3095  2851 12884.4 
 657.43  3100  2925 12744.5 
 657.85  3105  2999 19211 
 657.88  3110  3074 23187.5 
 657.92  3115  3148 22382 
 657.95  3120  3222 20398.5 
 657.99  3125  3297 23114.5 
 658.03  3130  3371 23848.5 
 658.06  3135  3446 23807.5 
 658.1  3140  3521 27163.5 
 658.14  3145  3596 22471 
 658.17  3150  3671 27657.5 
 658.21  3155  3746 23796.5 
 658.25  3160  3821 19228 
 658.28  3165  3896 25391.5 
 658.32  3170  3971 29759.5 
 658.35  3175  4047 30167 
 658.39  3180  4122 22345 
 658.42  3185  4198 24795.5 
 658.46  3190  4273 26591 
 658.49  3195  4349 22212 
 658.53  3200  4425 25272 
 658.99  3205  4501 27643 
 659.02  3210  4577 21953 
 659.06  3215  4653 19867 
 659.09  3220  4729 21529.5 
 659.13  3225  4805 16965 
 659.16  3230  4882 15431.5 
 659.2  3235  4958 16215 
 659.24  3240  5035 17226 
 659.27  3245  5112 16471.5 
 659.31  3250  5188 13980.5 
 659.34  3255  5265 15586 
 659.38  3260  5342 16626 
 659.41  3265  5419 14763 
 659.45  3270  5497 13696.5 
 659.48  3275  5574 11767.5 
 659.52  3280  5651 9783 
 659.56  3285  5729 8747 
 659.59  3290  5806 8895.5 
 659.63  3295  5884 8879.5 
 659.66  3300  5962 8058.5 
 660.12  3305  6040 6015 
 660.15  3310  6117 5282.5 
 660.19  3315  6196 4545 
 660.22  3320  6274 4234.5 
 660.26  3325  6352 3590.5 
 660.3  3330  6430 3102.5 
 660.33  3335  6509 2512 
 660.37  3340  6587 2201 
 660.41  3345  6666 2122.5 
 660.44  3350  6745 1671.5 
 660.48  3355  6824 1616 
 660.52  3360  6903 999 
 660.55  3365  6982 1022 
 660.59  3370  7061 701 
 660.62  3375  7141 719.5 
 660.66  3380  7220 603 
 660.7  3385  7300 547.5 
 660.73  3390  7379 475.5 
 660.77  3395  7459 381 
 660.81  3400  7539 391 
end
dr 6  0  11051.4  204124  441279.5  159850.8  7913.713 
uzIntegration time is 0.2294 seconds per sampledt  3.8E-08 cy 1dh240917Thessaloniki 40.634-22.956 4pr1000dark 26.15 
 673.36  2900  28 43.2 
 673.42  2905  99 43.3 
 673.49  2910  170 45.4 
 673.56  2915  241 47.1 
 673.62  2920  312 49.1 
 673.69  2925  383 46.8 
 673.75  2930  455 47.1 
 673.82  2935  526 50.1 
 673.89  2940  597 51.9 
 673.95  2945  669 55.4 
 674.02  2950  741 64.9 
 674.09  2955  812 72.5 
 674.15  2960  884 93.3 
 674.22  2965  956 99.8 
 674.29  2970  1028 117.9 
 674.35  2975  1100 192.9 
 674.42  2980  1172 234 
 674.49  2985  1244 234.9 
 674.55  2990  1316 388.8 
 674.62  2995  1388 531.4 
 674.66  3000  1461 545.6 
 675.12  3005  1533 710.2 
 675.17  3010  1606 1046.4 
 675.22  3015  1678 1423.4 
 675.27  3020  1751 1279 
 675.32  3025  1824 2239 
 675.36  3030  1897 3389 
 675.41  3035  1969 3994.2 
 675.46  3040  2042 3821 
 675.51  3045  2116 4968.4 
 675.56  3050  2189 6584.2 
 675.6  3055  2262 6730.8 
 675.65  3060  2335 6413.4 
 675.7  3065  2409 7509.2 
 675.75  3070  2482 9965.599 
 675.8  3075  2556 11449.4 
 675.85  3080  2630 11915 
 675.9  3085  2703 13137 
 675.95  3090  2777 11398.8 
 675.99  3095  2851 12185.8 
 676.03  3100  2925 12233 
 676.46  3105  2999 18585 
 676.49  3110  3074 21968 
 676.53  3115  3148 21302.5 
 676.56  3120  3222 19595.5 
 676.6  3125  3297 22306.5 
 676.64  3130  3371 22877 
 676.67  3135  3446 22762.5 
 676.71  3140  3521 25790 
 676.74  3145  3596 21583 
 676.78  3150  3671 26537 
 676.81  3155  3746 22656.5 
 676.85  3160  3821 18548.5 
 676.88  3165  3896 24456 
 676.92  3170  3971 28775 
 676.95  3175  4047 29158.5 
 676.99  3180  4122 21187 
 677.03  3185  4198 23622.5 
 677.06  3190  4273 25729.5 
 677.1  3195  4349 21358 
 677.13  3200  4425 24627.5 
 677.59  3205  4501 26826.5 
 677.63  3210  4577 21579 
 677.66  3215  4653 19238.5 
 677.7  3220  4729 20681 
 677.73  3225  4805 16759.5 
 677.76  3230  4882 54074 
 677.8  3235  4958 15710 
 677.84  3240  5035 16647 
 677.87  3245  5112 16031 
 677.91  3250  5188 13631 
 677.94  3255  5265 14963 
 677.98  3260  5342 16185 
 678.01  3265  5419 14291.5 
 678.05  3270  5497 13246 
 678.08  3275  5574 11475 
 678.12  3280  5651 9577.5 
 678.15  3285  5729 8505.5 
 678.19  3290  5806 8546 
 678.23  3295  5884 8619 
 678.26  3300  5962 7853 
 678.72  3305  6040 5981.5 
 678.76  3310  6117 5188.5 
 678.8  3315  6196 4438.5 
 678.83  3320  6274 4060.5 
 678.87  3325  6352 3500.5 
 678.9  3330  6430 3020 
 678.94  3335  6509 2445.5 
 678.97  3340  6587 2114 
 679.01  3345  6666 2062.5 
 679.05  3350  6745 1651.5 
 679.08  3355  6824 1619.5 
 679.11  3360  6903 976 
 679.15  3365  6982 980 
 679.19  3370  7061 668.5 
 679.22  3375  7141 696.5 
 679.26  3380  7220 589 
 679.3  3385  7300 542 
 679.33  3390  7379 483 
 679.37  3395  7459 374 
 679.4  3400  7539 374.5 
end
dr 6  0  9806.8  192510.5  418976  151997.5  7585.331 
uzIntegration time is 0.2294 seconds per sampledt  3.8E-08 cy 1dh240917Thessaloniki 40.634-22.956 4.03pr1000dark 28.25 
 699.08  2900  28 43.1 
 699.14  2905  99 43.1 
 699.21  2910  170 43.7 
 699.28  2915  241 46.2 
 699.34  2920  312 49.4 
 699.41  2925  383 48.6 
 699.48  2930  455 46.3 
 699.54  2935  526 49.8 
 699.61  2940  597 51 
 699.67  2945  669 52.6 
 699.74  2950  741 55.9 
 699.81  2955  812 67.8 
 699.87  2960  884 78.2 
 699.94  2965  956 89 
 700.01  2970  1028 101.2 
 700.07  2975  1100 165.6 
 700.14  2980  1172 195.1 
 700.21  2985  1244 203.2 
 700.27  2990  1316 342.1 
 700.34  2995  1388 439.9 
 700.38  3000  1461 458.6 
 700.84  3005  1533 608.8 
 700.88  3010  1606 894 
 700.93  3015  1678 1211.2 
 700.98  3020  1751 1068 
 701.03  3025  1824 1922.8 
 701.08  3030  1897 2882.6 
 701.12  3035  1969 3486.8 
 701.17  3040  2042 3316.2 
 701.22  3045  2116 4231 
 701.27  3050  2189 5666.2 
 701.32  3055  2262 6161.6 
 701.37  3060  2335 5688 
 701.42  3065  2409 6694.4 
 701.46  3070  2482 8755.2 
 701.51  3075  2556 10234.8 
 701.56  3080  2630 10734.8 
 701.61  3085  2703 11802.6 
 701.66  3090  2777 10255.8 
 701.7  3095  2851 11168.4 
 701.74  3100  2925 11188.5 
 702.16  3105  2999 16895.5 
 702.2  3110  3074 20351.5 
 702.24  3115  3148 19577 
 702.27  3120  3222 17953 
 702.31  3125  3297 20393 
 702.34  3130  3371 21070 
 702.38  3135  3446 20973.5 
 702.41  3140  3521 23886.5 
 702.45  3145  3596 19880 
 702.48  3150  3671 24692 
 702.52  3155  3746 21332 
 702.55  3160  3821 17033.5 
 702.59  3165  3896 22355.5 
 702.62  3170  3971 26624 
 702.66  3175  4047 27129.5 
 702.7  3180  4122 20121 
 702.73  3185  4198 22533 
 702.76  3190  4273 23905.5 
 702.8  3195  4349 19960 
 702.84  3200  4425 22755 
 703.3  3205  4501 25081.5 
 703.33  3210  4577 20018.5 
 703.37  3215  4653 17881 
 703.4  3220  4729 19369 
 703.44  3225  4805 15704 
 703.48  3230  4882 13791 
 703.51  3235  4958 14759 
 703.55  3240  5035 15696 
 703.58  3245  5112 15118 
 703.62  3250  5188 12798 
 703.65  3255  5265 14148 
 703.69  3260  5342 15200.5 
 703.72  3265  5419 13506 
 703.76  3270  5497 12441 
 703.79  3275  5574 10797.5 
 703.83  3280  5651 9000.5 
 703.87  3285  5729 8120.5 
 703.9  3290  5806 8116.5 
 703.94  3295  5884 8261 
 703.97  3300  5962 7314 
 704.43  3305  6040 5442.5 
 704.47  3310  6117 4849.5 
 704.51  3315  6196 4170.5 
 704.54  3320  6274 3821.5 
 704.58  3325  6352 3313.5 
 704.61  3330  6430 2880 
 704.65  3335  6509 2324.5 
 704.68  3340  6587 1966.5 
 704.72  3345  6666 1953 
 704.75  3350  6745 1535.5 
 704.79  3355  6824 1506 
 704.83  3360  6903 935 
 704.86  3365  6982 933 
 704.9  3370  7061 647 
 704.93  3375  7141 681.5 
 704.97  3380  7220 574 
 705  3385  7300 507.5 
 705.04  3390  7379 435.5 
 705.08  3395  7459 349 
 705.12  3400  7539 363.5 
end
dr 6  0  8105.8  179093.5  395081.1  146243.6  7296.887 
uzIntegration time is 0.2294 seconds per sampledt  3.8E-08 cy 1dh240917Thessaloniki 40.634-22.956 4.05pr1000dark 39.4 
 736.4  2900  28 41.7 
 736.46  2905  99 42.9 
 736.53  2910  170 43.3 
 736.6  2915  241 43.9 
 736.66  2920  312 46 
 736.73  2925  383 45.2 
 736.8  2930  455 45.5 
 736.86  2935  526 45.5 
 736.93  2940  597 47.6 
 737  2945  669 49.1 
 737.06  2950  741 50.8 
 737.13  2955  812 55.8 
 737.19  2960  884 66.2 
 737.26  2965  956 71.6 
 737.33  2970  1028 81.1 
 737.39  2975  1100 112 
 737.46  2980  1172 136.7 
 737.53  2985  1244 144.6 
 737.59  2990  1316 235.5 
 737.66  2995  1388 309 
 737.7  3000  1461 325.2 
 738.17  3005  1533 429.4 
 738.22  3010  1606 643.8 
 738.27  3015  1678 863.8 
 738.32  3020  1751 783.8 
 738.37  3025  1824 1359.8 
 738.42  3030  1897 2177.4 
 738.46  3035  1969 2573.8 
 738.51  3040  2042 2443.2 
 738.56  3045  2116 3256 
 738.61  3050  2189 4442 
 738.65  3055  2262 4677.8 
 738.7  3060  2335 4384.8 
 738.75  3065  2409 5265.6 
 738.8  3070  2482 6986 
 738.85  3075  2556 8239.2 
 738.9  3080  2630 8662 
 738.95  3085  2703 9529 
 739  3090  2777 8495.401 
 739.04  3095  2851 9114.401 
 739.08  3100  2925 9193.5 
 739.51  3105  2999 14151.5 
 739.55  3110  3074 16920.5 
 739.58  3115  3148 16297.5 
 739.62  3120  3222 15054.5 
 739.66  3125  3297 17371.5 
 739.69  3130  3371 17901 
 739.72  3135  3446 17730.5 
 739.76  3140  3521 20445 
 739.8  3145  3596 17062.5 
 739.83  3150  3671 21196.5 
 739.87  3155  3746 18348 
 739.9  3160  3821 14693.5 
 739.94  3165  3896 19381 
 739.97  3170  3971 23124.5 
 740.01  3175  4047 23395 
 740.05  3180  4122 17617 
 740.09  3185  4198 19599.5 
 740.12  3190  4273 21106.5 
 740.16  3195  4349 17642.5 
 740.19  3200  4425 19912.5 
 740.66  3205  4501 22026.5 
 740.69  3210  4577 17946 
 740.73  3215  4653 15821 
 740.76  3220  4729 17004.5 
 740.8  3225  4805 13637 
 740.83  3230  4882 12170 
 740.87  3235  4958 13079 
 740.9  3240  5035 13960.5 
 740.94  3245  5112 13452.5 
 740.98  3250  5188 11393 
 741.01  3255  5265 12426.5 
 741.05  3260  5342 13371.5 
 741.09  3265  5419 11968 
 741.12  3270  5497 10989.5 
 741.16  3275  5574 9500 
 741.19  3280  5651 7964.5 
 741.23  3285  5729 7175.5 
 741.27  3290  5806 7275.5 
 741.3  3295  5884 7307.5 
 741.34  3300  5962 6566 
 741.8  3305  6040 4873.5 
 741.84  3310  6117 4307.5 
 741.87  3315  6196 3772.5 
 741.91  3320  6274 3509 
 741.94  3325  6352 2977.5 
 741.98  3330  6430 2539 
 742.02  3335  6509 2024.5 
 742.05  3340  6587 1786.5 
 742.09  3345  6666 1731 
 742.12  3350  6745 1350 
 742.16  3355  6824 1364.5 
 742.2  3360  6903 810.5 
 742.23  3365  6982 813 
 742.27  3370  7061 572.5 
 742.31  3375  7141 589.5 
 742.34  3380  7220 509 
 742.38  3385  7300 470.5 
 742.41  3390  7379 382.5 
 742.45  3395  7459 323.5 
 742.49  3400  7539 324.5 
end
dr 6  0  5349.8  149615.5  352203.6  132312.1  6626.81 
uzIntegration time is 0.2294 seconds per sampledt  3.8E-08 cy 1dh240917Thessaloniki 40.634-22.956 4.07pr1000dark 33.25 
 744.39  2900  28 43.6 
 744.45  2905  99 43.6 
 744.52  2910  170 45.5 
 744.59  2915  241 45.5 
 744.65  2920  312 46.2 
 744.72  2925  383 45.6 
 744.78  2930  455 45.8 
 744.85  2935  526 44 
 744.92  2940  597 46.8 
 744.98  2945  669 46.6 
 745.05  2950  741 51.7 
 745.12  2955  812 54.5 
 745.18  2960  884 59.4 
 745.25  2965  956 65.9 
 745.32  2970  1028 74.9 
 745.38  2975  1100 108.7 
 745.45  2980  1172 128.6 
 745.51  2985  1244 140.8 
 745.58  2990  1316 215.1 
 745.64  2995  1388 276.1 
 745.69  3000  1461 301.4 
 746.15  3005  1533 394.6 
 746.21  3010  1606 583.4 
 746.25  3015  1678 781.4 
 746.3  3020  1751 710.2 
 746.35  3025  1824 1265.2 
 746.4  3030  1897 1950.6 
 746.45  3035  1969 2374.4 
 746.5  3040  2042 2310.2 
 746.54  3045  2116 2994.2 
 746.59  3050  2189 4129.2 
 746.64  3055  2262 4261 
 746.69  3060  2335 4156 
 746.74  3065  2409 4926 
 746.79  3070  2482 6531.6 
 746.83  3075  2556 7709.6 
 746.88  3080  2630 8122.8 
 746.93  3085  2703 8961 
 746.98  3090  2777 7907.8 
 747.03  3095  2851 8680.401 
 747.06  3100  2925 8721 
 747.5  3105  2999 13453 
 747.54  3110  3074 15925 
 747.57  3115  3148 15502 
 747.61  3120  3222 14405 
 747.64  3125  3297 16543 
 747.68  3130  3371 17096 
 747.71  3135  3446 16999.5 
 747.75  3140  3521 19460 
 747.79  3145  3596 16300 
 747.82  3150  3671 20203 
 747.86  3155  3746 18003 
 747.89  3160  3821 13962.5 
 747.93  3165  3896 18682 
 747.96  3170  3971 22348 
 748  3175  4047 22250.5 
 748.03  3180  4122 16644 
 748.07  3185  4198 18999 
 748.1  3190  4273 20198 
 748.14  3195  4349 16940 
 748.17  3200  4425 19180.5 
 748.64  3205  4501 21175.5 
 748.68  3210  4577 17186 
 748.71  3215  4653 15226 
 748.75  3220  4729 16419.5 
 748.78  3225  4805 13121.5 
 748.82  3230  4882 11622.5 
 748.85  3235  4958 12593.5 
 748.89  3240  5035 13342.5 
 748.92  3245  5112 12968.5 
 748.96  3250  5188 10781 
 748.99  3255  5265 12022 
 749.03  3260  5342 12999 
 749.06  3265  5419 11584 
 749.1  3270  5497 10719.5 
 749.13  3275  5574 9237.5 
 749.17  3280  5651 7689.5 
 749.21  3285  5729 6922.5 
 749.25  3290  5806 7029.5 
 749.28  3295  5884 7159.5 
 749.32  3300  5962 6304 
 749.79  3305  6040 4662 
 749.82  3310  6117 4109.5 
 749.86  3315  6196 3628 
 749.89  3320  6274 3311 
 749.93  3325  6352 2839 
 749.97  3330  6430 2511 
 750  3335  6509 1996 
 750.04  3340  6587 1729.5 
 750.07  3345  6666 1684.5 
 750.11  3350  6745 1346.5 
 750.15  3355  6824 1286.5 
 750.18  3360  6903 797 
 750.22  3365  6982 803.5 
 750.26  3370  7061 577 
 750.29  3375  7141 603 
 750.33  3380  7220 487.5 
 750.36  3385  7300 456 
 750.4  3390  7379 386.5 
 750.44  3395  7459 308 
 750.47  3400  7539 313 
end
dr 6  0  4728  141784.5  338542.6  128361.5  6585.393 
ufIntegration time is 0.2294 seconds per sampledt  3.8E-08 cy 1dh240917Thessaloniki 40.634-22.956 4.03pr1000dark 31.95 
 768.66  2900  28 39.9 
 768.73  2905  99 41.3 
 768.79  2910  170 40.4 
 768.86  2915  241 42.8 
 768.92  2920  312 44.8 
 768.99  2925  383 42.5 
 769.06  2930  455 42.7 
 769.12  2935  526 44.6 
 769.19  2940  597 44.3 
 769.25  2945  669 43.6 
 769.32  2950  741 46.5 
 769.38  2955  812 49.9 
 769.45  2960  884 52.7 
 769.51  2965  956 59.1 
 769.58  2970  1028 64.2 
 769.64  2975  1100 78.8 
 769.71  2980  1172 93.7 
 769.78  2985  1244 97.6 
 769.85  2990  1316 150.3 
 769.91  2995  1388 196.4 
 769.96  3000  1461 207.2 
 770.43  3005  1533 271.8 
 770.48  3010  1606 419.6 
 770.52  3015  1678 569 
 770.57  3020  1751 533 
 770.62  3025  1824 920.8 
 770.67  3030  1897 1440.8 
 770.72  3035  1969 1757.2 
 770.77  3040  2042 1709.8 
 770.82  3045  2116 2257 
 770.86  3050  2189 3177.6 
 770.91  3055  2262 3329 
 770.96  3060  2335 3235 
 771.01  3065  2409 3855.6 
 771.06  3070  2482 5266.2 
 771.1  3075  2556 6177.8 
 771.15  3080  2630 6538.8 
 771.2  3085  2703 7297.6 
 771.25  3090  2777 6456.6 
 771.3  3095  2851 7155.2 
 771.33  3100  2925 7135 
 771.78  3105  2999 11097.5 
 771.81  3110  3074 13369 
 771.85  3115  3148 12888 
 771.88  3120  3222 12019 
 771.92  3125  3297 13875 
 771.95  3130  3371 14529 
 771.99  3135  3446 14395 
 772.02  3140  3521 16581 
 772.06  3145  3596 14067.5 
 772.09  3150  3671 17515 
 772.13  3155  3746 15135 
 772.17  3160  3821 12154.5 
 772.2  3165  3896 16052.5 
 772.24  3170  3971 19135.5 
 772.27  3175  4047 19366 
 772.31  3180  4122 14427 
 772.34  3185  4198 16267.5 
 772.38  3190  4273 17918.5 
 772.41  3195  4349 14681 
 772.45  3200  4425 16752 
 772.92  3205  4501 18568.5 
 772.96  3210  4577 15552.5 
 772.99  3215  4653 13569.5 
 773.03  3220  4729 14236.5 
 773.07  3225  4805 11599 
 773.1  3230  4882 10316.5 
 773.14  3235  4958 11189.5 
 773.17  3240  5035 11900.5 
 773.21  3245  5112 11409 
 773.24  3250  5188 9590 
 773.28  3255  5265 10675 
 773.31  3260  5342 11571.5 
 773.35  3265  5419 10327 
 773.38  3270  5497 9455 
 773.42  3275  5574 8171 
 773.45  3280  5651 6865 
 773.49  3285  5729 6117.5 
 773.52  3290  5806 6162 
 773.56  3295  5884 6301 
 773.59  3300  5962 5723.5 
 774.07  3305  6040 4062.5 
 774.11  3310  6117 3698 
 774.14  3315  6196 3192 
 774.18  3320  6274 2940 
 774.21  3325  6352 2575 
 774.25  3330  6430 2181 
 774.28  3335  6509 1702 
 774.32  3340  6587 1545 
 774.35  3345  6666 1500 
 774.39  3350  6745 1222.5 
 774.42  3355  6824 1176.5 
 774.46  3360  6903 740 
 774.5  3365  6982 716.5 
 774.53  3370  7061 509.5 
 774.57  3375  7141 533 
 774.6  3380  7220 429.5 
 774.64  3385  7300 399 
 774.68  3390  7379 348 
 774.72  3395  7459 280 
 774.75  3400  7539 284 
end
dr 6  0  3107.8  117876  297769  114365.6  5813.251 
uzIntegration time is 0.2294 seconds per sampledt  3.8E-08 cy 1dh240917Thessaloniki 40.634-22.956 4.07pr1000dark 34.35 
 780.35  2900  28 42 
 780.42  2905  99 41.1 
 780.48  2910  170 42 
 780.55  2915  241 42.1 
 780.62  2920  312 40.6 
 780.69  2925  383 42.8 
 780.75  2930  455 43.6 
 780.82  2935  526 42.6 
 780.88  2940  597 43.4 
 780.95  2945  669 43.5 
 781.02  2950  741 42.8 
 781.08  2955  812 46.4 
 781.15  2960  884 47.2 
 781.22  2965  956 51.1 
 781.28  2970  1028 52.9 
 781.35  2975  1100 73.5 
 781.41  2980  1172 81.9 
 781.48  2985  1244 84.2 
 781.55  2990  1316 128.4 
 781.61  2995  1388 164 
 781.66  3000  1461 171.8 
 782.13  3005  1533 221.6 
 782.18  3010  1606 340 
 782.23  3015  1678 456.8 
 782.28  3020  1751 424 
 782.32  3025  1824 789.6 
 782.37  3030  1897 1225.8 
 782.42  3035  1969 1469.4 
 782.47  3040  2042 1446 
 782.52  3045  2116 1906.6 
 782.56  3050  2189 2733 
 782.61  3055  2262 2867.6 
 782.66  3060  2335 2737.2 
 782.71  3065  2409 3331.6 
 782.76  3070  2482 4665.4 
 782.81  3075  2556 5499.6 
 782.86  3080  2630 5774.6 
 782.9  3085  2703 6418.2 
 782.95  3090  2777 5818.2 
 783  3095  2851 6285.2 
 783.04  3100  2925 6441 
 783.48  3105  2999 9781.5 
 783.52  3110  3074 12014.5 
 783.55  3115  3148 11656.5 
 783.59  3120  3222 11027 
 783.62  3125  3297 12760.5 
 783.66  3130  3371 13267.5 
 783.69  3135  3446 13229.5 
 783.73  3140  3521 15084.5 
 783.77  3145  3596 12915 
 783.8  3150  3671 16088 
 783.84  3155  3746 13686 
 783.87  3160  3821 11279 
 783.91  3165  3896 15058.5 
 783.94  3170  3971 17726.5 
 783.98  3175  4047 17984 
 784.01  3180  4122 13396.5 
 784.05  3185  4198 15188.5 
 784.09  3190  4273 16654.5 
 784.12  3195  4349 13605 
 784.16  3200  4425 15562 
 784.63  3205  4501 17174.5 
 784.67  3210  4577 14360 
 784.7  3215  4653 12548.5 
 784.74  3220  4729 13282 
 784.78  3225  4805 10784.5 
 784.81  3230  4882 9604 
 784.85  3235  4958 10389.5 
 784.89  3240  5035 11091.5 
 784.92  3245  5112 10675.5 
 784.96  3250  5188 8977 
 785  3255  5265 9947.5 
 785.03  3260  5342 10792.5 
 785.07  3265  5419 9721.5 
 785.1  3270  5497 8929 
 785.14  3275  5574 7619 
 785.17  3280  5651 6323 
 785.21  3285  5729 5730.5 
 785.24  3290  5806 5780 
 785.28  3295  5884 5887.5 
 785.31  3300  5962 5211 
 785.79  3305  6040 3971.5 
 785.83  3310  6117 3505.5 
 785.86  3315  6196 2989 
 785.9  3320  6274 2806.5 
 785.94  3325  6352 2349.5 
 785.97  3330  6430 2058 
 786.01  3335  6509 1671 
 786.04  3340  6587 1414.5 
 786.08  3345  6666 1410.5 
 786.12  3350  6745 1117 
 786.15  3355  6824 1111 
 786.19  3360  6903 656 
 786.22  3365  6982 677.5 
 786.26  3370  7061 483 
 786.3  3375  7141 508 
 786.33  3380  7220 426 
 786.37  3385  7300 383.5 
 786.4  3390  7379 330.5 
 786.43  3395  7459 261 
 786.47  3400  7539 263 
end
dr 6  0  2367.6  104692  273390.5  105598.7  5557.349 
uzIntegration time is 0.2294 seconds per sampledt  3.8E-08 cy 1dh240917Thessaloniki 40.634-22.956 4pr1000dark 31.6 
 812.82  2900  28 37.5 
 812.88  2905  99 39.6 
 812.95  2910  170 34.8 
 813.01  2915  241 38.6 
 813.08  2920  312 36.4 
 813.14  2925  383 37.1 
 813.21  2930  455 39 
 813.27  2935  526 37.3 
 813.34  2940  597 37.8 
 813.4  2945  669 39.5 
 813.46  2950  741 36.9 
 813.53  2955  812 38 
 813.59  2960  884 38.5 
 813.66  2965  956 38.9 
 813.73  2970  1028 40.6 
 813.79  2975  1100 46.9 
 813.86  2980  1172 47.9 
 813.92  2985  1244 48.3 
 813.99  2990  1316 66.9 
 814.05  2995  1388 81.3 
 814.1  3000  1461 87.2 
 814.59  3005  1533 110 
 814.63  3010  1606 156.8 
 814.68  3015  1678 217.8 
 814.73  3020  1751 212.8 
 814.78  3025  1824 358.4 
 814.83  3030  1897 592.8 
 814.87  3035  1969 719.2 
 814.92  3040  2042 724.2 
 814.97  3045  2116 965.8 
 815.02  3050  2189 1364 
 815.07  3055  2262 1502 
 815.12  3060  2335 1472 
 815.17  3065  2409 1797.2 
 815.21  3070  2482 2499 
 815.26  3075  2556 3045.2 
 815.31  3080  2630 3252.8 
 815.36  3085  2703 3593 
 815.4  3090  2777 3270.8 
 815.45  3095  2851 3717.4 
 815.49  3100  2925 3789 
 815.95  3105  2999 5696.5 
 815.99  3110  3074 7084.5 
 816.02  3115  3148 6816.5 
 816.06  3120  3222 6612 
 816.09  3125  3297 7771 
 816.13  3130  3371 8033.5 
 816.16  3135  3446 7918.5 
 816.2  3140  3521 9209.5 
 816.23  3145  3596 7957 
 816.27  3150  3671 9902 
 816.3  3155  3746 8551 
 816.34  3160  3821 7052.5 
 816.38  3165  3896 9455.5 
 816.41  3170  3971 11180 
 816.45  3175  4047 11308.5 
 816.48  3180  4122 8436.5 
 816.51  3185  4198 9480 
 816.55  3190  4273 10446 
 816.59  3195  4349 8712 
 816.62  3200  4425 9770 
 817.11  3205  4501 10599.5 
 817.15  3210  4577 8791.5 
 817.19  3215  4653 7805.5 
 817.22  3220  4729 8224.5 
 817.26  3225  4805 6608.5 
 817.29  3230  4882 5964.5 
 817.33  3235  4958 6519.5 
 817.37  3240  5035 6927.5 
 817.4  3245  5112 6541.5 
 817.44  3250  5188 5558.5 
 817.47  3255  5265 6141.5 
 817.51  3260  5342 6659 
 817.55  3265  5419 6003.5 
 817.58  3270  5497 5459 
 817.62  3275  5574 4706.5 
 817.65  3280  5651 3881 
 817.69  3285  5729 3511 
 817.72  3290  5806 3607 
 817.76  3295  5884 3560 
 817.8  3300  5962 3239.5 
 818.29  3305  6040 2457.5 
 818.32  3310  6117 2186 
 818.36  3315  6196 1898 
 818.4  3320  6274 1751.5 
 818.43  3325  6352 1531 
 818.47  3330  6430 1333.5 
 818.5  3335  6509 1054.5 
 818.54  3340  6587 949 
 818.57  3345  6666 916 
 818.61  3350  6745 730 
 818.64  3355  6824 694.5 
 818.68  3360  6903 445.5 
 818.71  3365  6982 441 
 818.75  3370  7061 311.5 
 818.79  3375  7141 315.5 
 818.82  3380  7220 275 
 818.86  3385  7300 254 
 818.89  3390  7379 210.5 
 818.93  3395  7459 172.5 
 818.96  3400  7539 175.5 
end
dr 6  0  546.2  31321  78400.85  28304.31  1959.938 
uzIntegration time is 0.2294 seconds per sampledt  3.8E-08 cy 1dh240917Thessaloniki 40.634-22.956 3.86pr1000dark 24.45 
 842.11  2900  28 30.7 
 842.18  2905  99 29.2 
 842.25  2910  170 31.3 
 842.31  2915  241 32.6 
 842.38  2920  312 31.8 
 842.44  2925  383 30.6 
 842.51  2930  455 31.3 
 842.57  2935  526 32 
 842.64  2940  597 31 
 842.7  2945  669 29.1 
 842.77  2950  741 33.3 
 842.83  2955  812 32.5 
 842.9  2960  884 30.1 
 842.96  2965  956 31.2 
 843.03  2970  1028 35.1 
 843.09  2975  1100 33.5 
 843.16  2980  1172 38.4 
 843.23  2985  1244 36.8 
 843.29  2990  1316 41.4 
 843.36  2995  1388 48.7 
 843.4  3000  1461 52.8 
 843.9  3005  1533 58.6 
 843.95  3010  1606 81.6 
 844  3015  1678 107 
 844.05  3020  1751 107.2 
 844.1  3025  1824 184 
 844.14  3030  1897 293.8 
 844.19  3035  1969 368.6 
 844.24  3040  2042 371.6 
 844.28  3045  2116 526.6 
 844.33  3050  2189 805.4 
 844.38  3055  2262 874.2 
 844.43  3060  2335 860.8 
 844.48  3065  2409 1065 
 844.53  3070  2482 1505.8 
 844.57  3075  2556 1922.6 
 844.62  3080  2630 2052.6 
 844.67  3085  2703 2310.8 
 844.72  3090  2777 2165 
 844.77  3095  2851 2486.8 
 844.8  3100  2925 2631 
 845.27  3105  2999 4040 
 845.31  3110  3074 5053.5 
 845.34  3115  3148 4897 
 845.38  3120  3222 4855 
 845.41  3125  3297 5791.5 
 845.45  3130  3371 6201.5 
 845.49  3135  3446 5993.5 
 845.52  3140  3521 7133 
 845.56  3145  3596 6397 
 845.59  3150  3671 7931.5 
 845.63  3155  3746 6656 
 845.67  3160  3821 5684 
 845.7  3165  3896 7819.5 
 845.74  3170  3971 9174 
 845.77  3175  4047 9230 
 845.81  3180  4122 6906.5 
 845.84  3185  4198 8162 
 845.88  3190  4273 8953 
 845.91  3195  4349 7385.5 
 845.95  3200  4425 8279.5 
 846.45  3205  4501 9396 
 846.48  3210  4577 7875.5 
 846.52  3215  4653 7036.5 
 846.56  3220  4729 7376.5 
 846.59  3225  4805 5784.5 
 846.63  3230  4882 5360.5 
 846.66  3235  4958 5939 
 846.7  3240  5035 6359 
 846.73  3245  5112 6009.5 
 846.77  3250  5188 5018 
 846.81  3255  5265 5691.5 
 846.84  3260  5342 6158.5 
 846.88  3265  5419 5588.5 
 846.91  3270  5497 5146 
 846.95  3275  5574 4376.5 
 846.98  3280  5651 3630.5 
 847.02  3285  5729 3290 
 847.05  3290  5806 3350 
 847.09  3295  5884 3439.5 
 847.12  3300  5962 3094.5 
 847.63  3305  6040 2245 
 847.66  3310  6117 1963.5 
 847.69  3315  6196 1721.5 
 847.73  3320  6274 1594.5 
 847.77  3325  6352 1369 
 847.8  3330  6430 1223.5 
 847.84  3335  6509 963 
 847.87  3340  6587 821.5 
 847.91  3345  6666 824 
 847.95  3350  6745 654.5 
 847.98  3355  6824 626 
 848.02  3360  6903 391.5 
 848.05  3365  6982 393.5 
 848.09  3370  7061 274 
 848.13  3375  7141 297 
 848.16  3380  7220 241.5 
 848.2  3385  7300 233 
 848.23  3390  7379 202 
 848.27  3395  7459 157.5 
 848.3  3400  7539 154.5 
end
dr 6  0  238.4  25353.5  95068.94  42636.64  2436.24 
uzIntegration time is 0.2294 seconds per sampledt  3.8E-08 cy 1dh240917Thessaloniki 40.634-22.956 3.88pr1000dark 21.75 
 853.61  2900  28 26.5 
 853.68  2905  99 23.7 
 853.75  2910  170 29.2 
 853.82  2915  241 27.3 
 853.88  2920  312 26.7 
 853.95  2925  383 27.4 
 854.02  2930  455 28.1 
 854.08  2935  526 28.5 
 854.15  2940  597 25.8 
 854.21  2945  669 28.3 
 854.28  2950  741 25.8 
 854.35  2955  812 28.5 
 854.42  2960  884 28 
 854.48  2965  956 29.9 
 854.55  2970  1028 31.3 
 854.61  2975  1100 30.2 
 854.68  2980  1172 30.2 
 854.75  2985  1244 31.3 
 854.81  2990  1316 36 
 854.88  2995  1388 37 
 854.92  3000  1461 42.4 
 855.42  3005  1533 47.6 
 855.47  3010  1606 71.8 
 855.52  3015  1678 82.2 
 855.57  3020  1751 80.8 
 855.62  3025  1824 123.8 
 855.66  3030  1897 213.4 
 855.71  3035  1969 259.6 
 855.76  3040  2042 273.8 
 855.81  3045  2116 381.2 
 855.86  3050  2189 560.2 
 855.91  3055  2262 633.4 
 855.96  3060  2335 640.8 
 856  3065  2409 790.2 
 856.05  3070  2482 1124.8 
 856.1  3075  2556 1459.6 
 856.15  3080  2630 1575.4 
 856.2  3085  2703 1775.8 
 856.25  3090  2777 1676.6 
 856.29  3095  2851 1955 
 856.33  3100  2925 2086 
 856.8  3105  2999 3201.5 
 856.84  3110  3074 3961.5 
 856.87  3115  3148 3915 
 856.9  3120  3222 3946.5 
 856.94  3125  3297 4688 
 856.98  3130  3371 4926 
 857.01  3135  3446 4899 
 857.05  3140  3521 5826.5 
 857.08  3145  3596 5247 
 857.12  3150  3671 6522.5 
 857.15  3155  3746 5604 
 857.19  3160  3821 4771.5 
 857.23  3165  3896 6479.5 
 857.26  3170  3971 7617.5 
 857.3  3175  4047 7653.5 
 857.33  3180  4122 5761.5 
 857.37  3185  4198 6867.5 
 857.4  3190  4273 7579 
 857.44  3195  4349 6152.5 
 857.47  3200  4425 6901.5 
 857.97  3205  4501 7768 
 858.01  3210  4577 6534 
 858.05  3215  4653 5842.5 
 858.08  3220  4729 6079 
 858.12  3225  4805 4868 
 858.15  3230  4882 4465 
 858.19  3235  4958 4927 
 858.22  3240  5035 5292 
 858.26  3245  5112 5023.5 
 858.29  3250  5188 4181.5 
 858.33  3255  5265 4665.5 
 858.37  3260  5342 5104.5 
 858.4  3265  5419 4628.5 
 858.44  3270  5497 4254.5 
 858.47  3275  5574 3566.5 
 858.51  3280  5651 2974.5 
 858.54  3285  5729 2718 
 858.58  3290  5806 2798 
 858.62  3295  5884 2869.5 
 858.65  3300  5962 2533.5 
 859.15  3305  6040 1917.5 
 859.19  3310  6117 1643.5 
 859.22  3315  6196 1430 
 859.26  3320  6274 1355 
 859.3  3325  6352 1142.5 
 859.33  3330  6430 998.5 
 859.37  3335  6509 823 
 859.4  3340  6587 688.5 
 859.44  3345  6666 676 
 859.47  3350  6745 559 
 859.51  3355  6824 526 
 859.55  3360  6903 342.5 
 859.58  3365  6982 330 
 859.62  3370  7061 242.5 
 859.65  3375  7141 248 
 859.69  3380  7220 221 
 859.73  3385  7300 202 
 859.76  3390  7379 170.5 
 859.8  3395  7459 138 
 859.83  3400  7539 131 
end
dr 6  0  145.2  16934.5  62698.25  24467.4  1417.072 
uzIntegration time is 0.2294 seconds per sampledt  3.8E-08 cy 1dh240917Thessaloniki 40.634-22.956 3.86pr1000dark 19.15 
 870.54  2900  28 23.1 
 870.61  2905  99 20.9 
 870.67  2910  170 22.3 
 870.74  2915  241 22.4 
 870.8  2920  312 22.9 
 870.87  2925  383 27 
 870.94  2930  455 23.5 
 871  2935  526 23.6 
 871.07  2940  597 22.7 
 871.13  2945  669 22.6 
 871.2  2950  741 22.6 
 871.27  2955  812 22.5 
 871.33  2960  884 22.9 
 871.4  2965  956 24 
 871.47  2970  1028 25.7 
 871.53  2975  1100 24.5 
 871.6  2980  1172 24.4 
 871.67  2985  1244 23.5 
 871.73  2990  1316 27.9 
 871.8  2995  1388 30.4 
 871.85  3000  1461 31.6 
 872.35  3005  1533 31.6 
 872.4  3010  1606 41 
 872.45  3015  1678 50.2 
 872.5  3020  1751 49 
 872.55  3025  1824 72 
 872.59  3030  1897 129.2 
 872.64  3035  1969 151.8 
 872.69  3040  2042 150.4 
 872.74  3045  2116 211.6 
 872.78  3050  2189 319 
 872.83  3055  2262 376.4 
 872.88  3060  2335 367 
 872.93  3065  2409 471.4 
 872.98  3070  2482 682.4 
 873.02  3075  2556 893.6 
 873.07  3080  2630 978.6 
 873.12  3085  2703 1116.4 
 873.17  3090  2777 1087.6 
 873.22  3095  2851 1284.8 
 873.25  3100  2925 1356 
 873.73  3105  2999 2175.5 
 873.76  3110  3074 2662.5 
 873.8  3115  3148 2654 
 873.83  3120  3222 2714.5 
 873.87  3125  3297 3296.5 
 873.9  3130  3371 3493.5 
 873.94  3135  3446 3459.5 
 873.97  3140  3521 4192 
 874.01  3145  3596 3876.5 
 874.05  3150  3671 4799.5 
 874.08  3155  3746 4049.5 
 874.12  3160  3821 3489 
 874.15  3165  3896 4909 
 874.19  3170  3971 5751.5 
 874.22  3175  4047 5781 
 874.26  3180  4122 4428 
 874.29  3185  4198 5320 
 874.33  3190  4273 6008 
 874.36  3195  4349 4776.5 
 874.4  3200  4425 5372 
 874.91  3205  4501 6252 
 874.94  3210  4577 5388.5 
 874.98  3215  4653 4811 
 875.01  3220  4729 4967.5 
 875.05  3225  4805 4001 
 875.08  3230  4882 3700 
 875.12  3235  4958 4148 
 875.15  3240  5035 4472.5 
 875.19  3245  5112 4191 
 875.23  3250  5188 3443.5 
 875.26  3255  5265 3875 
 875.3  3260  5342 4324 
 875.33  3265  5419 3952.5 
 875.37  3270  5497 3622.5 
 875.4  3275  5574 3092.5 
 875.44  3280  5651 2495.5 
 875.47  3285  5729 2299 
 875.51  3290  5806 2420 
 875.54  3295  5884 2406.5 
 875.58  3300  5962 2259.5 
 876.09  3305  6040 1612.5 
 876.12  3310  6117 1416 
 876.16  3315  6196 1237 
 876.2  3320  6274 1169.5 
 876.23  3325  6352 1008 
 876.27  3330  6430 868 
 876.3  3335  6509 682.5 
 876.34  3340  6587 597.5 
 876.38  3345  6666 608 
 876.41  3350  6745 481 
 876.45  3355  6824 472 
 876.48  3360  6903 290 
 876.52  3365  6982 288.5 
 876.56  3370  7061 208.5 
 876.59  3375  7141 205 
 876.63  3380  7220 186 
 876.67  3385  7300 175.5 
 876.7  3390  7379 137 
 876.74  3395  7459 113 
 876.77  3400  7539 119 
end
dr 6  0  59.2  5218  37425.54  20201.34  1218.86 
uzIntegration time is 0.2294 seconds per sampledt  3.8E-08 cy 1dh240917Thessaloniki 40.634-22.956 3.78pr1000dark 16.85 
 898.12  2900  28 18.1 
 898.18  2905  99 16.9 
 898.25  2910  170 18.9 
 898.32  2915  241 17.9 
 898.38  2920  312 18.2 
 898.45  2925  383 18.1 
 898.52  2930  455 18.6 
 898.58  2935  526 18.2 
 898.65  2940  597 18.7 
 898.71  2945  669 18.1 
 898.78  2950  741 18.1 
 898.85  2955  812 18.9 
 898.92  2960  884 18.3 
 898.98  2965  956 18.5 
 899.05  2970  1028 19.4 
 899.11  2975  1100 18.7 
 899.18  2980  1172 19.2 
 899.24  2985  1244 19.4 
 899.31  2990  1316 19.5 
 899.37  2995  1388 22.6 
 899.42  3000  1461 21.4 
 899.93  3005  1533 20.8 
 899.97  3010  1606 23.4 
 900.02  3015  1678 28.4 
 900.07  3020  1751 27.8 
 900.12  3025  1824 39.8 
 900.17  3030  1897 51 
 900.22  3035  1969 60 
 900.27  3040  2042 62.4 
 900.32  3045  2116 77.2 
 900.36  3050  2189 122.6 
 900.41  3055  2262 136 
 900.46  3060  2335 138.4 
 900.51  3065  2409 179.2 
 900.56  3070  2482 263.6 
 900.6  3075  2556 346 
 900.65  3080  2630 385 
 900.7  3085  2703 459.6 
 900.75  3090  2777 448.2 
 900.8  3095  2851 551.6 
 900.84  3100  2925 597 
 901.32  3105  2999 966 
 901.36  3110  3074 1199 
 901.39  3115  3148 1200 
 901.43  3120  3222 1265.5 
 901.46  3125  3297 1603 
 901.5  3130  3371 1740.5 
 901.53  3135  3446 1710 
 901.57  3140  3521 2098 
 901.6  3145  3596 2012 
 901.64  3150  3671 2566 
 901.67  3155  3746 2110 
 901.71  3160  3821 1882 
 901.74  3165  3896 2764 
 901.78  3170  3971 3233 
 901.82  3175  4047 3211.5 
 901.85  3180  4122 2465.5 
 901.89  3185  4198 3107.5 
 901.92  3190  4273 3464.5 
 901.96  3195  4349 2764.5 
 902  3200  4425 3101 
 902.51  3205  4501 3684 
 902.55  3210  4577 3285.5 
 902.58  3215  4653 2955 
 902.62  3220  4729 2933.5 
 902.66  3225  4805 2327 
 902.69  3230  4882 2202.5 
 902.72  3235  4958 2590 
 902.76  3240  5035 2811.5 
 902.8  3245  5112 2596.5 
 902.83  3250  5188 2112.5 
 902.87  3255  5265 2387 
 902.9  3260  5342 2734 
 902.94  3265  5419 2545.5 
 902.97  3270  5497 2303.5 
 903.01  3275  5574 1911.5 
 903.05  3280  5651 1579.5 
 903.08  3285  5729 1469 
 903.12  3290  5806 1540 
 903.15  3295  5884 1607 
 903.19  3300  5962 1401.5 
 903.7  3305  6040 1035 
 903.74  3310  6117 900 
 903.78  3315  6196 786.5 
 903.81  3320  6274 752 
 903.85  3325  6352 637.5 
 903.88  3330  6430 562 
 903.92  3335  6509 447 
 903.96  3340  6587 388.5 
 903.99  3345  6666 374.5 
 904.03  3350  6745 312 
 904.06  3355  6824 304 
 904.1  3360  6903 190.5 
 904.14  3365  6982 184 
 904.17  3370  7061 139.5 
 904.21  3375  7141 134.5 
 904.24  3380  7220 120.5 
 904.28  3385  7300 114 
 904.32  3390  7379 97 
 904.35  3395  7459 80 
 904.39  3400  7539 80 
end
dr 6  0  27.4  541.5  11232.82  8497.722  606.4715 
uzIntegration time is 0.2294 seconds per sampledt  3.8E-08 cy 1dh240917Thessaloniki 40.634-22.956 3.68pr1000dark 13.7 
 925.64  2900  28 14.6 
 925.71  2905  99 14.1 
 925.77  2910  170 14.1 
 925.84  2915  241 15.1 
 925.91  2920  312 13.2 
 925.97  2925  383 15.3 
 926.04  2930  455 14.1 
 926.1  2935  526 14.8 
 926.17  2940  597 14.2 
 926.24  2945  669 15.7 
 926.31  2950  741 14.3 
 926.37  2955  812 14.2 
 926.44  2960  884 15.4 
 926.5  2965  956 14.6 
 926.57  2970  1028 14.7 
 926.64  2975  1100 14.5 
 926.7  2980  1172 14.8 
 926.77  2985  1244 14.5 
 926.83  2990  1316 14.6 
 926.9  2995  1388 16.9 
 926.95  3000  1461 15.4 
 927.47  3005  1533 15.6 
 927.52  3010  1606 17.8 
 927.57  3015  1678 19.2 
 927.61  3020  1751 18.6 
 927.66  3025  1824 21.8 
 927.71  3030  1897 24.2 
 927.76  3035  1969 31 
 927.81  3040  2042 31.8 
 927.86  3045  2116 40.4 
 927.91  3050  2189 45 
 927.95  3055  2262 47.4 
 928  3060  2335 48 
 928.05  3065  2409 54.4 
 928.1  3070  2482 84.8 
 928.15  3075  2556 101.6 
 928.2  3080  2630 112.4 
 928.24  3085  2703 132 
 928.29  3090  2777 129.6 
 928.34  3095  2851 167.6 
 928.38  3100  2925 181 
 928.87  3105  2999 278 
 928.91  3110  3074 352.5 
 928.94  3115  3148 368 
 928.98  3120  3222 414.5 
 929.01  3125  3297 539.5 
 929.05  3130  3371 596.5 
 929.08  3135  3446 587.5 
 929.12  3140  3521 764 
 929.15  3145  3596 739 
 929.19  3150  3671 966 
 929.22  3155  3746 805 
 929.26  3160  3821 745 
 929.3  3165  3896 1109.5 
 929.33  3170  3971 1300 
 929.37  3175  4047 1309.5 
 929.4  3180  4122 1033.5 
 929.44  3185  4198 1412 
 929.47  3190  4273 1572.5 
 929.51  3195  4349 1226.5 
 929.54  3200  4425 1363.5 
 930.07  3205  4501 1681 
 930.1  3210  4577 1554 
 930.14  3215  4653 1382 
 930.18  3220  4729 1347 
 930.21  3225  4805 1102.5 
 930.25  3230  4882 1021 
 930.28  3235  4958 1268 
 930.32  3240  5035 1403.5 
 930.35  3245  5112 1279 
 930.39  3250  5188 1007 
 930.43  3255  5265 1150 
 930.46  3260  5342 1367 
 930.5  3265  5419 1295.5 
 930.53  3270  5497 1198.5 
 930.57  3275  5574 977.5 
 930.6  3280  5651 764.5 
 930.64  3285  5729 726 
 930.68  3290  5806 802.5 
 930.72  3295  5884 854.5 
 930.75  3300  5962 736.5 
 931.28  3305  6040 523 
 931.31  3310  6117 452.5 
 931.35  3315  6196 389 
 931.38  3320  6274 392.5 
 931.42  3325  6352 339 
 931.45  3330  6430 299 
 931.49  3335  6509 241.5 
 931.53  3340  6587 195 
 931.56  3345  6666 190.5 
 931.6  3350  6745 164.5 
 931.63  3355  6824 166.5 
 931.67  3360  6903 102.5 
 931.71  3365  6982 104 
 931.74  3370  7061 78 
 931.78  3375  7141 79.5 
 931.82  3380  7220 71.5 
 931.85  3385  7300 66.5 
 931.89  3390  7379 60.5 
 931.93  3395  7459 45.5 
 931.96  3400  7539 46.5 
end
dr 6  0  13.8  46.5  310.7175  240.7414  65.08474 
uzIntegration time is 0.2294 seconds per sampledt  3.8E-08 cy 1dh240917Thessaloniki 40.634-22.956 3.64pr1000dark 12 
 952.1  2900  28 10.9 
 952.17  2905  99 11.6 
 952.23  2910  170 11.1 
 952.3  2915  241 11 
 952.36  2920  312 11.6 
 952.43  2925  383 11.6 
 952.5  2930  455 12 
 952.56  2935  526 11.3 
 952.63  2940  597 10.8 
 952.69  2945  669 11.6 
 952.76  2950  741 11.1 
 952.82  2955  812 11.6 
 952.89  2960  884 12.1 
 952.96  2965  956 11.4 
 953.02  2970  1028 12.5 
 953.09  2975  1100 11.7 
 953.15  2980  1172 11.8 
 953.22  2985  1244 10.3 
 953.28  2990  1316 11.5 
 953.35  2995  1388 12.4 
 953.39  3000  1461 11.2 
 953.92  3005  1533 11.2 
 953.97  3010  1606 12 
 954.02  3015  1678 13.6 
 954.07  3020  1751 13 
 954.12  3025  1824 14.4 
 954.16  3030  1897 15.2 
 954.21  3035  1969 16.6 
 954.26  3040  2042 16.4 
 954.31  3045  2116 17.4 
 954.36  3050  2189 21.8 
 954.41  3055  2262 21.6 
 954.45  3060  2335 21.6 
 954.5  3065  2409 23.2 
 954.55  3070  2482 32.2 
 954.6  3075  2556 37.8 
 954.65  3080  2630 44.6 
 954.7  3085  2703 42.6 
 954.75  3090  2777 40.2 
 954.8  3095  2851 46.2 
 954.83  3100  2925 44.5 
 955.34  3105  2999 69.5 
 955.37  3110  3074 84 
 955.4  3115  3148 83.5 
 955.44  3120  3222 89.5 
 955.48  3125  3297 116.5 
 955.51  3130  3371 128.5 
 955.55  3135  3446 119.5 
 955.58  3140  3521 155.5 
 955.62  3145  3596 166.5 
 955.65  3150  3671 207.5 
 955.69  3155  3746 179.5 
 955.73  3160  3821 168.5 
 955.76  3165  3896 255 
 955.8  3170  3971 300 
 955.84  3175  4047 292 
 955.87  3180  4122 257 
 955.91  3185  4198 343.5 
 955.94  3190  4273 418 
 955.98  3195  4349 326.5 
 956.01  3200  4425 345 
 956.55  3205  4501 438 
 956.58  3210  4577 448.5 
 956.62  3215  4653 418 
 956.65  3220  4729 397 
 956.69  3225  4805 294 
 956.73  3230  4882 299.5 
 956.76  3235  4958 398.5 
 956.8  3240  5035 456.5 
 956.83  3245  5112 398 
 956.87  3250  5188 317 
 956.91  3255  5265 344 
 956.94  3260  5342 455.5 
 956.98  3265  5419 462 
 957.01  3270  5497 432 
 957.05  3275  5574 322.5 
 957.08  3280  5651 240 
 957.12  3285  5729 256.5 
 957.15  3290  5806 307 
 957.19  3295  5884 317 
 957.22  3300  5962 284 
 957.76  3305  6040 195 
 957.8  3310  6117 157.5 
 957.83  3315  6196 146 
 957.87  3320  6274 139 
 957.9  3325  6352 137.5 
 957.94  3330  6430 132 
 957.97  3335  6509 106.5 
 958.01  3340  6587 72 
 958.05  3345  6666 77.5 
 958.08  3350  6745 69.5 
 958.12  3355  6824 68.5 
 958.15  3360  6903 44.5 
 958.19  3365  6982 47.5 
 958.22  3370  7061 38.5 
 958.26  3375  7141 34.5 
 958.3  3380  7220 43.5 
 958.33  3385  7300 36 
 958.37  3390  7379 26.5 
 958.4  3395  7459 23.5 
 958.44  3400  7539 23.5 
end
dr 6  0  10  10.5  42.43947  28.41047  36.97997 
ufIntegration time is 0.2294 seconds per sampledt  3.8E-08 cy 1dh240917Thessaloniki 40.634-22.956 3.56pr1000dark 8.7 
 981.28  2900  28 9.100001 
 981.35  2905  99 8.3 
 981.41  2910  170 9.2 
 981.48  2915  241 8.899999 
 981.55  2920  312 9.100001 
 981.61  2925  383 9.2 
 981.68  2930  455 8.7 
 981.74  2935  526 8.899999 
 981.81  2940  597 9 
 981.88  2945  669 8.899999 
 981.94  2950  741 8.7 
 982.01  2955  812 9.3 
 982.07  2960  884 9.100001 
 982.14  2965  956 8.600001 
 982.21  2970  1028 9.600001 
 982.27  2975  1100 8.100001 
 982.34  2980  1172 8.899999 
 982.4  2985  1244 8.5 
 982.47  2990  1316 9.3 
 982.54  2995  1388 9.100001 
 982.58  3000  1461 9.600001 
 983.12  3005  1533 9.2 
 983.17  3010  1606 8.8 
 983.22  3015  1678 9.600001 
 983.27  3020  1751 9.2 
 983.32  3025  1824 8.399999 
 983.37  3030  1897 9.8 
 983.41  3035  1969 9 
 983.46  3040  2042 8.399999 
 983.51  3045  2116 8.8 
 983.56  3050  2189 10 
 983.61  3055  2262 10.4 
 983.66  3060  2335 12 
 983.71  3065  2409 11.8 
 983.75  3070  2482 14 
 983.8  3075  2556 13.8 
 983.85  3080  2630 13 
 983.9  3085  2703 14 
 983.95  3090  2777 14.8 
 983.99  3095  2851 14.2 
 984.03  3100  2925 12.5 
 984.55  3105  2999 17.5 
 984.58  3110  3074 18.5 
 984.62  3115  3148 17 
 984.65  3120  3222 18.5 
 984.69  3125  3297 20.5 
 984.72  3130  3371 21.5 
 984.76  3135  3446 21.5 
 984.79  3140  3521 24.5 
 984.83  3145  3596 22 
 984.87  3150  3671 23.5 
 984.9  3155  3746 32 
 984.94  3160  3821 22.5 
 984.97  3165  3896 31 
 985.01  3170  3971 34.5 
 985.04  3175  4047 41 
 985.08  3180  4122 26.5 
 985.11  3185  4198 42 
 985.15  3190  4273 43.5 
 985.18  3195  4349 29.5 
 985.22  3200  4425 42.5 
 985.77  3205  4501 39 
 985.8  3210  4577 36 
 985.84  3215  4653 33.5 
 985.87  3220  4729 42 
 985.91  3225  4805 29 
 985.94  3230  4882 26 
 985.98  3235  4958 34 
 986.01  3240  5035 39.5 
 986.05  3245  5112 37.5 
 986.08  3250  5188 29.5 
 986.12  3255  5265 31.5 
 986.15  3260  5342 39.5 
 986.19  3265  5419 47 
 986.22  3270  5497 39.5 
 986.26  3275  5574 31 
 986.29  3280  5651 24 
 986.33  3285  5729 27.5 
 986.36  3290  5806 36 
 986.4  3295  5884 37 
 986.44  3300  5962 30.5 
 986.99  3305  6040 21.5 
 987.02  3310  6117 20.5 
 987.05  3315  6196 18.5 
 987.09  3320  6274 20 
 987.13  3325  6352 18 
 987.16  3330  6430 17 
 987.2  3335  6509 14 
 987.23  3340  6587 12 
 987.27  3345  6666 13 
 987.3  3350  6745 12.5 
 987.34  3355  6824 12.5 
 987.38  3360  6903 12.5 
 987.41  3365  6982 13 
 987.45  3370  7061 10 
 987.48  3375  7141 10 
 987.52  3380  7220 8.5 
 987.56  3385  7300 12 
 987.59  3390  7379 10.5 
 987.63  3395  7459 8.5 
 987.66  3400  7539 9.5 
end
dr 6  0  8.8  9  28.79821  26.91518  25.14638 
