uxIntegration time is 0.2294 seconds per sampledt  2.7E-08 cy 1dh141018Sodankyla 67.3675-26.633 2.643241pr990dark 0 
 299.07  2900  561 0 
 299.11  2905  627 0 
 299.14  2910  693 0 
 299.18  2915  759 .25 
 299.22  2920  825 0 
 299.26  2925  891 0 
 299.29  2930  957 0 
 299.33  2935  1023 0 
 299.37  2940  1090 0 
 299.4  2945  1156 0 
 299.44  2950  1223 0 
 299.47  2955  1289 0 
 299.51  2960  1356 0 
 299.55  2965  1423 .25 
 299.59  2970  1490 0 
 299.62  2975  1557 .25 
 299.66  2980  1624 0 
 299.7  2985  1691 0 
 299.73  2990  1759 0 
 299.77  2995  1826 .25 
 299.8  3000  1894 0 
 299.83  3005  1962 0 
 299.86  3010  2029 0 
 299.89  3015  2097 .5 
 299.92  3020  2165 0 
 299.94  3025  2233 .5 
 299.98  3030  2301 .5 
 300.01  3035  2370 .5 
 300.03  3040  2438 0 
 300.06  3045  2507 .5 
 300.09  3050  2575 2 
 300.12  3055  2644 1 
 300.15  3060  2713 1.5 
 300.18  3065  2782 1.5 
 300.21  3070  2851 1.5 
 300.24  3075  2920 2 
 300.27  3080  2989 2.5 
 300.3  3085  3058 2.5 
 300.33  3090  3128 3 
 300.36  3095  3197 3 
 300.39  3100  3267 4 
 300.42  3105  3337 3.5 
 300.45  3110  3407 7 
 300.47  3115  3477 6.5 
 300.5  3120  3547 8 
 300.53  3125  3617 6 
 300.56  3130  3687 7.5 
 300.59  3135  3757 9.5 
 300.62  3140  3828 11.5 
 300.65  3145  3899 10.5 
 300.68  3150  3969 17 
 300.71  3155  4040 11.5 
 300.74  3160  4111 11.5 
 300.77  3165  4182 17.5 
 300.8  3170  4253 21.5 
 300.83  3175  4324 19.5 
 300.86  3180  4396 15 
 300.89  3185  4467 22 
 300.92  3190  4539 32 
 300.95  3195  4610 28.5 
 300.98  3200  4682 31.5 
 301.01  3205  4754 44.5 
 301.04  3210  4826 40.5 
 301.07  3215  4898 42.5 
 301.1  3220  4970 37 
 301.12  3225  5042 29.5 
 301.15  3230  5115 41 
 301.18  3235  5187 63.5 
 301.21  3240  5260 76.5 
 301.25  3245  5333 66 
 301.27  3250  5406 52 
 301.3  3255  5479 73.5 
 301.33  3260  5552 110 
 301.36  3265  5625 121 
 301.39  3270  5698 115.5 
 301.42  3275  5771 105.5 
 301.46  3280  5845 83 
 301.49  3285  5919 107 
 301.51  3290  5992 149.5 
 301.54  3295  6066 191.5 
 301.57  3300  6140 180 
 301.6  3305  6214 129.5 
 301.63  3310  6288 117.5 
 301.67  3315  6362 135 
 301.7  3320  6437 172.5 
 301.73  3325  6511 184.5 
 301.75  3330  6586 170 
 301.78  3335  6661 145 
 301.81  3340  6735 146.5 
 301.84  3345  6810 187.5 
 301.88  3350  6885 184.5 
 301.91  3355  6961 213.5 
 301.94  3360  7036 152.5 
 301.97  3365  7111 170 
 301.99  3370  7187 134 
 302.02  3375  7262 155 
 302.06  3380  7338 168 
 302.09  3385  7414 204 
 302.12  3390  7490 197 
 302.15  3395  7566 193 
 302.18  3400  7642 227 
 302.21  3405  7718 195.5 
 302.24  3410  7794 213 
 302.26  3415  7871 199.5 
 302.3  3420  7947 233 
 302.33  3425  8024 232.5 
 302.36  3430  8101 239.5 
 302.39  3435  8178 224 
 302.42  3440  8255 168.5 
 302.45  3445  8332 178 
 302.48  3450  8409 230 
 302.51  3455  8487 247.5 
 302.54  3460  8564 215 
 302.57  3465  8642 251.5 
 302.6  3470  8719 254.5 
 302.63  3475  8797 205 
 302.66  3480  8875 247 
 302.69  3485  8953 240.5 
 302.72  3490  9031 223.5 
 302.75  3495  9109 221 
 302.78  3500  9188 265.5 
 303.01  3505  7401 275 
 303.04  3510  7481 258 
 303.07  3515  7562 232 
 303.11  3520  7642 245.5 
 303.14  3525  7722 190.5 
 303.17  3530  7803 246 
 303.2  3535  7884 271 
 303.23  3540  7965 274 
 303.26  3545  8046 298.5 
 303.29  3550  8127 290 
 303.32  3555  8208 262 
 303.35  3560  8289 272 
 303.38  3565  8371 242 
 303.41  3570  8452 212.5 
 303.44  3575  8534 247 
 303.47  3580  8616 209 
 303.51  3585  8698 191.5 
 303.54  3590  8780 244 
 303.57  3595  8863 295.5 
 303.6  3600  8945 331 
 303.63  3605  9028 279.5 
 303.66  3610  9110 237 
 303.69  3615  9193 282 
 303.72  3620  9276 245.5 
 303.75  3625  9359 311 
 303.79  3630  9442 295 
end
uxIntegration time is 0.2294 seconds per sampledt  2.7E-08 cy 1dh141018Sodankyla 67.3675-26.633 2.696889pr990dark 0 
 320.36  2900  561 0 
 320.4  2905  627 0 
 320.44  2910  693 0 
 320.47  2915  759 0 
 320.51  2920  825 0 
 320.55  2925  891 0 
 320.58  2930  957 0 
 320.62  2935  1023 0 
 320.66  2940  1090 .25 
 320.69  2945  1156 0 
 320.73  2950  1223 0 
 320.77  2955  1289 0 
 320.81  2960  1356 0 
 320.84  2965  1423 0 
 320.88  2970  1490 0 
 320.92  2975  1557 0 
 320.95  2980  1624 .25 
 320.99  2985  1691 0 
 321.02  2990  1759 0 
 321.06  2995  1826 .25 
 321.09  3000  1894 0 
 321.12  3005  1962 0 
 321.15  3010  2029 .5 
 321.18  3015  2097 1 
 321.21  3020  2165 .5 
 321.24  3025  2233 .5 
 321.27  3030  2301 1.5 
 321.3  3035  2370 2 
 321.33  3040  2438 2 
 321.36  3045  2507 2 
 321.38  3050  2575 3 
 321.41  3055  2644 2.5 
 321.44  3060  2713 3.5 
 321.47  3065  2782 4 
 321.5  3070  2851 6 
 321.53  3075  2920 5.5 
 321.56  3080  2989 6.5 
 321.59  3085  3058 9.5 
 321.62  3090  3128 8 
 321.65  3095  3197 7 
 321.68  3100  3267 10.5 
 321.71  3105  3337 16 
 321.74  3110  3407 21.5 
 321.77  3115  3477 21 
 321.8  3120  3547 22 
 321.82  3125  3617 26 
 321.86  3130  3687 29 
 321.89  3135  3757 33 
 321.92  3140  3828 36.5 
 321.94  3145  3899 36 
 321.97  3150  3969 47 
 322  3155  4040 39.5 
 322.03  3160  4111 40 
 322.07  3165  4182 64.5 
 322.09  3170  4253 72 
 322.12  3175  4324 78.5 
 322.15  3180  4396 60.5 
 322.18  3185  4467 97 
 322.21  3190  4539 124.5 
 322.24  3195  4610 92.5 
 322.27  3200  4682 107.5 
 322.3  3205  4754 157 
 322.33  3210  4826 160.5 
 322.36  3215  4898 170 
 322.39  3220  4970 154.5 
 322.42  3225  5042 133.5 
 322.45  3230  5115 162 
 322.48  3235  5187 255.5 
 322.51  3240  5260 299 
 322.54  3245  5333 269 
 322.57  3250  5406 219 
 322.6  3255  5479 300 
 322.63  3260  5552 435 
 322.66  3265  5625 516.5 
 322.69  3270  5698 496 
 322.72  3275  5771 428 
 322.75  3280  5845 336.5 
 322.78  3285  5919 424 
 322.81  3290  5992 636.5 
 322.84  3295  6066 745.5 
 322.87  3300  6140 732.5 
 322.9  3305  6214 529.5 
 322.93  3310  6288 507 
 322.96  3315  6362 557 
 322.99  3320  6437 699.5 
 323.02  3325  6511 731.5 
 323.05  3330  6586 704.5 
 323.08  3335  6661 588 
 323.11  3340  6735 573 
 323.14  3345  6810 727 
 323.17  3350  6885 748 
 323.2  3355  6961 850.5 
 323.23  3360  7036 590.5 
 323.26  3365  7111 645 
 323.29  3370  7187 507.5 
 323.32  3375  7262 613.5 
 323.36  3380  7338 637 
 323.38  3385  7414 751 
 323.41  3390  7490 753 
 323.44  3395  7566 738 
 323.47  3400  7642 833.5 
 323.5  3405  7718 749 
 323.53  3410  7794 787 
 323.57  3415  7871 735 
 323.6  3420  7947 859 
 323.63  3425  8024 813.5 
 323.66  3430  8101 881.5 
 323.69  3435  8178 809 
 323.71  3440  8255 584 
 323.75  3445  8332 591.5 
 323.78  3450  8409 804 
 323.81  3455  8487 855.5 
 323.84  3460  8564 709 
 323.87  3465  8642 795 
 323.9  3470  8719 850.5 
 323.93  3475  8797 683.5 
 323.96  3480  8875 773.5 
 323.99  3485  8953 773.5 
 324.02  3490  9031 685 
 324.05  3495  9109 710 
 324.08  3500  9188 844 
 324.31  3505  7401 863.5 
 324.34  3510  7481 787.5 
 324.37  3515  7562 722 
 324.41  3520  7642 789.5 
 324.44  3525  7722 630.5 
 324.47  3530  7803 787 
 324.5  3535  7884 813.5 
 324.53  3540  7965 859 
 324.56  3545  8046 876.5 
 324.59  3550  8127 887 
 324.62  3555  8208 791 
 324.65  3560  8289 829.5 
 324.68  3565  8371 710 
 324.71  3570  8452 592 
 324.74  3575  8534 696.5 
 324.77  3580  8616 560.5 
 324.8  3585  8698 484.5 
 324.84  3590  8780 682 
 324.87  3595  8863 860 
 324.9  3600  8945 895.5 
 324.93  3605  9028 738 
 324.96  3610  9110 666.5 
 324.99  3615  9193 807.5 
 325.02  3620  9276 673.5 
 325.05  3625  9359 930 
 325.09  3630  9442 893.5 
end
uxIntegration time is 0.2294 seconds per sampledt  2.7E-08 cy 1dh141018Sodankyla 67.3675-26.633 2.696889pr990dark 0 
 343.06  2900  561 0 
 343.09  2905  627 0 
 343.13  2910  693 .25 
 343.16  2915  759 0 
 343.2  2920  825 .25 
 343.24  2925  891 0 
 343.28  2930  957 0 
 343.31  2935  1023 0 
 343.35  2940  1090 0 
 343.38  2945  1156 0 
 343.42  2950  1223 0 
 343.46  2955  1289 0 
 343.5  2960  1356 0 
 343.53  2965  1423 0 
 343.57  2970  1490 0 
 343.61  2975  1557 0 
 343.64  2980  1624 0 
 343.68  2985  1691 0 
 343.72  2990  1759 .25 
 343.76  2995  1826 .5 
 343.78  3000  1894 .5 
 343.81  3005  1962 0 
 343.84  3010  2029 .5 
 343.87  3015  2097 .5 
 343.9  3020  2165 .5 
 343.93  3025  2233 1 
 343.96  3030  2301 2 
 343.99  3035  2370 2.5 
 344.02  3040  2438 2 
 344.05  3045  2507 3.5 
 344.07  3050  2575 4 
 344.1  3055  2644 6.5 
 344.13  3060  2713 7 
 344.17  3065  2782 7 
 344.19  3070  2851 8 
 344.22  3075  2920 11.5 
 344.25  3080  2989 13.5 
 344.28  3085  3058 14.5 
 344.31  3090  3128 12.5 
 344.34  3095  3197 17.5 
 344.37  3100  3267 17.5 
 344.4  3105  3337 28.5 
 344.43  3110  3407 37.5 
 344.46  3115  3477 36 
 344.49  3120  3547 44 
 344.52  3125  3617 54.5 
 344.55  3130  3687 61 
 344.58  3135  3757 61.5 
 344.61  3140  3828 74 
 344.63  3145  3899 87.5 
 344.66  3150  3969 118 
 344.69  3155  4040 90.5 
 344.72  3160  4111 91.5 
 344.76  3165  4182 150.5 
 344.78  3170  4253 174 
 344.81  3175  4324 175.5 
 344.84  3180  4396 168.5 
 344.87  3185  4467 248.5 
 344.9  3190  4539 302 
 344.93  3195  4610 237 
 344.96  3200  4682 271 
 344.99  3205  4754 406.5 
 345.02  3210  4826 444.5 
 345.05  3215  4898 449 
 345.08  3220  4970 421.5 
 345.11  3225  5042 350 
 345.14  3230  5115 412.5 
 345.17  3235  5187 634.5 
 345.2  3240  5260 783 
 345.23  3245  5333 718 
 345.26  3250  5406 570.5 
 345.29  3255  5479 773.5 
 345.32  3260  5552 1108 
 345.35  3265  5625 1264.5 
 345.38  3270  5698 1232.5 
 345.41  3275  5771 1054 
 345.44  3280  5845 864 
 345.47  3285  5919 1001 
 345.5  3290  5992 1424.5 
 345.53  3295  6066 1667 
 345.56  3300  6140 1632 
 345.59  3305  6214 1200.5 
 345.62  3310  6288 1168 
 345.65  3315  6362 1235 
 345.68  3320  6437 1474 
 345.71  3325  6511 1557 
 345.74  3330  6586 1521.5 
 345.77  3335  6661 1296 
 345.8  3340  6735 1304 
 345.83  3345  6810 1569.5 
 345.86  3350  6885 1571 
 345.89  3355  6961 1758.5 
 345.92  3360  7036 1254.5 
 345.95  3365  7111 1420.5 
 345.98  3370  7187 1107.5 
 346.01  3375  7262 1333.5 
 346.04  3380  7338 1394.5 
 346.07  3385  7414 1605.5 
 346.1  3390  7490 1600.5 
 346.13  3395  7566 1542 
 346.16  3400  7642 1781.5 
 346.2  3405  7718 1565 
 346.23  3410  7794 1555 
 346.26  3415  7871 1456 
 346.29  3420  7947 1741.5 
 346.32  3425  8024 1586.5 
 346.35  3430  8101 1700 
 346.38  3435  8178 1571.5 
 346.41  3440  8255 1169 
 346.44  3445  8332 1163.5 
 346.47  3450  8409 1564 
 346.5  3455  8487 1612.5 
 346.53  3460  8564 1402 
 346.56  3465  8642 1558 
 346.59  3470  8719 1672 
 346.62  3475  8797 1364.5 
 346.65  3480  8875 1615 
 346.68  3485  8953 1577.5 
 346.71  3490  9031 1462 
 346.74  3495  9109 1470 
 346.77  3500  9188 1793 
 347  3505  7401 1893 
 347.04  3510  7481 1695 
 347.07  3515  7562 1596.5 
 347.1  3520  7642 1741.5 
 347.13  3525  7722 1362.5 
 347.16  3530  7803 1706 
 347.19  3535  7884 1832.5 
 347.22  3540  7965 1904 
 347.25  3545  8046 1929.5 
 347.28  3550  8127 1952 
 347.31  3555  8208 1733.5 
 347.34  3560  8289 1799 
 347.37  3565  8371 1575.5 
 347.4  3570  8452 1270 
 347.43  3575  8534 1492.5 
 347.47  3580  8616 1225.5 
 347.5  3585  8698 1010 
 347.53  3590  8780 1362 
 347.56  3595  8863 1747.5 
 347.59  3600  8945 1857 
 347.62  3605  9028 1487 
 347.65  3610  9110 1371.5 
 347.69  3615  9193 1595.5 
 347.72  3620  9276 1343.5 
 347.75  3625  9359 1860.5 
 347.78  3630  9442 1741 
end
uxIntegration time is 0.2294 seconds per sampledt  2.7E-08 cy 1dh141018Sodankyla 67.3675-26.633 2.696889pr990dark .05 
 381.3  2900  561 0 
 381.34  2905  627 0 
 381.38  2910  693 0 
 381.41  2915  759 0 
 381.45  2920  825 0 
 381.49  2925  891 0 
 381.52  2930  957 0 
 381.56  2935  1023 .25 
 381.6  2940  1090 0 
 381.63  2945  1156 0 
 381.67  2950  1223 0 
 381.71  2955  1289 0 
 381.74  2960  1356 0 
 381.78  2965  1423 0 
 381.82  2970  1490 0 
 381.85  2975  1557 .25 
 381.89  2980  1624 .25 
 381.93  2985  1691 .25 
 381.97  2990  1759 0 
 382  2995  1826 .5 
 382.03  3000  1894 .5 
 382.06  3005  1962 1 
 382.09  3010  2029 1.5 
 382.12  3015  2097 1 
 382.15  3020  2165 1.5 
 382.18  3025  2233 3 
 382.21  3030  2301 4 
 382.24  3035  2370 6.5 
 382.27  3040  2438 6 
 382.29  3045  2507 6.5 
 382.32  3050  2575 12 
 382.36  3055  2644 13 
 382.39  3060  2713 11.5 
 382.41  3065  2782 13 
 382.44  3070  2851 24 
 382.47  3075  2920 27 
 382.5  3080  2989 30 
 382.53  3085  3058 35.5 
 382.56  3090  3128 37 
 382.59  3095  3197 41.5 
 382.62  3100  3267 47.5 
 382.65  3105  3337 79.5 
 382.68  3110  3407 110 
 382.71  3115  3477 102 
 382.74  3120  3547 119.5 
 382.77  3125  3617 167.5 
 382.8  3130  3687 191 
 382.83  3135  3757 179 
 382.86  3140  3828 245.5 
 382.89  3145  3899 286.5 
 382.92  3150  3969 387.5 
 382.95  3155  4040 328.5 
 382.98  3160  4111 315.5 
 383.01  3165  4182 525.5 
 383.04  3170  4253 643 
 383.07  3175  4324 654.5 
 383.1  3180  4396 562 
 383.12  3185  4467 839.5 
 383.16  3190  4539 1063 
 383.19  3195  4610 834.5 
 383.22  3200  4682 937 
 383.25  3205  4754 1327 
 383.28  3210  4826 1383.5 
 383.31  3215  4898 1403 
 383.33  3220  4970 1349 
 383.37  3225  5042 1114.5 
 383.4  3230  5115 1290 
 383.43  3235  5187 1821 
 383.45  3240  5260 2211 
 383.48  3245  5333 2079 
 383.51  3250  5406 1690.5 
 383.54  3255  5479 2284.5 
 383.58  3260  5552 3088 
 383.61  3265  5625 3420 
 383.64  3270  5698 3357.5 
 383.67  3275  5771 3048.5 
 383.7  3280  5845 2556 
 383.72  3285  5919 2922.5 
 383.75  3290  5992 3742.5 
 383.79  3295  6066 4356.5 
 383.82  3300  6140 4353.5 
 383.85  3305  6214 3314.5 
 383.88  3310  6288 3259 
 383.91  3315  6362 3416 
 383.94  3320  6437 3868.5 
 383.97  3325  6511 3948.5 
 384  3330  6586 3877.5 
 384.03  3335  6661 3419 
 384.06  3340  6735 3475 
 384.09  3345  6810 4095.5 
 384.12  3350  6885 3958 
 384.15  3355  6961 4503 
 384.18  3360  7036 3110 
 384.21  3365  7111 3623.5 
 384.24  3370  7187 2946 
 384.27  3375  7262 3622 
 384.3  3380  7338 3608 
 384.33  3385  7414 4085 
 384.36  3390  7490 4091.5 
 384.39  3395  7566 3945 
 384.42  3400  7642 4566 
 384.45  3405  7718 4113 
 384.48  3410  7794 4004.5 
 384.51  3415  7871 3776 
 384.54  3420  7947 4429.5 
 384.58  3425  8024 4124.5 
 384.61  3430  8101 4447 
 384.64  3435  8178 4181.5 
 384.67  3440  8255 3054.5 
 384.7  3445  8332 3062 
 384.73  3450  8409 4048.5 
 384.76  3455  8487 4180 
 384.79  3460  8564 3616 
 384.82  3465  8642 4056 
 384.85  3470  8719 4326 
 384.88  3475  8797 3485.5 
 384.91  3480  8875 3968.5 
 384.94  3485  8953 3925 
 384.97  3490  9031 3619.5 
 385  3495  9109 3609.5 
 385.03  3500  9188 4406 
 385.26  3505  7401 4435 
 385.29  3510  7481 3943.5 
 385.32  3515  7562 3730.5 
 385.36  3520  7642 4113 
 385.39  3525  7722 3138 
 385.42  3530  7803 3951 
 385.45  3535  7884 4179 
 385.48  3540  7965 4389 
 385.51  3545  8046 4471.5 
 385.54  3550  8127 4445.5 
 385.57  3555  8208 4008 
 385.6  3560  8289 4168 
 385.64  3565  8371 3637.5 
 385.67  3570  8452 3029.5 
 385.7  3575  8534 3657 
 385.73  3580  8616 2964.5 
 385.76  3585  8698 2515 
 385.79  3590  8780 3389.5 
 385.82  3595  8863 4350 
 385.85  3600  8945 4658 
 385.88  3605  9028 3766.5 
 385.92  3610  9110 3400.5 
 385.95  3615  9193 3951 
 385.98  3620  9276 3320.5 
 386.01  3625  9359 4536 
 386.04  3630  9442 4310.5 
end
uxIntegration time is 0.2294 seconds per sampledt  2.7E-08 cy 1dh141018Sodankyla 67.3675-26.633 2.696889pr990dark 0 
 404  2900  561 0 
 404.04  2905  627 0 
 404.07  2910  693 0 
 404.11  2915  759 .25 
 404.15  2920  825 0 
 404.18  2925  891 0 
 404.22  2930  957 0 
 404.26  2935  1023 .25 
 404.29  2940  1090 0 
 404.33  2945  1156 .25 
 404.36  2950  1223 0 
 404.41  2955  1289 .25 
 404.44  2960  1356 .25 
 404.48  2965  1423 0 
 404.51  2970  1490 0 
 404.55  2975  1557 0 
 404.59  2980  1624 .25 
 404.62  2985  1691 0 
 404.66  2990  1759 .25 
 404.7  2995  1826 .5 
 404.73  3000  1894 1 
 404.76  3005  1962 2 
 404.79  3010  2029 2 
 404.82  3015  2097 3 
 404.85  3020  2165 1.5 
 404.88  3025  2233 2.5 
 404.9  3030  2301 5.5 
 404.93  3035  2370 7 
 404.96  3040  2438 6.5 
 404.99  3045  2507 8.5 
 405.02  3050  2575 17.5 
 405.05  3055  2644 16 
 405.08  3060  2713 16.5 
 405.11  3065  2782 18.5 
 405.14  3070  2851 28 
 405.17  3075  2920 34.5 
 405.2  3080  2989 39 
 405.23  3085  3058 50.5 
 405.26  3090  3128 51.5 
 405.29  3095  3197 62.5 
 405.32  3100  3267 68.5 
 405.35  3105  3337 108 
 405.38  3110  3407 154 
 405.41  3115  3477 159 
 405.44  3120  3547 180.5 
 405.47  3125  3617 236.5 
 405.5  3130  3687 263.5 
 405.53  3135  3757 267.5 
 405.56  3140  3828 356 
 405.59  3145  3899 382.5 
 405.61  3150  3969 518.5 
 405.65  3155  4040 413.5 
 405.68  3160  4111 402 
 405.71  3165  4182 660 
 405.74  3170  4253 818 
 405.76  3175  4324 838.5 
 405.79  3180  4396 704.5 
 405.82  3185  4467 1015 
 405.86  3190  4539 1271 
 405.89  3195  4610 985 
 405.92  3200  4682 1150 
 405.94  3205  4754 1586 
 405.97  3210  4826 1627 
 406  3215  4898 1599 
 406.04  3220  4970 1557 
 406.07  3225  5042 1347.5 
 406.1  3230  5115 1451 
 406.12  3235  5187 1986 
 406.15  3240  5260 2320 
 406.18  3245  5333 2306.5 
 406.21  3250  5406 1955.5 
 406.25  3255  5479 2562.5 
 406.28  3260  5552 3351 
 406.31  3265  5625 3544 
 406.33  3270  5698 3460.5 
 406.36  3275  5771 3189.5 
 406.39  3280  5845 2732 
 406.43  3285  5919 3050.5 
 406.46  3290  5992 3945 
 406.49  3295  6066 4487 
 406.52  3300  6140 4488 
 406.55  3305  6214 3482 
 406.58  3310  6288 3396 
 406.61  3315  6362 3583 
 406.64  3320  6437 4005 
 406.67  3325  6511 4069 
 406.7  3330  6586 4012.5 
 406.73  3335  6661 3539.5 
 406.76  3340  6735 3527 
 406.79  3345  6810 4168 
 406.82  3350  6885 4087.5 
 406.85  3355  6961 4613.5 
 406.88  3360  7036 3247 
 406.91  3365  7111 3785 
 406.94  3370  7187 3077.5 
 406.97  3375  7262 3807 
 407  3380  7338 3701.5 
 407.03  3385  7414 4231.5 
 407.06  3390  7490 4197.5 
 407.09  3395  7566 4093 
 407.12  3400  7642 4784 
 407.15  3405  7718 4283.5 
 407.18  3410  7794 4232 
 407.21  3415  7871 3917.5 
 407.25  3420  7947 4654 
 407.28  3425  8024 4300 
 407.31  3430  8101 4683.5 
 407.34  3435  8178 4327 
 407.37  3440  8255 3216 
 407.4  3445  8332 3185 
 407.43  3450  8409 4229.5 
 407.46  3455  8487 4310 
 407.49  3460  8564 3710.5 
 407.52  3465  8642 4122.5 
 407.55  3470  8719 4385 
 407.58  3475  8797 3517.5 
 407.61  3480  8875 4011 
 407.64  3485  8953 3995.5 
 407.67  3490  9031 3701 
 407.7  3495  9109 3672.5 
 407.73  3500  9188 4411 
 407.96  3505  7401 4385.5 
 407.99  3510  7481 3950.5 
 408.03  3515  7562 3721 
 408.06  3520  7642 4076.5 
 408.09  3525  7722 3170.5 
 408.12  3530  7803 3968 
 408.15  3535  7884 4164.5 
 408.18  3540  7965 4461 
 408.21  3545  8046 4496 
 408.24  3550  8127 4480.5 
 408.28  3555  8208 4052 
 408.31  3560  8289 4217.5 
 408.34  3565  8371 3643 
 408.37  3570  8452 3016.5 
 408.4  3575  8534 3682.5 
 408.43  3580  8616 2958 
 408.46  3585  8698 2522.5 
 408.49  3590  8780 3430.5 
 408.52  3595  8863 4317.5 
 408.55  3600  8945 4721.5 
 408.58  3605  9028 3825.5 
 408.62  3610  9110 3435.5 
 408.65  3615  9193 4032.5 
 408.68  3620  9276 3377.5 
 408.71  3625  9359 4685 
 408.74  3630  9442 4426 
end
uxIntegration time is 0.2294 seconds per sampledt  2.7E-08 cy 1dh141018Sodankyla 67.3675-26.633 2.696889pr990dark .05 
 421.98  2900  561 0 
 422.01  2905  627 0 
 422.05  2910  693 0 
 422.09  2915  759 0 
 422.13  2920  825 0 
 422.16  2925  891 0 
 422.2  2930  957 0 
 422.23  2935  1023 .25 
 422.27  2940  1090 0 
 422.31  2945  1156 0 
 422.34  2950  1223 .25 
 422.38  2955  1289 .25 
 422.42  2960  1356 0 
 422.46  2965  1423 0 
 422.49  2970  1490 .25 
 422.53  2975  1557 .25 
 422.57  2980  1624 .5 
 422.6  2985  1691 .25 
 422.64  2990  1759 .5 
 422.68  2995  1826 .5 
 422.71  3000  1894 1 
 422.74  3005  1962 1 
 422.76  3010  2029 .5 
 422.79  3015  2097 2.5 
 422.83  3020  2165 3 
 422.85  3025  2233 5 
 422.88  3030  2301 6.5 
 422.91  3035  2370 7 
 422.94  3040  2438 9.5 
 422.97  3045  2507 12.5 
 423  3050  2575 17.5 
 423.03  3055  2644 17 
 423.06  3060  2713 18 
 423.09  3065  2782 26 
 423.12  3070  2851 39.5 
 423.15  3075  2920 47 
 423.18  3080  2989 55.5 
 423.21  3085  3058 65 
 423.24  3090  3128 62 
 423.27  3095  3197 94 
 423.3  3100  3267 102 
 423.32  3105  3337 166.5 
 423.35  3110  3407 215 
 423.38  3115  3477 224.5 
 423.41  3120  3547 267 
 423.44  3125  3617 350 
 423.47  3130  3687 381.5 
 423.5  3135  3757 386.5 
 423.53  3140  3828 508.5 
 423.56  3145  3899 534 
 423.59  3150  3969 737 
 423.62  3155  4040 599 
 423.65  3160  4111 592.5 
 423.68  3165  4182 921.5 
 423.71  3170  4253 1165 
 423.74  3175  4324 1135 
 423.77  3180  4396 998.5 
 423.8  3185  4467 1384 
 423.83  3190  4539 1738.5 
 423.86  3195  4610 1354.5 
 423.89  3200  4682 1602.5 
 423.92  3205  4754 2183 
 423.95  3210  4826 2120.5 
 423.98  3215  4898 2139 
 424.01  3220  4970 2115 
 424.04  3225  5042 1811.5 
 424.07  3230  5115 1963.5 
 424.1  3235  5187 2631 
 424.13  3240  5260 3135 
 424.16  3245  5333 3073.5 
 424.19  3250  5406 2618.5 
 424.22  3255  5479 3414.5 
 424.25  3260  5552 4372.5 
 424.28  3265  5625 4665.5 
 424.31  3270  5698 4569 
 424.34  3275  5771 4228 
 424.37  3280  5845 3644.5 
 424.4  3285  5919 4042 
 424.43  3290  5992 5027.5 
 424.46  3295  6066 5701.5 
 424.49  3300  6140 5709.5 
 424.52  3305  6214 4487.5 
 424.55  3310  6288 4436 
 424.58  3315  6362 4557 
 424.62  3320  6437 5116.5 
 424.65  3325  6511 5065.5 
 424.68  3330  6586 5072 
 424.7  3335  6661 4452.5 
 424.73  3340  6735 4475 
 424.76  3345  6810 5284.5 
 424.79  3350  6885 5041.5 
 424.83  3355  6961 5772 
 424.86  3360  7036 4026.5 
 424.89  3365  7111 4764 
 424.92  3370  7187 3835.5 
 424.95  3375  7262 4756 
 424.98  3380  7338 4692.5 
 425.01  3385  7414 5397 
 425.04  3390  7490 5310.5 
 425.07  3395  7566 5242.5 
 425.1  3400  7642 6048 
 425.13  3405  7718 5417 
 425.16  3410  7794 5378 
 425.19  3415  7871 4953 
 425.22  3420  7947 5874.5 
 425.25  3425  8024 5400 
 425.28  3430  8101 5911 
 425.31  3435  8178 5503.5 
 425.34  3440  8255 4057.5 
 425.37  3445  8332 4092.5 
 425.4  3450  8409 5325 
 425.44  3455  8487 5446 
 425.47  3460  8564 4674.5 
 425.5  3465  8642 5225.5 
 425.53  3470  8719 5567 
 425.56  3475  8797 4480.5 
 425.59  3480  8875 5148 
 425.62  3485  8953 5029 
 425.65  3490  9031 4700.5 
 425.68  3495  9109 4660 
 425.71  3500  9188 5611 
 425.94  3505  7401 5592 
 425.97  3510  7481 5033.5 
 426  3515  7562 4678.5 
 426.03  3520  7642 5180 
 426.06  3525  7722 3994.5 
 426.1  3530  7803 5055 
 426.13  3535  7884 5300 
 426.16  3540  7965 5543.5 
 426.19  3545  8046 5629.5 
 426.22  3550  8127 5652 
 426.25  3555  8208 5068.5 
 426.28  3560  8289 5186.5 
 426.31  3565  8371 4479 
 426.34  3570  8452 3716.5 
 426.37  3575  8534 4533 
 426.4  3580  8616 3625 
 426.43  3585  8698 3100.5 
 426.47  3590  8780 4193.5 
 426.5  3595  8863 5343.5 
 426.53  3600  8945 5688.5 
 426.56  3605  9028 4552.5 
 426.59  3610  9110 4099 
 426.62  3615  9193 4819 
 426.66  3620  9276 4027 
 426.69  3625  9359 5540 
 426.72  3630  9442 5195 
end
uxIntegration time is 0.2294 seconds per sampledt  2.7E-08 cy 1dh141018Sodankyla 67.3675-26.633 2.696889pr990dark .05 
 439.77  2900  561 0 
 439.81  2905  627 0 
 439.84  2910  693 0 
 439.88  2915  759 0 
 439.92  2920  825 0 
 439.95  2925  891 0 
 439.99  2930  957 0 
 440.02  2935  1023 0 
 440.06  2940  1090 0 
 440.1  2945  1156 0 
 440.13  2950  1223 .25 
 440.18  2955  1289 .25 
 440.21  2960  1356 0 
 440.25  2965  1423 .25 
 440.28  2970  1490 0 
 440.32  2975  1557 .25 
 440.36  2980  1624 0 
 440.39  2985  1691 .5 
 440.43  2990  1759 .75 
 440.47  2995  1826 1.25 
 440.5  3000  1894 1 
 440.53  3005  1962 1.5 
 440.56  3010  2029 2 
 440.59  3015  2097 3.5 
 440.61  3020  2165 2.5 
 440.65  3025  2233 4.5 
 440.68  3030  2301 10 
 440.7  3035  2370 10.5 
 440.73  3040  2438 10.5 
 440.76  3045  2507 16 
 440.79  3050  2575 22.5 
 440.82  3055  2644 33.5 
 440.85  3060  2713 30 
 440.88  3065  2782 36.5 
 440.91  3070  2851 67.5 
 440.94  3075  2920 81.5 
 440.97  3080  2989 99 
 441  3085  3058 108 
 441.03  3090  3128 121.5 
 441.06  3095  3197 150.5 
 441.09  3100  3267 173.5 
 441.12  3105  3337 285.5 
 441.15  3110  3407 406 
 441.18  3115  3477 403.5 
 441.21  3120  3547 451 
 441.24  3125  3617 601 
 441.27  3130  3687 692.5 
 441.3  3135  3757 676.5 
 441.33  3140  3828 893 
 441.35  3145  3899 923 
 441.38  3150  3969 1248.5 
 441.42  3155  4040 1034 
 441.45  3160  4111 985.5 
 441.48  3165  4182 1524.5 
 441.51  3170  4253 1901.5 
 441.53  3175  4324 1908.5 
 441.56  3180  4396 1589 
 441.6  3185  4467 2197 
 441.63  3190  4539 2669.5 
 441.66  3195  4610 2148.5 
 441.69  3200  4682 2504.5 
 441.71  3205  4754 3323.5 
 441.74  3210  4826 3231.5 
 441.77  3215  4898 3067.5 
 441.81  3220  4970 3120.5 
 441.84  3225  5042 2601.5 
 441.87  3230  5115 2823 
 441.9  3235  5187 3720 
 441.93  3240  5260 4321.5 
 441.95  3245  5333 4215 
 441.99  3250  5406 3622.5 
 442.02  3255  5479 4625.5 
 442.05  3260  5552 5967 
 442.08  3265  5625 6182 
 442.11  3270  5698 6047.5 
 442.14  3275  5771 5547.5 
 442.17  3280  5845 4839 
 442.2  3285  5919 5294.5 
 442.23  3290  5992 6448.5 
 442.26  3295  6066 7400.5 
 442.29  3300  6140 7287 
 442.32  3305  6214 5804 
 442.35  3310  6288 5695.5 
 442.38  3315  6362 5789 
 442.41  3320  6437 6396 
 442.44  3325  6511 6407.5 
 442.47  3330  6586 6293 
 442.5  3335  6661 5630 
 442.53  3340  6735 5655.5 
 442.56  3345  6810 6523.5 
 442.59  3350  6885 6306.5 
 442.62  3355  6961 7037.5 
 442.65  3360  7036 4882 
 442.68  3365  7111 5800.5 
 442.71  3370  7187 4646.5 
 442.74  3375  7262 5704.5 
 442.77  3380  7338 5603.5 
 442.81  3385  7414 6209.5 
 442.84  3390  7490 6249 
 442.87  3395  7566 5990 
 442.89  3400  7642 7005.5 
 442.92  3405  7718 6246.5 
 442.95  3410  7794 6085.5 
 442.99  3415  7871 5606 
 443.02  3420  7947 6658.5 
 443.05  3425  8024 6099.5 
 443.08  3430  8101 6668 
 443.11  3435  8178 6172.5 
 443.14  3440  8255 4614 
 443.17  3445  8332 4621.5 
 443.2  3450  8409 6000 
 443.23  3455  8487 6158 
 443.26  3460  8564 5225.5 
 443.29  3465  8642 5891.5 
 443.32  3470  8719 6273.5 
 443.35  3475  8797 5052 
 443.39  3480  8875 5798 
 443.42  3485  8953 5782 
 443.45  3490  9031 5255 
 443.48  3495  9109 5285.5 
 443.51  3500  9188 6357.5 
 443.74  3505  7401 6503 
 443.77  3510  7481 5912.5 
 443.8  3515  7562 5532 
 443.83  3520  7642 6107 
 443.86  3525  7722 4675 
 443.89  3530  7803 6002.5 
 443.92  3535  7884 6370.5 
 443.95  3540  7965 6614.5 
 443.99  3545  8046 6685 
 444.02  3550  8127 6813 
 444.05  3555  8208 6089.5 
 444.08  3560  8289 6323 
 444.11  3565  8371 5562 
 444.14  3570  8452 4607 
 444.17  3575  8534 5573 
 444.21  3580  8616 4499.5 
 444.24  3585  8698 3870 
 444.27  3590  8780 5271 
 444.3  3595  8863 6687.5 
 444.33  3600  8945 7121.5 
 444.36  3605  9028 5764 
 444.39  3610  9110 5220.5 
 444.42  3615  9193 6207.5 
 444.45  3620  9276 5135.5 
 444.48  3625  9359 7150 
 444.52  3630  9442 6717 
end
uxIntegration time is 0.2294 seconds per sampledt  2.7E-08 cy 1dh141018Sodankyla 67.3675-26.633 2.696889pr990dark 0 
 473.63  2900  561 0 
 473.67  2905  627 0 
 473.71  2910  693 0 
 473.75  2915  759 0 
 473.78  2920  825 0 
 473.82  2925  891 0 
 473.85  2930  957 .25 
 473.89  2935  1023 0 
 473.93  2940  1090 0 
 473.97  2945  1156 .25 
 474  2950  1223 0 
 474.04  2955  1289 0 
 474.08  2960  1356 0 
 474.11  2965  1423 0 
 474.15  2970  1490 .25 
 474.19  2975  1557 .25 
 474.23  2980  1624 .5 
 474.26  2985  1691 .25 
 474.3  2990  1759 .75 
 474.34  2995  1826 1.25 
 474.37  3000  1894 1.5 
 474.4  3005  1962 1.5 
 474.43  3010  2029 2.5 
 474.45  3015  2097 3.5 
 474.48  3020  2165 4 
 474.52  3025  2233 5.5 
 474.54  3030  2301 13 
 474.57  3035  2370 16 
 474.6  3040  2438 16.5 
 474.63  3045  2507 22 
 474.67  3050  2575 32 
 474.69  3055  2644 38.5 
 474.72  3060  2713 37.5 
 474.75  3065  2782 51 
 474.78  3070  2851 84.5 
 474.81  3075  2920 120 
 474.84  3080  2989 136 
 474.87  3085  3058 171.5 
 474.9  3090  3128 162.5 
 474.92  3095  3197 235.5 
 474.96  3100  3267 259 
 474.99  3105  3337 415.5 
 475.02  3110  3407 540.5 
 475.05  3115  3477 563.5 
 475.07  3120  3547 636.5 
 475.1  3125  3617 825.5 
 475.14  3130  3687 957.5 
 475.17  3135  3757 899.5 
 475.2  3140  3828 1203.5 
 475.23  3145  3899 1211 
 475.25  3150  3969 1563.5 
 475.28  3155  4040 1339 
 475.32  3160  4111 1232.5 
 475.35  3165  4182 1855.5 
 475.38  3170  4253 2307.5 
 475.41  3175  4324 2374.5 
 475.43  3180  4396 1914.5 
 475.47  3185  4467 2534.5 
 475.5  3190  4539 3073.5 
 475.53  3195  4610 2478 
 475.56  3200  4682 2882 
 475.59  3205  4754 3710 
 475.62  3210  4826 3505 
 475.65  3215  4898 3371 
 475.68  3220  4970 3405 
 475.71  3225  5042 2894.5 
 475.74  3230  5115 2969.5 
 475.77  3235  5187 3850 
 475.8  3240  5260 4481.5 
 475.83  3245  5333 4340.5 
 475.86  3250  5406 3701.5 
 475.89  3255  5479 4745.5 
 475.92  3260  5552 5885.5 
 475.95  3265  5625 6051.5 
 475.98  3270  5698 6085.5 
 476.01  3275  5771 5591.5 
 476.04  3280  5845 4927.5 
 476.07  3285  5919 5224 
 476.1  3290  5992 6399.5 
 476.13  3295  6066 7237 
 476.16  3300  6140 7231 
 476.19  3305  6214 5730.5 
 476.22  3310  6288 5631.5 
 476.26  3315  6362 5753.5 
 476.28  3320  6437 6310.5 
 476.32  3325  6511 6280 
 476.34  3330  6586 6203 
 476.37  3335  6661 5636 
 476.4  3340  6735 5762 
 476.44  3345  6810 6531 
 476.47  3350  6885 6330 
 476.5  3355  6961 7220 
 476.53  3360  7036 5113 
 476.56  3365  7111 6030 
 476.59  3370  7187 4869.5 
 476.62  3375  7262 6130.5 
 476.65  3380  7338 5986.5 
 476.68  3385  7414 6799.5 
 476.71  3390  7490 6833 
 476.75  3395  7566 6621 
 476.77  3400  7642 7757 
 476.81  3405  7718 6972.5 
 476.84  3410  7794 6780 
 476.86  3415  7871 6265.5 
 476.9  3420  7947 7393 
 476.93  3425  8024 6837.5 
 476.96  3430  8101 7347.5 
 476.99  3435  8178 6833.5 
 477.02  3440  8255 5065 
 477.05  3445  8332 5084 
 477.08  3450  8409 6612.5 
 477.11  3455  8487 6729 
 477.14  3460  8564 5798 
 477.17  3465  8642 6458 
 477.21  3470  8719 6892.5 
 477.24  3475  8797 5618.5 
 477.27  3480  8875 6390.5 
 477.3  3485  8953 6390 
 477.33  3490  9031 5877.5 
 477.36  3495  9109 5845.5 
 477.39  3500  9188 7115 
 477.62  3505  7401 7250 
 477.65  3510  7481 6560 
 477.68  3515  7562 6234.5 
 477.72  3520  7642 6885.5 
 477.75  3525  7722 5285 
 477.78  3530  7803 6593.5 
 477.81  3535  7884 7066 
 477.84  3540  7965 7380.5 
 477.87  3545  8046 7451.5 
 477.9  3550  8127 7441 
 477.93  3555  8208 6699.5 
 477.96  3560  8289 6930.5 
 478  3565  8371 6128.5 
 478.03  3570  8452 5042.5 
 478.06  3575  8534 6175 
 478.09  3580  8616 5028.5 
 478.12  3585  8698 4238.5 
 478.15  3590  8780 5751.5 
 478.18  3595  8863 7308 
 478.22  3600  8945 7716.5 
 478.25  3605  9028 6216.5 
 478.28  3610  9110 5616.5 
 478.31  3615  9193 6576 
 478.34  3620  9276 5445 
 478.38  3625  9359 7557 
 478.41  3630  9442 7131.5 
end
uxIntegration time is 0.2294 seconds per sampledt  2.7E-08 cy 1dh141018Sodankyla 67.3675-26.633 2.696889pr990dark .1 
 500.86  2900  561 0 
 500.9  2905  627 .25 
 500.93  2910  693 0 
 500.97  2915  759 0 
 501.01  2920  825 0 
 501.04  2925  891 0 
 501.08  2930  957 0 
 501.12  2935  1023 0 
 501.16  2940  1090 0 
 501.19  2945  1156 .25 
 501.23  2950  1223 .25 
 501.27  2955  1289 0 
 501.3  2960  1356 0 
 501.34  2965  1423 0 
 501.38  2970  1490 0 
 501.42  2975  1557 .75 
 501.45  2980  1624 .75 
 501.49  2985  1691 .5 
 501.53  2990  1759 1.5 
 501.57  2995  1826 1.5 
 501.6  3000  1894 2 
 501.62  3005  1962 2.5 
 501.65  3010  2029 3 
 501.68  3015  2097 5 
 501.72  3020  2165 6 
 501.74  3025  2233 10.5 
 501.77  3030  2301 20 
 501.8  3035  2370 28.5 
 501.83  3040  2438 29.5 
 501.86  3045  2507 43.5 
 501.89  3050  2575 69.5 
 501.92  3055  2644 82.5 
 501.95  3060  2713 80.5 
 501.98  3065  2782 105 
 502.01  3070  2851 173.5 
 502.04  3075  2920 240.5 
 502.07  3080  2989 259 
 502.1  3085  3058 328.5 
 502.13  3090  3128 318 
 502.16  3095  3197 435 
 502.19  3100  3267 489.5 
 502.22  3105  3337 753.5 
 502.25  3110  3407 1018 
 502.28  3115  3477 1046.5 
 502.31  3120  3547 1177 
 502.34  3125  3617 1491.5 
 502.37  3130  3687 1680.5 
 502.4  3135  3757 1641.5 
 502.43  3140  3828 2153 
 502.46  3145  3899 2120 
 502.49  3150  3969 2879 
 502.52  3155  4040 2429.5 
 502.55  3160  4111 2294 
 502.58  3165  4182 3380.5 
 502.61  3170  4253 4168.5 
 502.64  3175  4324 4286 
 502.67  3180  4396 3519.5 
 502.7  3185  4467 4604.5 
 502.73  3190  4539 5610.5 
 502.76  3195  4610 4588.5 
 502.79  3200  4682 5434 
 502.82  3205  4754 6944.5 
 502.85  3210  4826 6543 
 502.88  3215  4898 6337.5 
 502.91  3220  4970 6534.5 
 502.94  3225  5042 5553.5 
 502.97  3230  5115 5738.5 
 503  3235  5187 7303 
 503.03  3240  5260 8555.5 
 503.06  3245  5333 8523.5 
 503.09  3250  5406 7377.5 
 503.12  3255  5479 9408 
 503.15  3260  5552 11756.5 
 503.18  3265  5625 12103 
 503.21  3270  5698 12054.5 
 503.24  3275  5771 11238.5 
 503.28  3280  5845 10004.5 
 503.31  3285  5919 10607 
 503.34  3290  5992 12904.5 
 503.37  3295  6066 14661 
 503.39  3300  6140 14633 
 503.43  3305  6214 11780 
 503.46  3310  6288 11725 
 503.49  3315  6362 11935 
 503.52  3320  6437 12951 
 503.55  3325  6511 12880.5 
 503.58  3330  6586 12611.5 
 503.61  3335  6661 11411.5 
 503.64  3340  6735 11499.5 
 503.67  3345  6810 13184 
 503.7  3350  6885 12442.5 
 503.73  3355  6961 14053 
 503.76  3360  7036 9756 
 503.79  3365  7111 11495.5 
 503.82  3370  7187 9281.5 
 503.85  3375  7262 11390 
 503.89  3380  7338 11159.5 
 503.92  3385  7414 12510.5 
 503.95  3390  7490 12399 
 503.98  3395  7566 11924 
 504.01  3400  7642 14012 
 504.04  3405  7718 12627 
 504.07  3410  7794 12371 
 504.1  3415  7871 11368.5 
 504.13  3420  7947 13537.5 
 504.16  3425  8024 12491 
 504.19  3430  8101 13655.5 
 504.22  3435  8178 12771 
 504.25  3440  8255 9542.5 
 504.28  3445  8332 9544.5 
 504.31  3450  8409 12633.5 
 504.34  3455  8487 12945 
 504.38  3460  8564 11037 
 504.41  3465  8642 12472.5 
 504.44  3470  8719 13207.5 
 504.47  3475  8797 10717.5 
 504.5  3480  8875 12246 
 504.53  3485  8953 12229 
 504.56  3490  9031 11264.5 
 504.59  3495  9109 11254.5 
 504.62  3500  9188 13584.5 
 504.85  3505  7401 13989.5 
 504.89  3510  7481 12722 
 504.92  3515  7562 11914.5 
 504.95  3520  7642 13078.5 
 504.98  3525  7722 10077.5 
 505.01  3530  7803 12647.5 
 505.04  3535  7884 13432 
 505.07  3540  7965 13890.5 
 505.11  3545  8046 14036 
 505.14  3550  8127 14047 
 505.17  3555  8208 12443.5 
 505.2  3560  8289 12943.5 
 505.23  3565  8371 11254.5 
 505.26  3570  8452 9232.5 
 505.29  3575  8534 11327.5 
 505.32  3580  8616 9050.5 
 505.36  3585  8698 7708.5 
 505.39  3590  8780 10446 
 505.42  3595  8863 13216 
 505.45  3600  8945 14159.5 
 505.48  3605  9028 11347 
 505.51  3610  9110 10232 
 505.55  3615  9193 12064.5 
 505.58  3620  9276 9916.5 
 505.61  3625  9359 13616 
 505.64  3630  9442 12886 
end
uxIntegration time is 0.2294 seconds per sampledt  2.7E-08 cy 1dh141018Sodankyla 67.3675-26.633 2.696889pr990dark .05 
 530.01  2900  561 0 
 530.04  2905  627 0 
 530.08  2910  693 0 
 530.12  2915  759 0 
 530.16  2920  825 0 
 530.19  2925  891 0 
 530.23  2930  957 .25 
 530.26  2935  1023 0 
 530.31  2940  1090 0 
 530.34  2945  1156 .25 
 530.38  2950  1223 0 
 530.41  2955  1289 0 
 530.45  2960  1356 .5 
 530.49  2965  1423 .25 
 530.53  2970  1490 0 
 530.57  2975  1557 .5 
 530.6  2980  1624 .5 
 530.64  2985  1691 1 
 530.68  2990  1759 2 
 530.72  2995  1826 2 
 530.74  3000  1894 1 
 530.77  3005  1962 5 
 530.8  3010  2029 6 
 530.84  3015  2097 9.5 
 530.86  3020  2165 8 
 530.89  3025  2233 17.5 
 530.92  3030  2301 27.5 
 530.95  3035  2370 41.5 
 530.98  3040  2438 38.5 
 531.01  3045  2507 64.5 
 531.04  3050  2575 100.5 
 531.07  3055  2644 123 
 531.1  3060  2713 111 
 531.13  3065  2782 163.5 
 531.16  3070  2851 264 
 531.19  3075  2920 359 
 531.22  3080  2989 391.5 
 531.25  3085  3058 454 
 531.28  3090  3128 446 
 531.31  3095  3197 590 
 531.34  3100  3267 663 
 531.37  3105  3337 1070.5 
 531.4  3110  3407 1380 
 531.43  3115  3477 1451.5 
 531.46  3120  3547 1565 
 531.49  3125  3617 1979 
 531.52  3130  3687 2205 
 531.55  3135  3757 2154.5 
 531.58  3140  3828 2809 
 531.61  3145  3899 2714.5 
 531.64  3150  3969 3644.5 
 531.67  3155  4040 3083 
 531.7  3160  4111 2811.5 
 531.73  3165  4182 4148.5 
 531.76  3170  4253 5132.5 
 531.79  3175  4324 5323 
 531.82  3180  4396 4249.5 
 531.85  3185  4467 5461 
 531.88  3190  4539 6605.5 
 531.91  3195  4610 5442.5 
 531.94  3200  4682 6361 
 531.97  3205  4754 8055 
 532  3210  4826 7588.5 
 532.03  3215  4898 7305.5 
 532.06  3220  4970 7664.5 
 532.09  3225  5042 6607.5 
 532.12  3230  5115 6738.5 
 532.15  3235  5187 8567 
 532.18  3240  5260 10012 
 532.21  3245  5333 10046.5 
 532.25  3250  5406 8802 
 532.28  3255  5479 11131.5 
 532.3  3260  5552 13821.5 
 532.33  3265  5625 14254 
 532.36  3270  5698 14221.5 
 532.4  3275  5771 13192 
 532.43  3280  5845 11733.5 
 532.46  3285  5919 12326.5 
 532.49  3290  5992 14838 
 532.52  3295  6066 16891.5 
 532.55  3300  6140 16903.5 
 532.58  3305  6214 13573.5 
 532.61  3310  6288 13550 
 532.64  3315  6362 13821.5 
 532.67  3320  6437 15015.5 
 532.7  3325  6511 14978 
 532.73  3330  6586 15014.5 
 532.76  3335  6661 13716.5 
 532.79  3340  6735 13880.5 
 532.82  3345  6810 16005.5 
 532.85  3350  6885 15222.5 
 532.88  3355  6961 17298.5 
 532.91  3360  7036 12098 
 532.94  3365  7111 14340 
 532.97  3370  7187 11615.5 
 533.01  3375  7262 14376 
 533.04  3380  7338 13790 
 533.07  3385  7414 15320 
 533.1  3390  7490 15319.5 
 533.13  3395  7566 14599 
 533.16  3400  7642 16988.5 
 533.19  3405  7718 15242 
 533.22  3410  7794 14544.5 
 533.25  3415  7871 13238 
 533.28  3420  7947 15644.5 
 533.31  3425  8024 14405.5 
 533.34  3430  8101 15773 
 533.37  3435  8178 14760 
 533.4  3440  8255 11038 
 533.43  3445  8332 11097 
 533.46  3450  8409 14662 
 533.5  3455  8487 15093 
 533.53  3460  8564 12806.5 
 533.56  3465  8642 14659 
 533.59  3470  8719 15498 
 533.62  3475  8797 12586 
 533.65  3480  8875 14498.5 
 533.68  3485  8953 14356.5 
 533.71  3490  9031 13279.5 
 533.74  3495  9109 13233 
 533.77  3500  9188 16090 
 534  3505  7401 16501.5 
 534.03  3510  7481 14856 
 534.06  3515  7562 13917 
 534.09  3520  7642 15364.5 
 534.12  3525  7722 11739.5 
 534.16  3530  7803 14714 
 534.19  3535  7884 15589 
 534.22  3540  7965 16220.5 
 534.25  3545  8046 16403.5 
 534.28  3550  8127 16556.5 
 534.31  3555  8208 14781.5 
 534.35  3560  8289 15351 
 534.38  3565  8371 13392.5 
 534.41  3570  8452 10997 
 534.44  3575  8534 13397.5 
 534.47  3580  8616 10809 
 534.5  3585  8698 9219 
 534.53  3590  8780 12573.5 
 534.56  3595  8863 15978.5 
 534.59  3600  8945 17194.5 
 534.63  3605  9028 13682.5 
 534.66  3610  9110 12416.5 
 534.69  3615  9193 14681 
 534.72  3620  9276 12095.5 
 534.75  3625  9359 16594 
 534.78  3630  9442 15657 
end
uxIntegration time is 0.2294 seconds per sampledt  2.7E-08 cy 1dh141018Sodankyla 67.3675-26.633 2.696889pr990dark .05 
 600.69  2900  561 0 
 600.73  2905  627 .25 
 600.77  2910  693 0 
 600.81  2915  759 0 
 600.84  2920  825 0 
 600.88  2925  891 0 
 600.91  2930  957 0 
 600.95  2935  1023 0 
 600.99  2940  1090 0 
 601.03  2945  1156 0 
 601.07  2950  1223 .25 
 601.1  2955  1289 0 
 601.14  2960  1356 .25 
 601.18  2965  1423 .25 
 601.22  2970  1490 .5 
 601.25  2975  1557 1 
 601.29  2980  1624 1 
 601.32  2985  1691 1 
 601.37  2990  1759 1.75 
 601.4  2995  1826 2.5 
 601.43  3000  1894 3 
 601.46  3005  1962 4 
 601.49  3010  2029 7.5 
 601.52  3015  2097 9.5 
 601.55  3020  2165 11 
 601.58  3025  2233 20.5 
 601.61  3030  2301 36.5 
 601.64  3035  2370 49 
 601.67  3040  2438 50.5 
 601.7  3045  2507 79.5 
 601.73  3050  2575 131.5 
 601.76  3055  2644 151.5 
 601.79  3060  2713 156.5 
 601.82  3065  2782 202 
 601.85  3070  2851 343.5 
 601.88  3075  2920 452 
 601.91  3080  2989 503 
 601.93  3085  3058 605.5 
 601.97  3090  3128 579.5 
 602  3095  3197 773 
 602.03  3100  3267 842.5 
 602.06  3105  3337 1366 
 602.08  3110  3407 1773.5 
 602.11  3115  3477 1839.5 
 602.15  3120  3547 1977 
 602.18  3125  3617 2474 
 602.21  3130  3687 2783.5 
 602.23  3135  3757 2742 
 602.26  3140  3828 3472.5 
 602.3  3145  3899 3373.5 
 602.33  3150  3969 4444 
 602.36  3155  4040 3716.5 
 602.39  3160  4111 3460 
 602.42  3165  4182 5137.5 
 602.45  3170  4253 6235.5 
 602.48  3175  4324 6364 
 602.51  3180  4396 5190 
 602.54  3185  4467 6727.5 
 602.57  3190  4539 7977 
 602.6  3195  4610 6689 
 602.63  3200  4682 7829.5 
 602.66  3205  4754 9949 
 602.69  3210  4826 9251.5 
 602.72  3215  4898 9019 
 602.75  3220  4970 9517.5 
 602.78  3225  5042 8183.5 
 602.81  3230  5115 8499 
 602.84  3235  5187 10568 
 602.87  3240  5260 12378 
 602.9  3245  5333 12461.5 
 602.93  3250  5406 10916 
 602.96  3255  5479 13923 
 602.99  3260  5552 17112 
 603.02  3265  5625 17649 
 603.06  3270  5698 17429 
 603.09  3275  5771 16324.5 
 603.12  3280  5845 14572 
 603.14  3285  5919 15304.5 
 603.17  3290  5992 18408.5 
 603.21  3295  6066 20739 
 603.24  3300  6140 20787.5 
 603.27  3305  6214 16694 
 603.3  3310  6288 16732 
 603.33  3315  6362 16950 
 603.36  3320  6437 18301 
 603.39  3325  6511 18142 
 603.42  3330  6586 17890 
 603.45  3335  6661 16043 
 603.48  3340  6735 16262.5 
 603.51  3345  6810 18463.5 
 603.54  3350  6885 17345.5 
 603.57  3355  6961 19534.5 
 603.6  3360  7036 13495 
 603.63  3365  7111 16142 
 603.66  3370  7187 12866 
 603.7  3375  7262 16092 
 603.73  3380  7338 15461.5 
 603.76  3385  7414 17408.5 
 603.79  3390  7490 17344 
 603.82  3395  7566 16905 
 603.85  3400  7642 20007.5 
 603.88  3405  7718 17951 
 603.91  3410  7794 17546.5 
 603.94  3415  7871 16349 
 603.97  3420  7947 19452 
 604  3425  8024 18038 
 604.03  3430  8101 19775 
 604.06  3435  8178 18536 
 604.09  3440  8255 13757 
 604.13  3445  8332 14015.5 
 604.16  3450  8409 18515.5 
 604.19  3455  8487 18943.5 
 604.22  3460  8564 16169.5 
 604.25  3465  8642 18331.5 
 604.28  3470  8719 19554.5 
 604.31  3475  8797 15866 
 604.34  3480  8875 18356 
 604.37  3485  8953 18420 
 604.4  3490  9031 16929.5 
 604.44  3495  9109 17067 
 604.47  3500  9188 20861 
 604.7  3505  7401 21911 
 604.73  3510  7481 19777 
 604.76  3515  7562 18743 
 604.79  3520  7642 20624 
 604.82  3525  7722 15883.5 
 604.85  3530  7803 20161.5 
 604.88  3535  7884 21493 
 604.91  3540  7965 22441.5 
 604.94  3545  8046 22881.5 
 604.98  3550  8127 23046.5 
 605.01  3555  8208 20637.5 
 605.04  3560  8289 21417.5 
 605.07  3565  8371 18808.5 
 605.1  3570  8452 15500.5 
 605.13  3575  8534 18958 
 605.17  3580  8616 15372.5 
 605.2  3585  8698 13056.5 
 605.23  3590  8780 18031.5 
 605.26  3595  8863 22817.5 
 605.29  3600  8945 24570 
 605.32  3605  9028 19736 
 605.35  3610  9110 17958.5 
 605.38  3615  9193 21367 
 605.41  3620  9276 17721 
 605.45  3625  9359 24735.5 
 605.48  3630  9442 23331.5 
end
uxIntegration time is 0.2294 seconds per sampledt  2.7E-08 cy 1dh141018Sodankyla 67.3675-26.633 2.696889pr990dark 0 
 634.67  2900  561 0 
 634.7  2905  627 .25 
 634.75  2910  693 0 
 634.78  2915  759 0 
 634.82  2920  825 0 
 634.85  2925  891 0 
 634.89  2930  957 .25 
 634.93  2935  1023 0 
 634.97  2940  1090 0 
 635  2945  1156 0 
 635.04  2950  1223 0 
 635.08  2955  1289 .25 
 635.11  2960  1356 .25 
 635.15  2965  1423 0 
 635.19  2970  1490 0 
 635.23  2975  1557 .5 
 635.26  2980  1624 .75 
 635.3  2985  1691 .5 
 635.34  2990  1759 1 
 635.38  2995  1826 1.75 
 635.4  3000  1894 1.5 
 635.43  3005  1962 2.5 
 635.47  3010  2029 5.5 
 635.5  3015  2097 7.5 
 635.52  3020  2165 6.5 
 635.55  3025  2233 11.5 
 635.58  3030  2301 22.5 
 635.61  3035  2370 33.5 
 635.64  3040  2438 35.5 
 635.67  3045  2507 57.5 
 635.7  3050  2575 99.5 
 635.73  3055  2644 101.5 
 635.76  3060  2713 109.5 
 635.79  3065  2782 147.5 
 635.82  3070  2851 239 
 635.85  3075  2920 352 
 635.88  3080  2989 378 
 635.91  3085  3058 446.5 
 635.94  3090  3128 441 
 635.97  3095  3197 585 
 636  3100  3267 663 
 636.03  3105  3337 1081.5 
 636.06  3110  3407 1395.5 
 636.09  3115  3477 1466 
 636.12  3120  3547 1610.5 
 636.15  3125  3617 2035 
 636.18  3130  3687 2254 
 636.21  3135  3757 2258 
 636.24  3140  3828 2904 
 636.27  3145  3899 2840.5 
 636.3  3150  3969 3719 
 636.34  3155  4040 3124 
 636.36  3160  4111 2933.5 
 636.39  3165  4182 4391.5 
 636.42  3170  4253 5404 
 636.45  3175  4324 5498.5 
 636.49  3180  4396 4540 
 636.52  3185  4467 5950.5 
 636.54  3190  4539 7058 
 636.57  3195  4610 5985.5 
 636.6  3200  4682 7142 
 636.64  3205  4754 9048.5 
 636.67  3210  4826 8437 
 636.7  3215  4898 8324 
 636.73  3220  4970 8720 
 636.76  3225  5042 7493 
 636.79  3230  5115 7799 
 636.82  3235  5187 9881.5 
 636.85  3240  5260 11589.5 
 636.88  3245  5333 11508.5 
 636.91  3250  5406 10156 
 636.94  3255  5479 13216.5 
 636.97  3260  5552 16055.5 
 637  3265  5625 16565 
 637.03  3270  5698 16507 
 637.06  3275  5771 15423.5 
 637.09  3280  5845 13828.5 
 637.12  3285  5919 14641.5 
 637.15  3290  5992 17781 
 637.18  3295  6066 19979.5 
 637.22  3300  6140 20132.5 
 637.25  3305  6214 16117.5 
 637.28  3310  6288 16294.5 
 637.31  3315  6362 16453 
 637.34  3320  6437 17712 
 637.37  3325  6511 17851.5 
 637.4  3330  6586 17684.5 
 637.43  3335  6661 15906.5 
 637.46  3340  6735 16371.5 
 637.49  3345  6810 18752 
 637.52  3350  6885 17919 
 637.55  3355  6961 20245.5 
 637.58  3360  7036 14052 
 637.61  3365  7111 16917.5 
 637.65  3370  7187 13694 
 637.68  3375  7262 17231.5 
 637.71  3380  7338 16404 
 637.74  3385  7414 18727 
 637.77  3390  7490 18576 
 637.8  3395  7566 17992 
 637.83  3400  7642 21230.5 
 637.86  3405  7718 18890.5 
 637.89  3410  7794 18352 
 637.92  3415  7871 16946.5 
 637.95  3420  7947 20042.5 
 637.98  3425  8024 18522 
 638.01  3430  8101 20153 
 638.04  3435  8178 18760.5 
 638.07  3440  8255 13738.5 
 638.11  3445  8332 14124 
 638.14  3450  8409 18406 
 638.17  3455  8487 18823.5 
 638.2  3460  8564 16017 
 638.23  3465  8642 18056.5 
 638.26  3470  8719 19032.5 
 638.29  3475  8797 15299 
 638.32  3480  8875 17728.5 
 638.35  3485  8953 17549.5 
 638.38  3490  9031 16121.5 
 638.42  3495  9109 16053.5 
 638.45  3500  9188 19489.5 
 638.68  3505  7401 19059 
 638.71  3510  7481 17126.5 
 638.74  3515  7562 16212.5 
 638.77  3520  7642 17652.5 
 638.8  3525  7722 13575 
 638.83  3530  7803 17215.5 
 638.86  3535  7884 18167.5 
 638.89  3540  7965 18853 
 638.93  3545  8046 19185.5 
 638.96  3550  8127 19123.5 
 638.99  3555  8208 17178.5 
 639.02  3560  8289 17824.5 
 639.05  3565  8371 15253.5 
 639.09  3570  8452 12751.5 
 639.12  3575  8534 15588.5 
 639.15  3580  8616 12426.5 
 639.18  3585  8698 10663 
 639.21  3590  8780 14863 
 639.24  3595  8863 18586.5 
 639.27  3600  8945 20018 
 639.3  3605  9028 15958 
 639.33  3610  9110 14536.5 
 639.36  3615  9193 17251.5 
 639.4  3620  9276 14514.5 
 639.43  3625  9359 20075.5 
 639.46  3630  9442 18658 
end
uxIntegration time is 0.2294 seconds per sampledt  2.7E-08 cy 1dh141018Sodankyla 67.3675-26.633 2.750537pr990dark .05 
 685.56  2900  561 0 
 685.6  2905  627 .25 
 685.64  2910  693 0 
 685.67  2915  759 0 
 685.71  2920  825 0 
 685.75  2925  891 0 
 685.78  2930  957 0 
 685.82  2935  1023 0 
 685.86  2940  1090 0 
 685.89  2945  1156 0 
 685.93  2950  1223 0 
 685.97  2955  1289 0 
 686.01  2960  1356 0 
 686.04  2965  1423 0 
 686.08  2970  1490 .25 
 686.12  2975  1557 .5 
 686.15  2980  1624 .75 
 686.19  2985  1691 .5 
 686.23  2990  1759 1 
 686.27  2995  1826 2 
 686.29  3000  1894 1 
 686.32  3005  1962 2.5 
 686.36  3010  2029 3.5 
 686.38  3015  2097 6.5 
 686.41  3020  2165 7.5 
 686.44  3025  2233 13 
 686.47  3030  2301 21.5 
 686.5  3035  2370 30.5 
 686.53  3040  2438 34.5 
 686.56  3045  2507 45 
 686.59  3050  2575 80 
 686.62  3055  2644 93 
 686.65  3060  2713 96.5 
 686.68  3065  2782 124.5 
 686.71  3070  2851 207.5 
 686.74  3075  2920 296.5 
 686.77  3080  2989 311.5 
 686.8  3085  3058 418 
 686.83  3090  3128 393.5 
 686.86  3095  3197 551 
 686.89  3100  3267 598.5 
 686.92  3105  3337 980 
 686.95  3110  3407 1279.5 
 686.98  3115  3477 1335.5 
 687.01  3120  3547 1502 
 687.04  3125  3617 1947.5 
 687.07  3130  3687 2177.5 
 687.1  3135  3757 2195 
 687.13  3140  3828 2836 
 687.16  3145  3899 2862 
 687.19  3150  3969 3777.5 
 687.22  3155  4040 3161 
 687.25  3160  4111 3038.5 
 687.28  3165  4182 4488.5 
 687.31  3170  4253 5501.5 
 687.34  3175  4324 5599 
 687.37  3180  4396 4562.5 
 687.4  3185  4467 6157 
 687.43  3190  4539 7227.5 
 687.46  3195  4610 5965 
 687.49  3200  4682 7065.5 
 687.52  3205  4754 8965 
 687.55  3210  4826 8360 
 687.58  3215  4898 8192.5 
 687.61  3220  4970 8460 
 687.65  3225  5042 7232.5 
 687.68  3230  5115 7614.5 
 687.71  3235  5187 9718.5 
 687.73  3240  5260 11334 
 687.76  3245  5333 11255.5 
 687.8  3250  5406 9920.5 
 687.83  3255  5479 12818 
 687.86  3260  5552 15900.5 
 687.89  3265  5625 16415.5 
 687.92  3270  5698 16213.5 
 687.95  3275  5771 15287.5 
 687.98  3280  5845 13757 
 688.01  3285  5919 14704 
 688.04  3290  5992 18001.5 
 688.07  3295  6066 20479 
 688.1  3300  6140 20506.5 
 688.13  3305  6214 16412.5 
 688.16  3310  6288 16635 
 688.19  3315  6362 17056.5 
 688.23  3320  6437 18577.5 
 688.25  3325  6511 18697 
 688.28  3330  6586 18451.5 
 688.31  3335  6661 16691 
 688.34  3340  6735 17164.5 
 688.38  3345  6810 19570 
 688.41  3350  6885 18814.5 
 688.44  3355  6961 21266 
 688.47  3360  7036 14697 
 688.5  3365  7111 17788 
 688.53  3370  7187 14276.5 
 688.56  3375  7262 18066 
 688.59  3380  7338 17196.5 
 688.62  3385  7414 19545.5 
 688.66  3390  7490 19339.5 
 688.69  3395  7566 18848 
 688.71  3400  7642 22058.5 
 688.74  3405  7718 19682 
 688.77  3410  7794 19222 
 688.81  3415  7871 17793 
 688.84  3420  7947 21051 
 688.87  3425  8024 19306 
 688.9  3430  8101 20885 
 688.93  3435  8178 19476 
 688.96  3440  8255 14159.5 
 688.99  3445  8332 14681.5 
 689.02  3450  8409 19019 
 689.05  3455  8487 19172.5 
 689.08  3460  8564 16478.5 
 689.11  3465  8642 18582 
 689.15  3470  8719 19586.5 
 689.18  3475  8797 15723.5 
 689.21  3480  8875 18136.5 
 689.23  3485  8953 18048.5 
 689.27  3490  9031 16592 
 689.3  3495  9109 16691.5 
 689.33  3500  9188 20349.5 
 689.56  3505  7401 20943.5 
 689.59  3510  7481 19156 
 689.62  3515  7562 18365 
 689.65  3520  7642 20178.5 
 689.68  3525  7722 15626.5 
 689.71  3530  7803 19834.5 
 689.74  3535  7884 21278.5 
 689.78  3540  7965 22218.5 
 689.81  3545  8046 22638.5 
 689.84  3550  8127 22612 
 689.87  3555  8208 20384 
 689.91  3560  8289 21207 
 689.94  3565  8371 18129.5 
 689.97  3570  8452 15105.5 
 690  3575  8534 18434 
 690.03  3580  8616 14595.5 
 690.07  3585  8698 12513.5 
 690.1  3590  8780 17419.5 
 690.13  3595  8863 21563.5 
 690.16  3600  8945 23052 
 690.19  3605  9028 18269.5 
 690.22  3610  9110 16674 
 690.25  3615  9193 19530 
 690.28  3620  9276 16391 
 690.31  3625  9359 22599 
 690.34  3630  9442 21029 
end
uxIntegration time is 0.2294 seconds per sampledt  2.7E-08 cy 1dh141018Sodankyla 67.3675-26.633 2.696889pr990dark 0 
 723.32  2900  561 0 
 723.36  2905  627 0 
 723.4  2910  693 0 
 723.43  2915  759 .25 
 723.47  2920  825 0 
 723.5  2925  891 0 
 723.54  2930  957 0 
 723.58  2935  1023 0 
 723.62  2940  1090 0 
 723.65  2945  1156 .25 
 723.69  2950  1223 .25 
 723.73  2955  1289 .25 
 723.77  2960  1356 0 
 723.8  2965  1423 0 
 723.84  2970  1490 .25 
 723.88  2975  1557 .25 
 723.91  2980  1624 .5 
 723.95  2985  1691 .75 
 723.99  2990  1759 1 
 724.03  2995  1826 2 
 724.05  3000  1894 1.5 
 724.08  3005  1962 2.5 
 724.12  3010  2029 3 
 724.14  3015  2097 5.5 
 724.17  3020  2165 6.5 
 724.2  3025  2233 9.5 
 724.23  3030  2301 16 
 724.26  3035  2370 23 
 724.29  3040  2438 24 
 724.32  3045  2507 28 
 724.35  3050  2575 42.5 
 724.38  3055  2644 69.5 
 724.41  3060  2713 60 
 724.44  3065  2782 75 
 724.47  3070  2851 132.5 
 724.5  3075  2920 186.5 
 724.53  3080  2989 207 
 724.56  3085  3058 246 
 724.59  3090  3128 252 
 724.62  3095  3197 338 
 724.65  3100  3267 383 
 724.68  3105  3337 624 
 724.71  3110  3407 819 
 724.74  3115  3477 867.5 
 724.77  3120  3547 971.5 
 724.8  3125  3617 1289.5 
 724.83  3130  3687 1446.5 
 724.86  3135  3757 1440.5 
 724.89  3140  3828 1885.5 
 724.92  3145  3899 1951 
 724.95  3150  3969 2622 
 724.98  3155  4040 2222 
 725.01  3160  4111 2099.5 
 725.04  3165  4182 3242.5 
 725.07  3170  4253 4003.5 
 725.1  3175  4324 4124.5 
 725.12  3180  4396 3443 
 725.16  3185  4467 4611.5 
 725.19  3190  4539 5623 
 725.22  3195  4610 4564 
 725.25  3200  4682 5394.5 
 725.28  3205  4754 7043 
 725.31  3210  4826 6636 
 725.34  3215  4898 6501 
 725.37  3220  4970 6635.5 
 725.4  3225  5042 5669.5 
 725.43  3230  5115 5926 
 725.46  3235  5187 7675.5 
 725.49  3240  5260 8944.5 
 725.52  3245  5333 8882 
 725.55  3250  5406 7485.5 
 725.58  3255  5479 9632 
 725.61  3260  5552 11971.5 
 725.64  3265  5625 12395 
 725.67  3270  5698 12228 
 725.7  3275  5771 11265 
 725.73  3280  5845 9919.5 
 725.76  3285  5919 10531.5 
 725.79  3290  5992 12785.5 
 725.82  3295  6066 14536 
 725.85  3300  6140 14499.5 
 725.88  3305  6214 11529 
 725.91  3310  6288 11417.5 
 725.94  3315  6362 11708 
 725.97  3320  6437 12795.5 
 726  3325  6511 12850 
 726.04  3330  6586 12732.5 
 726.07  3335  6661 11408 
 726.1  3340  6735 11541.5 
 726.13  3345  6810 13439 
 726.16  3350  6885 12783.5 
 726.19  3355  6961 14518.5 
 726.22  3360  7036 10103 
 726.25  3365  7111 11953.5 
 726.28  3370  7187 9635.5 
 726.31  3375  7262 11903.5 
 726.34  3380  7338 11613 
 726.37  3385  7414 13026 
 726.4  3390  7490 12895.5 
 726.43  3395  7566 12392 
 726.47  3400  7642 14452.5 
 726.5  3405  7718 13026 
 726.53  3410  7794 12546.5 
 726.56  3415  7871 11468.5 
 726.59  3420  7947 13620 
 726.62  3425  8024 12469.5 
 726.65  3430  8101 13463.5 
 726.68  3435  8178 12531.5 
 726.71  3440  8255 9262 
 726.74  3445  8332 9222.5 
 726.77  3450  8409 12041.5 
 726.8  3455  8487 12275 
 726.83  3460  8564 10462 
 726.86  3465  8642 11788.5 
 726.89  3470  8719 12427.5 
 726.93  3475  8797 9983.5 
 726.96  3480  8875 11476 
 726.99  3485  8953 11342.5 
 727.02  3490  9031 10543.5 
 727.05  3495  9109 10466.5 
 727.08  3500  9188 12674.5 
 727.31  3505  7401 13285 
 727.34  3510  7481 12149.5 
 727.37  3515  7562 11349.5 
 727.41  3520  7642 12665.5 
 727.44  3525  7722 9718 
 727.47  3530  7803 12314 
 727.5  3535  7884 13188.5 
 727.53  3540  7965 13863 
 727.56  3545  8046 14240 
 727.59  3550  8127 14428 
 727.62  3555  8208 12966.5 
 727.66  3560  8289 13553 
 727.69  3565  8371 11851 
 727.72  3570  8452 9875 
 727.75  3575  8534 12094.5 
 727.78  3580  8616 9782 
 727.81  3585  8698 8273.5 
 727.85  3590  8780 11480 
 727.88  3595  8863 14647.5 
 727.91  3600  8945 15878 
 727.94  3605  9028 12744.5 
 727.97  3610  9110 11637.5 
 728  3615  9193 13935.5 
 728.04  3620  9276 11595.5 
 728.07  3625  9359 16160 
 728.1  3630  9442 15420.5 
end
uxIntegration time is 0.2294 seconds per sampledt  2.7E-08 cy 1dh141018Sodankyla 67.3675-26.633 2.696889pr990dark .15 
 741.55  2900  561 0 
 741.58  2905  627 0 
 741.62  2910  693 0 
 741.66  2915  759 0 
 741.7  2920  825 0 
 741.73  2925  891 0 
 741.77  2930  957 0 
 741.81  2935  1023 0 
 741.84  2940  1090 0 
 741.88  2945  1156 0 
 741.92  2950  1223 0 
 741.95  2955  1289 .25 
 741.99  2960  1356 0 
 742.03  2965  1423 .25 
 742.07  2970  1490 .25 
 742.1  2975  1557 .25 
 742.14  2980  1624 .5 
 742.18  2985  1691 .5 
 742.22  2990  1759 1.25 
 742.25  2995  1826 1 
 742.28  3000  1894 2 
 742.31  3005  1962 3 
 742.34  3010  2029 4 
 742.37  3015  2097 5.5 
 742.4  3020  2165 4.5 
 742.43  3025  2233 8.5 
 742.46  3030  2301 20.5 
 742.49  3035  2370 22.5 
 742.52  3040  2438 22.5 
 742.55  3045  2507 34 
 742.58  3050  2575 54.5 
 742.61  3055  2644 60 
 742.64  3060  2713 58.5 
 742.67  3065  2782 74 
 742.7  3070  2851 125.5 
 742.73  3075  2920 162.5 
 742.76  3080  2989 194.5 
 742.79  3085  3058 227.5 
 742.82  3090  3128 222 
 742.85  3095  3197 300 
 742.88  3100  3267 344.5 
 742.91  3105  3337 550 
 742.94  3110  3407 746.5 
 742.97  3115  3477 770.5 
 743  3120  3547 860 
 743.03  3125  3617 1118.5 
 743.06  3130  3687 1286 
 743.09  3135  3757 1252 
 743.12  3140  3828 1654 
 743.15  3145  3899 1690 
 743.18  3150  3969 2222.5 
 743.21  3155  4040 1875 
 743.24  3160  4111 1767 
 743.27  3165  4182 2694.5 
 743.3  3170  4253 3287.5 
 743.33  3175  4324 3328 
 743.36  3180  4396 2759.5 
 743.39  3185  4467 3697 
 743.42  3190  4539 4475 
 743.45  3195  4610 3611.5 
 743.48  3200  4682 4188.5 
 743.51  3205  4754 5441.5 
 743.54  3210  4826 5265 
 743.57  3215  4898 5033 
 743.6  3220  4970 5034 
 743.63  3225  5042 4280.5 
 743.66  3230  5115 4478.5 
 743.69  3235  5187 5756 
 743.72  3240  5260 6715 
 743.75  3245  5333 6566.5 
 743.78  3250  5406 5559 
 743.81  3255  5479 7101 
 743.84  3260  5552 8904 
 743.87  3265  5625 9167.5 
 743.9  3270  5698 9113.5 
 743.93  3275  5771 8421.5 
 743.96  3280  5845 7315 
 743.99  3285  5919 8003 
 744.02  3290  5992 9795 
 744.05  3295  6066 11144 
 744.08  3300  6140 11156.5 
 744.11  3305  6214 8939 
 744.14  3310  6288 8780.5 
 744.17  3315  6362 8976.5 
 744.2  3320  6437 9848.5 
 744.23  3325  6511 9775 
 744.26  3330  6586 9644.5 
 744.29  3335  6661 8631.5 
 744.33  3340  6735 8578.5 
 744.36  3345  6810 9969 
 744.39  3350  6885 9509.5 
 744.42  3355  6961 10684 
 744.45  3360  7036 7573 
 744.48  3365  7111 8921.5 
 744.51  3370  7187 7194.5 
 744.54  3375  7262 8854.5 
 744.57  3380  7338 8730 
 744.6  3385  7414 9799 
 744.63  3390  7490 9811.5 
 744.66  3395  7566 9450.5 
 744.69  3400  7642 11061 
 744.72  3405  7718 9916.5 
 744.75  3410  7794 9640 
 744.78  3415  7871 8851 
 744.81  3420  7947 10491.5 
 744.84  3425  8024 9726 
 744.87  3430  8101 10486 
 744.9  3435  8178 9803.5 
 744.93  3440  8255 7259 
 744.96  3445  8332 7365.5 
 744.99  3450  8409 9636.5 
 745.03  3455  8487 9900.5 
 745.06  3460  8564 8541 
 745.09  3465  8642 9610 
 745.12  3470  8719 10271.5 
 745.15  3475  8797 8341 
 745.18  3480  8875 9727 
 745.21  3485  8953 9698 
 745.24  3490  9031 8984 
 745.27  3495  9109 9027 
 745.3  3500  9188 10914.5 
 745.53  3505  7401 10577.5 
 745.56  3510  7481 9577 
 745.59  3515  7562 8949.5 
 745.62  3520  7642 9773 
 745.66  3525  7722 7459.5 
 745.69  3530  7803 9404 
 745.72  3535  7884 9944.5 
 745.75  3540  7965 10503.5 
 745.78  3545  8046 10677.5 
 745.81  3550  8127 10696 
 745.84  3555  8208 9569 
 745.87  3560  8289 9978 
 745.9  3565  8371 8746.5 
 745.93  3570  8452 7162.5 
 745.97  3575  8534 8816 
 746  3580  8616 7144 
 746.03  3585  8698 6013 
 746.06  3590  8780 8219 
 746.1  3595  8863 10389 
 746.13  3600  8945 11183.5 
 746.16  3605  9028 9070 
 746.19  3610  9110 8192.5 
 746.22  3615  9193 9761 
 746.25  3620  9276 8076.5 
 746.28  3625  9359 11122.5 
 746.31  3630  9442 10551 
end
uxIntegration time is 0.2294 seconds per sampledt  2.7E-08 cy 1dh141018Sodankyla 67.3675-26.633 2.696889pr990dark 0 
 759.95  2900  561 0 
 759.98  2905  627 0 
 760.02  2910  693 0 
 760.06  2915  759 0 
 760.09  2920  825 0 
 760.13  2925  891 .25 
 760.16  2930  957 0 
 760.21  2935  1023 .25 
 760.24  2940  1090 0 
 760.28  2945  1156 0 
 760.31  2950  1223 0 
 760.35  2955  1289 .25 
 760.39  2960  1356 0 
 760.43  2965  1423 .25 
 760.46  2970  1490 .25 
 760.5  2975  1557 .5 
 760.54  2980  1624 .75 
 760.58  2985  1691 .5 
 760.61  2990  1759 1.5 
 760.65  2995  1826 1.75 
 760.68  3000  1894 2.5 
 760.71  3005  1962 1.5 
 760.74  3010  2029 3.5 
 760.77  3015  2097 4 
 760.8  3020  2165 5 
 760.83  3025  2233 8.5 
 760.86  3030  2301 14.5 
 760.89  3035  2370 14 
 760.92  3040  2438 18 
 760.95  3045  2507 22 
 760.98  3050  2575 35 
 761.01  3055  2644 47.5 
 761.04  3060  2713 39 
 761.07  3065  2782 53 
 761.1  3070  2851 87.5 
 761.13  3075  2920 110.5 
 761.16  3080  2989 129.5 
 761.19  3085  3058 149.5 
 761.21  3090  3128 146.5 
 761.25  3095  3197 206 
 761.28  3100  3267 231 
 761.31  3105  3337 376.5 
 761.34  3110  3407 495.5 
 761.37  3115  3477 520.5 
 761.4  3120  3547 610 
 761.43  3125  3617 815 
 761.46  3130  3687 917.5 
 761.49  3135  3757 924.5 
 761.52  3140  3828 1209.5 
 761.55  3145  3899 1286.5 
 761.58  3150  3969 1731.5 
 761.61  3155  4040 1433.5 
 761.64  3160  4111 1423 
 761.67  3165  4182 2225.5 
 761.7  3170  4253 2713.5 
 761.73  3175  4324 2809.5 
 761.76  3180  4396 2336 
 761.79  3185  4467 3206 
 761.82  3190  4539 3926.5 
 761.85  3195  4610 3129 
 761.88  3200  4682 3667 
 761.91  3205  4754 4904.5 
 761.94  3210  4826 4784 
 761.97  3215  4898 4566.5 
 762  3220  4970 4600.5 
 762.03  3225  5042 3986 
 762.06  3230  5115 4193.5 
 762.09  3235  5187 5620.5 
 762.12  3240  5260 6508 
 762.15  3245  5333 6331.5 
 762.18  3250  5406 5395 
 762.21  3255  5479 6983.5 
 762.24  3260  5552 8902.5 
 762.27  3265  5625 9229.5 
 762.3  3270  5698 9169 
 762.33  3275  5771 8367 
 762.36  3280  5845 7342 
 762.4  3285  5919 7901 
 762.43  3290  5992 9805 
 762.46  3295  6066 11228.5 
 762.49  3300  6140 11092.5 
 762.52  3305  6214 8756 
 762.55  3310  6288 8551.5 
 762.58  3315  6362 8771.5 
 762.61  3320  6437 9694 
 762.64  3325  6511 9628 
 762.67  3330  6586 9424 
 762.7  3335  6661 8476.5 
 762.73  3340  6735 8500 
 762.76  3345  6810 9814.5 
 762.79  3350  6885 9421 
 762.82  3355  6961 10622 
 762.86  3360  7036 7470 
 762.88  3365  7111 8788 
 762.91  3370  7187 7092.5 
 762.94  3375  7262 8684 
 762.98  3380  7338 8518.5 
 763.01  3385  7414 9666 
 763.04  3390  7490 9640.5 
 763.07  3395  7566 9362 
 763.1  3400  7642 10905 
 763.13  3405  7718 9824 
 763.16  3410  7794 9636 
 763.19  3415  7871 8979 
 763.22  3420  7947 10569.5 
 763.25  3425  8024 9785.5 
 763.29  3430  8101 10606 
 763.31  3435  8178 9903 
 763.34  3440  8255 7309.5 
 763.37  3445  8332 7345.5 
 763.4  3450  8409 9574.5 
 763.44  3455  8487 9821 
 763.47  3460  8564 8424 
 763.5  3465  8642 9282.5 
 763.53  3470  8719 9808 
 763.56  3475  8797 7935 
 763.59  3480  8875 8992.5 
 763.62  3485  8953 8925.5 
 763.65  3490  9031 8218.5 
 763.68  3495  9109 8144.5 
 763.72  3500  9188 9786 
 763.95  3505  7401 10223.5 
 763.98  3510  7481 9272.5 
 764.01  3515  7562 8738.5 
 764.04  3520  7642 9686.5 
 764.07  3525  7722 7487 
 764.1  3530  7803 9480.5 
 764.13  3535  7884 10051 
 764.16  3540  7965 10575.5 
 764.19  3545  8046 10715 
 764.23  3550  8127 10725.5 
 764.26  3555  8208 9648 
 764.29  3560  8289 10028.5 
 764.32  3565  8371 8733 
 764.35  3570  8452 7175.5 
 764.38  3575  8534 8714 
 764.42  3580  8616 7018.5 
 764.45  3585  8698 5941 
 764.48  3590  8780 8114 
 764.51  3595  8863 10174.5 
 764.54  3600  8945 11016.5 
 764.57  3605  9028 8888 
 764.6  3610  9110 7996.5 
 764.63  3615  9193 9423.5 
 764.66  3620  9276 7971.5 
 764.7  3625  9359 10904.5 
 764.73  3630  9442 10407.5 
end
uxIntegration time is 0.2294 seconds per sampledt  2.7E-08 cy 1dh141018Sodankyla 67.3675-26.633 2.696889pr990dark .1 
 782.98  2900  561 0 
 783.02  2905  627 0 
 783.06  2910  693 0 
 783.1  2915  759 0 
 783.13  2920  825 0 
 783.17  2925  891 0 
 783.2  2930  957 0 
 783.24  2935  1023 0 
 783.28  2940  1090 .25 
 783.32  2945  1156 0 
 783.35  2950  1223 0 
 783.39  2955  1289 .25 
 783.43  2960  1356 .5 
 783.47  2965  1423 0 
 783.5  2970  1490 .25 
 783.54  2975  1557 .25 
 783.57  2980  1624 .75 
 783.61  2985  1691 .5 
 783.65  2990  1759 .75 
 783.69  2995  1826 1.25 
 783.72  3000  1894 1 
 783.74  3005  1962 2 
 783.78  3010  2029 2 
 783.81  3015  2097 3 
 783.84  3020  2165 4 
 783.86  3025  2233 5.5 
 783.9  3030  2301 10.5 
 783.93  3035  2370 13.5 
 783.96  3040  2438 12.5 
 783.99  3045  2507 17.5 
 784.01  3050  2575 26.5 
 784.05  3055  2644 29.5 
 784.08  3060  2713 28 
 784.1  3065  2782 37.5 
 784.13  3070  2851 61 
 784.16  3075  2920 78.5 
 784.2  3080  2989 78 
 784.22  3085  3058 89 
 784.25  3090  3128 95 
 784.28  3095  3197 117.5 
 784.32  3100  3267 138.5 
 784.34  3105  3337 239 
 784.37  3110  3407 308 
 784.4  3115  3477 322 
 784.43  3120  3547 366.5 
 784.46  3125  3617 458 
 784.49  3130  3687 536 
 784.52  3135  3757 532.5 
 784.55  3140  3828 716 
 784.58  3145  3899 744.5 
 784.61  3150  3969 1015.5 
 784.64  3155  4040 848 
 784.67  3160  4111 813.5 
 784.7  3165  4182 1308.5 
 784.73  3170  4253 1605 
 784.76  3175  4324 1635.5 
 784.79  3180  4396 1367 
 784.82  3185  4467 1953 
 784.85  3190  4539 2438.5 
 784.88  3195  4610 1913 
 784.91  3200  4682 2276.5 
 784.94  3205  4754 3110.5 
 784.97  3210  4826 3134 
 785  3215  4898 3044.5 
 785.04  3220  4970 3012 
 785.07  3225  5042 2568 
 785.1  3230  5115 2814 
 785.12  3235  5187 3847.5 
 785.16  3240  5260 4478 
 785.19  3245  5333 4379 
 785.22  3250  5406 3711.5 
 785.25  3255  5479 4834.5 
 785.27  3260  5552 6383 
 785.31  3265  5625 6828 
 785.34  3270  5698 6759.5 
 785.37  3275  5771 6189 
 785.4  3280  5845 5364.5 
 785.43  3285  5919 5949.5 
 785.46  3290  5992 7619.5 
 785.49  3295  6066 8733.5 
 785.52  3300  6140 8795.5 
 785.55  3305  6214 6843.5 
 785.58  3310  6288 6681.5 
 785.61  3315  6362 6937 
 785.64  3320  6437 7785.5 
 785.67  3325  6511 7791 
 785.7  3330  6586 7710 
 785.74  3335  6661 6845 
 785.77  3340  6735 6838.5 
 785.8  3345  6810 8030.5 
 785.83  3350  6885 7683.5 
 785.86  3355  6961 8760.5 
 785.89  3360  7036 6128.5 
 785.92  3365  7111 7200.5 
 785.95  3370  7187 5722 
 785.98  3375  7262 7074 
 786.01  3380  7338 6992 
 786.04  3385  7414 7919.5 
 786.07  3390  7490 7874 
 786.1  3395  7566 7654 
 786.13  3400  7642 8780 
 786.16  3405  7718 7922 
 786.2  3410  7794 7845 
 786.23  3415  7871 7220.5 
 786.26  3420  7947 8605 
 786.29  3425  8024 7947 
 786.32  3430  8101 8587 
 786.35  3435  8178 7983.5 
 786.38  3440  8255 5899.5 
 786.41  3445  8332 5957.5 
 786.44  3450  8409 7831 
 786.47  3455  8487 7980.5 
 786.5  3460  8564 6901 
 786.53  3465  8642 7747 
 786.56  3470  8719 8207 
 786.59  3475  8797 6602.5 
 786.62  3480  8875 7628 
 786.66  3485  8953 7567 
 786.69  3490  9031 6980.5 
 786.72  3495  9109 6986 
 786.75  3500  9188 8440 
 786.98  3505  7401 8246 
 787.01  3510  7481 7448 
 787.04  3515  7562 7060 
 787.07  3520  7642 7733.5 
 787.1  3525  7722 5965.5 
 787.14  3530  7803 7432.5 
 787.17  3535  7884 7846 
 787.2  3540  7965 8290.5 
 787.23  3545  8046 8342 
 787.27  3550  8127 8367 
 787.3  3555  8208 7548 
 787.33  3560  8289 7860.5 
 787.36  3565  8371 6868 
 787.39  3570  8452 5654 
 787.42  3575  8534 6943 
 787.45  3580  8616 5586.5 
 787.48  3585  8698 4701.5 
 787.51  3590  8780 6465.5 
 787.55  3595  8863 8158 
 787.58  3600  8945 8833.5 
 787.61  3605  9028 7044 
 787.64  3610  9110 6435 
 787.67  3615  9193 7679 
 787.71  3620  9276 6368.5 
 787.74  3625  9359 8866 
 787.77  3630  9442 8471.5 
end
uxIntegration time is 0.2294 seconds per sampledt  2.7E-08 cy 1dh141018Sodankyla 67.3675-26.633 2.696889pr990dark .05 
 831.1  2900  561 0 
 831.14  2905  627 0 
 831.17  2910  693 0 
 831.21  2915  759 0 
 831.25  2920  825 .25 
 831.29  2925  891 0 
 831.32  2930  957 0 
 831.36  2935  1023 0 
 831.4  2940  1090 0 
 831.44  2945  1156 0 
 831.47  2950  1223 .25 
 831.51  2955  1289 0 
 831.55  2960  1356 0 
 831.58  2965  1423 0 
 831.62  2970  1490 0 
 831.66  2975  1557 0 
 831.69  2980  1624 .25 
 831.73  2985  1691 .25 
 831.77  2990  1759 .75 
 831.81  2995  1826 .75 
 831.84  3000  1894 .5 
 831.86  3005  1962 1 
 831.9  3010  2029 1 
 831.93  3015  2097 1 
 831.95  3020  2165 1 
 831.98  3025  2233 1.5 
 832.02  3030  2301 4.5 
 832.05  3035  2370 5 
 832.07  3040  2438 5.5 
 832.1  3045  2507 7 
 832.13  3050  2575 8.5 
 832.17  3055  2644 11 
 832.19  3060  2713 10.5 
 832.22  3065  2782 11.5 
 832.25  3070  2851 21 
 832.28  3075  2920 22 
 832.31  3080  2989 24 
 832.34  3085  3058 29.5 
 832.37  3090  3128 26.5 
 832.4  3095  3197 27.5 
 832.43  3100  3267 32.5 
 832.46  3105  3337 58 
 832.49  3110  3407 67.5 
 832.52  3115  3477 75.5 
 832.55  3120  3547 80 
 832.58  3125  3617 105.5 
 832.61  3130  3687 112 
 832.64  3135  3757 107 
 832.67  3140  3828 145.5 
 832.7  3145  3899 156 
 832.73  3150  3969 211.5 
 832.76  3155  4040 169.5 
 832.79  3160  4111 173.5 
 832.82  3165  4182 278.5 
 832.85  3170  4253 339 
 832.88  3175  4324 328 
 832.91  3180  4396 284 
 832.94  3185  4467 447 
 832.97  3190  4539 557.5 
 833  3195  4610 402.5 
 833.03  3200  4682 494.5 
 833.06  3205  4754 699.5 
 833.09  3210  4826 764 
 833.12  3215  4898 761 
 833.15  3220  4970 709 
 833.18  3225  5042 585.5 
 833.21  3230  5115 675.5 
 833.24  3235  5187 1019 
 833.27  3240  5260 1206 
 833.31  3245  5333 1164 
 833.33  3250  5406 922 
 833.36  3255  5479 1255.5 
 833.39  3260  5552 1702 
 833.42  3265  5625 1903.5 
 833.46  3270  5698 1865 
 833.49  3275  5771 1659 
 833.52  3280  5845 1378.5 
 833.55  3285  5919 1587.5 
 833.58  3290  5992 2129.5 
 833.61  3295  6066 2530.5 
 833.64  3300  6140 2509.5 
 833.67  3305  6214 1894.5 
 833.7  3310  6288 1794.5 
 833.73  3315  6362 1920.5 
 833.76  3320  6437 2245 
 833.79  3325  6511 2282 
 833.82  3330  6586 2249.5 
 833.85  3335  6661 1934.5 
 833.88  3340  6735 1950.5 
 833.91  3345  6810 2372.5 
 833.94  3350  6885 2317 
 833.97  3355  6961 2611 
 834  3360  7036 1799.5 
 834.03  3365  7111 2089 
 834.06  3370  7187 1651 
 834.09  3375  7262 2053 
 834.12  3380  7338 2069 
 834.15  3385  7414 2342.5 
 834.19  3390  7490 2386 
 834.21  3395  7566 2318.5 
 834.24  3400  7642 2639.5 
 834.27  3405  7718 2390 
 834.3  3410  7794 2330 
 834.34  3415  7871 2179.5 
 834.37  3420  7947 2579 
 834.4  3425  8024 2396 
 834.43  3430  8101 2581.5 
 834.46  3435  8178 2409 
 834.49  3440  8255 1740 
 834.52  3445  8332 1777.5 
 834.55  3450  8409 2345 
 834.58  3455  8487 2384 
 834.62  3460  8564 2068.5 
 834.65  3465  8642 2355.5 
 834.68  3470  8719 2487 
 834.7  3475  8797 2039.5 
 834.73  3480  8875 2338 
 834.77  3485  8953 2364 
 834.8  3490  9031 2193 
 834.83  3495  9109 2177 
 834.86  3500  9188 2678 
 835.09  3505  7401 2855.5 
 835.12  3510  7481 2523 
 835.15  3515  7562 2347.5 
 835.18  3520  7642 2612.5 
 835.21  3525  7722 2004.5 
 835.25  3530  7803 2537 
 835.28  3535  7884 2674.5 
 835.31  3540  7965 2782.5 
 835.34  3545  8046 2788.5 
 835.37  3550  8127 2775.5 
 835.4  3555  8208 2512 
 835.43  3560  8289 2592 
 835.46  3565  8371 2202 
 835.5  3570  8452 1833.5 
 835.53  3575  8534 2221.5 
 835.56  3580  8616 1752.5 
 835.59  3585  8698 1478 
 835.62  3590  8780 2002.5 
 835.65  3595  8863 2567.5 
 835.69  3600  8945 2780.5 
 835.72  3605  9028 2206 
 835.75  3610  9110 1970 
 835.78  3615  9193 2353 
 835.81  3620  9276 1960.5 
 835.84  3625  9359 2686.5 
 835.88  3630  9442 2533 
end
uxIntegration time is 0.2294 seconds per sampledt  2.7E-08 cy 1dh141018Sodankyla 67.3675-26.633 2.696889pr990dark 0 
 851.12  2900  561 0 
 851.16  2905  627 0 
 851.2  2910  693 .25 
 851.24  2915  759 0 
 851.27  2920  825 0 
 851.31  2925  891 0 
 851.34  2930  957 .25 
 851.38  2935  1023 0 
 851.42  2940  1090 .25 
 851.46  2945  1156 0 
 851.49  2950  1223 .25 
 851.53  2955  1289 0 
 851.57  2960  1356 0 
 851.61  2965  1423 .25 
 851.64  2970  1490 0 
 851.68  2975  1557 .25 
 851.72  2980  1624 .25 
 851.76  2985  1691 .25 
 851.79  2990  1759 .25 
 851.83  2995  1826 .5 
 851.86  3000  1894 0 
 851.89  3005  1962 1 
 851.92  3010  2029 .5 
 851.95  3015  2097 2 
 851.98  3020  2165 1 
 852.01  3025  2233 2 
 852.04  3030  2301 3 
 852.07  3035  2370 3 
 852.1  3040  2438 3.5 
 852.13  3045  2507 3.5 
 852.15  3050  2575 5.5 
 852.19  3055  2644 6.5 
 852.22  3060  2713 8 
 852.25  3065  2782 7.5 
 852.27  3070  2851 10.5 
 852.3  3075  2920 15.5 
 852.34  3080  2989 18 
 852.37  3085  3058 16 
 852.39  3090  3128 14.5 
 852.42  3095  3197 19 
 852.45  3100  3267 20 
 852.49  3105  3337 32 
 852.52  3110  3407 42.5 
 852.54  3115  3477 43 
 852.57  3120  3547 40 
 852.6  3125  3617 57 
 852.64  3130  3687 57.5 
 852.67  3135  3757 61 
 852.69  3140  3828 81.5 
 852.72  3145  3899 74.5 
 852.75  3150  3969 111.5 
 852.79  3155  4040 90.5 
 852.82  3160  4111 87 
 852.85  3165  4182 141.5 
 852.87  3170  4253 170.5 
 852.91  3175  4324 160.5 
 852.94  3180  4396 145.5 
 852.97  3185  4467 227 
 853  3190  4539 292 
 853.02  3195  4610 215.5 
 853.06  3200  4682 249.5 
 853.09  3205  4754 377 
 853.12  3210  4826 405 
 853.15  3215  4898 403.5 
 853.18  3220  4970 364.5 
 853.21  3225  5042 309 
 853.24  3230  5115 363.5 
 853.27  3235  5187 555 
 853.3  3240  5260 702 
 853.33  3245  5333 633 
 853.36  3250  5406 492.5 
 853.39  3255  5479 672 
 853.42  3260  5552 953 
 853.45  3265  5625 1123 
 853.48  3270  5698 1107 
 853.51  3275  5771 933 
 853.54  3280  5845 746.5 
 853.56  3285  5919 920 
 853.59  3290  5992 1285 
 853.62  3295  6066 1510.5 
 853.66  3300  6140 1464 
 853.69  3305  6214 1070 
 853.72  3310  6288 1040 
 853.75  3315  6362 1120 
 853.78  3320  6437 1307.5 
 853.81  3325  6511 1368.5 
 853.84  3330  6586 1336.5 
 853.87  3335  6661 1118.5 
 853.9  3340  6735 1060.5 
 853.93  3345  6810 1361 
 853.96  3350  6885 1323.5 
 853.99  3355  6961 1525 
 854.02  3360  7036 1036 
 854.05  3365  7111 1201 
 854.08  3370  7187 922.5 
 854.11  3375  7262 1138 
 854.14  3380  7338 1153 
 854.17  3385  7414 1308.5 
 854.2  3390  7490 1305.5 
 854.23  3395  7566 1236.5 
 854.26  3400  7642 1427.5 
 854.29  3405  7718 1266 
 854.32  3410  7794 1275.5 
 854.35  3415  7871 1172.5 
 854.39  3420  7947 1414 
 854.42  3425  8024 1320.5 
 854.45  3430  8101 1388 
 854.48  3435  8178 1301 
 854.51  3440  8255 938.5 
 854.54  3445  8332 947 
 854.57  3450  8409 1242.5 
 854.6  3455  8487 1296 
 854.63  3460  8564 1095.5 
 854.66  3465  8642 1227 
 854.69  3470  8719 1313 
 854.72  3475  8797 1049 
 854.75  3480  8875 1214.5 
 854.78  3485  8953 1236 
 854.82  3490  9031 1117 
 854.85  3495  9109 1129.5 
 854.88  3500  9188 1358.5 
 855.11  3505  7401 1404.5 
 855.14  3510  7481 1271.5 
 855.17  3515  7562 1189.5 
 855.2  3520  7642 1332 
 855.23  3525  7722 1007 
 855.26  3530  7803 1288.5 
 855.29  3535  7884 1414 
 855.33  3540  7965 1414 
 855.36  3545  8046 1479.5 
 855.39  3550  8127 1461 
 855.42  3555  8208 1316.5 
 855.45  3560  8289 1344 
 855.48  3565  8371 1181.5 
 855.51  3570  8452 966 
 855.54  3575  8534 1196 
 855.57  3580  8616 980.5 
 855.61  3585  8698 811.5 
 855.64  3590  8780 1114.5 
 855.67  3595  8863 1414 
 855.7  3600  8945 1509.5 
 855.73  3605  9028 1218.5 
 855.77  3610  9110 1116 
 855.8  3615  9193 1325 
 855.83  3620  9276 1094.5 
 855.86  3625  9359 1490.5 
 855.89  3630  9442 1392 
end
uxIntegration time is 0.2294 seconds per sampledt  2.7E-08 cy 1dh141018Sodankyla 67.3675-26.633 2.696889pr990dark .05 
 877.89  2900  561 .25 
 877.92  2905  627 0 
 877.97  2910  693 0 
 878  2915  759 0 
 878.04  2920  825 0 
 878.07  2925  891 0 
 878.11  2930  957 .25 
 878.15  2935  1023 .25 
 878.19  2940  1090 0 
 878.22  2945  1156 0 
 878.26  2950  1223 0 
 878.29  2955  1289 .25 
 878.34  2960  1356 0 
 878.37  2965  1423 0 
 878.41  2970  1490 0 
 878.44  2975  1557 0 
 878.48  2980  1624 0 
 878.52  2985  1691 0 
 878.56  2990  1759 .25 
 878.59  2995  1826 .25 
 878.62  3000  1894 0 
 878.65  3005  1962 .5 
 878.68  3010  2029 .5 
 878.71  3015  2097 .5 
 878.74  3020  2165 0 
 878.77  3025  2233 1 
 878.8  3030  2301 1 
 878.83  3035  2370 1.5 
 878.86  3040  2438 2.5 
 878.89  3045  2507 2 
 878.92  3050  2575 2.5 
 878.95  3055  2644 4 
 878.98  3060  2713 2.5 
 879.01  3065  2782 3 
 879.04  3070  2851 6 
 879.07  3075  2920 6.5 
 879.1  3080  2989 7 
 879.13  3085  3058 8.5 
 879.16  3090  3128 6 
 879.19  3095  3197 9 
 879.22  3100  3267 8 
 879.25  3105  3337 11 
 879.28  3110  3407 17.5 
 879.31  3115  3477 15.5 
 879.34  3120  3547 20 
 879.37  3125  3617 21 
 879.4  3130  3687 24 
 879.43  3135  3757 23 
 879.46  3140  3828 36 
 879.49  3145  3899 28 
 879.52  3150  3969 42.5 
 879.55  3155  4040 31 
 879.58  3160  4111 30.5 
 879.61  3165  4182 50.5 
 879.64  3170  4253 58.5 
 879.67  3175  4324 64.5 
 879.7  3180  4396 51 
 879.73  3185  4467 79 
 879.76  3190  4539 102.5 
 879.79  3195  4610 71 
 879.82  3200  4682 85 
 879.85  3205  4754 121 
 879.88  3210  4826 135 
 879.91  3215  4898 128 
 879.94  3220  4970 124 
 879.97  3225  5042 99.5 
 880  3230  5115 115.5 
 880.03  3235  5187 191.5 
 880.06  3240  5260 226.5 
 880.09  3245  5333 208.5 
 880.12  3250  5406 166.5 
 880.15  3255  5479 210.5 
 880.18  3260  5552 328 
 880.21  3265  5625 385.5 
 880.24  3270  5698 377 
 880.27  3275  5771 319 
 880.3  3280  5845 247.5 
 880.33  3285  5919 312.5 
 880.36  3290  5992 464.5 
 880.39  3295  6066 533 
 880.42  3300  6140 527.5 
 880.45  3305  6214 362.5 
 880.48  3310  6288 344.5 
 880.51  3315  6362 375 
 880.54  3320  6437 479.5 
 880.57  3325  6511 509.5 
 880.61  3330  6586 481.5 
 880.64  3335  6661 386.5 
 880.67  3340  6735 381.5 
 880.7  3345  6810 504.5 
 880.73  3350  6885 513 
 880.76  3355  6961 568 
 880.79  3360  7036 401.5 
 880.82  3365  7111 460.5 
 880.85  3370  7187 339.5 
 880.88  3375  7262 411.5 
 880.91  3380  7338 426 
 880.94  3385  7414 530.5 
 880.97  3390  7490 501.5 
 881  3395  7566 498.5 
 881.03  3400  7642 561.5 
 881.06  3405  7718 490.5 
 881.09  3410  7794 506 
 881.12  3415  7871 475.5 
 881.15  3420  7947 567.5 
 881.19  3425  8024 539.5 
 881.22  3430  8101 568.5 
 881.25  3435  8178 519 
 881.28  3440  8255 382.5 
 881.31  3445  8332 392 
 881.34  3450  8409 510 
 881.37  3455  8487 534.5 
 881.4  3460  8564 458 
 881.43  3465  8642 516 
 881.46  3470  8719 550 
 881.5  3475  8797 440 
 881.53  3480  8875 487.5 
 881.55  3485  8953 494 
 881.58  3490  9031 441.5 
 881.61  3495  9109 459 
 881.65  3500  9188 546.5 
 881.88  3505  7401 540.5 
 881.91  3510  7481 477.5 
 881.94  3515  7562 441.5 
 881.97  3520  7642 487.5 
 882  3525  7722 388.5 
 882.03  3530  7803 477 
 882.06  3535  7884 520 
 882.09  3540  7965 552.5 
 882.13  3545  8046 526 
 882.16  3550  8127 546 
 882.19  3555  8208 486 
 882.22  3560  8289 496.5 
 882.25  3565  8371 432.5 
 882.29  3570  8452 353.5 
 882.32  3575  8534 416 
 882.35  3580  8616 339.5 
 882.38  3585  8698 290 
 882.41  3590  8780 399.5 
 882.44  3595  8863 496.5 
 882.47  3600  8945 526 
 882.5  3605  9028 422 
 882.53  3610  9110 387.5 
 882.57  3615  9193 453 
 882.6  3620  9276 380.5 
 882.63  3625  9359 518 
 882.66  3630  9442 497 
end
uxIntegration time is 0.2294 seconds per sampledt  2.7E-08 cy 1dh141018Sodankyla 67.3675-26.633 2.696889pr990dark .05 
 892.56  2900  561 0 
 892.6  2905  627 .5 
 892.64  2910  693 0 
 892.68  2915  759 0 
 892.71  2920  825 .25 
 892.75  2925  891 0 
 892.78  2930  957 .25 
 892.82  2935  1023 0 
 892.86  2940  1090 0 
 892.9  2945  1156 .25 
 892.93  2950  1223 0 
 892.97  2955  1289 0 
 893.01  2960  1356 .25 
 893.05  2965  1423 0 
 893.08  2970  1490 0 
 893.12  2975  1557 .25 
 893.15  2980  1624 .25 
 893.2  2985  1691 0 
 893.23  2990  1759 .25 
 893.27  2995  1826 .25 
 893.3  3000  1894 0 
 893.33  3005  1962 0 
 893.36  3010  2029 0 
 893.39  3015  2097 0 
 893.42  3020  2165 0 
 893.45  3025  2233 1 
 893.48  3030  2301 .5 
 893.51  3035  2370 .5 
 893.54  3040  2438 1 
 893.57  3045  2507 1 
 893.6  3050  2575 1.5 
 893.63  3055  2644 2 
 893.66  3060  2713 1.5 
 893.69  3065  2782 1.5 
 893.71  3070  2851 2.5 
 893.75  3075  2920 3.5 
 893.78  3080  2989 4 
 893.81  3085  3058 4 
 893.83  3090  3128 4.5 
 893.86  3095  3197 4.5 
 893.89  3100  3267 3.5 
 893.92  3105  3337 7 
 893.95  3110  3407 10 
 893.98  3115  3477 10.5 
 894.01  3120  3547 9.5 
 894.04  3125  3617 13 
 894.07  3130  3687 11 
 894.1  3135  3757 11.5 
 894.13  3140  3828 17 
 894.16  3145  3899 17 
 894.19  3150  3969 22 
 894.22  3155  4040 17.5 
 894.25  3160  4111 17.5 
 894.28  3165  4182 26.5 
 894.31  3170  4253 30 
 894.34  3175  4324 31 
 894.37  3180  4396 28.5 
 894.4  3185  4467 37 
 894.43  3190  4539 42.5 
 894.46  3195  4610 39 
 894.49  3200  4682 41 
 894.52  3205  4754 57.5 
 894.54  3210  4826 64 
 894.58  3215  4898 58 
 894.61  3220  4970 59.5 
 894.64  3225  5042 50.5 
 894.67  3230  5115 58 
 894.7  3235  5187 87.5 
 894.73  3240  5260 116 
 894.76  3245  5333 98.5 
 894.79  3250  5406 75 
 894.82  3255  5479 107.5 
 894.85  3260  5552 150 
 894.88  3265  5625 185 
 894.91  3270  5698 172 
 894.94  3275  5771 140.5 
 894.97  3280  5845 109 
 895  3285  5919 147 
 895.03  3290  5992 221.5 
 895.06  3295  6066 257 
 895.09  3300  6140 244 
 895.12  3305  6214 168.5 
 895.15  3310  6288 159.5 
 895.19  3315  6362 180.5 
 895.22  3320  6437 237 
 895.24  3325  6511 242 
 895.27  3330  6586 235.5 
 895.3  3335  6661 192.5 
 895.34  3340  6735 187 
 895.37  3345  6810 242.5 
 895.4  3350  6885 248.5 
 895.43  3355  6961 284 
 895.46  3360  7036 201.5 
 895.49  3365  7111 227.5 
 895.52  3370  7187 178 
 895.55  3375  7262 205 
 895.58  3380  7338 222.5 
 895.61  3385  7414 269 
 895.64  3390  7490 261.5 
 895.67  3395  7566 256.5 
 895.7  3400  7642 278.5 
 895.73  3405  7718 245 
 895.77  3410  7794 250 
 895.8  3415  7871 233 
 895.83  3420  7947 274.5 
 895.86  3425  8024 262 
 895.89  3430  8101 275 
 895.92  3435  8178 244.5 
 895.95  3440  8255 182 
 895.98  3445  8332 185.5 
 896.01  3450  8409 244.5 
 896.04  3455  8487 268.5 
 896.07  3460  8564 238 
 896.1  3465  8642 253.5 
 896.13  3470  8719 279 
 896.16  3475  8797 218 
 896.19  3480  8875 257 
 896.23  3485  8953 259.5 
 896.26  3490  9031 251 
 896.29  3495  9109 239.5 
 896.32  3500  9188 290 
 896.55  3505  7401 293.5 
 896.58  3510  7481 265 
 896.61  3515  7562 242.5 
 896.64  3520  7642 280.5 
 896.67  3525  7722 215 
 896.7  3530  7803 269.5 
 896.74  3535  7884 296.5 
 896.77  3540  7965 297.5 
 896.8  3545  8046 302 
 896.83  3550  8127 306.5 
 896.86  3555  8208 274.5 
 896.89  3560  8289 288.5 
 896.92  3565  8371 246 
 896.95  3570  8452 200 
 896.98  3575  8534 246 
 897.02  3580  8616 202 
 897.05  3585  8698 166 
 897.08  3590  8780 228 
 897.11  3595  8863 285 
 897.14  3600  8945 308 
 897.18  3605  9028 260.5 
 897.21  3610  9110 219.5 
 897.24  3615  9193 259 
 897.27  3620  9276 218 
 897.3  3625  9359 285 
 897.33  3630  9442 270.5 
end
uxIntegration time is 0.2294 seconds per sampledt  2.7E-08 cy 1dh141018Sodankyla 67.3675-26.633 2.696889pr990dark .05 
 915.27  2900  561 0 
 915.31  2905  627 .25 
 915.35  2910  693 .25 
 915.39  2915  759 0 
 915.42  2920  825 0 
 915.46  2925  891 0 
 915.49  2930  957 0 
 915.54  2935  1023 0 
 915.57  2940  1090 0 
 915.61  2945  1156 0 
 915.65  2950  1223 0 
 915.69  2955  1289 0 
 915.72  2960  1356 0 
 915.76  2965  1423 .25 
 915.8  2970  1490 0 
 915.83  2975  1557 0 
 915.87  2980  1624 0 
 915.91  2985  1691 0 
 915.94  2990  1759 0 
 915.98  2995  1826 0 
 916.01  3000  1894 0 
 916.04  3005  1962 0 
 916.07  3010  2029 .5 
 916.1  3015  2097 0 
 916.13  3020  2165 .5 
 916.16  3025  2233 0 
 916.19  3030  2301 0 
 916.22  3035  2370 0 
 916.25  3040  2438 .5 
 916.28  3045  2507 .5 
 916.31  3050  2575 .5 
 916.34  3055  2644 1 
 916.37  3060  2713 .5 
 916.39  3065  2782 0 
 916.42  3070  2851 .5 
 916.46  3075  2920 .5 
 916.49  3080  2989 0 
 916.51  3085  3058 1 
 916.54  3090  3128 1 
 916.57  3095  3197 .5 
 916.61  3100  3267 1.5 
 916.63  3105  3337 1.5 
 916.66  3110  3407 1.5 
 916.69  3115  3477 3.5 
 916.73  3120  3547 3.5 
 916.76  3125  3617 3 
 916.78  3130  3687 2.5 
 916.81  3135  3757 2 
 916.84  3140  3828 3 
 916.88  3145  3899 3.5 
 916.9  3150  3969 5.5 
 916.93  3155  4040 3.5 
 916.96  3160  4111 2.5 
 916.99  3165  4182 5.5 
 917.03  3170  4253 6 
 917.05  3175  4324 5 
 917.08  3180  4396 4.5 
 917.11  3185  4467 6.5 
 917.14  3190  4539 9 
 917.18  3195  4610 5 
 917.2  3200  4682 6.5 
 917.23  3205  4754 9.5 
 917.26  3210  4826 11 
 917.29  3215  4898 11 
 917.32  3220  4970 10.5 
 917.35  3225  5042 6 
 917.38  3230  5115 11 
 917.41  3235  5187 12.5 
 917.45  3240  5260 15.5 
 917.48  3245  5333 15 
 917.51  3250  5406 10.5 
 917.53  3255  5479 17.5 
 917.56  3260  5552 22.5 
 917.6  3265  5625 26.5 
 917.63  3270  5698 22.5 
 917.66  3275  5771 20 
 917.68  3280  5845 14 
 917.71  3285  5919 26 
 917.75  3290  5992 29.5 
 917.78  3295  6066 34.5 
 917.81  3300  6140 36.5 
 917.84  3305  6214 22 
 917.87  3310  6288 20.5 
 917.9  3315  6362 25.5 
 917.93  3320  6437 33 
 917.96  3325  6511 37.5 
 917.99  3330  6586 30 
 918.02  3335  6661 28 
 918.05  3340  6735 28.5 
 918.08  3345  6810 33.5 
 918.11  3350  6885 36 
 918.14  3355  6961 43 
 918.18  3360  7036 28.5 
 918.2  3365  7111 32 
 918.23  3370  7187 26 
 918.26  3375  7262 31 
 918.29  3380  7338 35.5 
 918.33  3385  7414 37 
 918.36  3390  7490 39 
 918.39  3395  7566 36.5 
 918.42  3400  7642 39.5 
 918.45  3405  7718 33 
 918.48  3410  7794 38 
 918.51  3415  7871 38.5 
 918.54  3420  7947 47.5 
 918.57  3425  8024 36 
 918.6  3430  8101 44 
 918.63  3435  8178 37 
 918.66  3440  8255 27.5 
 918.69  3445  8332 30 
 918.72  3450  8409 36.5 
 918.76  3455  8487 39.5 
 918.79  3460  8564 32.5 
 918.82  3465  8642 38 
 918.85  3470  8719 40.5 
 918.87  3475  8797 32 
 918.91  3480  8875 34 
 918.94  3485  8953 36 
 918.97  3490  9031 32.5 
 919  3495  9109 36 
 919.03  3500  9188 41.5 
 919.26  3505  7401 34 
 919.29  3510  7481 30.5 
 919.32  3515  7562 29.5 
 919.35  3520  7642 33.5 
 919.39  3525  7722 28.5 
 919.42  3530  7803 36 
 919.45  3535  7884 37.5 
 919.48  3540  7965 36.5 
 919.51  3545  8046 38.5 
 919.54  3550  8127 33.5 
 919.57  3555  8208 31.5 
 919.6  3560  8289 29 
 919.63  3565  8371 30.5 
 919.66  3570  8452 25.5 
 919.7  3575  8534 26.5 
 919.73  3580  8616 26 
 919.76  3585  8698 17 
 919.79  3590  8780 30.5 
 919.82  3595  8863 36 
 919.86  3600  8945 35.5 
 919.89  3605  9028 31.5 
 919.92  3610  9110 29 
 919.95  3615  9193 33.5 
 919.98  3620  9276 23.5 
 920.01  3625  9359 33.5 
 920.04  3630  9442 34 
end
