version=2dh010119A Coruna 43.33  8.41  2.6pr1000
inst 0 -.4009 -1.0721 -1.9735 -3.417  0  .3365  2.35  1.1322  2950  2790  4.1E-08 162741688 0  5000  10000  15000  20000  25000 2972mkiv1 0  0  0  0  0  0  0  2579  0  240 -3  650  595  5252  176  2700  0  0  3469  75  .2  64  256  0 64 56 
disp 2811.3  .0708562 -4.30371E-07  2850.82  .070478 -4.75487E-07  2887.92  .0698651 -4.986331E-07  2923.36  .06928 -5.28082E-07  2957.81  .0689105 -6.02449E-07  2767.25  .0722084 -4.94575E-07  4216.95  .106284 -6.45556E-07  4276.23  .105717 -7.13231E-07  4331.87  .104798 -7.479501E-07  4385.05  .10392 -7.92124E-07  4436.71  .103366 -9.03674E-07  4150.88  .108313 -7.41862E-07 
zeni-.158066  .174348 -.036173  .774254 -.644936  .196861 -.996887  1.441229 -.328908 
co00:38:16re: Zenith discrepancy = -1
co00:39:35re: Azimuth discrepancy = -5
co00:39:49re: Found diode at step -239 Moving filterwheel #3 to o3 position at  240
hgscan 0narrow 302warm= 4.99366500:46:08JAN 01/19 339 348 378 407 4122 11140 18354 25565 30810 32359 33125 29019 22218 15322 8354 4251 2970 1841 1486 1298 1310 1507 1873 3003 4242 8123 15400 22308 29586 34001 33488 32193 26825 19462 11945 4983 511 382 377 346
hg00:47:27 .995 159.0368 159 67126 9-3
hgscan 0narrow 302warm= 4.99366500:47:27JAN 01/19 341 386 359 404 2834 9711 17051 24657 31628 34157 35133 32715 25877 18479 11183 5214 3640 2294 1642 1476 1461 1639 2330 3658 5291 11162 18396 26196 33244 35886 34766 32781 25926 18000 10213 2677 391 372 361 358
hg00:48:46 .9984 161.7201 162 71019 9 0
co00:48:48hl: HL is done on extended range Brewers only. Skipping.
co00:48:48tf: Illegal command (tf) in schedule skd_jan, ignoring
rso3JAN 01/1900:58:11 8 151884 7 1295165 1261839 1239647 1042507 783916 2242892 151922 7 1294289 1260700 1240562 1041412 784005 2242142 .9997 1 1.0007 1.0009 .9993 1.0011 .9999 1.0003-.0942-.0829-.0752-.1238 .3019 .1652-.0703-9.440001E-02-.083-.076-.1233 .3002 .1646-.0699
co07:11:02uf: UV fast  scan started
co07:14:00uf: UV fast  scan finished, incident DUV = -1.955108E-04 mW/m^2
hgscan 0narrow 302warm= 4.99365307:19:08JAN 01/19 345 359 317 350 1741 7296 14370 20175 26267 28229 29198 27843 22412 16079 9859 4523 2993 2109 1394 1258 1301 1437 2098 3138 4636 10092 16533 22991 28906 30579 29697 27745 21368 15114 7893 1984 373 357 374 328
hg07:20:26 .9984 162.4198 162 59777 7 0
sla 0 445.80620 101494 3 865863 844172 829874 697905 524053rat-977.9766-861.4062-780.1563-1282.547
sla 0 446.450620 101777 1 865766 843288 829770 697331 524520rat-981.1368-860.3711-783.2578-1274.934
sla 0 447.10620 101753 3 865806 843562 829264 697683 524450rat-979.1094-859.5859-778.2813-1277.766
sla 0 447.740620 101809 1 865375 843697 829293 697714 524438rat-976.6641-860.0899-778.2227-1278.082
sla 0 448.390620 101299 4 866105 843566 829571 696947 523499rat-985.3516-864.3008-784.6328-1281.121
sla 0 449.040620 101316 6 864913 842480 828166 697338 523878rat-976.6797-856.0274-774.5469-1280.41
sla 0 449.690620 101768 3 865531 842379 828935 696621 524399rat-984.4649-860.0742-783.2852-1271.426
summary07:27:44JAN 01/19 96.967 6.824 7sl 0-980-860-780-1278 3110 1703 865622.8 524176.7 4 2 4 4 14 6 446.9 353.3
hgscan 0narrow 302warm= 4.99365307:35:09JAN 01/19 427 400 417 430 2843 11371 22704 32698 42629 46678 48232 46564 37623 27309 17283 8201 5281 3559 2414 2100 2111 2390 3588 5339 8210 17029 27635 37595 46394 48627 46790 42806 32739 22324 11211 2375 424 404 411 422
hg07:36:28 .9978 163.2853 163 96859 8 1
co07:50:30uf: UV fast  scan started
co07:53:26uf: UV fast  scan finished, incident DUV =  4.469023E-02 mW/m^2
hgscan 0narrow 302warm= 469.839907:54:57JAN 01/19 358 343 375 377 2302 9240 16585 24076 31426 33441 34566 32612 26129 18871 11694 5316 3566 2430 1653 1485 1520 1661 2475 3613 5397 11709 19296 26406 33676 36065 34768 33098 25253 17686 9433 2439 401 410 358 386
hg07:56:15 .9984 162.1985 162 70631 8 0
dsa0 476.80620 1 2 1 0 0 4 1rat-11433.45-7038.836-3344.68-3173.367
dsa0 477.450620 0 1 0 1 2 0 2rat-11693.31-7198.75-3420.633-3245.352
dsa0 478.10620 3 1 3 0 1 4 3rat-10794.33-6197.352-2333.211-4484.352
dsa0 478.750620 1 0 2 0 1 3 1rat-11065.12-6363.985-2412.367-4559.328
dsa0 479.40620 1 3 3 1 0 3 0rat-12504.38-7697.867-3657.719-3469.945
summary07:58:05JAN 01/19 92.082 11.054 8ds 0-11498-6899-3034-3786 619 1055 14.3-51.1 659 618 615 681 2667 1404 7.1 37.9
summary07:58:05JAN 01/19 91.877 11.225 8aode 0 0 0 0 6 21 27 55 0 0 0 0 11 29 37 38.9 0
zsa0 480.280620 1 1 189 387 894 1425 1387rat 8777.926 5656.809 2019.457-129.0234
zsa0 480.930620 7 1 191 402 928 1491 1472rat 8928.738 5688.004 2053.941-67.28321
zsa0 481.580620 6 3 205 432 1003 1592 1601rat 8942.151 5674.266 2004.121 12.98438
zsa0 482.230620 7 1 211 460 1027 1671 1698rat 8989.41 5596.645 2108.582 58.10938
zsa0 482.880620 7 0 216 496 1103 1778 1848rat 9139.234 5532.121 2066.457 156.1641
zsa0 483.530620 8 4 250 520 1167 1882 1858rat 8812.071 5598.088 2074.059-67.41211
zsa0 484.170620 3 0 260 580 1276 1962 2024rat 8761.732 5280.342 1861.379 123.5781
summary08:02:13JAN 01/19 91.436 11.545 8zs 0 8907 5575 2027 12 8867 4541-86.3 249.4 135 141 81 106 293 276 .8 3.7
um010119A Coruna 43.33 8.41 2.37pr10000 485.481640 1 2740 4760 10521 16089 15589rat 7674.348 5278.164 1838.086-148.7031
um010119A Coruna 43.33 8.41 2.35pr10000 486.811640 2 17161 18907 21097 22732 13962rat 1205.719 787.9453 317.1133-2129.371
um010119A Coruna 43.33 8.41 2.35pr10000 488.141640 3 3135 5672 12826 19995 19478rat 8035.865 5462.028 1922.012-125.375
um010119A Coruna 43.33 8.41 2.35pr10000 489.461640 0 20786 23693 26826 28371 17600rat 1335.84 770.3321 236.0938-2086.004
um010119A Coruna 43.33 8.41 2.35pr10000 490.81640 2 3642 6749 15138 24326 23955rat 8235.153 5558.024 2053.738-78.32031
um010119A Coruna 43.33 8.41 2.35pr10000 492.121640 0 25313 28968 33323 35190 21684rat 1415.734 832.9102 229.6875-2115.395
um010119A Coruna 43.33 8.41 2.35pr10000 493.461640 0 4269 7897 18106 29387 29009rat 8364.451 5696.02 2096.992-67.79688
um010119A Coruna 43.33 8.41 2.35pr10000 494.781640 1 30122 35042 40768 43004 26312rat 1531.504 877.2539 224.8594-2146.457
um010119A Coruna 43.33 8.41 2.35pr10000 496.121640 2 5044 9177 20963 34978 34788rat 8398.211 5801.067 2217.461-35.21875
um010119A Coruna 43.33 8.41 2.37pr10000 497.441640 5 35909 42173 49376 51620 31388rat 1561.766 866.0821 186.0039-2173.938
um010119A Coruna 43.33 8.41 2.37pr10000 498.781640 1 5578 10417 24257 41031 41716rat 8653.972 5943.801 2276.914 60.41407
um010119A Coruna 43.33 8.41 2.35pr10000 500.11640 0 42233 50161 59101 61259 36705rat 1600.867 856.3203 148.7109-2237.902
co08:21:39uf: UV fast  scan started
co08:24:36uf: UV fast  scan finished, incident DUV =  .641463 mW/m^2
hgscan 0narrow 302warm= 36.0733108:26:01JAN 01/19 341 329 363 357 1375 7010 14537 21502 27567 29847 31208 30148 24492 17834 10111 4656 3259 2266 1485 1343 1362 1499 2339 3325 4828 10370 18416 25202 31204 32655 31459 29398 23420 16056 7992 1784 361 373 344 366
hg08:27:20 .9984 162.8317 163 63863 8 1
dsa0 507.880620 2 2 5 12 32 78 81rat 3048.789 2043.344 822.4141-2881.914
dsa0 508.530620 1 0 6 18 34 85 82rat 754.9063 118.4375 832.2344-3142.305
dsa0 509.190620 2 2 4 10 46 86 92rat 5102.391 3726.281-273.625-2624.789
dsa0 509.840620 1 1 8 16 47 83 93rat 369.5625 1025.07-507.9375-2364.625
dsa0 510.490620 3 1 5 22 41 95 113rat 3603.531 286.4375 753.6875-2045.172
summary08:29:11JAN 01/19 87.109 10.534 8ds 0 2576 1440 325-2612 10933 5717-4.1 77.8 1990 1487 660 429 2121 1839 17.7 51.6
summary08:29:11JAN 01/19 86.926 10.352 8aode 0 0 0 0 0 0 0 0 0 0 0 0 0 0 0 0 0
zsa0 511.360620 29 3 962 2319 6141 12873 14142rat 11263.66 7437.461 3209.352 397.0469
zsa0 512.010620 30 3 969 2390 6300 13370 14705rat 11396.71 7470.942 3262.887 402.086
zsa0 512.660620 34 2 1023 2473 6560 13794 15113rat 11292.21 7456.719 3222.469 385.3164
zsa0 513.310620 26 0 1067 2554 6779 14519 15752rat 11324.02 7536.434 3301.699 342.6406
zsa0 513.96010620 32 0 1116 2651 6932 14975 16221rat 11263.39 7508.903 3339.121 335.7539
zsa0 514.60620 34 1 1071 2667 7157 15637 17050rat 11633.89 7672.086 3388.66 364.4024
zsa0 515.250620 34 0 1094 2735 7600 16042 17579rat 11648.95 7672.5 3238.547 386.0508
summary08:33:18JAN 01/19 86.528 9.951999 8zs 0 11403 7536 3280 373 10209 5262-76 244.3 169 98 66 26 177 97 1.3 .7
um010119A Coruna 43.33 8.41 2.37pr10000 516.561640 3 10427 21381 55626 111321 115686rat 10277.37 7160.399 3010.238 155.8359
um010119A Coruna 43.33 8.41 2.37pr10000 517.891640 1 112729 137419 146364 142072 81590rat 991.2383 132.4063-136.7969-2425.004
um010119A Coruna 43.33 8.41 2.37pr10000 519.221640 0 11263 23424 62043 126920 131576rat 10511.97 7334.16 3106.215 145.2813
um010119A Coruna 43.33 8.41 2.37pr10000 520.541640 1 127476 154613 162610 155874 89577rat 859.8789 22.78516-191.4766-2422.504
um010119A Coruna 43.33 8.41 2.37pr10000 521.881640 1 12260 25778 69763 143588 148117rat 10681.04 7455.414 3133.504 123.6758
um010119A Coruna 43.33 8.41 2.37pr10000 523.21640 2 144478 174515 179077 170339 97295rat 701.3594-118.0938-225.1524-2449.52
um010119A Coruna 43.33 8.41 2.37pr10000 524.541640 2 13051 28295 77991 162104 166392rat 10937.93 7578.934 3176.895 102.1758
um010119A Coruna 43.33 8.41 2.37pr10000 525.861640 4 162314 193557 195724 185361 105608rat 562.6524-201.1289-244.2813-2461.055
um010119A Coruna 43.33 8.41 2.37pr10000 527.21640 3 13919 31115 87206 181610 185639rat 11153.45 7661.192 3186.164 84.0625
um010119A Coruna 43.33 8.41 2.37pr10000 528.521640 3 181593 215491 213290 200815 113822rat 422.6875-320.0664-269.9414-2484.082
um010119A Coruna 43.33 8.41 2.37pr10000 529.861640 4 15000 34409 97738 203102 206442rat 11316.17 7711.407 3177.606 59.55469
um010119A Coruna 43.33 8.41 2.39pr10000 531.181640 3 202610 239631 231498 216120 121746rat 263.6445-464.4727-307.836-2512.817
um010119A Coruna 43.33 8.41 2.39pr10000 532.521640 4 15957 37576 109265 225112 228288rat 11494.03 7775.739 3140.188 48.10157
um010119A Coruna 43.33 8.41 2.39pr10000 533.841640 1 224771 263396 249977 231479 130518rat 110.4805-577.625-343.4492-2509.313
co08:55:23uf: UV fast  scan started
co08:58:20uf: UV fast  scan finished, incident DUV =  2.604982 mW/m^2
hgscan 0narrow 302warm= 503.582408:59:46JAN 01/19 333 368 340 390 2573 8241 15234 22292 27792 30040 31274 28825 22899 16427 9776 4426 3084 2153 1459 1356 1321 1464 2202 3237 4531 9940 16723 23447 29862 32534 31654 29880 23861 16512 9103 2998 389 368 349 360
hg09:01:05 .9985 161.5421 162 63808 9 0
dsa0 541.630620 25 2 211 794 4593 16812 22839rat 14200.93 10279.47 4216.188-21.125
dsa0 542.290620 24 1 250 901 5027 18483 25069rat 13905.72 10169.12 4250.594-13.28906
dsa0 542.940620 28 0 263 999 5652 20419 27315rat 14152.65 10180.63 4188.867-59.07813
dsa0 543.590620 26 1 280 1141 6333 22441 30045rat 14357.05 10048.61 4120.391-41.24219
dsa0 544.240620 37 0 308 1297 6950 24590 32603rat 14374.68 9916.324 4127.977-69.85156
summary09:02:56JAN 01/19 82.433 6.511 9ds 0 14198 10119 4181-41 14329 8098-33.3 234.9 190 140 56 24 248 98 2.4 2.8
summary09:02:56JAN 01/19 82.259 6.404 9aode 0 0 0 381 250 234 167 131.9 0 0 0 18 9 7 4 2.2 0
zsa0 545.110620 64 3 2730 9168 29189 60001 60300rat 13415.66 8153.797 3126.305 8.648438
zsa0 545.760620 83 0 2813 9408 30210 61081 61648rat 13358.67 8117.981 3054.25 27.22656
zsa0 546.410620 72 3 2797 9720 30808 62496 62876rat 13487.57 8077.051 3068.922 13.39844
zsa0 547.060620 82 2 2916 9843 31722 63678 63841rat 13386.56 8103.594 3023.293-1.863281
zsa0 547.70620 79 1 2918 10236 32442 65026 65454rat 13473.34 8024.301 3016.824 15.56641
zsa0 548.350620 83 0 2992 10429 33274 66553 66438rat 13464.19 8043.84 3007.699-20.52344
zsa0 5490620 78 0 3139 10800 33912 67847 67564rat 13339.7 7975.801 3008.949-31.19141
summary09:07:03JAN 01/19 81.885 6.184 9zs 0 13418 8071 3044 2 13413 6546-49.8 268.9 59 61 43 21 78 38 1.5 2.1
um010119A Coruna 43.33 8.41 2.41pr10000 550.311640 4 24585 70302 210274 405220 395339rat 12182.89 7619.5 2856.281-120.9805
um010119A Coruna 43.33 8.41 2.43pr10000 551.641640 2 398870 445491 380805 340676 187765rat-707.2422-1187.383-494.8828-2612.258
um010119A Coruna 43.33 8.41 2.43pr10000 552.971640 1 26038 76552 228449 435049 422515rat 12243.71 7559.793 2805.613-140.9414
um010119A Coruna 43.33 8.41 2.41pr10000 554.31640 2 427353 474636 400819 356478 196815rat-810.8906-1266.746-520.7657-2605.277
um010119A Coruna 43.33 8.41 2.41pr10000 555.631640 3 27948 82866 248268 465665 448401rat 12234.18 7512.961 2740.531-178.4258
um010119A Coruna 43.33 8.41 2.43pr10000 556.961640 3 456039 502406 419779 372670 205222rat-901.1133-1321.699-528.793-2617.156
um010119A Coruna 43.33 8.41 2.43pr10000 558.291640 3 29856 90151 267934 497245 476647rat 12234.66 7433.899 2695.379-198.3594
um010119A Coruna 43.33 8.41 2.43pr10000 559.621640 5 487151 533614 439904 389756 213990rat-994.1602-1389.859-537.7149-2630.824
um010119A Coruna 43.33 8.41 2.43pr10000 560.951640 4 31834 98410 290452 528932 505744rat 12226.82 7323.399 2613.957-209.5195
um010119A Coruna 43.33 8.41 2.43pr10000 562.281640 2 516625 561794 459509 405795 222220rat-1075.199-1439.191-552.2266-2642.656
um010119A Coruna 43.33 8.41 2.43pr10000 563.611640 1 33836 105760 312092 560942 534452rat 12219.1 7267.602 2557.86-225.1797
um010119A Coruna 43.33 8.41 2.43pr10000 564.941640 5 547701 591952 480171 422907 231661rat-1150.621-1487.945-564.1524-2641.977
co09:26:30uf: UV fast  scan started
co09:29:27uf: UV fast  scan finished, incident DUV =  5.710463 mW/m^2
hgscan 0narrow 302warm= 67.1804709:30:52JAN 01/19 376 343 347 358 2738 9273 16413 23274 29752 31740 32806 30526 24253 17393 10388 4916 3323 2199 1555 1381 1411 1590 2236 3382 5075 10843 18041 25001 31979 34408 33437 31498 24519 17334 9920 2957 379 396 382 382
hg09:32:11 .9982 161.6691 162 67214 10 0
dsa0 572.750620 259 1 5738 34778 147084 351824 396943rat 14703.43 8110.571 2873.344-371.4844
dsa0 573.40620 279 2 6086 36870 155127 367208 413501rat 14657.82 8058.008 2835.391-373.8125
dsa0 574.050620 287 1 6521 39195 162916 383345 430376rat 14567.71 7994.344 2816.922-380.875
dsa0 574.710620 299 0 6842 40992 170001 397297 445061rat 14536.33 7969.391 2794.406-384.6094
dsa0 575.360620 314 1 7169 42882 176984 412167 459617rat 14516.61 7948.024 2786.461-398.7813
summary09:34:03JAN 01/19 78.449 4.653 10ds 0 14596 8016 2821-382 15818 7255-11.8 274.9 81 67 35 11 53 35 .4 1.1
summary09:34:03JAN 01/19 78.291 4.6 10aode 0 0 0 159 115 115 95 88 0 0 0 5 3 2 1 .8 0
zsa0 576.220620 146 1 7152 27152 78317 133472 125730rat 12710.17 6916.887 2314.977-275.1602
zsa0 576.870620 148 1 7377 27581 79356 135155 126804rat 12630.28 6903.414 2312.262-292.7422
zsa0 577.510620 143 1 7443 28193 80935 136695 128388rat 12641.03 6857.453 2275.891-288.0235
zsa0 578.160620 141 1 7553 28700 82213 138596 130415rat 12637.57 6840.242 2267.934-279.9531
zsa0 578.810620 149 0 7781 29264 83352 140224 131657rat 12558.81 6806.5 2258.953-289.5703
zsa0 579.460620 157 2 7889 29754 84851 141786 133227rat 12548.31 6782.883 2229.699-286.1953
zsa0 580.110620 168 2 8000 30144 85782 143311 134849rat 12534.31 6772.969 2228.867-280.082
summary09:38:09JAN 01/19 77.954 4.489 10zs 0 12609 6840 2270-285 13519 6189-30 281.5 64 57 35 6 59 40 1.2 1.5
um010119A Coruna 43.33 8.41 2.49pr10000 581.421640 2 53837 173200 479598 792403 734277rat 11717.28 6637.211 2196.535-349.9453
um010119A Coruna 43.33 8.41 2.47pr10000 582.741640 5 766844 801536 611619 528114 286291rat-1658.512-1849.43-653.1641-2692.727
um010119A Coruna 43.33 8.41 2.47pr10000 584.081640 2 57348 183274 505797 826049 763522rat 11625.91 6574.172 2146.758-361.2735
um010119A Coruna 43.33 8.41 2.49pr10000 585.41640 7 799146 832596 629900 542293 294163rat-1724.106-1900.852-666.3477-2690.492
um010119A Coruna 43.33 8.41 2.49pr10000 586.741640 1 61209 195125 532174 859468 791692rat 11517.48 6476.024 2098.809-376.5938
um010119A Coruna 43.33 8.41 2.49pr10000 588.061640 7 833978 863806 648688 556919 301659rat-1795.43-1946.43-678.7383-2697.363
um010119A Coruna 43.33 8.41 2.49pr10000 589.41640 2 65063 207045 559213 894727 821204rat 11429.49 6395.028 2058.875-392.7266
um010119A Coruna 43.33 8.41 2.49pr10000 590.721640 2 864963 893114 667096 571787 308676rat-1840.727-1978.07-686.1172-2712.516
um010119A Coruna 43.33 8.41 2.49pr10000 592.061640 2 69410 218804 585771 928367 848948rat 11311.25 6317.188 2018.25-409.1953
um010119A Coruna 43.33 8.41 2.49pr10000 593.381640 2 897358 923249 685266 586020 315179rat-1895.102-2016.699-696.3672-2729.367
um010119A Coruna 43.33 8.41 2.49pr10000 594.721640 3 73570 230636 613187 961855 878719rat 11214.78 6244.141 1974.016-413.711
um010119A Coruna 43.33 8.41 2.5pr10000 596.041640 4 931704 954899 702654 599989 323447rat-1959.543-2063.789-704.0665-2721.133
um010119A Coruna 43.33 8.41 2.5pr10000 597.381640 3 78056 243418 642305 997467 907919rat 11116.15 6168.071 1930.07-431.5938
um010119A Coruna 43.33 8.41 2.5pr10000 598.71640 2 961829 982215 720831 614362 330850rat-1996.199-2084.52-712.4688-2726.211
co10:00:15uf: UV fast  scan started
co10:03:13uf: UV fast  scan finished, incident DUV =  10.32587 mW/m^2
hgscan 0narrow 302warm= 537.335910:04:38JAN 01/19 343 342 396 381 1916 8543 16279 24426 31592 33357 34621 33001 26698 19950 12366 5043 3618 2507 1691 1491 1523 1709 2467 3648 5190 12296 20038 27172 34096 36418 35184 33427 26191 17552 9539 2454 375 383 372 372
hg10:05:56 .9979 162.4833 162 71039 11 0
dsa0 606.510620 1232 2 56186 258827 841349 1528421 1560668rat 12143.72 6414.508 1991.016-590.6953
dsa0 607.160620 1243 7 58115 266782 861334 1559625 1590154rat 12100.67 6381.391 1982-594.625
dsa0 607.810620 1224 1 59922 272994 879407 1584259 1614063rat 12049.62 6359.063 1964.188-595.1563
dsa0 608.460620 1240 4 62120 280319 899287 1612995 1641143rat 11986.4 6332.375 1949.938-598.3985
dsa0 609.110620 1287 4 63989 287163 917664 1641670 1667537rat 11949.21 6314.422 1943.602-603.1875
summary10:07:48JAN 01/19 74.62 3.621 11ds 0 12046 6360 1966-596 13954 6391-4.3 282.4 80 40 20 5 66 22 .2 .3
summary10:07:48JAN 01/19 74.485 3.593 11aode 0 0 0 81 69 77 73 75 0 0 0 2 1 1 1 .5 0
zsa0 609.970620 281 1 17937 59692 152183 227042 204737rat 11034.83 5810.907 1739.277-468.4922
zsa0 610.620620 283 2 18269 60489 153569 228802 206345rat 10989.15 5787.047 1733.512-468.086
zsa0 611.270620 299 2 18609 61147 155338 230586 207558rat 10943.02 5773.961 1717.504-476.4532
zsa0 611.920620 295 2 18951 61914 156764 232739 208761rat 10904.57 5760.407 1718.285-491.8594
zsa0 612.560620 298 2 19204 62469 158546 234257 210833rat 10875.41 5750.039 1697.402-477.1172
zsa0 613.210620 327 0 19311 62915 160315 235761 212224rat 10878.88 5747.008 1676.941-476.375
zsa0 613.860620 307 1 19688 63783 161229 237625 213829rat 10829.55 5721.91 1686.613-477.8985
summary10:11:54JAN 01/19 74.195 3.534 11zs 0 10922 5764 1710-477 12447 5720-18.5 284.7 72 29 24 8 61 16 .4 1.3
um010119A Coruna 43.33 8.41 2.54pr10000 615.171640 5 113442 331683 831060 1217687 1090454rat 10373.91 5701.617 1680.281-505.4688
um010119A Coruna 43.33 8.41 2.56pr10000 616.51640 3 1178110 1177063 832336 701224 375279rat-2313.32-2304.961-764.8086-2756.711
um010119A Coruna 43.33 8.41 2.56pr10000 617.831640 5 119955 345297 861118 1250866 1119259rat 10250.39 5645.301 1643.024-509.3516
um010119A Coruna 43.33 8.41 2.56pr10000 619.151640 4 1203515 1201326 848107 713252 381937rat-2333.223-2320.731-772.7735-2754.633
um010119A Coruna 43.33 8.41 2.56pr10000 620.491640 4 125378 358998 886464 1281783 1143431rat 10166.45 5583.766 1623.543-523.1485
um010119A Coruna 43.33 8.41 2.56pr10000 621.811640 5 1235416 1228044 862470 726223 387930rat-2370.125-2339.121-767.543-2765.867
um010119A Coruna 43.33 8.41 2.56pr10000 623.151640 5 131601 371835 914115 1311741 1168967rat 10058.39 5532.961 1590.723-527.9453
um010119A Coruna 43.33 8.41 2.56pr10000 624.471640 6 1263904 1254264 877814 737614 393605rat-2402.949-2364.504-776.8633-2770.844
um010119A Coruna 43.33 8.41 2.56pr10000 625.811640 7 137901 385684 940868 1343424 1192777rat 9961.098 5479.305 1569.527-544.6797
um010119A Coruna 43.33 8.41 2.58pr10000 627.131640 8 1291751 1280511 891253 747893 399926rat-2440.926-2397.238-783.9063-2763.535
co10:28:41uf: UV fast  scan started
co10:31:39uf: UV fast  scan finished, incident DUV =  14.8183 mW/m^2
hgscan 0narrow 302warm= 95.6207710:33:04JAN 01/19 369 346 401 401 2155 9020 17665 26036 33097 35396 36960 35303 28422 20940 11994 5434 3906 2719 1744 1639 1646 1785 2716 3968 5543 12328 21616 29311 36627 38501 37272 35105 27911 19225 9764 2448 390 386 392 381
hg10:34:23 .9983 162.4585 162 75461 12 0
dsa64 6350620 1231 0 75264 276717 790389 1269915 1233540rat 10379.02 5491.602 1525.578-721.3828
dsa64 635.650620 1193 8 76833 280727 799403 1283356 1244380rat 10344.04 5480.555 1524.742-727.7735
dsa64 636.30620 1199 1 78434 285307 810095 1297376 1257562rat 10309.86 5463 1516.742-727.5781
dsa64 636.950620 1328 1 79789 289404 820548 1309530 1267764rat 10284.25 5446.953 1503.789-731.5469
dsa64 637.610620 1247 3 81943 295407 834836 1330700 1287570rat 10247.37 5433.696 1501.43-732.5156
summary10:36:18JAN 01/19 71.864 3.122 12ds 1 10313 5463 1514-728 12643 5944-2.7 285 51 24 11 4 38 12 .1 .4
summary10:36:18JAN 01/19 71.75 3.104 12aode 1 0 0 65 60 70 69 74.5 0 0 0 1 0 0 1 .6 0
zsa0 638.470620 492 1 32242 92784 220744 305839 269558rat 9790.141 5194.914 1418.695-571.4805
zsa0 639.110620 510 0 32471 93551 222689 308436 270989rat 9796.379 5196.137 1417.41-585.3906
zsa0 639.760620 505 2 32865 94375 223866 309875 272792rat 9764.621 5178.438 1414.789-576.754
zsa0 640.410620 586 1 33353 95055 224978 311098 274072rat 9717.719 5164.418 1410.399-573.5235
zsa0 641.060620 564 3 33665 95698 226890 313141 274897rat 9706.207 5163.852 1402.102-589.086
zsa0 641.710620 543 3 34028 96706 228486 314355 276666rat 9676.562 5135.184 1388.402-577.9453
zsa0 642.360620 542 3 34281 97650 230426 315916 278025rat 9666.118 5114.606 1373.133-578.2149
summary10:40:24JAN 01/19 71.50701 3.066 12zs 0 9731 5164 1404-579 11584 5446-14.4 287.1 53 30 17 6 55 25 .7 2.1
um010119A Coruna 43.33 8.41 2.62pr10000 643.671640 4 181241 476248 1119354 1533144 1349581rat 9357.957 5143.774 1389.074-586.1953
um010119A Coruna 43.33 8.41 2.62pr10000 644.991640 5 1471215 1437678 981538 818369 436279rat-2623.82-2516.117-813.4922-2779.527
um010119A Coruna 43.33 8.41 2.62pr10000 646.331640 3 188103 489265 1143858 1561420 1369824rat 9277.703 5107.324 1374.731-601.5703
um010119A Coruna 43.33 8.41 2.62pr10000 647.651640 6 1498529 1461379 993735 828005 440176rat-2654.344-2537.457-816.5-2792.223
um010119A Coruna 43.33 8.41 2.62pr10000 648.991640 5 194819 501900 1169222 1587396 1392117rat 9198.641 5069.391 1351.227-603.4297
um010119A Coruna 43.33 8.41 2.64pr10000 650.311640 3 1529115 1487275 1006520 835405 444660rat-2707.34-2578.203-834.7188-2788.516
um010119A Coruna 43.33 8.41 2.64pr10000 651.651640 11 201620 514668 1193112 1610910 1410722rat 9113.019 5023.535 1326.34-611.4961
um010119A Coruna 43.33 8.41 2.66pr10000 652.971640 6 1548200 1504432 1017559 845829 450075rat-2708.082-2574.735-828.2813-2790.223
um010119A Coruna 43.33 8.41 2.66pr10000 654.311640 5 208717 527407 1215610 1633857 1432013rat 9025.422 4979.625 1306.699-608.0156
um010119A Coruna 43.33 8.41 2.64pr10000 655.631640 5 1571811 1525457 1028865 853949 454533rat-2733.613-2594.594-835.0391-2789.203
um010119A Coruna 43.33 8.41 2.64pr10000 656.961640 5 215158 540383 1238990 1659283 1451338rat 8962.09 4942.207 1291.227-617.3828
um010119A Coruna 43.33 8.41 2.66pr10000 658.291640 8 1594830 1546328 1039024 862136 458022rat-2756.563-2613.235-836.4375-2797.828
um010119A Coruna 43.33 8.41 2.66pr10000 659.621640 11 222590 553328 1262673 1683130 1470530rat 8878.062 4902.34 1271.024-622.6993
um010119A Coruna 43.33 8.41 2.66pr10000 660.951640 3 1620553 1566644 1051268 869742 461697rat-2789.399-2632.82-849.5352-2801.563
um010119A Coruna 43.33 8.41 2.66pr10000 662.281640 3 228965 565085 1285132 1707091 1488933rat 8818.16 4873.43 1255.992-630.5469
um010119A Coruna 43.33 8.41 2.66pr10000 663.611640 8 1645170 1586390 1060926 877439 465691rat-2818.047-2649.977-851.1602-2802.738
co11:05:09uf: UV fast  scan started
co11:08:06uf: UV fast  scan finished, incident DUV =  20.60746 mW/m^2
hgscan 0narrow 302warm= 573.801911:09:32JAN 01/19 358 347 352 398 2470 9608 17579 26017 33961 36773 38479 36780 28714 20847 12711 5868 4058 2872 1912 1627 1680 1880 2871 4139 5982 12723 21314 29434 37858 40100 38721 36637 28212 19204 10826 3059 404 398 369 402
hg11:10:51 .9986 162.4025 162 78579 13 0
dsa128 671.480620 765 2 53417 160098 415185 610704 568164rat 8846.024 4758.789 1169.602-838.2031
dsa128 672.130620 796 6 54112 161632 419044 614354 571869rat 8819.75 4745.672 1156.25-834.9688
dsa128 672.780620 792 2 54832 163577 422890 618122 574940rat 8792.946 4722.86 1144.227-837.3047
dsa128 673.430620 807 6 55803 165185 426668 622150 579291rat 8748.914 4711.039 1134.813-831.8438
dsa128 674.080620 801 1 56624 167167 430821 627732 583950rat 8727.922 4700.524 1132.703-835.1172
summary11:12:46JAN 01/19 69.071 2.741 14ds 2 8787 4728 1148-835 11461 5574-2.2 284.5 49 24 16 3 55 19 .2 1.3
summary11:12:46JAN 01/19 68.988 2.731 14aode 2 0 0 64 60 69 73 78.3 0 0 0 2 2 1 1 .5 0
dsa128 674.810620 819 0 57460 169246 435288 633995 589147rat 8712.039 4692.992 1132.445-838.8516
dsa128 675.470620 833 4 58138 170745 439648 639693 593844rat 8704.258 4696.289 1129.195-842.4922
dsa128 676.120620 821 4 59051 173043 443834 644426 598326rat 8672.438 4672.633 1121.094-841.0156
dsa128 676.770620 849 3 59817 175058 447761 649012 603128rat 8651.024 4655.532 1114.688-836.1797
dsa128 677.420620 871 1 60355 175871 450422 654616 607238rat 8653.383 4675.469 1127.703-843.375
summary11:16:07JAN 01/19 68.86 2.715 14ds 2 8679 4679 1125-840 11368 5545-2.1 284 28 17 7 3 31 16 .4 1.5
summary11:16:07JAN 01/19 68.78 2.706 14aode 2 0 0 61 58 67 70 75.6 0 0 0 2 1 1 1 1.1 0
zsa0 678.30620 873 5 54746 138538 308540 400747 346565rat 8672.496 4632.606 1137.668-659.7188
zsa0 678.940620 912 3 55162 139378 309154 402215 347438rat 8655.528 4622.293 1145.043-664.7578
zsa0 679.590620 914 2 55938 140112 310443 402957 348234rat 8602.801 4607.473 1134.895-662.8203
zsa0 680.240620 918 1 56023 140380 312280 404067 349309rat 8608.246 4611.235 1121.098-661.3828
zsa0 680.890620 945 2 56401 140955 312723 405469 350249rat 8594.321 4608.684 1130.149-664.8399
zsa0 681.540620 954 2 56678 141614 313955 406893 351820rat 8588.449 4603.774 1128.324-660.5977
zsa0 682.190620 935 5 56819 141958 315921 407928 352296rat 8589.031 4604.446 1112.109-665.8555
summary11:20:14JAN 01/19 68.611 2.686 14zs 0 8616 4613 1130-663 10737 5175-10.5 286 34 11 11 2 33 8 .3 1.1
sla 0 683.220620 98852 2 843537 821955 808941 681044 513431rat-983.6172-861.875-781.0118-1274.336
sla 0 683.870620 98873 4 843337 821559 809391 680833 513676rat-983.9258-861.0899-784.8828-1270.856
sla 0 684.520620 99121 3 843174 822534 809378 680637 514232rat-984.3399-867.6836-786.0899-1264.785
sla 0 685.160620 99222 5 843362 822782 809863 681111 513815rat-982.2539-865.9531-785.6915-1271.465
sla 0 685.810620 98790 6 843399 821941 808169 681769 513643rat-978.1524-857.0625-772.0118-1277.25
sla 0 686.460620 98852 1 843033 822219 808926 682395 513641rat-972.1094-854.4805-772.1094-1281.352
sla 0 687.110620 98785 4 843566 821703 809427 680268 514079rat-988.8399-865.5781-788.7774-1263.68
summary11:25:09JAN 01/19 68.329 2.655 14sl 0-982-862-782-1272 3088 1691 843344 513788.1 5 5 7 6 25 12 223.5 273.7
hgscan 0narrow 302warm= 4.99368511:32:34JAN 01/19 407 408 426 428 4358 15574 28066 40660 53165 57500 59891 57417 44942 32213 19141 9664 6703 4382 3053 2702 2669 3027 4387 6719 9457 19062 32078 44716 57152 60187 57819 53670 41370 28689 15962 4799 439 420 414 383
hg11:33:53 .9984 162.4871 162 120078 15 0
co11:34:33uf: UV fast  scan started
co11:37:30uf: UV fast  scan finished, incident DUV =  24.57027 mW/m^2
hgscan 0narrow 302warm= 693.907511:39:01JAN 01/19 387 402 414 436 3816 16297 29057 41273 53811 58037 60368 57681 45716 32779 19885 9630 6909 4586 3042 2737 2719 3073 4586 6930 9674 19869 32820 45499 57706 60417 57836 54583 42206 30293 17575 5083 438 420 400 420
hg11:40:19 .9977 162.3838 162 120785 15 0
dsa128 700.920620 1275 6 84135 229532 565936 792888 728380rat 8151.93 4420.383 998.4453-864.5625
dsa128 701.570620 1274 3 85333 230700 570181 798939 731365rat 8126.141 4433.313 999.875-879.7969
dsa128 702.220620 1334 4 85653 232344 572412 800781 734403rat 8122.11 4413.719 993.4297-871.0625
dsa128 702.880620 1371 1 86832 233920 575787 806315 738499rat 8095.157 4416.078 998.7266-876.5234
dsa128 703.530620 1307 4 87200 235080 578868 807964 740376rat 8087.93 4404.774 984.7578-873.7969
summary11:42:13JAN 01/19 67.489 2.565 15ds 2 8117 4418 995-873 10911 5404-2 284.4 26 11 6 6 22 15 .6 1.8
summary11:42:13JAN 01/19 67.433 2.559 15aode 2 0 0 50 47 56 60 66.2 0 0 0 1 1 1 1 .8 0
dsa128 704.250620 1377 4 87658 236294 580252 810647 743413rat 8079.907 4396.664 988.6719-871.2734
dsa128 704.910620 1352 2 88510 237780 583640 814150 745796rat 8058.907 4389.664 982.6875-875.75
dsa128 705.560620 1367 2 88965 238280 585675 816133 747914rat 8049.375 4392.532 978.6953-873.4453
dsa128 706.210620 1335 2 89483 239925 587886 819219 750472rat 8042.914 4380.492 979.4531-874.5781
dsa128 706.860620 1409 6 90018 240960 590521 822994 753587rat 8039.625 4383.461 980.7656-876.1406
summary11:45:33JAN 01/19 67.35 2.55 16ds 2 8054 4389 982-874 10852 5384-1.9 283.5 16 7 4 2 11 4 .2 .5
summary11:45:33JAN 01/19 67.298 2.545 16aode 2 0 0 50 47 56 60 66.4 0 0 0 2 1 0 0 .3 0
zsa0 707.730620 1329 0 69112 164170 355814 449756 386461rat 8162.864 4396.996 1018.125-691.9297
zsa0 708.380620 1221 4 69619 164878 355669 450417 387474rat 8137.742 4384.754 1026.414-686.8985
zsa0 709.030620 1279 2 69931 165173 356826 451731 388554rat 8131.032 4389.77 1024.984-687.4922
zsa0 709.680620 1189 3 70045 165633 357758 453139 388287rat 8137.735 4391.383 1027.258-704.2696
zsa0 710.330620 1253 1 70003 166096 358601 453503 389526rat 8143.785 4382.696 1020.445-693.7735
zsa0 710.980620 1243 2 70716 166242 359290 454018 390270rat 8104.735 4383.887 1017.016-690.3868
zsa0 711.630620 1237 5 70741 167256 359578 455322 390753rat 8116.012 4370.028 1026.156-697.6016
summary11:49:40JAN 01/19 67.19 2.534 16zs 0 8133 4386 1023-693 10352 5053-8.8 284.3 19 9 4 6 27 13 .5 1.8
co11:52:25uf: UV fast  scan started
co11:55:22uf: UV fast  scan finished, incident DUV =  26.48818 mW/m^2
hgscan 0narrow 302warm= 4.99368512:00:30JAN 01/19 371 402 412 426 5155 17251 30220 43772 56633 60898 63558 60742 47774 35036 21734 10751 7472 5049 3358 2912 2917 3328 5087 7492 10736 21571 35327 47750 60460 63689 61046 57036 44638 31249 17962 5364 437 409 412 407
hg12:01:49 .9973 162.5172 163 127247 16 1
dsa128 722.410620 1565 3 101702 267121 643740 886423 807343rat 7873.258 4284.328 939.5078-892.8203
dsa128 723.060620 1561 4 102046 266865 643851 886620 806303rat 7860.867 4290.336 940.125-899.2344
dsa128 723.710620 1580 6 101986 266719 644143 885681 806976rat 7860.039 4288.789 933.7344-890.3984
dsa128 724.360620 1610 3 102000 267644 643871 886813 807490rat 7865.696 4279.696 941.5234-893.0938
dsa128 725.020620 1632 3 102075 267577 644877 887068 808405rat 7865.055 4282.867 936.2344-888.9453
summary12:03:42JAN 01/19 66.743 2.49 17ds 2 7865 4285 938-893 10722 5334-1.3 284.5 5 4 3 4 12 9 .4 .9
summary12:03:42JAN 01/19 66.708 2.486 17aode 2 0 0 40 41 51 56 63.8 0 0 0 3 2 1 1 1.1 0
dsa128 725.750620 1637 1 102750 267718 645187 886151 807233rat 7832.899 4276.703 929.8359-890.4531
dsa128 726.40620 1613 1 102811 268698 646923 888246 808742rat 7842.196 4272.063 928.8672-892.3359
dsa128 727.050620 1622 3 103351 269861 648017 889810 809179rat 7827.985 4261.438 929.4453-897.6406
dsa128 727.70620 1598 1 103086 269075 646793 888646 808977rat 7834.508 4269.125 932.3438-892.5391
dsa128 728.360620 1611 7 103682 270266 649725 890572 810253rat 7819.953 4259.93 922.1328-895.0234
summary12:07:03JAN 01/19 66.659 2.481 17ds 2 7832 4268 929-894 10691 5323-1.2 284.1 8 7 4 3 8 3 .2 .1
summary12:07:03JAN 01/19 66.629 2.479 17aode 2 0 0 43 44 55 60 67.1 0 0 0 2 1 1 1 .6 0
zsa0 729.220620 1334 3 76474 177091 378283 473119 404961rat 7943.977 4288.106 971.4062-711.0352
zsa0 729.870620 1359 1 76355 177587 377852 473858 404401rat 7957.559 4282.742 983.3164-724.0313
zsa0 730.520620 1326 1 76508 177693 378299 474326 405614rat 7953.196 4284.5 982.4727-715.1953
zsa0 731.170620 1370 1 76726 177987 378810 474622 406287rat 7943.567 4280.032 979.2891-710.6446
zsa0 731.820620 1407 2 76894 178611 379009 475177 406606rat 7939.258 4269.907 982.1368-712.3477
zsa0 732.460620 1424 2 76994 178632 379533 475518 406620rat 7936.766 4272.567 979.2305-715.3672
zsa0 733.110620 1369 0 77227 178561 380269 475854 406948rat 7926.629 4277.399 973.8125-714.9336
summary12:11:09JAN 01/19 66.568 2.473 17zs 0 7943 4279 979-715 10230 5005-7.7 283.9 11 7 5 5 22 11 .5 1.3
co12:13:52uf: UV fast  scan started
co12:16:50uf: UV fast  scan finished, incident DUV =  27.85572 mW/m^2
dsa128 737.480620 1655 6 106660 274207 656986 898206 816048rat 7746.336 4241.86 914.3906-898.2422
dsa128 738.130620 1660 4 106658 274745 657387 898695 816698rat 7749.446 4236.094 914.3125-896.9531
dsa128 738.780620 1620 2 106845 275195 658771 900408 818853rat 7750.93 4237.844 913.6953-893.5312
dsa128 739.440620 1615 5 107163 275304 659270 900696 817567rat 7740.164 4237.969 911.9609-901.8281
dsa128 740.090620 1643 1 107283 276007 660347 901071 821291rat 7737.641 4229 906.7344-883.1562
summary12:18:46JAN 01/19 66.433 2.46 17ds 2 7745 4237 912-895 10608 5302-1.5 284 6 5 3 7 26 15 .4 1.8
summary12:18:46JAN 01/19 66.415 2.459 17aode 2 0 0 52 52 62 67 73.3 0 0 0 2 2 1 1 .4 0
co12:20:57uf: UV fast  scan started
co12:23:54uf: UV fast  scan finished, incident DUV =  28.21162 mW/m^2
hgscan 0narrow 302warm= 4.9936212:29:02JAN 01/19 403 407 399 437 4351 15275 25893 36064 46182 49222 51333 48460 37637 26180 15470 7673 5413 3618 2491 2254 2254 2501 3623 5524 7783 15344 26380 37781 49236 52787 50981 48369 38946 28215 17213 5732 447 399 391 415
hg12:30:21 .9973 161.1946 161 104120 18-1
dsa128 750.940620 1794 2 110586 282064 673352 915254 832050rat 7680.102 4206.328 891.0703-894.7188
dsa128 751.590620 1719 3 110596 281249 671573 912845 829470rat 7667.899 4207.196 891.0156-896.7891
dsa128 752.240620 1750 6 110545 280985 670856 912788 828859rat 7669.735 4211.063 895.4844-899.8047
dsa128 752.890620 1697 6 110306 280773 670178 911284 826891rat 7671.75 4206.953 892.5625-903.0312
dsa128 753.550620 1718 3 110312 280488 669805 909776 826844rat 7664.617 4204.344 887.8047-895.6797
summary12:32:14JAN 01/19 66.309 2.448 18ds 2 7671 4207 892-898 10544 5288-1.7 283.8 6 3 3 3 11 6 .2 .8
summary12:32:14JAN 01/19 66.304 2.448 18aode 2 0 0 55 54 63 68 74.5 0 0 0 2 2 1 1 1.2 0
dsa128 754.280620 1715 4 110320 280321 668648 910042 826485rat 7665.641 4208.274 896.8125-898.9375
dsa128 754.930620 1753 4 109603 279811 667299 908597 825356rat 7686.946 4209.133 898.6719-897.9297
dsa128 755.580620 1727 4 109996 279421 667626 908081 824681rat 7668.774 4212.688 893.9297-899.0234
dsa128 756.230620 1712 5 109808 279500 667564 906921 824917rat 7670.524 4205.727 888.6094-892.0078
dsa128 756.890620 1742 3 109694 280066 668199 909499 826260rat 7687.742 4209.571 897.1172-897.4688
summary12:35:34JAN 01/19 66.3 2.448 18ds 2 7676 4209 895-897 10547 5287-1.6 283.7 11 3 4 3 15 6 .3 .7
summary12:35:34JAN 01/19 66.29901 2.448 18aode 2 0 0 57 56 65 70 76.4 0 0 0 2 2 1 1 .6 0
co12:37:45uf: UV fast  scan started
co12:40:42uf: UV fast  scan finished, incident DUV =  28.39691 mW/m^2
hgscan 0narrow 302warm= 4.99368512:45:51JAN 01/19 352 371 441 448 3569 14252 25340 36500 46673 50209 52312 48860 38734 26557 15558 7860 5546 3649 2518 2272 2253 2557 3755 5546 7987 15400 26496 38790 49808 53744 51813 49109 38640 27693 16248 4472 432 413 368 394
hg12:47:09 .9984 161.5288 162 106056 19 0
co12:47:50uf: UV fast  scan started
co12:50:47uf: UV fast  scan finished, incident DUV =  28.20527 mW/m^2
hgscan 0narrow 302warm= 4.99368512:55:56JAN 01/19 374 404 419 426 3249 14407 27497 38848 49768 53813 55922 53334 43374 30815 18127 9023 6328 4227 2852 2523 2517 2842 4158 6325 9036 18146 30364 43295 54306 57214 55208 51333 41382 29272 15670 3987 439 381 375 364
hg12:57:14 .998 162.2994 162 113136 19 0
dsa128 777.840620 1575 3 103124 265341 636667 872649 794040rat 7758.399 4252.453 922.3672-894.2656
dsa128 778.490620 1613 5 103902 268073 643577 880035 801101rat 7762.891 4244.992 912.0078-892.6562
dsa128 779.140620 1603 1 103337 266245 638107 873652 795128rat 7753.188 4241.86 917.0859-893.6328
dsa128 779.790620 1603 2 101820 262728 631043 864943 787753rat 7772.102 4254.844 921.4453-890.5391
dsa128 780.440620 1585 6 102350 264345 634494 868233 791481rat 7766.016 4244.625 914.0547-886.6406
summary12:59:08JAN 01/19 66.491 2.466 19ds 2 7763 4248 917-892 10615 5305-1.5 283.8 8 6 5 3 7 6 .2 .9
summary12:59:08JAN 01/19 66.514 2.468 19aode 2 0 0 64 63 73 77 83.8 0 0 0 3 3 3 2 2.2 0
dsa128 781.170620 1575 6 101912 263501 633537 868794 791561rat 7786.313 4260.75 923.2812-889.4375
dsa128 781.820620 1549 1 101932 264036 634114 869730 792724rat 7789.461 4256.242 923.875-887.875
dsa128 782.470620 1573 2 102121 264756 636098 871122 793095rat 7787.961 4251.102 916.9766-893.1484
dsa128 783.130620 1568 2 102494 265221 637656 874630 796822rat 7789.469 4261.055 923.9531-890.3906
dsa128 783.780620 1557 5 102778 266028 640936 878519 800326rat 7796.141 4266.883 920.6719-891.0156
summary13:02:28JAN 01/19 66.553 2.471 19ds 2 7790 4259 922-890 10639 5312-1.5 284 4 6 3 2 7 6 .2 .6
summary13:02:28JAN 01/19 66.58 2.474 19aode 2 0 0 60 60 69 74 80.2 0 0 0 3 3 3 3 2.8 0
zsa0 784.640620 1365 9 76342 176608 377413 472781 405176rat 7944.68 4293.832 976.6016-708.4336
zsa0 785.290620 1354 2 76367 176463 377345 472213 405527rat 7937.61 4292 972.0664-699.2969
zsa0 785.940620 1325 2 76213 176256 375523 470858 404740rat 7933.707 4284.438 980.6758-695.1641
zsa0 786.590620 1348 4 75958 175809 375302 471124 403818rat 7950.891 4298.063 985.7734-707.7149
zsa0 787.240620 1350 7 75630 175666 375231 470708 403974rat 7965.985 4297.77 982.7149-702.129
zsa0 787.890620 1389 3 75619 175028 375120 470638 403536rat 7965.766 4312.946 983.3477-706.2305
zsa0 788.540620 1380 7 75362 174656 373812 469332 402810rat 7968.5 4310.024 986.4453-701.8906
summary13:06:35JAN 01/19 66.643 2.48 19zs 0 7952 4298 981-703 10202 5003-8.100001 282.9 14 10 5 5 25 15 .5 2
co13:09:18uf: UV fast  scan started
co13:12:16uf: UV fast  scan finished, incident DUV =  27.22242 mW/m^2
dsa128 792.920620 1461 5 96291 251038 608992 838523 765222rat 7856.578 4303.063 934.6094-886.6875
dsa128 793.570620 1495 2 96064 251265 608876 839554 765866rat 7870.969 4303.782 940.5781-888.7969
dsa128 794.220620 1486 3 95021 249316 604696 833658 761983rat 7886.367 4305.953 939.4062-880.1094
dsa128 794.870620 1501 5 94328 247585 600562 828420 755926rat 7888.828 4307.485 941.2656-887.8828
dsa128 795.520620 1445 4 93852 246300 596870 823883 753931rat 7884.938 4304.875 943.6641-875.4375
summary13:14:13JAN 01/19 66.842 2.5 19ds 2 7878 4305 940-884 10706 5338-1.8 283.8 14 2 3 6 18 10 .4 1.5
summary13:14:13JAN 01/19 66.88 2.503 19aode 2 0 0 68 65 74 79 84.9 0 0 0 2 3 3 2 2.1 0
co13:16:22uf: UV fast  scan started
co13:19:20uf: UV fast  scan finished, incident DUV =  26.69903 mW/m^2
hgscan 0narrow 302warm= 4.99355513:24:28JAN 01/19 355 378 395 420 3072 13776 24844 34983 44752 48430 50181 47781 38144 26170 15773 7828 5436 3646 2450 2282 2233 2450 3704 5573 7939 16010 26831 39020 49263 52152 50158 46859 37275 26752 15705 4116 435 395 393 384
hg13:25:46 .9979 161.9371 162 102333 19 0
dsa128 806.370620 1400 2 91190 243704 595704 829696 758759rat 8016.071 4366.985 976.3281-885.5312
dsa128 807.020620 1387 5 90855 242582 593203 826546 757039rat 8013.914 4369.422 977.6016-878.9844
dsa128 807.670620 1403 4 90218 241177 590822 823428 754716rat 8025.672 4376.735 977.9609-876.3125
dsa128 808.320620 1387 9 89637 239763 587215 820316 751810rat 8035.164 4384.43 987.6406-877.125
dsa128 808.970620 1370 4 89114 238974 585817 816518 749695rat 8037.735 4376.828 976.8594-869.4531
summary13:27:40JAN 01/19 67.305 2.546 19ds 2 8026 4375 979-877 10834 5377-1.8 283.3 11 7 5 6 12 7 .2 1.2
summary13:27:40JAN 01/19 67.358 2.551 19aode 2 0 0 49 47 56 60 66.3 0 0 0 3 2 1 1 .5 0
dsa128 809.70620 1409 6 88121 236946 581799 812606 745193rat 8063.211 4391.492 985.3281-875.3828
dsa128 810.350620 1319 5 87699 235815 580179 809345 744211rat 8064.164 4393.258 979.1406-863.7969
dsa128 8110620 1341 3 87540 235657 579370 808490 741753rat 8065.328 4390.258 980.0469-874.3828
dsa128 811.650620 1382 7 86988 234760 578258 807020 740870rat 8082.985 4397.672 979.8516-872.0703
dsa128 812.310620 1352 3 86827 233390 574500 803848 738470rat 8071.313 4404.446 990.5781-869.4688
summary13:31:00JAN 01/19 67.441 2.56 19ds 2 8069 4395 983-871 10857 5385-1.8 282.6 8 6 5 5 18 7 .1 .8
summary13:31:00JAN 01/19 67.497 2.566 19aode 2 0 0 51 48 57 61 66.6 0 0 0 2 2 1 1 .6 0
zsa0 813.170620 1162 2 66651 159292 345947 440112 379008rat 8219.231 4428.399 1043.453-686.3477
zsa0 813.820620 1123 4 66395 158484 344776 439380 378492rat 8228.746 4443.301 1051.027-685.004
zsa0 814.470620 1164 8 66155 158207 343796 437542 377028rat 8226.238 4432.516 1045.063-683.5821
zsa0 815.120620 1132 4 65849 158122 342532 436777 376830rat 8238.477 4427.071 1053.524-678.1602
zsa0 815.770620 1154 3 65309 157471 341783 435836 375663rat 8264.743 4435.547 1053.621-682.293
zsa0 816.420620 1087 4 65001 156932 340285 434755 375033rat 8274.426 4439.59 1061.981-678.7344
zsa0 817.070620 1143 4 65033 156142 340062 434105 374234rat 8265.684 4455.028 1058.27-681.5156
summary13:35:07JAN 01/19 67.621 2.578 19zs 0 8245 4437 1052-682 10429 5071-8.8 282.4 23 10 7 3 18 11 .6 1.7
co13:37:50uf: UV fast  scan started
co13:40:47uf: UV fast  scan finished, incident DUV =  24.64826 mW/m^2
dsa128 821.430620 1227 6 74445 206910 516623 732447 676306rat 8295.758 4497.414 1036.578-854.1719
dsa128 822.080620 1050 3 74032 205831 513327 728251 672730rat 8291.633 4493.039 1038.531-852.8594
dsa128 822.740620 1101 4 73016 204503 510442 724449 669663rat 8326.578 4496.828 1039.555-850.3828
dsa128 823.390620 1135 4 72873 203757 509093 723230 668006rat 8325.031 4503.727 1042.984-854.6016
dsa128 824.040620 1078 0 72651 203012 508704 723383 667767rat 8336.485 4519.055 1046.555-857.8516
summary13:42:44JAN 01/19 67.986 2.617 19ds 2 8315 4502 1041-854 11048 5433-1.4 282 20 10 4 3 24 13 .4 1.1
summary13:42:44JAN 01/19 68.053 2.625 19aode 2 0 0 62 62 70 73 79.1 0 0 0 2 2 2 1 1.2 0
co13:44:53uf: UV fast  scan started
co13:47:50uf: UV fast  scan finished, incident DUV =  23.78819 mW/m^2
hgscan 0narrow 302warm= 4.9936213:52:58JAN 01/19 390 363 393 427 3575 13505 25001 35335 45256 48195 50409 47506 38103 26367 15469 7820 5512 3633 2504 2193 2232 2444 3646 5557 7884 15363 26344 38341 48134 52228 50268 47427 37952 27027 15223 4352 426 385 367 385
hg13:54:17 .9983 161.6849 162 102637 19 0
co13:55:38az: Azimuth discrepancy = -2
co13:56:55uf: UV fast  scan started
co13:59:52uf: UV fast  scan finished, incident DUV =  22.2251 mW/m^2
hgscan 0narrow 302warm= 836.266314:01:22JAN 01/19 383 399 391 410 4701 15709 27482 39322 51131 54846 57362 54763 42646 30807 18800 9275 6498 4318 2904 2555 2583 2901 4302 6422 9270 18710 30714 42522 54721 58263 55935 52970 41065 29447 17250 5899 429 400 373 372
hg14:02:41 .9975 162.0583 162 115625 19 0
dsa128 843.280620 798 6 53077 160976 417821 614833 574924rat 8889.633 4753.899 1165.5-825.0469
dsa128 843.930620 793 5 51276 156917 407761 602077 563462rat 8943.446 4770.344 1178.891-822.1328
dsa128 844.580620 787 4 50396 154973 403976 597493 559830rat 8980.906 4788.461 1184.93-817.9219
dsa128 845.230620 792 4 49288 153182 398807 590237 553167rat 9020.188 4783.008 1186.508-817.6485
dsa128 845.890620 759 1 48745 151230 394238 584449 547768rat 9020.555 4792.844 1192.414-818.4531
summary14:04:34JAN 01/19 69.268 2.764 20ds 2 8971 4778 1182-820 11596 5581-.6 282.9 56 16 10 3 46 6 .5 .5
summary14:04:34JAN 01/19 69.356 2.775 20aode 2 0 0 57 60 69 73 78.9 0 0 0 2 2 3 3 3 0
zsa0 846.750620 833 4 49157 127438 286249 377175 328551rat 8862.125 4720.563 1194.438-636.0196
zsa0 847.40620 820 3 48896 126692 285352 375992 327820rat 8871.375 4732.324 1194.371-631.9727
zsa0 848.050620 795 4 48669 126108 284197 374653 327039rat 8875.996 4736.797 1196.465-626.75
zsa0 848.70620 785 5 48084 125424 282438 373227 325814rat 8911.902 4743.766 1206.922-626.461
zsa0 849.350620 805 5 47504 124486 280685 371023 324481rat 8938.625 4750.43 1208.168-618.4024
zsa0 8500620 794 7 47375 123722 279401 369888 323507rat 8937.129 4763.848 1214.801-618.1328
zsa0 850.650620 766 2 47103 123093 278130 368501 321847rat 8945.242 4769.43 1218.246-624.1953
summary14:08:41JAN 01/19 69.548 2.798 20zs 0 8906 4745 1205-626 10909 5207-10.1 279.9 36 17 10 7 20 7 .4 1.1
um010119A Coruna 43.33 8.41 3.07pr10000 851.961640 7 230990 568923 1286946 1708706 1493416rat 8770.254 4836.989 1247.652-631.4688
um010119A Coruna 43.33 8.41 3.05pr10000 853.281640 9 1623175 1572091 1054137 874181 467494rat-2786.027-2635.328-844.5508-2778.063
um010119A Coruna 43.33 8.41 3.05pr10000 854.621640 9 224349 556128 1264093 1684863 1475489rat 8836.488 4875.371 1265.227-620.9493
um010119A Coruna 43.33 8.41 3.05pr10000 855.941640 10 1598639 1550993 1042565 866193 462966rat-2758.367-2615.43-836.1915-2780.192
um010119A Coruna 43.33 8.41 3.05pr10000 857.281640 11 216882 543389 1240011 1660680 1456002rat 8919.328 4912.242 1285.938-615.5
um010119A Coruna 43.33 8.41 3.05pr10000 858.61640 14 1577718 1534322 1031928 856668 457999rat-2748.235-2615.918-839.5859-2778.656
um010119A Coruna 43.33 8.41 3.05pr10000 859.941640 13 209435 529351 1214083 1633928 1433938rat 8998.953 4954.301 1307.082-610.879
um010119A Coruna 43.33 8.41 3.05pr10000 861.261640 15 1547196 1507451 1019132 848537 454203rat-2702.949-2579.047-826.4336-2773.043
um010119A Coruna 43.33 8.41 3.05pr10000 862.61640 9 201706 514809 1188158 1605231 1411937rat 9083.484 4997.086 1323.598-600.5156
um010119A Coruna 43.33 8.41 3.05pr10000 863.921640 11 1519364 1484029 1007316 839564 449638rat-2668.707-2556.004-821.7266-2770.36
um010119A Coruna 43.33 8.41 3.05pr10000 865.251640 6 194941 502389 1163801 1579183 1390818rat 9158.918 5030.918 1342.336-594.504
um010119A Coruna 43.33 8.41 3.05pr10000 866.581640 18 1498334 1465742 995438 829548 443805rat-2659.387-2553.59-822.1797-2774.645
um010119A Coruna 43.33 8.41 3.05pr10000 867.921640 10 188607 489782 1138544 1554398 1369454rat 9232.211 5071.578 1368.93-592.7344
um010119A Coruna 43.33 8.41 3.03pr10000 869.241640 14 1467065 1437540 982050 820869 440352rat-2611.594-2513.27-808.668-2762.449
um010119A Coruna 43.33 8.41 3.03pr10000 870.571640 11 181521 477621 1114625 1528506 1350156rat 9324.024 5106.66 1387.996-580.8633
um010119A Coruna 43.33 8.41 3.03pr10000 871.91640 8 1443023 1416968 968400 809583 433344rat-2598.871-2509.992-807.8008-2771.621
co14:33:27uf: UV fast  scan started
co14:36:24uf: UV fast  scan finished, incident DUV =  16.09792 mW/m^2
hgscan 0narrow 302warm= 41.4475914:37:49JAN 01/19 381 361 401 407 4282 13164 23429 33443 42456 45274 46741 43197 33804 24409 14253 6830 4875 3331 2206 1989 1979 2175 3334 4933 6944 13924 24048 33939 43355 47721 46197 43574 34957 24274 13822 4705 430 384 380 369
hg14:39:08 .9981 161.272 161 94462 19-1
dsa64 879.770620 1037 5 66195 250958 719232 1166111 1140881rat 10532.67 5518.696 1551.524-699.3906
dsa64 880.420620 1021 3 65252 247804 711204 1156586 1130697rat 10551.37 5532.914 1562.477-704.6016
dsa64 881.070620 1044 6 64740 245385 706148 1149979 1125913rat 10553.44 5545.985 1566.414-699.5938
dsa64 881.720620 967 3 61836 239108 689647 1129451 1106464rat 10664.27 5573.438 1588.039-698.8125
dsa64 882.380620 995 2 59618 232787 674631 1106462 1086212rat 10723.58 5593.625 1591.024-691.0313
summary14:41:04JAN 01/19 72.135 3.164 19ds 1 10605 5553 1572-699 12841 5955-.7 282.2 84 30 17 5 72 16 .4 .4
summary14:41:04JAN 01/19 72.252 3.183 19aode 1 0 0 80 83 93 92 97.3 0 0 0 2 1 1 1 1.2 0
zsa0 883.240620 427 3 28442 84499 203392 286869 254748rat 10040.72 5310.391 1489.574-548.2461
zsa0 883.890620 431 3 27857 83856 201436 284518 253647rat 10094.98 5307.559 1495.75-531.125
zsa0 884.530620 441 5 27638 83004 200248 283382 252167rat 10112.02 5334.563 1504.082-539.2188
zsa0 885.180620 431 5 27339 82321 198579 280961 250348rat 10121.67 5332.907 1503.047-533.2969
zsa0 885.830620 438 6 27021 81381 197540 279304 249813rat 10146.74 5357.024 1500.051-516.7305
zsa0 886.480620 411 3 26752 80618 195769 277841 247736rat 10166.76 5374.899 1516.383-530.2696
zsa0 887.130620 403 3 26225 80076 194294 276121 246163rat 10226.01 5377.032 1522.211-530.9375
summary14:45:10JAN 01/19 72.51 3.226 19zs 0 10130 5342 1504-533 11835 5496-14.1 280.9 58 29 11 10 48 20 .6 1.8
um010119A Coruna 43.33 8.41 3.01pr10000 888.441640 15 137694 386122 938037 1337364 1193225rat 9931.946 5441.699 1555.508-534.4297
um010119A Coruna 43.33 8.41 3pr10000 889.761640 5 1255633 1251019 876612 739177 398734rat-2380.227-2356.254-768.711-2735.082
um010119A Coruna 43.33 8.41 3pr10000 891.11640 7 131454 369402 906513 1299713 1164150rat 10006.53 5508.114 1579.399-516.8242
um010119A Coruna 43.33 8.41 3pr10000 892.421640 13 1226825 1223543 861675 728533 391744rat-2340.949-2321.43-756.7188-2748.633
um010119A Coruna 43.33 8.41 3pr10000 893.761640 9 125457 357128 881402 1272010 1140440rat 10114.05 5560.035 1607.594-512.2852
um010119A Coruna 43.33 8.41 3pr10000 895.081640 5 1195037 1197426 846785 715983 386553rat-2300.793-2302.051-756.2735-2730.481
um010119A Coruna 43.33 8.41 3pr10000 896.421640 10 119282 342340 851460 1238941 1112778rat 10216.68 5627.778 1643.008-504.0821
um010119A Coruna 43.33 8.41 3pr10000 897.741640 12 1161636 1166269 830199 705830 381027rat-2237.832-2247.879-731.8868-2730.649
um010119A Coruna 43.33 8.41 3pr10000 899.081640 14 113762 330157 824087 1208028 1087621rat 10310.8 5673.907 1674.871-493.1797
um010119A Coruna 43.33 8.41 2.98pr10000 900.41640 10 1131469 1140418 814369 692051 374402rat-2205.856-2233.578-732.8243-2719.172
um010119A Coruna 43.33 8.41 2.98pr10000 901.741640 9 108162 316000 796349 1175290 1060630rat 10410.3 5744.899 1704.703-481.0742
um010119A Coruna 43.33 8.41 2.98pr10000 903.061640 6 1105123 1114649 799154 679408 366823rat-2182.477-2213.305-730.7774-2727.485
um010119A Coruna 43.33 8.41 2.98pr10000 904.41640 8 102368 302301 768847 1144091 1034759rat 10530.47 5819.078 1740.16-471.0391
um010119A Coruna 43.33 8.41 2.98pr10000 905.721640 7 1070789 1086182 782419 666901 361403rat-2124.324-2180.332-719.2149-2710.883
um010119A Coruna 43.33 8.41 2.98pr10000 907.051640 10 96914 290329 742172 1113098 1007674rat 10646.99 5873.758 1773.867-466.6289
um010119A Coruna 43.33 8.41 2.98pr10000 908.381640 13 1042260 1058293 766111 653342 353901rat-2095.047-2155.418-716.7305-2712.313
co15:09:56uf: UV fast  scan started
co15:12:53uf: UV fast  scan finished, incident DUV =  10.29791 mW/m^2
hgscan 0narrow 302warm= 872.758815:14:19JAN 01/19 348 397 360 387 2915 10787 19584 28909 38160 41334 43001 41414 32596 23944 14712 6886 4647 3349 2085 1924 1862 2174 3333 4789 6987 14619 24121 33335 42238 44910 43324 40674 31483 21824 12322 3780 427 387 390 373
hg15:15:38 .9981 162.5618 163 87911 18 1
dsa0 916.250620 772 4 30991 155605 536290 1035255 1082929rat 12794.21 6762.524 2170.828-534.4453
dsa0 916.910620 765 3 29649 149517 518175 1007010 1055104rat 12849.49 6804.414 2194.547-530.6797
dsa0 917.560620 708 5 28249 143755 499990 974579 1022120rat 12899.69 6820.571 2201.289-530.1172
dsa0 918.210620 739 3 27213 137712 481555 943571 991799rat 12903.4 6854.477 2218.063-523.9375
dsa0 918.860620 673 5 25819 132940 464707 916352 964535rat 12987.85 6868.899 2240.031-521.4453
summary15:17:33JAN 01/19 75.807 3.89 18ds 0 12887 6822 2205-528 14577 6618-5.4 280.2 72 42 26 5 57 21 .3 .7
summary15:17:33JAN 01/19 75.95201 3.926 18aode 0 0 0 131 114 120 111 111.5 0 0 0 5 4 4 3 3.1 0
zsa0 919.720620 205 2 12313 43878 117577 184865 170083rat 11757.02 6239.996 1959.68-390.2539
zsa0 920.370620 209 4 12090 43127 116052 182885 168527rat 11790.04 6268.16 1969.566-383.336
zsa0 921.020620 210 4 11782 42605 114683 181101 167309rat 11859.34 6278.285 1978.473-372.1797
zsa0 921.660620 200 7 11716 41794 113408 178844 165367rat 11829.97 6307.297 1972.453-368.3789
zsa0 922.310620 192 2 11477 41182 111795 177479 163957rat 11884.32 6337.574 2001.356-372.2852
zsa0 922.960620 194 5 11322 40436 110156 175247 162486rat 11889.16 6362.016 2010.473-356.3399
zsa0 923.610620 190 2 10963 39824 108851 173490 160977rat 11984.07 6384.071 2018.367-353.0664
summary15:21:39JAN 01/19 76.266 4.005 18zs 0 11856 6311 1987-371 13043 5948-23.5 281.2 74 53 23 13 40 22 .8 .9
um010119A Coruna 43.33 8.41 2.96pr10000 924.921640 9 65166 206462 555322 888574 819892rat 11376.79 6364.387 2051.84-380.8594
um010119A Coruna 43.33 8.41 2.96pr10000 926.251640 7 827213 861396 648148 559665 304471rat-1753.727-1925.106-660.7149-2689.977
um010119A Coruna 43.33 8.41 2.96pr10000 927.581640 12 61238 193916 528171 853880 790475rat 11471.58 6461.942 2095.961-366.1445
um010119A Coruna 43.33 8.41 2.94pr10000 928.911640 5 796438 831524 629790 543834 297049rat-1712.484-1895.301-660.3438-2671.848
um010119A Coruna 43.33 8.41 2.94pr10000 930.241640 6 57254 182286 501220 818886 760908rat 11579.15 6546.824 2141-349.5235
um010119A Coruna 43.33 8.41 2.94pr10000 931.571640 10 763945 802377 610883 528876 288029rat-1651.309-1860.324-648.7774-2684.203
um010119A Coruna 43.33 8.41 2.94pr10000 932.91640 9 53390 170665 473942 784178 730803rat 11692.3 6643.032 2195.336-336.3867
um010119A Coruna 43.33 8.41 2.94pr10000 934.231640 6 729920 768708 590880 513633 280794rat-1578.938-1799.676-630.8165-2667.004
um010119A Coruna 43.33 8.41 2.94pr10000 935.561640 11 50162 159736 447741 749119 700658rat 11762.17 6729.918 2242.961-320.3008
um010119A Coruna 43.33 8.41 2.94pr10000 936.891640 10 696572 738584 572611 498109 272963rat-1507.699-1758.18-627.4883-2655.985
um010119A Coruna 43.33 8.41 2.94pr10000 938.221640 8 46821 149277 422126 714344 671333rat 11852.38 6815.574 2291.617-299.1133
um010119A Coruna 43.33 8.41 2.94pr10000 939.551640 8 663735 706979 552596 482871 264413rat-1431.516-1701.863-607.5235-2658.707
co15:41:05uf: UV fast  scan started
co15:44:02uf: UV fast  scan finished, incident DUV =  6.008831 mW/m^2
hgscan 0narrow 302warm= 72.5985615:45:28JAN 01/19 361 352 387 390 3623 12176 21034 29785 37444 39830 41267 38269 29956 21838 12570 6164 4056 2829 1964 1759 1752 1976 2887 4144 6290 12853 22359 30720 39565 42992 41825 39848 31248 22309 12493 3976 413 403 398 364
hg15:46:47 .9979 161.2911 161 84259 17-1
dsa0 947.340620 171 1 2972 17782 80026 206460 240338rat 15005.9 8552.062 3123.32-304.1094
dsa0 947.990620 161 3 2717 16566 75082 195284 227433rat 15130.34 8601.531 3150.36-309.3047
dsa0 948.650620 159 2 2607 15517 71091 185534 217673rat 15058.77 8645.828 3156.695-284.4766
dsa0 949.30620 157 2 2435 14574 66778 176205 206583rat 15103.62 8676.586 3195.977-295.0938
dsa0 949.950620 132 4 2339 13613 63457 168251 198734rat 15053.97 8755.562 3208.578-269.9766
summary15:48:38JAN 01/19 79.479 5.033 17ds 0 15071 8646 3167-293 16007 7560-17.1 272.2 48 77 35 16 79 38 1.1 .9
summary15:48:38JAN 01/19 79.643 5.098 17aode 0 0 0 241 174 170 139 125.1 0 0 0 11 6 5 3 1.7 0
zsa0 950.810620 106 4 4849 17927 55237 101248 97913rat 13182.23 7505.844 2623.567-170.5352
zsa0 951.460620 117 2 4699 17742 54163 99315 96555rat 13233.04 7466.504 2624.914-147.3711
zsa0 952.10620 109 4 4665 17354 53012 97788 95110rat 13198.85 7495.492 2650.93-145.5586
zsa0 952.750620 108 2 4572 17116 52250 96146 93808rat 13210.78 7481.289 2640.051-131.8203
zsa0 953.40620 116 3 4450 16545 50880 94616 92284rat 13259.33 7559.059 2685.793-133.2852
zsa0 954.050620 109 3 4397 16282 50047 93203 90884rat 13245.83 7563.129 2692.043-134.3242
zsa0 954.70620 94 4 4318 15900 48877 91257 89579rat 13233.66 7574.598 2703.067-105.4024
summary15:52:45JAN 01/19 79.997 5.248 17zs 0 13223 7521 2660-138 13666 6426-39.8 276.6 27 44 33 20 51 34 .9 3.4
um010119A Coruna 43.33 8.41 2.92pr10000 956.011640 16 29787 90124 267328 493934 477724rat 12201.44 7393.864 2668.879-170.7461
um010119A Coruna 43.33 8.41 2.92pr10000 957.341640 8 452328 499980 421118 375609 209133rat-846.7852-1278.734-515.6016-2580.805
um010119A Coruna 43.33 8.41 2.92pr10000 958.671640 8 27964 82842 246814 462304 448280rat 12184.92 7470.129 2727.27-159.4336
um010119A Coruna 43.33 8.41 2.92pr10000 9601640 7 422715 471560 401041 359622 199985rat-740.5508-1212.488-492.0274-2585.602
um010119A Coruna 43.33 8.41 2.92pr10000 961.331640 14 26166 75822 226450 431288 420579rat 12170.63 7551.489 2798.832-134.582
um010119A Coruna 43.33 8.41 2.9pr10000 962.661640 6 395206 442183 381133 343478 191513rat-646.875-1131.555-470.0742-2573.516
um010119A Coruna 43.33 8.41 2.9pr10000 963.991640 9 24564 69384 207979 401818 393421rat 12134.75 7627.453 2860.078-116.9219
um010119A Coruna 43.33 8.41 2.9pr10000 965.321640 5 364997 411964 361270 326561 182569rat-519.8242-1042.418-456.7344-2561.238
um010119A Coruna 43.33 8.41 2.9pr10000 966.651640 10 22880 63061 191133 372646 367859rat 12113.98 7713.41 2898.625-81.07031
um010119A Coruna 43.33 8.41 2.88pr10000 967.981640 9 338008 385427 341658 309952 173579rat-412.082-979.1641-440.7891-2553.293
co16:09:32uf: UV fast  scan started
co16:12:30uf: UV fast  scan finished, incident DUV =  3.004583 mW/m^2
hgscan 0narrow 302warm= 901.191916:13:54JAN 01/19 343 364 363 361 2406 9435 18972 28034 35757 38753 39783 38264 31230 22705 12887 6151 4346 2905 1953 1728 1755 1983 2951 4481 6387 13426 23322 32264 39555 41796 40332 37673 29658 20473 10391 2747 387 365 357 354
hg16:15:13 .9983 162.6575 163 81579 17 1
dsa0 975.770620 15 2 149 392 2194 8557 11793rat 12514.32 10246.11 4407.977-43.72657
dsa0 976.420620 13 4 128 347 1981 7567 10594rat 12656.9 10230.89 4303.11 8.078125
dsa0 977.070620 18 2 114 328 1777 6919 9499rat 12649.48 10025.89 4365.352-94.38281
dsa0 977.720620 8 2 123 288 1542 6056 8459rat 11671.39 9976.43 4384.711-36.9375
dsa0 978.370620 13 3 96 255 1407 5407 7751rat 12256.24 9992.84 4273.953 58.10157
summary16:17:04JAN 01/19 83.197 7.017 17ds 0 12350 10094 4347-22 12419 7958-38.7 212.2 412 133 56 58 475 151 2.1 9.3
summary16:17:04JAN 01/19 83.374 7.143 17aode 0 0 0 462 314 295 215 174.6 0 0 0 17 10 8 5 3.6 0
zsa0 979.240620 63 5 2041 6111 19268 41520 43460rat 13066.86 8303.254 3322.953 174.1094
zsa0 979.890620 56 3 2026 5996 18886 40683 42597rat 13006.32 8296.028 3321.164 175.4336
zsa0 980.540620 56 2 2005 5823 18196 39564 41634rat 12928.26 8301.321 3361.5 197.2734
zsa0 981.190620 65 5 1960 5593 17706 38612 40357rat 12927.34 8372.496 3374.61 167.7227
zsa0 981.830620 54 5 1918 5550 17263 37575 39361rat 12903.25 8287.641 3366.336 177.4375
zsa0 982.480620 54 5 1877 5352 16709 36653 38367rat 12889.3 8337.531 3400.074 174.2344
zsa0 983.130620 45 3 1883 5224 16086 35605 37452rat 12744.86 8315.196 3438.785 195.4102
summary16:21:11JAN 01/19 83.759 7.431 17zs 0 12924 8316 3369 180 12347 6325-60.1 254.9 101 30 42 11 124 45 1.4 1.7
um010119A Coruna 43.33 8.41 2.88pr10000 984.441640 5 14881 33957 96939 202008 206821rat 11309.75 7731.293 3181.695 78.09375
um010119A Coruna 43.33 8.41 2.88pr10000 985.771640 6 181491 217739 215035 202452 115720rat 442.7735-344.0781-278.1836-2460.543
um010119A Coruna 43.33 8.41 2.88pr10000 987.11640 5 13903 30942 87035 180832 186215rat 11122.57 7652.797 3167.938 103.2734
um010119A Coruna 43.33 8.41 2.86pr10000 988.431640 9 161739 194302 196819 187076 107715rat 602.461-190.332-235.6875-2426.856
um010119A Coruna 43.33 8.41 2.86pr10000 989.761640 6 12900 28189 77429 161314 166871rat 10952.66 7561.891 3179.977 124.4375
um010119A Coruna 43.33 8.41 2.86pr10000 991.091640 8 143775 173987 179641 172278 99441rat 756.1485-68.16797-196.7734-2415.563
um010119A Coruna 43.33 8.41 2.86pr10000 992.421640 8 12172 25644 69197 143137 148629rat 10685.13 7452.762 3148.25 140.8555
um010119A Coruna 43.33 8.41 2.86pr10000 993.741640 6 126850 154958 163331 157506 91305rat 910.9219 45.86719-172.5938-2396.406
um010119A Coruna 43.33 8.41 2.86pr10000 995.081640 2 11257 23309 61656 126578 131769rat 10487.46 7331.528 3114.531 151.8594
um010119A Coruna 43.33 8.41 2.86pr10000 996.41640 6 111875 137022 147188 143287 83496rat 1045.66 169.4961-131.3828-2373.297
um010119A Coruna 43.33 8.41 2.86pr10000 997.741640 4 10504 21194 55020 110847 115750rat 10211.41 7167.582 3032.11 165.2695
um010119A Coruna 43.33 8.41 2.84pr10000 999.061640 6 98157 120400 131786 129261 75463rat 1166.371 283.9531-98.64062-2364.762
co16:40:37uf: UV fast  scan started
co16:43:33uf: UV fast  scan finished, incident DUV =  .9446927 mW/m^2
hgscan 0narrow 302warm= 103.686416:44:59JAN 01/19 327 345 347 402 3271 10743 18561 26349 34022 36270 37601 35641 27754 20062 11685 5577 3792 2487 1747 1590 1607 1765 2552 3901 5682 12022 20523 28785 36852 39606 38225 36252 28571 20552 12279 4153 382 373 364 362
hg16:46:18 .9977 161.5557 162 77207 16 0
dsa0 1006.850620 1 3 7 9 15 42 30rat-1250.563 1267.649 1857.164-4696.461
dsa0 1007.50620 1 3 3 11 22 29 39rat-836.1328-1889.938-1969.438-1752.43
dsa0 1008.150620 3 5 3 7 13 32 36rat-916.7188 3548.485 1879.633-2633.438
dsa0 1008.80620 3 5 6 8 16 30 27rat-1499.899 1895.766 89.61719-3857.547
dsa0 1009.450620 2 4 7 6 13 29 27rat-2919.922 2904.297 886.6484-3735.031
summary16:48:09JAN 01/19 87.53 10.937 16ds 0-1485 1545 549-3335 9187 6940-24 108.1 845 2113 1593 1149 3397 2796 24.2 75.8
summary16:48:09JAN 01/19 87.713 11.106 16aode 0 0 0 0 0 0 0 0 0 0 0 0 0 0 0 0 0
zsa0 1010.330620 28 0 748 1731 4203 8269 9060rat 10405.1 6767.41 2925.149 373.7813
zsa0 1010.980620 22 4 778 1664 4156 7982 8659rat 10101.07 6793.682 2822.539 330.7422
zsa0 1011.620620 21 4 733 1594 4043 7689 8263rat 10198.67 6818.252 2779.844 289.8281
zsa0 1012.270620 21 4 678 1615 3828 7296 8009rat 10311.31 6533.227 2789.399 382.168
zsa0 1012.920620 22 2 712 1520 3724 7080 7572rat 9955.932 6662.09 2777.445 268.832
zsa0 1013.570620 21 6 643 1467 3582 6819 7299rat 10261.37 6662.543 2785.485 272.6602
zsa0 1014.220620 22 2 710 1453 3474 6528 6977rat 9615.467 6505.422 2726.727 265.9453
summary16:52:16JAN 01/19 88.106 11.431 16zs 0 10121 6678 2801 312 9123 4747-86.3 251.7 266 124 62 50 199 144 1.7 3.3
um010119A Coruna 43.33 8.41 2.82pr10000 1015.531640 44 5533 10455 24297 41164 41652rat 8716.785 5942.828 2279.758 28.17969
um010119A Coruna 43.33 8.41 2.8pr10000 1016.851640 10 35663 42400 49885 51942 31670rat 1605.059 858.8789 162.168-2172.481
um010119A Coruna 43.33 8.41 2.8pr10000 1018.191640 8 4846 9060 21059 34816 35030rat 8542.859 5827.762 2171.613 4.980469
um010119A Coruna 43.33 8.41 2.8pr10000 1019.511640 9 30272 35247 40918 43320 26588rat 1528.274 872.9024 234.461-2143.551
um010119A Coruna 43.33 8.41 2.8pr10000 1020.851640 5 4208 7816 17970 29357 29044rat 8413.133 5727.395 2119.473-68.2461
um010119A Coruna 43.33 8.41 2.8pr10000 1022.171640 8 25320 29112 33504 35427 21873rat 1430.277 829.7383 229.0625-2117.574
um010119A Coruna 43.33 8.41 2.8pr10000 1023.511640 8 3692 6831 15200 24349 23977rat 8172.198 5501.407 2034.434-88.57031
um010119A Coruna 43.33 8.41 2.78pr10000 1024.831640 4 20776 23615 26984 28721 17806rat 1377.629 827.0547 257.5899-2099.211
um010119A Coruna 43.33 8.41 2.78pr10000 1026.161640 9 3078 5774 12795 19998 19509rat 8109.655 5377.434 1927.606-129.2617
um010119A Coruna 43.33 8.41 2.78pr10000 1027.491640 2 17121 19113 21249 22749 14150rat 1205.289 733.1016 282.8555-2084.609
um010119A Coruna 43.33 8.41 2.78pr10000 1028.821640 5 2613 4692 10520 16275 15749rat 7922.26 5382.235 1882.707-164.4219
um010119A Coruna 43.33 8.41 2.78pr10000 1030.151640 7 13822 15279 16548 17547 10926rat 1007.473 577.9219 241.2305-2080.633
hgscan 0narrow 302warm= 932.274217:16:04JAN 01/19 355 332 348 378 3429 10322 17861 25136 31350 33213 34533 32410 25690 18314 10948 5141 3604 2286 1614 1449 1487 1637 2330 3625 5294 11014 18707 26424 33706 36541 35340 33141 26355 18511 11124 3417 397 360 357 353
hg17:17:23 .9975 161.4056 161 71074 15-1
co17:18:20uf: UV fast  scan started
co17:21:18uf: UV fast  scan finished, incident DUV =  4.823518E-02 mW/m^2
hgscan 0narrow 302warm= 4.99368517:26:26JAN 01/19 359 359 387 405 2532 10409 19880 28109 36254 38889 40492 38669 30627 22203 13605 6396 4328 2840 1945 1783 1736 1980 2854 4400 6629 13806 22554 31196 39365 41926 40396 37681 29410 20700 10807 2728 419 388 361 367
hg17:27:44 .9982 162.3711 162 82418 14 0
sla 0 1053.10620 99668 7 847845 826173 813105 685469 516906rat-977.6055-855.9571-775.1641-1273.336
sla 0 1053.740620 99336 5 847622 825807 813232 685462 516225rat-976.4609-854.0039-775.8946-1279.125
sla 0 1054.390620 99550 4 847138 826962 813332 684688 516681rat-978.9414-865.3047-781.4883-1270.18
sla 0 1055.040620 99487 8 847205 825916 813291 684599 516400rat-979.8789-860.2149-781.8399-1272.02
sla 0 1055.690620 99165 6 847384 825838 813311 685218 516239rat-976.8047-855.7774-777.9258-1277.414
sla 0 1056.340620 99303 6 847318 826049 813230 685054 517143rat-977.5118-857.9844-778.5508-1268.609
sla 0 1056.990620 99610 2 848108 825758 812598 684185 517002rat-987.3399-862.0547-780.7188-1264.156
summary17:35:02JAN 01/19 95.08 8.262 14sl 0-979-859-779-1272 3092 1693 847517.2 516656.6 4 4 3 5 20 11 0 387
hgscan 0narrow 302warm= 4.99368517:42:27JAN 01/19 372 419 420 442 3823 15049 28103 40218 51894 55969 58162 55062 43864 32022 20121 9935 6859 4352 2932 2630 2596 2943 4300 6761 10031 20060 31833 43555 54866 58027 55995 51714 40359 27591 14870 3784 433 410 397 387
hg17:43:46 .9978 162.6463 163 116189 14 1
ap17:48:21 13.44-10.62 12.5 1610.56 14.87 5.03-15.05 23.52 0 2.08 0 0 5.08-8.03 .07 0 13.44-10.62 12.5 1599.62 14.87 5-15.05 23.75 33.15 2.08 0 0 5.08-7.99 1.68 10.14
hgscan 0narrow 302warm= 4.99368517:53:50JAN 01/19 389 395 394 428 4143 14052 24900 35465 44804 47685 49483 46073 36581 25805 15364 7622 5327 3383 2405 2134 2168 2404 3362 5368 7718 15666 26052 37059 46896 50315 48774 45560 36113 25312 14211 4217 429 402 412 402
hg17:55:09 .9981 161.6675 162 99798 14 0
hgscan 0narrow 302warm= 1182.50919:47:43JAN 01/19 359 394 337 388 3233 9963 17845 25063 31288 33498 34730 31683 24805 17565 10154 4808 3411 2195 1614 1369 1437 1595 2167 3538 4885 10156 17880 25314 32526 36210 34884 33072 26838 18879 10832 3521 424 413 361 364
hg19:49:02 .998 160.8858 161 70940 11-1
sla 0 1194.390620 100303 2 853586 832674 819178 689649 518339rat-974.8516-859.2578-778.6797-1283.828
sla 0 1195.040620 100337 2 853456 833542 819602 688561 518498rat-981.2109-870.9688-788.0352-1275.43
sla 0 1195.690620 100734 3 853643 832152 819022 688786 518629rat-980.7188-862.0234-783.3985-1275.789
sla 0 1196.340620 100153 2 853690 832383 818243 689197 518199rat-978.3164-860.6133-776.4883-1282.102
sla 0 1196.980620 100256 3 854735 831537 818045 688580 518403rat-987.8008-860.0508-779.4024-1276.367
sla 0 1197.630620 100427 4 853759 832750 818976 689409 518430rat-977.3203-861.2344-779.1368-1281.492
sla 0 1198.280620 100331 3 854311 833552 818177 688593 518683rat-985.4883-870.8125-780.0352-1274.063
summary19:56:20JAN 01/19 119.63 2.001 11sl 0-981-864-781-1278 3110 1700 853883 518454.5 5 5 4 4 16 10 547.4 223.5
hgscan 0narrow 302warm= 4.9936220:03:45JAN 01/19 404 421 410 447 3919 14293 26430 37959 47505 51334 53517 49443 39199 28245 17263 8365 5795 3600 2584 2319 2321 2571 3615 5732 8177 16612 27605 38778 49337 53580 51629 48022 38342 26654 14470 3967 457 428 386 391
hg20:05:03 .9984 161.8279 162 107097 11 0ed