version=2dh050118A Coruna 43.33  8.41  2.86pr1000
inst 0 -.4009 -1.0721 -1.9735 -3.417  0  .3365  2.35  1.1322  2950  2790  4.1E-08 162741688 0  5000  10000  15000  20000  25000 2972mkiv1 0  0  0  0  0  0  0  2579  0  240 -3  650  595  5252  176  2700  0  0  3469  75  .2  64  256  0 64 56 
disp 2811.3  .0708562 -4.30371E-07  2850.82  .070478 -4.75487E-07  2887.92  .0698651 -4.986331E-07  2923.36  .06928 -5.28082E-07  2957.81  .0689105 -6.02449E-07  2767.25  .0722084 -4.94575E-07  4216.95  .106284 -6.45556E-07  4276.23  .105717 -7.13231E-07  4331.87  .104798 -7.479501E-07  4385.05  .10392 -7.92124E-07  4436.71  .103366 -9.03674E-07  4150.88  .108313 -7.41862E-07 
zeni-.158066  .174348 -.036173  .774254 -.644936  .196861 -.996887  1.441229 -.328908 
co00:40:14re: Zenith discrepancy = -1
co00:41:32re: Azimuth discrepancy = -7
co00:41:46re: Found diode at step -239 Moving filterwheel #3 to o3 position at  240
hgscan 0narrow 302warm= 4.99366500:48:05JAN 05/18 251 252 297 428 4905 12210 20158 28039 32811 34248 35279 30373 23769 16349 7904 4587 3397 2107 1701 1486 1497 1700 2167 3438 4853 8590 16850 24065 31088 35979 35163 33638 29400 21066 12765 5541 402 242 242 250
hg00:49:24 .9935 158.7856 159 71258 14-3
hgscan 0narrow 302warm= 4.99366500:49:24JAN 05/18 221 259 240 285 3346 10588 18565 26881 33389 35271 36793 34276 27297 19584 11182 5609 3996 2726 1908 1663 1699 1841 2662 4020 5554 11477 19899 27484 34532 37421 35989 34119 27496 19009 10603 3466 285 275 238 238
hg00:50:42 .9977 161.5565 162 74214 14 0
co00:50:44hl: HL is done on extended range Brewers only. Skipping.
rso3JAN 05/1801:08:46 14 178651 10 1510366 1468883 1441208 1210313 911165 2593924 178576 5 1513590 1469254 1441028 1210842 911825 2593564 1.0004 2 .9979 .9997 1.0001 .9996 .9993 1.0001-9.619999E-02-.0841-.0758-.1233 .2984 .1634-.0695-.0969-.084-.0756-.1232 .2972 .1632-.0694
dto3JAN 05/1805:35:31 12 0 886629.5 38.44 42.15 40.06 40.05 40.19 1 381996.5 41.45 38.19 38.28 46.41 41.8 43.01 35.52 38.82 30.76 42.58    40.177 1.3    39.681 4.4
ap05:35:32 11.25-11.25 11.25 1610.56 14.87 5.03-15.05 23.52 0 9.92 0 0 5.08-8.03 .06 0 11.25-11.25 11.25 1599.62 14.87 5-15.05 23.63 0 9.270001 0 0 5.08-8.03 1.68 11.01
hgscan 0narrow 302warm= 4.99365305:41:01JAN 05/18 275 252 257 309 4215 12664 21858 32175 39174 41418 43215 39454 31575 23147 12984 6860 4931 3332 2282 2052 2027 2263 3289 4933 6744 12954 23080 31625 39728 43391 41370 39302 31909 21758 12376 4020 299 284 269 274
hg05:42:20 .9975 161.4555 161 86606 12-1
sla 0 347.690620 120078 3 1016710 988932 969684 814262 612295rat-1021.676-891.9102-795.2735-1288.406
sla 0 348.340620 119916 2 1018059 988611 969469 813673 611762rat-1030.887-893.6758-797.5078-1289.043
sla 0 348.990620 120519 5 1017785 989752 968877 813463 612414rat-1030.836-900.0312-795.9102-1283.152
sla 0 349.640620 120311 2 1017397 987827 969254 814077 611699rat-1025.734-887.8789-794.293-1291.715
sla 0 350.280620 120076 6 1016365 988725 968837 813076 611520rat-1026.668-897.4805-797.8633-1287.52
sla 0 350.930620 120061 1 1017384 987639 968351 812876 611793rat-1032.281-893.625-796.6953-1284.426
sla 0 351.580620 120170 1 1016711 987790 967755 812950 611088rat-1028.887-893.9062-793.5118-1289.957
summary05:49:38JAN 05/18 114.027 2.414 12sl 0-1028-894-796-1288 3093 1693 1017202 611795.8 4 4 2 3 12 8 706.6 446.9
hgscan 0narrow 302warm= 4.99365305:57:03JAN 05/18 252 244 242 287 3561 12301 21998 32518 40672 43680 45653 42918 34170 25392 14961 7682 5547 3749 2526 2286 2230 2504 3736 5533 7695 15265 25465 34080 42594 45567 43379 40749 32579 21815 12223 3647 287 255 240 241
hg05:58:21 .9975 162.4087 162 91220 12 0
co07:17:17az: Azimuth discrepancy = -19
hgscan 0narrow 302warm= 436.539507:21:39JAN 05/18 224 238 226 283 2532 8442 15085 21849 28026 29467 30811 28776 22644 16456 9246 4361 3158 2188 1472 1356 1375 1486 2128 3260 4526 9590 17047 23432 29576 31837 30707 29046 23129 16025 8753 2582 270 276 232 247
hg07:22:57 .9984 161.7306 162 62648 12 0
sla 0 448.310620 120041 4 1015992 988708 968568 813456 612253rat-1022.906-895.3125-794.5118-1284.281
sla 0 448.960620 120119 2 1016611 988389 968684 814278 611744rat-1021.137-889.3281-790.5313-1292.496
sla 0 449.610620 119929 0 1016969 987741 968987 813329 612119rat-1027.945-891.5977-797.1563-1284.543
sla 0 450.260620 120160 8 1017080 987268 968288 812492 611369rat-1033.063-894.0547-798.5235-1285.402
sla 0 450.90620 120037 4 1017633 987066 969403 813172 611730rat-1031.754-889.3789-799.9531-1286.52
sla 0 451.550620 120175 2 1016145 986931 968723 813528 612209rat-1023.195-886.8008-794.8399-1284.992
sla 0 452.20620 120211 3 1015600 988396 967969 813030 611051rat-1023.512-896.2266-794.0743-1290.668
summary07:30:15JAN 05/18 96.588 7.084 12sl 0-1026-892-796-1287 3092 1694 1016576 611782.1 5 4 3 3 13 6 706.6 387
hgscan 0narrow 302warm= 4.99368507:38:07JAN 05/18 269 266 264 279 3270 11605 21096 30832 38951 41354 43404 40851 32446 24031 14465 6980 5182 3458 2290 2109 2091 2314 3490 5134 7086 14715 24104 32360 40527 43548 41605 39321 31131 21156 11455 3142 280 257 250 264
hg07:39:26 .9977 162.3189 162 86952 12 0
co07:40:05uf: UV fast  scan started
co07:43:03uf: UV fast  scan finished, incident DUV =  2.632083E-03 mW/m^2
co07:57:47az: Azimuth discrepancy = -14
co07:59:03ze: Zenith discrepancy =  0
hgscan 0narrow 302warm= 4.99368508:04:11JAN 05/18 247 243 232 244 1438 7267 14196 21642 28814 31209 32612 31973 26114 19746 12785 5805 3800 2706 1693 1511 1505 1666 2648 3832 5846 13034 19909 26740 32792 33621 32425 30034 22362 15014 7731 1678 252 236 225 245
hg08:05:30 .9962 164.0457 164 66233 12 2
hgscan 0narrow 302warm= 4.99368508:05:30JAN 05/18 243 247 248 254 2767 8904 16522 24705 31589 33372 34897 32645 26359 19174 11680 5403 3787 2597 1724 1548 1538 1732 2579 3811 5453 11781 19465 26465 33092 35629 34212 32591 25483 17045 9289 2725 261 252 244 239
hg08:06:48 .9981 162.2763 162 70526 12 0
co08:07:28uf: UV fast  scan started
co08:10:25uf: UV fast  scan finished, incident DUV =  5.880548E-02 mW/m^2
um050118A Coruna 43.33 8.41 2.6pr10000 491.551640 4 567 1469 3608 6741 7222rat 10756.38 6607.826 2706.24 282.2188
um050118A Coruna 43.33 8.41 2.6pr10000 492.881640 1 9694 11987 15595 17602 11174rat 2567.723 1650.195 515.1367-1991.496
um050118A Coruna 43.33 8.41 2.6pr10000 494.211640 4 1413 3126 8103 15135 15838rat 10286.95 6836.405 2704.09 179.9688
um050118A Coruna 43.33 8.41 2.58pr10000 495.541640 5 16791 20927 27210 30421 19327rat 2558.93 1606.859 473.9688-1988.688
um050118A Coruna 43.33 8.41 2.58pr10000 496.871640 3 1691 3991 10492 20093 21644rat 10733.82 7004.623 2812.387 305.7735
um050118A Coruna 43.33 8.41 2.58pr10000 498.21640 3 17707 22599 30018 33494 21099rat 2746.106 1690.941 465.3477-2025.563
um050118A Coruna 43.33 8.41 2.58pr10000 499.531640 3 1535 3792 9997 19996 21781rat 11133.94 7205.918 3001.344 354.2188
um050118A Coruna 43.33 8.41 2.58pr10000 500.861640 1 21212 27519 36953 40858 25464rat 2824.895 1698.668 425.7735-2072.086
um050118A Coruna 43.33 8.41 2.58pr10000 502.191640 2 1967 4888 13132 26482 29004rat 11273.77 7322.449 3036.75 377.9727
um050118A Coruna 43.33 8.41 2.58pr10000 503.521640 4 25562 33575 45036 49033 30403rat 2807.402 1627.215 358.8047-2094.707
um050118A Coruna 43.33 8.41 2.58pr10000 504.851640 1 1561 4224 11764 24710 27692rat 11975.42 7655.059 3213.563 477.7461
um050118A Coruna 43.33 8.41 2.58pr10000 506.181640 3 23517 31168 41534 44858 27601rat 2782.82 1563.633 323.8203-2128
um050118A Coruna 43.33 8.41 2.58pr10000 507.511640 3 1760 4587 12838 27540 30851rat 11929.77 7769.629 3305.527 476.0469
um050118A Coruna 43.33 8.41 2.58pr10000 508.841640 3 24459 32690 43085 46468 28187rat 2765.43 1509.711 317.7422-2189.973
hgscan 0narrow 302warm= 4.99365308:34:47JAN 05/18 218 226 224 262 2606 8528 15083 22022 28389 30169 31228 29453 23748 17422 10775 4942 3383 2336 1519 1408 1403 1553 2349 3410 5017 10975 17888 24431 30560 32284 31153 29286 22452 15314 8360 2285 251 274 239 215
hg08:36:06 .9977 162.4785 162 63512 12 0
dsa0 516.950620 3 3 4 14 31 65 78rat 6034.242 2408.008 1027.047-1478.031
dsa0 517.60620 1 0 9 14 39 65 80rat 452.4688 1657.875-163.1094-1361.555
dsa0 518.250620 2 2 5 13 34 74 74rat 5812.899 3238.664 1182.633-2223.172
dsa0 518.90010620 0 2 4 14 35 73 83rat 7057.313 2886.117 1029.133-1612.164
dsa0 519.560620 1 0 4 21 30 82 89rat 5404.871 1165.391 2108.563-1790.813
summary08:38:15JAN 05/18 85.796 9.22 12ds 0 4952 2271 1037-1693 10370 4631 8 54.1 2588 856 808 337 3225 1226 15.9 39.6
summary08:38:15JAN 05/18 85.611 9.04 12aode 0 0 0 95 151 186 184 205.6 0 0 0 83 37 31 24 25.9 0
co08:40:25uf: UV fast  scan started
co08:43:23uf: UV fast  scan finished, incident DUV =  .7705605 mW/m^2
zsa0 523.950620 35 0 1610 4657 14507 36006 40442rat 13477.15 8868.688 3940.5 487.9492
zsa0 524.60620 44 3 1501 4371 13774 34121 38337rat 13556.1 8912.762 3932.527 489.3477
zsa0 525.250620 42 1 1544 4508 14541 36243 40536rat 13690.17 9039.309 3959.039 469.5274
zsa0 525.90620 39 3 1450 4214 13618 34140 37917rat 13708.97 9074.184 3984.453 439.0078
zsa0 526.550620 19 3 825 2207 7060 17294 19294rat 13208.36 8929.555 3882.77 458.3399
zsa0 527.20620 12 0 563 1576 5043 12443 13864rat 13422.33 8956.502 3912.692 452.5313
zsa0 527.850620 14 0 521 1618 5158 12669 14124rat 13837.25 8920.481 3892.953 455.0586
summary08:45:53JAN 05/18 84.717 8.217 12zs 0 13557 8957 3929 465 12071 6203-65.6 253.9 210 73 36 19 228 89 1.6 2.5
um050118A Coruna 43.33 8.41 2.6pr10000 529.151640 3 1708 5012 16094 39157 43532rat 13589.74 8914.035 3852.902 443.043
um050118A Coruna 43.33 8.41 2.6pr10000 530.481640 4 22311 29114 32804 32223 18605rat 1573.793 422.0625-88.48438-2404.137
um050118A Coruna 43.33 8.41 2.6pr10000 531.811640 3 783 2509 8231 20093 22268rat 14086.67 9022.479 3866.957 429.2774
um050118A Coruna 43.33 8.41 2.6pr10000 533.141640 2 36602 47395 52323 51584 29624rat 1467.652 349.293-72.65235-2427.867
um050118A Coruna 43.33 8.41 2.6pr10000 534.471640 3 2733 8447 28333 69846 76252rat 14061.14 9161.649 3911.172 364.2852
um050118A Coruna 43.33 8.41 2.6pr10000 535.81640 4 57308 73855 80503 78357 45357rat 1336.66 238.4727-128.332-2394.383
um050118A Coruna 43.33 8.41 2.6pr10000 537.131640 1 2719 8581 29758 73789 80870rat 14319.2 9331.184 3936.567 381.1953
um050118A Coruna 43.33 8.41 2.58pr10000 538.461640 3 116682 149278 160709 156030 90283rat 1241.461 173.7852-139.5078-2398.531
um050118A Coruna 43.33 8.41 2.58pr10000 539.791640 6 2564 8537 29590 73869 80180rat 14587.12 9360.477 3966.328 339.2383
um050118A Coruna 43.33 8.41 2.58pr10000 541.121640 5 91115 116343 123668 119343 68976rat 1150.645 91.93359-165.7695-2402.367
um050118A Coruna 43.33 8.41 2.58pr10000 542.451640 2 2952 10457 36892 91349 99457rat 14891.91 9401.121 3931.277 352.6328
um050118A Coruna 43.33 8.41 2.58pr10000 543.781640 4 78811 99835 103933 99714 57147rat 999.6797-24.14844-191.1289-2438.391
um050118A Coruna 43.33 8.41 2.58pr10000 545.111640 1 2531 9088 32239 78648 85233rat 14907.85 9359.152 3865.934 332.3945
um050118A Coruna 43.33 8.41 2.58pr10000 546.441640 2 60300 76008 78219 74936 42799rat 921.2109-80.64453-197.2969-2452.473
um050118A Coruna 43.33 8.41 2.58pr10000 547.771640 4 2477 9152 33317 81359 87816rat 15154.05 9477.324 3870.625 314.8789
um050118A Coruna 43.33 8.41 2.58pr10000 549.11640 3 89755 112636 115223 109549 62582rat 843.375-139.8047-230.5742-2452.656
um050118A Coruna 43.33 8.41 2.58pr10000 550.431640 2 2542 9701 35502 86395 92705rat 15299.28 9484.609 3855.641 289.3242
um050118A Coruna 43.33 8.41 2.58pr10000 551.761640 4 78700 97793 99034 94262 53978rat 761.1836-178.8594-225.6797-2441.793
hgscan 0narrow 302warm= 4.99368509:17:43JAN 05/18 216 226 222 250 2087 7840 14295 20977 27210 28931 30113 28521 22781 16548 10360 4875 3238 2171 1438 1329 1353 1487 2180 3244 4991 10631 17119 23398 29271 31235 30103 28492 21503 14798 8160 2173 293 228 231 287
hg09:19:01 .998 162.5167 163 61348 12 1
dsa0 559.880620 6 2 15 58 214 495 470rat 12086.16 7163.621 2578.86-1262.211
dsa0 560.530620 1 1 19 76 242 557 544rat 11224.68 6435.344 2552.965-1130.781
dsa0 561.180620 1 1 24 66 271 634 661rat 10752.29 7637.883 2631.227-838.6172
dsa0 561.830620 1 3 19 93 296 671 684rat 12590.98 6476.094 2518.36-928.3203
dsa0 562.480620 2 0 30 90 313 738 714rat 10322.01 6926.282 2672.656-1147.801
summary09:21:10JAN 05/18 79.959 5.231 12ds 0 11395 6928 2591-1062 14792 7437-22.2 254.8 936 502 62 173 1101 497 15.1 27.2
summary09:21:10JAN 05/18 79.792 5.16 12aode 0 0 0 1163 1108 1142 1123 1133.3 0 0 0 105 42 28 14 7 0
co09:23:21uf: UV fast  scan started
co09:26:17uf: UV fast  scan finished, incident DUV =  3.216864 mW/m^2
zsa0 566.850620 107 3 4158 17697 62368 135413 138089rat 15127.59 8837.75 3367.703 68.08594
zsa0 567.50620 105 2 4361 18463 65117 140847 143612rat 15091.16 8825.098 3351.629 67.54297
zsa0 568.140620 91 1 4228 18442 64884 140972 143871rat 15228.63 8833.719 3371.078 71.53125
zsa0 568.790620 98 0 4387 19154 67123 145534 148086rat 15206.31 8807.914 3362.379 58.57813
zsa0 569.440620 115 2 4352 19473 68305 147680 150257rat 15306.96 8800.43 3350.371 58.21875
zsa0 570.090620 111 2 4318 19274 67448 145056 147766rat 15262.77 8766.801 3327.051 63.4961
zsa0 570.740620 123 3 5133 22608 79109 169578 171891rat 15194.46 8755.676 3314.883 41.87891
summary09:28:47JAN 05/18 78.993 4.847 12zs 0 15203 8804 3349 61 15006 7025-49.3 338.5 75 32 21 10 87 14 1.1 2.4
um050118A Coruna 43.33 8.41 2.6pr10000 572.051640 1 12702 52641 179002 374691 377537rat 14702.95 8529.879 3212.684 15.76563
um050118A Coruna 43.33 8.41 2.6pr10000 573.371640 4 198156 230824 204946 185717 103407rat-306.211-966.7071-440.2071-2566.832
um050118A Coruna 43.33 8.41 2.6pr10000 574.711640 2 9000 38054 129638 269059 269735rat 14753.58 8493.828 3171.262-6.367188
um050118A Coruna 43.33 8.41 2.6pr10000 576.041640 5 292018 335865 294298 265636 147513rat-436.9922-1043.18-458.0899-2581.184
um050118A Coruna 43.33 8.41 2.6pr10000 577.371640 3 13341 57043 193217 394808 394200rat 14719.06 8409.594 3108.438-24.0625
um050118A Coruna 43.33 8.41 2.6pr10000 578.691640 4 305907 351522 307522 278225 155096rat-437.7852-1040.199-447.918-2564.957
um050118A Coruna 43.33 8.41 2.6pr10000 580.031640 3 4162 18651 63112 129387 129173rat 14914.98 8402.231 3112.238-24.53125
um050118A Coruna 43.33 8.41 2.6pr10000 581.351640 5 134126 153736 133662 120244 66512rat-499.2813-1088.645-471.3282-2593.285
um050118A Coruna 43.33 8.41 2.6pr10000 582.691640 1 4412 19773 66864 134679 134301rat 14834.06 8322.535 3035.57-29.5586
um050118A Coruna 43.33 8.41 2.6pr10000 584.011640 3 212263 240556 204652 182653 100455rat-678.4844-1219.309-506.4336-2620.34
um050118A Coruna 43.33 8.41 2.6pr10000 585.351640 4 9696 42573 141129 277575 273912rat 14566.82 8142.282 2937.559-75.30469
um050118A Coruna 43.33 8.41 2.58pr10000 586.671640 7 316469 357548 303140 270811 149994rat-703.9297-1232.391-503.1328-2592.785
um050118A Coruna 43.33 8.41 2.58pr10000 588.011640 3 21932 89516 287646 551426 539969rat 14022.5 7913.379 2836.274-109.4063
um050118A Coruna 43.33 8.41 2.58pr10000 589.331640 4 606436 672938 557678 494991 272709rat-914.3789-1366.762-533.6368-2623.828
um050118A Coruna 43.33 8.41 2.58pr10000 590.671640 4 37044 134947 410529 748873 715973rat 13089.71 7472.106 2626.656-215.0547
um050118A Coruna 43.33 8.41 2.58pr10000 591.991640 8 727830 789669 635828 556825 303259rat-1200.399-1554.676-593.3008-2676.414
um050118A Coruna 43.33 8.41 2.58pr10000 593.331640 6 36209 136140 417102 760171 727683rat 13254.95 7499.77 2623.098-209.6016
um050118A Coruna 43.33 8.41 2.58pr10000 594.651640 5 686692 753236 615776 545304 299017rat-1036.145-1438.332-544.254-2646.195
um050118A Coruna 43.33 8.41 2.58pr10000 595.991640 2 43834 156324 465110 823626 779091rat 12777.18 7250.942 2499.422-262.3008
um050118A Coruna 43.33 8.41 2.58pr10000 597.311640 4 807962 868619 688825 599934 326865rat-1333.125-1647.563-617.9453-2676.254
hgscan 0narrow 302warm= 4.99368510:03:16JAN 05/18 212 250 233 244 2421 8082 14502 21327 27197 28811 29792 28076 22363 16292 9991 4577 3182 2155 1439 1299 1292 1424 2165 3203 4547 10082 16511 22476 28609 31122 29990 28633 22821 15299 8882 2887 257 226 235 208
hg10:04:35 .9977 161.821 162 60914 12 0
dsa0 605.450620 1 1 106 410 1281 2193 2072rat 10756.66 5785.504 1619.266-933.1172
dsa0 606.10620 1 0 111 470 1399 2525 2331rat 11139.85 5802.324 1850.434-1030.875
dsa0 606.750620 2 2 116 502 1486 2684 2611rat 11296.31 5801.926 1859.266-800.6758
dsa0 607.40620 3 1 103 509 1526 2680 2567rat 11785.4 5734.832 1739.223-864.9727
dsa0 608.050620 1 4 121 522 1533 2656 2541rat 11155.16 5612.094 1686.66-867.6719
summary10:06:45JAN 05/18 74.572 3.611 12ds 0 11227 5747 1751-899 14105 6401-3.1 283.9 371 81 104 87 366 184 6.7 13.7
summary10:06:45JAN 05/18 74.432 3.582 12aode 0 0 0 1752 1767 1801 1812 1835 0 0 0 48 25 19 19 15.6 0
co10:08:55uf: UV fast  scan started
co10:11:52uf: UV fast  scan finished, incident DUV =  8.298706 mW/m^2
zsa0 612.430620 191 3 11519 47784 142328 247845 234956rat 13342.09 7161.719 2414.738-251.2969
zsa0 613.080620 207 1 11613 48133 142963 249530 235718rat 13335.74 7159.606 2424.973-266.8008
zsa0 613.730620 188 0 12485 51901 155007 269902 255945rat 13364.86 7175.668 2415.836-250.1172
zsa0 614.380620 219 1 12746 53212 158128 275983 261332rat 13373.02 7164.922 2426.52-256.5391
zsa0 615.030620 215 2 12955 53670 160492 278059 263246rat 13335.55 7160.567 2394.582-257.4219
zsa0 615.680620 228 3 13177 54194 161007 278479 262953rat 13268.64 7124.969 2387.223-268.918
zsa0 616.330620 213 2 13433 55460 163673 283405 267550rat 13261.63 7101.352 2392.399-269.8555
summary10:14:22JAN 05/18 73.77201 3.451 12zs 0 13326 7150 2408-260 14158 6388-30.2 361.8 44 27 16 8 27 13 .5 2
um050118A Coruna 43.33 8.41 2.6pr10000 617.641640 4 63183 225442 638967 1065471 990228rat 12325.4 6793.016 2243.981-341.4531
um050118A Coruna 43.33 8.41 2.58pr10000 618.961640 3 1029924 1083212 826404 715907 389294rat-1628.336-1846.914-643-2688.985
um050118A Coruna 43.33 8.41 2.58pr10000 620.31640 7 65708 231992 655059 1081963 1003048rat 12223.24 6736.199 2202.719-352.5977
um050118A Coruna 43.33 8.41 2.58pr10000 621.621640 6 1027225 1073331 811922 698591 378493rat-1724.441-1914.027-672.7813-2704.344
um050118A Coruna 43.33 8.41 2.58pr10000 622.961640 5 69082 240403 672807 1099746 1017036rat 12077.61 6653.071 2157.438-363.5547
um050118A Coruna 43.33 8.41 2.58pr10000 624.281640 5 1069107 1116992 843035 725427 394099rat-1735.531-1924.879-672.7383-2693.477
um050118A Coruna 43.33 8.41 2.58pr10000 625.621640 3 72444 254060 708254 1154421 1067150rat 12085.99 6627.157 2146.77-365.7617
um050118A Coruna 43.33 8.41 2.58pr10000 626.941640 1 1109872 1157284 869638 749586 406417rat-1757.133-1937.828-665.5899-2703.027
um050118A Coruna 43.33 8.41 2.58pr10000 628.281640 5 75632 263122 730730 1183830 1092483rat 12010.44 6585.891 2120.942-373.461
um050118A Coruna 43.33 8.41 2.6pr10000 629.61640 6 1159949 1209784 914732 789864 429714rat-1722.332-1904.25-658.2422-2689.652
um050118A Coruna 43.33 8.41 2.6pr10000 630.931640 5 74815 266387 743887 1207894 1118690rat 12147.02 6621.426 2131.738-357.7383
um050118A Coruna 43.33 8.41 2.6pr10000 632.261640 8 1138091 1190835 899585 776891 423363rat-1710.906-1907.113-657.461-2681.879
um050118A Coruna 43.33 8.41 2.6pr10000 633.591640 6 67924 246981 691181 1124996 1043502rat 12251.81 6635.957 2139.59-350.4766
um050118A Coruna 43.33 8.41 2.6pr10000 634.921640 4 1094877 1138861 853053 734485 398546rat-1786.441-1956.238-670.2305-2699
um050118A Coruna 43.33 8.41 2.6pr10000 636.251640 7 59520 221102 625672 1022671 952763rat 12403.78 6696.313 2154.848-330.461
um050118A Coruna 43.33 8.41 2.6pr10000 637.581640 0 781292 826551 629689 546884 300135rat-1591.5-1834.871-629.6915-2642.559
um050118A Coruna 43.33 8.41 2.6pr10000 638.911640 5 66205 240976 673617 1093758 1015666rat 12238.39 6618.496 2127.961-345.3242
um050118A Coruna 43.33 8.41 2.6pr10000 640.241640 6 1124649 1166468 869905 747292 405364rat-1829.27-1986.406-680.4415-2700.902
um050118A Coruna 43.33 8.41 2.6pr10000 641.571640 9 64769 239114 668473 1081727 1004328rat 12284.99 6603.375 2112.664-345.9844
um050118A Coruna 43.33 8.41 2.6pr10000 642.91640 6 791933 833252 629159 545869 298231rat-1659.27-1878.633-634.1485-2662.235
um050118A Coruna 43.33 8.41 2.6pr10000 644.231640 6 30373 117401 334683 549370 513366rat 12591.61 6717.172 2158.465-314.5469
um050118A Coruna 43.33 8.41 2.6pr10000 645.561640 3 842014 880809 662774 573128 311889rat-1715.781-1909.707-649.0743-2680.457
um050118A Coruna 43.33 8.41 2.6pr10000 646.891640 3 61740 231928 651262 1054740 980883rat 12380.96 6624.477 2115.391-338.5547
um050118A Coruna 43.33 8.41 2.6pr10000 648.221640 3 996005 1043196 783461 678305 369702rat-1717.477-1917.516-645.1211-2677.485
um050118A Coruna 43.33 8.41 2.6pr10000 649.551640 3 60178 220706 611841 982247 910082rat 12177.29 6525.657 2074.606-354.5235
um050118A Coruna 43.33 8.41 2.6pr10000 650.881640 10 1146294 1189117 884412 761780 414332rat-1829.27-1987.211-668.8828-2689.723
um050118A Coruna 43.33 8.41 2.6pr10000 652.211640 4 87044 312316 857451 1359766 1258063rat 12015.2 6453.703 2032.348-363.2305
um050118A Coruna 43.33 8.41 2.6pr10000 653.541640 5 1508675 1558604 1152631 991588 539594rat-1888.359-2029.055-677.4141-2696.059
um050118A Coruna 43.33 8.41 2.6pr10000 654.871640 5 113393 377657 1004351 1548025 1414671rat 11443.22 6202.09 1912.344-419.4766
um050118A Coruna 43.33 8.41 2.6pr10000 656.21640 7 1423296 1452432 1055822 898605 484748rat-2063.457-2149.039-723.6915-2730.817
um050118A Coruna 43.33 8.41 2.6pr10000 657.531640 8 116311 381320 1005915 1539634 1400962rat 11308.45 6135.61 1881.172-438.5977
um050118A Coruna 43.33 8.41 2.6pr10000 658.861640 5 1439708 1463630 1060207 900127 485252rat-2107.125-2175.84-734.5743-2733.727
dsa0 660.50620 498 2 28519 121480 373475 632973 624706rat 11696.25 6099.93 1784.672-585.0156
dsa0 661.150620 115 0 7723 32489 99689 171058 166153rat 11620.27 6087.551 1808.899-652.6406
dsa0 661.80620 19 1 1184 4712 13891 23152 22118rat 11064.29 5771.61 1673.992-723.0391
dsa0 662.450620 17 2 888 3554 10305 16948 15984rat 10968.34 5644.969 1617.258-777.7149
dsa0 663.10620 27 1 1548 6258 18806 31373 29985rat 11228.52 5864.977 1680.961-718.879
summary11:01:47JAN 05/18 69.567 2.8 12ds 0 11316 5894 1713-691 13528 6213-3.2 346.2 328 199 81 74 124 57 1.3 6
summary11:01:47JAN 05/18 69.471 2.789 12aode 0 0 0 1517 1515 1530 1535 1545.4 0 0 0 535 541 548 552 557.7 0
co11:03:57uf: UV fast  scan started
co11:06:55uf: UV fast  scan finished, incident DUV =  15.35668 mW/m^2
hgscan 0narrow 302warm= 4.9936211:12:03JAN 05/18 236 221 249 237 1958 8136 15580 22305 27577 29404 30467 28607 22931 16237 8622 4436 3195 2144 1445 1324 1323 1506 2199 3286 4427 8760 16559 23265 29432 31676 30564 29091 23408 16558 8977 2426 252 237 224 218
hg11:13:21 .9984 161.4768 161 62143 12-1
dsa0 673.930620 7 4 384 1440 3849 5682 5121rat 9959.266 4867.891 1167.41-957.1446
dsa0 674.590620 5 0 449 1531 4214 6493 5826rat 9820.461 5174.27 1352.934-975.2227
dsa0 675.240620 4 2 404 1481 4054 6152 5515rat 10068.12 5090.571 1288.399-978.4531
dsa0 675.890620 6 0 428 1475 3987 6090 5537rat 9756.562 5061.711 1316.988-916.1055
dsa0 676.540620 6 1 424 1522 4053 6122 5566rat 9832.859 4952.367 1269.742-915.3594
summary11:15:14JAN 05/18 68.639 2.69 12ds 0 9887 5029 1279-948 12923 6002-1.9 337.2 125 120 70 31 205 124 4.9 13.4
summary11:15:14JAN 05/18 68.556 2.681 12aode 0 0 0 2450 2470 2507 2535 2564.1 0 0 0 23 22 20 19 18.9 0
dsa0 677.270620 11 0 369 1322 3379 5084 4587rat 9623.531 4757.418 1253.453-947.4844
dsa0 677.920620 11 1 372 1333 3406 5049 4578rat 9571.754 4695.399 1190.047-925.3868
dsa0 678.570620 8 2 399 1377 3533 5492 4817rat 9645.391 4923.981 1397.754-1068.906
dsa0 679.220620 4 1 367 1322 3256 5015 4435rat 9607.738 4706.004 1358.242-1032.129
dsa0 679.880620 9 0 356 1226 3149 4701 4194rat 9451.278 4752.133 1223.004-992.9609
summary11:18:34JAN 05/18 68.429 2.666 12ds 0 9580 4767 1285-993 12759 5813 4.7 319.2 77 92 89 59 221 140 4.4 15.9
summary11:18:34JAN 05/18 68.349 2.657 12aode 0 0 0 2506 2565 2615 2639 2676 0 0 0 37 33 28 30 28.6 0
zsa0 680.720620 637 1 44345 152752 406436 621763 570772rat 11536.05 6152.43 1870.227-397.2149
zsa0 681.370620 609 1 42335 144388 380750 579447 529431rat 11424.85 6085.321 1844.871-417.4453
zsa0 682.020620 591 2 38487 128142 333450 500808 454551rat 11193.29 5960.168 1782.379-445.6485
zsa0 682.670620 474 0 35156 114852 294358 438033 394344rat 10995.01 5845.992 1738.399-480.6289
zsa0 683.320620 480 1 34237 111195 284239 420253 378928rat 10927.51 5804.336 1709.129-473.4727
zsa0 683.970620 475 5 35163 114847 294251 436748 393693rat 10981.75 5833.367 1727.055-474.9492
zsa0 684.620620 500 1 35986 117734 300629 445246 401704rat 10965.74 5810.028 1717.949-471.2344
summary11:22:40JAN 05/18 68.181 2.638 12zs 0 11146 5927 1770-452 12591 5810-18.5 371.5 246 142 65 33 143 56 .9 5.8
dsa0 685.460620 5 2 527 1628 4354 6509 5859rat 9200.722 4952.957 1236.961-947.6641
dsa0 686.110620 17 2 766 2221 5999 9249 8327rat 9100.535 5130.703 1371.633-946.1055
dsa0 686.770620 19 2 1246 4382 12128 19064 17831rat 10128.96 5321.981 1456.785-779.6953
dsa0 687.420620 24 1 1800 6360 17852 28521 26837rat 10281.25 5455.785 1528.672-752.7774
dsa0 688.070620 28 3 1722 6216 17658 27765 26134rat 10364.28 5441.149 1460.297-750.6836
summary11:26:45JAN 05/18 67.945 2.613 12ds 0 9815 5261 1411-835 12488 5975-6.9 344.1 614 216 112 102 288 51 5.6 5.8
summary11:26:45JAN 05/18 67.872 2.605 12aode 0 0 0 2283 2273 2295 2303 2316.9 0 0 0 255 243 249 252 255.8 0
dsa0 688.80620 45 3 2824 10320 29124 46805 44177rat 10486.51 5510.68 1556.973-738.168
dsa0 689.450620 64 0 4251 15787 45027 72627 68606rat 10620.34 5576.309 1574.945-734.0547
dsa0 690.110620 14 0 1102 3730 9994 15633 14327rat 9807.055 5166.235 1439.051-864.4336
dsa0 690.760620 19 2 1048 3656 9942 15448 14239rat 9983.832 5204.93 1411.043-838.8086
dsa0 691.410620 54 2 3759 13560 38722 62038 58611rat 10478.42 5556.239 1547.367-731.2618
summary11:30:06JAN 05/18 67.761 2.593 12ds 0 10275 5403 1506-781 12776 5978-3 347 357 200 75 65 156 56 1.1 6.3
summary11:30:06JAN 05/18 67.692 2.586 12aode 0 0 0 1981 1985 2007 2014 2027.6 0 0 0 274 282 289 292 296.6 0
dsa0 692.190620 47 1 2894 10623 30254 48254 45189rat 10520.73 5523.25 1526.859-770.1563
dsa0 692.850620 20 1 1462 4993 14124 22396 20798rat 10152.74 5467.266 1500.774-805.7071
dsa0 693.50620 12 0 678 2026 5637 8435 7621rat 9246.805 5142.821 1248.797-924.1016
dsa0 694.150620 10 3 494 1678 4310 6392 5667rat 9443.399 4763.473 1211.461-1005.922
dsa0 694.80620 7 3 469 1590 4208 6146 5519rat 9502.363 4828.879 1145.75-949.6641
summary11:33:29JAN 05/18 67.583 2.574 13ds 0 9773 5145 1327-891 12625 5997-6.1 351.6 539 351 175 100 286 117 7 12.8
summary11:33:29JAN 05/18 67.517 2.568 13aode 0 0 0 2378 2375 2403 2421 2442.1 0 0 0 335 341 349 359 366.3 0
co11:35:39uf: UV fast  scan started
co11:38:36uf: UV fast  scan finished, incident DUV =  17.24918 mW/m^2
hgscan 0narrow 302warm= 4.99368511:43:44JAN 05/18 227 229 236 276 1631 7512 15100 21892 27921 29968 31496 30143 24529 17767 10117 4892 3540 2362 1530 1381 1443 1560 2426 3633 5025 10380 18061 25187 31016 32533 31630 29347 23209 16423 8268 1840 252 237 224 223
hg11:45:03 .9982 162.6378 163 64029 13 1
dsa0 705.630620 30 2 1930 6730 18394 28508 26312rat 10037.97 5244.953 1413.899-821.0821
dsa0 706.280620 16 1 1092 3849 10172 15553 14215rat 9879.336 5039.578 1354.875-862.9609
dsa0 706.930620 19 2 1125 3895 10352 15878 14526rat 9845.297 5079.86 1369.242-858.2774
dsa0 707.580620 19 2 1126 3769 9943 15151 13883rat 9639.676 5020.27 1341.285-850.8164
dsa0 708.240620 52 2 3115 10700 29527 45727 42625rat 10019.62 5289.762 1413.656-776.0274
summary11:46:55JAN 05/18 66.963 2.511 13ds 0 9884 5135 1379-834 12553 5863-.6 344.7 161 124 34 36 123 55 2.3 6.4
summary11:46:55JAN 05/18 66.911 2.506 13aode 0 0 0 2246 2265 2292 2304 2323.8 0 0 0 171 184 189 192 196.1 0
dsa0 708.970620 75 3 5123 17923 49771 77662 72581rat 10165.68 5354.832 1448.828-764.5821
dsa0 709.620620 15 3 1180 3955 10549 16050 14836rat 9694.941 5065.426 1336.356-811.4024
dsa0 710.270620 8 2 660 1936 4954 7348 6513rat 8827.664 4775.742 1226.07-993.1914
dsa0 710.920620 11 1 644 1982 4988 7380 6608rat 8948.578 4691.727 1215.328-948.7266
dsa0 711.570620 11 2 778 2366 6115 9039 8213rat 9014.496 4805.742 1212.086-884.5547
summary11:50:16JAN 05/18 66.831 2.498 13ds 0 9330 4939 1288-880 12148 5792-3.1 337.9 576 271 104 94 306 100 3.2 11.4
summary11:50:16JAN 05/18 66.781 2.493 13aode 0 0 0 2450 2460 2488 2499 2518.7 0 0 0 392 396 404 406 411.2 0
zsa0 712.420620 858 4 66703 216873 557224 824977 754050rat 11019.2 5880.067 1736.156-420.8633
zsa0 713.070620 738 1 51389 168655 436218 649678 592846rat 11088 5913.512 1752.719-425.5664
zsa0 713.720620 396 1 31283 103516 269023 402112 367637rat 11123.34 5920.192 1755.035-413.5547
zsa0 714.370620 306 0 23144 77063 201295 302275 276797rat 11177.82 5950.559 1769.93-405.207
zsa0 715.010620 198 2 15734 53504 140935 213087 195048rat 11322.93 6006.399 1795.031-405.7656
zsa0 715.660620 151 3 11628 39976 105852 160213 147520rat 11390.52 6027.582 1796.828-379.2305
zsa0 716.310620 134 5 10141 35487 94163 142006 130909rat 11459.18 6019.032 1780.109-373.8867
summary11:54:21JAN 05/18 66.679 2.483 13zs 0 11226 5960 1769-403 12517 5761-15.7 382.8 166 58 23 20 110 23 1 3.2
dsa0 717.160620 3 2 131 479 1233 1814 1583rat 9840.369 4785.442 1196.785-1056.887
dsa0 717.810620 2 0 137 417 1054 1541 1415rat 8876.742 4666.461 1167.758-834.7149
dsa0 718.460620 0 2 126 438 1082 1585 1416rat 9427.809 4590.539 1179.09-954.2188
dsa0 719.110620 4 1 138 475 1248 1752 1604rat 9434.176 4666.477 993.0859-847.0703
dsa0 719.760620 3 1 142 463 1242 1842 1597rat 9528.168 4996.324 1232.106-1083.418
summary11:58:27JAN 05/18 66.54 2.47 13ds 0 9421 4741 1154-955 12478 5788 2.1 341.4 348 159 93 115 670 303 8.600001 36.6
summary11:58:27JAN 05/18 66.499 2.467 13aode 0 0 0 3271 3309 3348 3380 3411.9 0 0 0 81 74 62 48 38.2 0
dsa0 720.50620 1 0 131 485 1235 1724 1526rat 9564.387 4501.324 968.5274-992.4922
dsa0 721.150620 5 2 129 407 1084 1575 1461rat 9302.238 4886.887 1145.219-789.0313
dsa0 721.80620 5 1 137 451 1118 1685 1499rat 9301.676 4725.848 1303.289-970.4258
dsa0 722.450620 3 1 149 496 1282 1927 1668rat 9518.91 4895.883 1291.863-1088.992
dsa0 723.10620 2 2 148 536 1318 1953 1654rat 9635.297 4623.324 1231.18-1183.91
summary12:01:47JAN 05/18 66.437 2.46 13ds 0 9465 4727 1188-1005 12680 5841 2.5 349.2 154 170 138 148 605 204 6.2 25
summary12:01:47JAN 05/18 66.399 2.457 13aode 0 0 0 3246 3294 3343 3376 3415.2 0 0 0 114 88 64 51 34.4 0
dsa0 759.530620 28 2 1947 6185 16498 24525 22393rat 9420.074 5003.856 1254.535-846.3868
dsa0 760.180620 24 0 1989 6126 16128 24414 22326rat 9303.559 5024.723 1333.223-839.668
dsa0 760.830620 287 2 21675 71321 192092 291231 272552rat 9735.504 5162.145 1354.297-741.9063
dsa0 761.490620 1812 3 124892 413510 1106165 1666401 1566442rat 9918.738 5280.703 1407.641-737.2891
dsa0 762.140620 1067 6 74861 246821 659373 993719 934224rat 9788.824 5187.543 1367.867-729.1094
summary12:40:50JAN 05/18 65.88201 2.409 12ds 0 9633 5132 1344-779 12126 5784-3.1 349.6 260 116 57 59 102 39 1.9 4.9
summary12:40:50JAN 05/18 65.885 2.41 12aode 0 0 0 1531 1530 1546 1552 1562.4 0 0 0 826 825 830 833 836.7 0
co12:42:59uf: UV fast  scan started
co12:45:57uf: UV fast  scan finished, incident DUV =  20.16277 mW/m^2
hgscan 0narrow 302warm= 4.99368512:51:05JAN 05/18 221 243 240 261 2417 8250 15214 22713 27834 29169 30619 28090 22499 16227 8933 4233 3187 2078 1419 1298 1334 1452 2135 3210 4435 9146 16303 22748 28769 31781 30728 29254 24082 16754 9073 2966 267 232 228 228
hg12:52:23 .998 161.1658 161 62400 12-1
dsa0 772.970620 31 2 2053 6500 17127 25420 23229rat 9340.926 4941.051 1246.426-844.1328
dsa0 773.620620 2946 5 210222 691102 1806305 2663462 2518595rat 9859.422 5222.766 1375.531-723.1328
dsa0 774.280620 2660 3 185866 609785 1598303 2363732 2231005rat 9822.484 5204.125 1368.172-728.2266
dsa0 774.930620 1016 3 72738 239077 640417 965312 905414rat 9777.477 5192.93 1365.258-740.8438
dsa0 775.580620 2465 5 173082 568455 1500317 2234210 2106084rat 9863.824 5245.93 1390.781-732.9531
summary12:54:16JAN 05/18 65.973 2.417 12ds 0 9733 5161 1349-754 12145 5768-2 346.4 222 125 58 51 63 17 .7 2
summary12:54:16JAN 05/18 65.989 2.418 12aode 0 0 0 927 928 941 947 955.8 0 0 0 815 817 822 826 829.7 0
dsa0 776.310620 316 6 23105 76197 204051 306021 287138rat 9666.938 5085.91 1304.664-734.0665
dsa0 776.960620 1852 5 129803 425886 1128923 1686244 1587086rat 9795.774 5199.258 1367.125-735.3125
dsa0 777.610620 2577 3 180831 595678 1573663 2344820 2212525rat 9898.93 5266.086 1399.695-731.6797
dsa0 778.260620 3060 3 214980 706879 1855369 2749301 2598768rat 9910.008 5272.594 1402.727-728.625
dsa0 778.910620 3121 8 224584 737814 1936962 2867932 2705798rat 9924.809 5287.813 1407.617-739.5703
summary12:57:36JAN 05/18 66.017 2.421 13ds 0 9839 5222 1376-734 12188 5782-2 347.5 109 84 43 4 109 62 1.6 7.5
summary12:57:36JAN 05/18 66.037 2.423 13aode 0 0 0 651 651 662 666 673.3 0 0 0 396 402 401 403 403.1 0
zsa0 779.760620 872 1 64348 192088 473930 675208 604010rat 10282.84 5517.934 1559.008-512.8399
zsa0 780.410620 814 4 60087 179247 439778 625386 558707rat 10240.24 5479.492 1548.305-517.7813
zsa0 781.060620 870 2 65088 197854 490379 704037 632820rat 10419.41 5574.887 1594.481-492.086
zsa0 781.70620 879 3 63843 192100 473861 677386 606315rat 10331.61 5532.043 1574.008-510.2774
zsa0 782.350620 853 3 63898 195310 487039 701490 632579rat 10483.64 5615.356 1608.543-477.625
zsa0 7830620 880 3 67289 209499 528739 767378 695398rat 10659.21 5709.219 1645.731-456.875
zsa0 783.650620 863 2 64450 198621 499474 724357 654408rat 10589.19 5684.86 1640.106-469.7891
summary13:01:42JAN 05/18 66.085 2.428 12zs 0 10429 5588 1596-491 12001 5625-15.9 372.3 157 86 38 24 83 29 .5 3.4
dsa64 784.540620 527 2 35991 120863 327743 501088 466969rat 9905.68 5244.422 1398.391-767.0703
dsa64 785.190620 453 3 32433 107758 292570 445670 416154rat 9839.258 5226.25 1378.734-758.0078
dsa64 785.850620 838 3 59350 197747 537092 818048 765169rat 9908.133 5273.297 1399.438-754.7813
dsa64 786.50620 592 4 40757 136792 371519 567534 531063rat 9913.977 5254.227 1397.711-750.4063
dsa64 787.150620 591 6 39557 132937 362523 553776 517746rat 9934.074 5269.43 1396.438-754.3906
summary13:05:50JAN 05/18 66.166 2.435 12ds 1 9900 5254 1394-757 12322 5843-3.1 353 36 19 9 6 37 14 .5 1.7
summary13:05:50JAN 05/18 66.194 2.438 12aode 1 0 0 723 717 729 732 738.8 0 0 0 93 95 95 95 95.6 0
dsa64 787.880620 284 1 18987 63412 173005 264900 246893rat 9873.196 5244.25 1389.359-766.5938
dsa64 788.540620 128 2 8963 30311 82700 126643 117699rat 9907.406 5227.711 1381.914-777.8516
dsa64 789.190620 36 3 2487 8227 22364 34055 31382rat 9761.055 5176.871 1352.399-814.004
dsa64 789.840620 160 1 10902 36941 100774 154298 143284rat 9916.262 5228.414 1382.203-782.2656
dsa64 790.490620 300 2 20873 70351 192308 293969 274341rat 9914.742 5246.657 1382.617-762.3047
summary13:09:11JAN 05/18 66.241 2.442 13ds 1 9875 5225 1378-781 12372 5863-3.4 354.5 66 28 15 20 36 14 .7 1.7
summary13:09:11JAN 05/18 66.273 2.444 13aode 1 0 0 1282 1278 1292 1298 1307.4 0 0 0 347 346 348 350 351.5 0
dsa0 791.290620 317 4 22016 74612 204825 314492 295464rat 9978.446 5286.246 1402.774-733.5078
dsa0 791.940620 19 3 1030 3420 8962 13198 11915rat 9472.024 4868.657 1204.91-904.2383
dsa0 792.590620 8 2 568 1632 4095 5906 5127rat 8564.594 4588.961 1113.707-1074.797
dsa0 793.240620 9 3 550 1670 4197 6129 5379rat 8872.582 4651.418 1167.973-1027.621
dsa0 793.90620 343 3 21660 74141 203923 315647 296019rat 10060.73 5327.114 1436.863-742.6172
summary13:12:35JAN 05/18 66.32701 2.45 13ds 0 9390 4944 1265-897 12259 5836-3.7 350 662 347 145 158 175 29 3.1 3.3
summary13:12:35JAN 05/18 66.363 2.454 13aode 0 0 0 2160 2168 2198 2214 2235.7 0 0 0 797 805 822 832 844.1 0
co13:14:44uf: UV fast  scan started
co13:17:42uf: UV fast  scan finished, incident DUV =  17.54957 mW/m^2
hgscan 0narrow 302warm= 4.99368513:22:50JAN 05/18 220 223 232 261 1818 7586 15114 22311 28410 30316 31455 30028 24225 17808 10432 4735 3447 2406 1566 1387 1433 1605 2461 3515 4856 10491 18206 24383 30969 32651 31437 29520 23524 16106 8255 2197 230 229 246 214
hg13:24:08 .9982 162.4497 162 64106 13 0
dsa0 804.720620 179 1 12439 43137 120141 187501 176626rat 10165.96 5387.907 1458.957-728.0977
dsa0 805.370620 446 2 30181 104778 292024 455623 431043rat 10211.01 5421.91 1472.848-712.0469
dsa0 806.020620 463 3 33330 116129 322674 503556 476720rat 10220.45 5414.793 1476.293-709.7735
dsa0 806.680620 253 2 17674 61540 171761 269128 253865rat 10217.73 5421.672 1479.656-724.125
dsa0 807.330620 194 3 14635 51259 143229 223899 211212rat 10230.5 5410.223 1466.492-723.836
summary13:26:01JAN 05/18 66.755 2.491 13ds 0 10209 5411 1471-720 12512 5899-3 351.8 25 14 8 8 28 11 .3 1.2
summary13:26:01JAN 05/18 66.804 2.496 13aode 0 0 0 1275 1271 1283 1286 1293.3 0 0 0 172 172 173 174 174.7 0
dsa0 808.060620 123 8 9239 32303 90282 141124 133035rat 10212.24 5400.367 1461.094-726.6602
dsa0 808.710620 117 7 8839 30919 86671 135493 127534rat 10224.57 5411.778 1460.629-733.7383
dsa0 809.360620 116 1 8493 29685 82774 129888 122691rat 10209.02 5402.664 1476.016-718.793
dsa0 810.010620 96 1 7390 25775 72249 113133 106615rat 10209.73 5413.469 1465.484-729.1875
dsa0 810.660620 92 1 6402 22408 62407 97715 92276rat 10192.64 5382.09 1463.758-720.5743
summary13:29:21JAN 05/18 66.88301 2.503 13ds 0 10210 5402 1465-726 12532 5903-2.9 350.5 11 13 6 6 29 22 .7 3
summary13:29:21JAN 05/18 66.935 2.509 13aode 0 0 0 1621 1618 1630 1635 1642.8 0 0 0 55 57 56 56 55.8 0
zsa0 811.510620 830 2 61008 191845 488206 717396 649377rat 10783.04 5792.02 1697.031-462.4883
zsa0 812.160620 762 3 58082 182872 466055 685556 619318rat 10794.66 5799.117 1699.891-470.8516
zsa0 812.810620 763 4 58802 186381 476311 701503 635167rat 10843.58 5818.508 1706.18-461
zsa0 813.460620 807 4 61268 195870 502358 741486 671743rat 10912.04 5848.625 1718.043-459.1719
zsa0 814.110620 772 5 60867 193603 495647 731377 662294rat 10879.43 5838.293 1716.266-460.961
zsa0 814.760620 820 2 59563 190016 485504 717311 650622rat 10886.84 5833.379 1721.039-453.4336
zsa0 815.40620 793 5 59740 189521 486387 719495 652750rat 10887.69 5858.403 1726.582-452.4766
summary13:33:27JAN 05/18 67.051 2.52 13zs 0 10855 5827 1712-460 12327 5753-18.5 377.7 50 25 11 6 38 14 .4 1.4
dsa0 816.250620 72 2 5270 18477 52061 82507 77941rat 10285.66 5473.68 1510.852-723.3985
dsa0 816.90620 57 1 3796 13491 38072 59935 56624rat 10316.71 5447.407 1479.883-723.2891
dsa0 817.550620 25 1 1677 5916 16380 25418 23810rat 10133.63 5297.106 1414.899-760.5821
dsa0 818.20620 31 2 1978 6861 19078 29742 27713rat 10099.36 5335.547 1434.758-784.2305
dsa0 818.860620 45 1 3198 11517 32346 50986 47972rat 10351.37 5427.164 1483.063-742.8438
summary13:37:33JAN 05/18 67.232 2.538 13ds 0 10237 5396 1465-747 12627 5934-3 349.2 113 76 39 26 61 29 1.2 3.3
summary13:37:33JAN 05/18 67.292 2.545 13aode 0 0 0 1961 1960 1975 1982 1992.3 0 0 0 179 183 186 189 190.8 0
dsa0 819.590620 60 0 4310 15672 44167 69668 65750rat 10410.75 5445.93 1486.578-730.2656
dsa0 820.240620 43 1 2854 10200 28528 45339 42555rat 10330.66 5441.364 1517.176-754.6368
dsa0 820.890620 27 3 2162 7766 21615 33849 31964rat 10268 5354.504 1451.961-728.6797
dsa0 821.540620 29 1 2098 7444 20896 32759 30990rat 10250.56 5394.114 1455.969-721.4258
dsa0 822.190620 33 0 2453 8821 24596 39026 36865rat 10328.28 5415.957 1507.762-728.4961
summary13:40:53JAN 05/18 67.389 2.554 13ds 0 10318 5410 1484-733 12662 5914-1.5 344.8 63 38 30 13 85 40 1 5.1
summary13:40:53JAN 05/18 67.453 2.561 13aode 0 0 0 1961 1966 1981 1987 1997.4 0 0 0 117 117 117 116 115.4 0
dsa0 822.940620 40 2 2580 9269 25904 41396 38994rat 10366.05 5456.301 1538.32-741.4688
dsa0 823.590620 60 1 4316 15650 44225 70350 66803rat 10434.58 5486.364 1519.375-707.2383
dsa0 824.240620 60 1 3961 14558 41327 65434 61900rat 10489.56 5483.731 1498.051-724.3985
dsa0 824.90620 36 0 2872 10143 28818 45787 43240rat 10328.66 5498.282 1511.231-732.3868
dsa0 825.550620 44 1 2918 10605 29999 47562 45039rat 10424.57 5469.348 1501.563-721.0665
summary13:44:14JAN 05/18 67.555 2.571 13ds 0 10409 5479 1514-725 12730 5955-2.5 347.2 63 16 16 13 51 23 1.4 2.5
summary13:44:14JAN 05/18 67.622 2.579 13aode 0 0 0 1861 1861 1875 1880 1889.4 0 0 0 90 89 91 90 90.2 0
co13:46:24uf: UV fast  scan started
co13:49:21uf: UV fast  scan finished, incident DUV =  12.69586 mW/m^2
hgscan 0narrow 302warm= 4.99368513:54:29JAN 05/18 222 223 229 255 1772 7717 15418 22097 27732 29746 31168 29941 23969 17472 10012 4789 3368 2378 1557 1387 1365 1525 2301 3492 4794 10134 17623 24606 30649 32188 31173 29317 23320 16354 8612 2329 242 255 225 224
hg13:55:47 .9981 162.3171 162 63356 13 0
dsa0 836.360620 5 4 384 1261 3212 4750 4210rat 9216.328 4689.016 1185.477-1020.887
dsa0 837.020620 7 3 336 1084 2912 4339 3806rat 9394.711 4950.106 1217.227-1066.641
dsa0 837.670620 9 0 294 1014 2664 4020 3439rat 9603.801 4897.344 1269.746-1175.852
dsa0 838.320620 3 3 271 951 2421 3698 3248rat 9637.191 4821.903 1323.645-1062.594
dsa0 838.970620 5 2 233 794 2123 3074 2715rat 9477.191 4798.758 1089.883-1039.191
summary13:57:40JAN 05/18 68.302 2.652 13ds 0 9466 4831 1217-1073 12900 6047-4.4 347 170 100 89 60 327 167 5.2 18.6
summary13:57:40JAN 05/18 68.38201 2.661 13aode 0 0 0 2646 2668 2718 2751 2789.9 0 0 0 58 51 46 50 50 0
hgscan 0narrow 302warm= 4.9934914:04:27JAN 05/18 230 240 254 283 2565 8975 17380 24924 31492 33431 35222 33106 26473 19376 10822 5348 3843 2602 1728 1581 1567 1708 2668 3926 5490 10864 19397 26720 33497 35939 34562 32563 26351 18607 9771 3086 269 241 225 238
hg14:05:46 .9981 161.9513 162 71161 13 0
dsa0 846.340620 14 2 625 2206 6211 9780 9037rat 10161.13 5360.496 1443.078-852.8828
dsa0 846.990620 3 4 335 1273 3296 5071 4498rat 10048.2 4900.047 1342.293-1031.879
dsa0 847.640620 6 3 279 968 2610 3889 3481rat 9681.524 4934.801 1201.992-993.2969
dsa0 848.290620 6 2 254 909 2392 3537 3266rat 9661.571 4790.449 1167.141-859
dsa0 848.940620 5 2 273 925 2515 3869 3393rat 9732.574 5102.422 1338.141-1083.992
summary14:07:38JAN 05/18 68.941 2.725 13ds 0 9857 5018 1299-964 12942 6008-1.9 333.4 231 222 113 104 363 221 7.4 24
summary14:07:38JAN 05/18 69.03 2.736 13aode 0 0 0 2483 2506 2545 2571 2601.7 0 0 0 128 135 137 143 147.2 0
co14:09:48uf: UV fast  scan started
co14:12:45uf: UV fast  scan finished, incident DUV =  12.55203 mW/m^2
zsa0 853.320620 579 0 41593 145876 393295 609877 559639rat 11726.91 6266.188 1928.402-400.25
zsa0 853.970620 593 3 39765 139671 376243 582639 534736rat 11719.85 6253.157 1920.789-399.1211
zsa0 854.610620 507 0 38570 135035 364870 566744 519803rat 11729.54 6277.711 1933.191-401.8281
zsa0 855.260620 501 3 38258 134505 362155 562511 516785rat 11731.94 6261.707 1932.832-394.3633
zsa0 855.910620 502 2 40167 142379 385835 601765 553827rat 11819.37 6312.684 1953.293-387.0547
zsa0 856.560620 558 2 40189 142594 385773 603782 554984rat 11831.84 6320.961 1968.863-392.6641
zsa0 857.210620 544 1 38743 138361 375186 587633 541305rat 11870.76 6332.117 1971.047-382.8985
summary14:15:15JAN 05/18 69.476 2.79 13zs 0 11776 6289 1944-394 13037 5987-22.3 376.7 63 32 20 7 44 14 .4 1.4
um050118A Coruna 43.33 8.41 2.64pr10000 858.521640 5 96105 323520 859768 1325099 1210912rat 11467.49 6183.199 1904.559-419.4063
um050118A Coruna 43.33 8.41 2.64pr10000 859.851640 8 1318291 1358926 998719 859018 468226rat-1922.859-2052.805-677.3516-2685.34
um050118A Coruna 43.33 8.41 2.64pr10000 861.181640 6 95312 322206 864835 1340090 1228370rat 11553.65 6251.067 1928.703-405.9024
um050118A Coruna 43.33 8.41 2.64pr10000 862.511640 3 1254489 1291844 949627 816927 443857rat-1923.774-2049.031-676.0547-2697.813
um050118A Coruna 43.33 8.41 2.64pr10000 863.841640 3 92311 315994 850650 1325179 1215820rat 11642.9 6286.262 1951.859-401.7149
um050118A Coruna 43.33 8.41 2.64pr10000 865.171640 5 1257269 1299153 959285 826079 450555rat-1884.5-2025.016-671.6602-2681.36
um050118A Coruna 43.33 8.41 2.64pr10000 866.51640 3 86601 301593 821253 1289945 1188417rat 11800.75 6370.067 1987.043-383.043
um050118A Coruna 43.33 8.41 2.62pr10000 867.831640 8 1151238 1192197 884781 762758 414898rat-1842.707-1993.051-665.0743-2689.395
um050118A Coruna 43.33 8.41 2.62pr10000 869.161640 5 69714 252855 697428 1113019 1029399rat 12091.18 6485.946 2052.563-363.2539
um050118A Coruna 43.33 8.41 2.64pr10000 870.491640 5 857535 895300 671163 581439 316538rat-1735.149-1920.133-642.0938-2680.469
um050118A Coruna 43.33 8.41 2.64pr10000 871.821640 7 39802 152682 431769 701978 654857rat 12491.34 6648.371 2120.43-324.2852
um050118A Coruna 43.33 8.41 2.62pr10000 873.151640 8 599860 631020 477188 413761 225934rat-1651.426-1869.02-635.2344-2659.813
um050118A Coruna 43.33 8.41 2.62pr10000 874.481640 6 27148 106755 304927 501245 469247rat 12677.49 6728.899 2163.211-306.332
um050118A Coruna 43.33 8.41 2.64pr10000 875.811640 5 385782 407772 310603 270290 147119rat-1579.867-1817.149-618.6485-2670.078
um050118A Coruna 43.33 8.41 2.64pr10000 877.141640 3 18327 74588 216841 362378 342499rat 12962.61 6867.141 2229.926-265.3633
um050118A Coruna 43.33 8.41 2.64pr10000 878.461640 9 370752 394787 303203 263659 143788rat-1514.512-1783.996-621.7422-2661.465
um050118A Coruna 43.33 8.41 2.64pr10000 879.81640 4 23320 95453 280187 471310 446193rat 13065.91 6944.336 2261.926-258.586
um050118A Coruna 43.33 8.41 2.64pr10000 881.121640 2 476423 508466 392363 342601 187219rat-1468.246-1748.262-604.6328-2655.352
um050118A Coruna 43.33 8.41 2.64pr10000 882.461640 6 36648 145862 425695 713993 672354rat 12924.75 6922.008 2257.106-283.043
um050118A Coruna 43.33 8.41 2.64pr10000 883.781640 4 990230 1048434 802823 700037 383177rat-1555.047-1802.578-614.9141-2661.086
um050118A Coruna 43.33 8.41 2.64pr10000 885.121640 4 51536 199508 574495 956434 896801rat 12731.64 6846.571 2232.461-303.1445
um050118A Coruna 43.33 8.41 2.62pr10000 886.441640 2 817487 866979 665484 579918 318279rat-1533.746-1788.172-615.3243-2643.563
um050118A Coruna 43.33 8.41 2.62pr10000 887.781640 1 45788 180458 526537 887479 836811rat 12916.91 6954.922 2285.219-276.6914
um050118A Coruna 43.33 8.41 2.62pr10000 889.11640 5 1020403 1081224 832500 726242 398464rat-1524.164-1775.703-612.336-2650.235
um050118A Coruna 43.33 8.41 2.62pr10000 890.441640 4 39709 160618 472610 803055 759022rat 13095.46 7021.469 2317.871-265.75
um050118A Coruna 43.33 8.41 2.62pr10000 891.761640 3 513057 551166 430382 376741 206676rat-1375.664-1685.039-593.1524-2638.219
um050118A Coruna 43.33 8.41 2.62pr10000 893.11640 5 24128 102199 306299 531953 505660rat 13450.51 7179.309 2404.27-239.5469
um050118A Coruna 43.33 8.41 2.62pr10000 894.421640 5 436751 470704 368905 323634 177396rat-1334.395-1657.406-582.9922-2639.934
um050118A Coruna 43.33 8.41 2.62pr10000 895.761640 2 27166 115383 347824 605450 576667rat 13502.55 7219.09 2416.731-231.1406
um050118A Coruna 43.33 8.41 2.62pr10000 897.081640 2 574916 621630 487826 428545 234991rat-1311.34-1649.504-578.1836-2641.996
um050118A Coruna 43.33 8.41 2.62pr10000 898.421640 10 37655 157937 474644 828295 787557rat 13463.39 7231.344 2435.504-239.6094
um050118A Coruna 43.33 8.41 2.6pr10000 899.741640 6 835773 900318 706319 618686 340288rat-1347.184-1670.617-593.1016-2635.574
um050118A Coruna 43.33 8.41 2.6pr10000 901.081640 5 44647 177817 530629 920936 872319rat 13190.38 7182.633 2414.684-256.7578
um050118A Coruna 43.33 8.41 2.6pr10000 902.41640 8 868104 934378 737099 646143 355222rat-1323.836-1643.856-590.0352-2638.649
hgscan 0narrow 302warm= 4.9936215:08:21JAN 05/18 219 226 214 240 2352 8101 14518 20934 26451 28242 29523 26990 21524 15600 8930 4368 3103 2107 1422 1294 1287 1417 2113 3160 4404 9041 15898 22058 27924 30710 29488 27732 21893 15415 8563 2650 291 261 229 214
hg15:09:40 .9984 161.6023 162 60233 12 0
dsa0 910.540620 4 0 148 701 2332 4537 4394rat 12462.16 6627.668 2184.258-815.4766
dsa0 911.190620 4 1 110 541 1553 2793 2685rat 11671.45 5645.813 1840.945-850.5625
dsa0 911.840620 7 3 116 628 1943 3646 3601rat 12660.23 6160.192 2024.356-736.0469
dsa0 912.490620 6 1 112 619 1852 3575 3440rat 12644.46 6119.735 2142.266-852.1524
dsa0 913.140620 8 1 108 483 1493 2774 2668rat 11690.77 6090.285 1973.332-857.2031
summary15:11:50JAN 05/18 74.603 3.618 12ds 0 12226 6129 2033-822 14857 6510 .9 292.4 503 348 137 51 427 274 8.7 23.1
summary15:11:50JAN 05/18 74.742 3.648 12aode 0 0 0 1633 1668 1706 1712 1736 0 0 0 61 53 53 54 56.1 0
co15:14:00uf: UV fast  scan started
co15:16:57uf: UV fast  scan finished, incident DUV =  6.967306 mW/m^2
zsa0 917.510620 192 3 10745 47883 153481 287821 278656rat 14300.12 7808.461 2741.082-159.3125
zsa0 918.160620 187 1 10525 47080 150782 283043 274040rat 14315.78 7808.434 2745.082-159.1367
zsa0 918.810620 190 1 10505 47599 152198 287533 279350rat 14393.1 7829.805 2773.332-144.0078
zsa0 919.460620 194 2 10693 49012 158536 300808 293207rat 14514.54 7900.731 2793.277-129.6758
zsa0 920.110620 198 2 10337 46814 151446 288150 280522rat 14472.96 7911.637 2804.379-135.0469
zsa0 920.760620 192 3 10213 46525 151502 289078 281841rat 14539.92 7952.762 2816.891-128.5781
zsa0 921.410620 196 0 10239 46975 153928 295820 288740rat 14628.84 8011.844 2848.664-123.6406
summary15:19:27JAN 05/18 75.435 3.802 12zs 0 14452 7889 2789-140 14900 6732-38.3 371.5 122 78 39 15 76 38 1 2
um050118A Coruna 43.33 8.41 2.6pr10000 922.721640 2 30306 126023 399363 752088 728914rat 13980.82 7788.754 2766.156-155.0938
um050118A Coruna 43.33 8.41 2.6pr10000 924.041640 6 677574 749663 619021 550104 303545rat-938.9258-1378.961-528.8906-2619.012
um050118A Coruna 43.33 8.41 2.6pr10000 925.381640 5 27510 115111 370373 706161 689467rat 14124.58 7905.723 2818.426-122.5469
um050118A Coruna 43.33 8.41 2.6pr10000 926.71640 9 650152 720290 598730 531882 294212rat-905.0703-1350.77-530.2774-2607.656
um050118A Coruna 43.33 8.41 2.6pr10000 928.041640 7 27642 111237 356290 679092 662357rat 13932.18 7882.86 2816.004-127.0117
um050118A Coruna 43.33 8.41 2.6pr10000 929.361640 7 626342 704971 597159 537071 299166rat-698.5625-1213.602-476.1641-2577.309
um050118A Coruna 43.33 8.41 2.6pr10000 930.71640 4 17049 73845 245220 484403 477395rat 14548.99 8182.383 2964.543-81.17188
um050118A Coruna 43.33 8.41 2.6pr10000 932.021640 5 316643 362547 313559 283281 158056rat-509.8321-1096.574-454.2149-2561.25
um050118A Coruna 43.33 8.41 2.6pr10000 933.361640 6 14432 63738 215472 436328 434933rat 14815.94 8364.809 3070.805-31.34375
um050118A Coruna 43.33 8.41 2.6pr10000 934.681640 2 302583 348536 305383 276613 154530rat-415.4453-1028.281-442.8047-2555.492
um050118A Coruna 43.33 8.41 2.6pr10000 936.021640 3 14249 61984 211092 432705 431795rat 14834.02 8449.465 3123.82-26.53125
um050118A Coruna 43.33 8.41 2.6pr10000 937.341640 6 341175 392450 344960 313454 175486rat-393.8985-1001.207-429.2461-2547.508
um050118A Coruna 43.33 8.41 2.6pr10000 938.681640 6 11815 50621 173539 358540 360514rat 14826.59 8507.719 3155.164 6.675782
um050118A Coruna 43.33 8.41 2.6pr10000 940.011640 4 317660 368215 326343 297120 166438rat-315.6016-956.1602-420.5391-2544.391
um050118A Coruna 43.33 8.41 2.6pr10000 941.341640 2 8494 37219 130131 274137 278650rat 15086.58 8671.856 3236.348 53.94532
um050118A Coruna 43.33 8.41 2.6pr10000 942.661640 4 277772 324346 291274 265247 148904rat-225.043-897.1016-419.375-2533.91
um050118A Coruna 43.33 8.41 2.6pr10000 9441640 2 8726 37140 128333 272152 275535rat 14937.79 8649.368 3265.192 36.59766
um050118A Coruna 43.33 8.41 2.6pr10000 945.321640 4 265760 310395 279505 255373 143094rat-197.6524-870.5977-404.8633-2541.684
um050118A Coruna 43.33 8.41 2.6pr10000 946.661640 1 7889 32941 115365 246419 251062rat 14941.97 8737.269 3295.442 64.10938
um050118A Coruna 43.33 8.41 2.6pr10000 947.981640 5 299330 351386 318921 292486 164168rat-124.6758-820.3086-388.6836-2535.582
um050118A Coruna 43.33 8.41 2.6pr10000 949.321640 2 13231 50458 171200 361814 366564rat 14373.12 8561.184 3253.965 39.69531
um050118A Coruna 43.33 8.41 2.6pr10000 950.641640 4 332582 390189 356448 328948 184644rat-71.67969-765.168-361.6719-2536.59
um050118A Coruna 43.33 8.41 2.6pr10000 951.981640 7 12501 47745 164275 356502 362795rat 14556.72 8737.16 3369.25 59.16797
um050118A Coruna 43.33 8.41 2.6pr10000 953.311640 4 368466 432903 398857 368135 207340rat-27.60938-727.8165-361.3399-2523.203
um050118A Coruna 43.33 8.41 2.6pr10000 954.641640 5 12087 45483 157671 347331 355723rat 14588.49 8834.086 3434.031 87.01953
um050118A Coruna 43.33 8.41 2.6pr10000 955.961640 1 325187 384323 357292 330994 186233rat 53.64063-671.8281-344.9141-2526.309
hgscan 0narrow 302warm= 4.99368516:01:55JAN 05/18 209 229 244 264 2350 7968 14440 20573 26031 27682 28959 26724 21613 15412 9243 4388 3151 2024 1334 1236 1243 1346 2086 3155 4526 9491 15962 22495 27822 29881 28898 27095 21186 14776 8193 2335 282 236 217 231
hg16:03:14 .9981 161.9596 162 58840 12 0
dsa0 964.090620 4 2 24 113 399 1017 1126rat 12655.31 7154.793 2908.031-671.3594
dsa0 964.740620 6 1 27 107 382 969 1058rat 11687.95 7126.938 2870.274-742.3243
dsa0 965.390620 5 2 33 107 421 1116 1262rat 11497.61 7755.715 3056.805-599.5781
dsa0 966.050620 6 1 25 117 425 1229 1344rat 12995.7 7723.668 3417.746-755.793
dsa0 966.70620 7 2 31 120 542 1633 1925rat 13368.59 8858.75 3589-439.7735
summary16:05:23JAN 05/18 81.03501 5.728 12ds 0 12441 7724 3168-642 14495 7231-17.6 221.9 817 702 320 129 770 378 8.8 17
summary16:05:23JAN 05/18 81.207 5.816 12aode 0 0 0 883 834 851 810 804.9 0 0 0 57 50 52 59 64.9 0
co16:07:34uf: UV fast  scan started
co16:10:31uf: UV fast  scan finished, incident DUV =  2.476099 mW/m^2
zsa0 971.080620 65 0 2476 9173 33337 83773 90862rat 15282.51 9598.672 3998.82 336.5742
zsa0 971.730620 67 2 2447 8741 31879 79863 86347rat 15128.93 9600.938 3985.235 322.7149
zsa0 972.380620 66 2 2431 8585 30887 77504 84428rat 15026.86 9548.598 3992.098 355.3985
zsa0 973.030620 62 1 2305 8078 28715 72491 78948rat 14965.2 9521.438 4017.844 354.2656
zsa0 973.680620 65 0 2147 7545 26821 67039 72763rat 14931.37 9477.071 3973.965 339.4063
zsa0 974.330620 55 3 2114 7325 25870 64823 70535rat 14858.28 9460.871 3984.883 350.3399
zsa0 974.980620 64 1 2057 7073 24499 61576 66942rat 14749.39 9388.238 3997.692 346.3906
summary16:13:01JAN 05/18 82.052 6.281 12zs 0 14992 9514 3993 344 13892 6933-57.1 290.3 176 77 14 12 197 89 .9 7
um050118A Coruna 43.33 8.41 2.58pr10000 976.291640 3 12498 34523 108692 245713 257604rat 12931.37 8521.125 3542.258 188.8594
um050118A Coruna 43.33 8.41 2.58pr10000 977.611640 4 220629 270830 277161 264465 151421rat 766.8203-122.6563-215.4453-2448.031
um050118A Coruna 43.33 8.41 2.58pr10000 978.951640 4 11974 32201 99623 224281 235587rat 12719.77 8425.797 3523.34 197.1524
um050118A Coruna 43.33 8.41 2.58pr10000 980.271640 5 203352 251719 264087 255138 147022rat 965.6641 39.99219-161.2422-2419.77
um050118A Coruna 43.33 8.41 2.58pr10000 981.61640 1 11425 29883 91841 207174 218933rat 12576.72 8404.184 3531.188 223.3594
um050118A Coruna 43.33 8.41 2.58pr10000 982.931640 4 186314 231307 246012 238348 137975rat 1050.066 111.9102-148.8633-2399.332
um050118A Coruna 43.33 8.41 2.58pr10000 984.261640 2 10785 27637 83561 189013 200378rat 12427.68 8343.981 3542.348 237.1563
um050118A Coruna 43.33 8.41 2.58pr10000 985.591640 3 168552 210603 227400 222269 128782rat 1181.984 216.1914-110.332-2394.902
um050118A Coruna 43.33 8.41 2.58pr10000 986.921640 4 9684 24725 74363 169405 181117rat 12419.15 8350.887 3572.41 273.9336
um050118A Coruna 43.33 8.41 2.58pr10000 988.251640 4 153320 192534 211321 208384 121039rat 1313.305 325.9492-71.83203-2383.59
um050118A Coruna 43.33 8.41 2.58pr10000 989.581640 1 9564 23810 69274 154680 165394rat 12075.98 8118.215 3484.512 274.375
um050118A Coruna 43.33 8.41 2.58pr10000 990.911640 3 137011 174631 197985 196780 115787rat 1553.27 501.4649-37.42188-2326.902
um050118A Coruna 43.33 8.41 2.58pr10000 992.241640 2 9118 22029 63071 139480 148806rat 11833.48 8005.782 3442.035 264.4922
um050118A Coruna 43.33 8.41 2.58pr10000 993.571640 5 124007 156888 178381 177960 104361rat 1549.348 530.1172-21.11328-2340.992
hgscan 0narrow 302warm= 4.9936216:39:31JAN 05/18 223 213 220 233 1851 7109 13279 19723 25837 27264 28455 26818 21501 15848 9629 4111 2967 1987 1327 1237 1227 1361 2051 2991 4207 9700 16015 21820 27326 29515 28620 27231 21467 14296 8064 2326 238 224 225 213
hg16:40:50 .9981 162.2258 162 57970 12 0
dsa0 1001.680620 1 0 5 12 57 115 138rat 5256.539 4665.805 600.4375-1534.234
dsa0 1002.330620 3 0 9 18 51 116 117rat 2584.219 2845.758 1075.133-2332.305
dsa0 1002.980620 0 0 4 17 50 93 117rat 4984.586 2034.727 154.1172-1417.328
dsa0 1003.630620 1 1 8 16 34 97 119rat 2525.266 2613.524 2047.797-1564.453
dsa0 1004.290620 3 0 9 16 26 77 100rat 302.7578 1268.813 2074.742-1373.438
summary16:42:58JAN 05/18 86.212 9.633001 12ds 0 3131 2686 1190-1644 8393 4886-3.7 60.4 2038 1263 859 393 2321 1756 15.7 55.1
summary16:42:58JAN 05/18 86.39701 9.82 12aode 0 0 0 58 69 94 81 91.8 0 0 0 62 21 19 13 10.7 0
co16:45:10uf: UV fast  scan started
co16:48:07uf: UV fast  scan finished, incident DUV =  .7309017 mW/m^2
zsa0 1008.680620 17 1 758 1906 5293 11651 13397rat 11852.29 7848.528 3418.133 590.8828
zsa0 1009.330620 18 2 728 1832 5289 11490 12974rat 11973.04 7962.135 3361.395 511.9766
zsa0 1009.980620 19 0 679 1732 4623 9973 11384rat 11649.3 7586.76 3329.93 559.0313
zsa0 1010.630620 10 2 649 1573 4294 9229 10433rat 11521.19 7672.735 3314.86 516.961
zsa0 1011.270620 17 2 582 1584 4311 9255 10375rat 12008.18 7654.649 3309.91 480.5157
zsa0 1011.920620 15 0 695 1664 4455 9448 10788rat 11313.2 7525.778 3255.785 560.336
zsa0 1012.570620 12 1 591 1465 3905 8204 9090rat 11410.68 7468.063 3215.379 429.6953
summary16:50:37JAN 05/18 87.29799 10.717 11zs 0 11675 7674 3315 521 10007 5130-81.3 250.5 276 176 66 55 317 153 1.4 3.2
um050118A Coruna 43.33 8.41 2.56pr10000 1013.881640 1 4894 10655 26799 50150 52868rat 10088.68 6713.27 2713.496 213.5547
um050118A Coruna 43.33 8.41 2.56pr10000 1015.211640 4 44428 54495 68018 72693 44997rat 2118.996 1235.555 279.1485-2101.274
um050118A Coruna 43.33 8.41 2.56pr10000 1016.541640 7 4432 9556 23856 43725 45498rat 9928.809 6592.375 2623.524 156.9141
um050118A Coruna 43.33 8.41 2.54pr10000 1017.871640 2 38336 46555 57676 62608 38906rat 2110.496 1270.633 346.8242-2083.938
um050118A Coruna 43.33 8.41 2.54pr10000 1019.21640 3 4037 8386 20664 37426 38530rat 9654.914 6482.348 2571.262 110.4766
um050118A Coruna 43.33 8.41 2.54pr10000 1020.531640 3 32656 39374 48900 52824 33053rat 2068.695 1260.051 325.6367-2053.774
um050118A Coruna 43.33 8.41 2.54pr10000 1021.861640 1 3594 7314 18084 31791 32612rat 9448.812 6366.547 2441.348 94.92188
um050118A Coruna 43.33 8.41 2.54pr10000 1023.181640 1 27665 33167 40654 44510 27826rat 2044.926 1261.129 383.9336-2057.297
um050118A Coruna 43.33 8.41 2.54pr10000 1024.521640 2 3045 6441 15622 26882 27350rat 9441.416 6190.395 2348.438 59.11719
um050118A Coruna 43.33 8.41 2.54pr10000 1025.841640 3 23219 27375 33072 36698 23202rat 1967.535 1256.426 442.2227-2008.305
um050118A Coruna 43.33 8.41 2.54pr10000 1027.181640 0 2675 5349 13152 22166 22408rat 9163.443 6158.157 2257.746 31.29688
um050118A Coruna 43.33 8.41 2.54pr10000 1028.51640 2 19188 22476 26815 29422 18809rat 1835.664 1152.859 393.2539-1959.93
um050118A Coruna 43.33 8.41 2.54pr10000 1029.841640 4 2291 4594 11107 18401 18536rat 9034.344 6013.11 2183.715 15.89063
um050118A Coruna 43.33 8.41 2.52pr10000 1031.161640 5 15615 18070 21213 23435 14910rat 1742.582 1112.453 422.9727-1980.938
co17:13:09az: Azimuth discrepancy =  12
hgscan 0narrow 302warm= 1031.99317:17:06JAN 05/18 201 222 243 211 1706 6542 12730 19319 24630 25972 26906 25802 20653 14960 8181 3814 2804 1961 1274 1169 1168 1279 1973 2833 3983 8501 15350 21202 26494 28390 27449 25961 20845 13978 7663 2178 234 226 216 205
hg17:18:24 .9987 162.0849 162 55296 11 0
co17:19:22uf: UV fast  scan started
co17:22:20uf: UV fast  scan finished, incident DUV =  5.976971E-02 mW/m^2
hgscan 0narrow 302warm= 4.99368517:27:28JAN 05/18 218 244 234 250 1971 7683 14453 22091 28167 30032 31069 29806 23654 17594 10633 4685 3381 2338 1548 1356 1360 1520 2403 3430 4717 10795 17786 24272 30390 32052 30869 29173 23088 15091 8300 2168 298 256 242 241
hg17:28:46 .998 162.559 163 63121 11 1
sla 0 1054.120620 120916 5 1024074 994980 975149 819149 615178rat-1025.477-891.0274-792.8906-1292.899
sla 0 1054.770620 120961 2 1024383 995085 975104 817424 615451rat-1036.27-900.9297-802.1172-1281.484
sla 0 1055.420620 120968 4 1023872 995907 975170 818425 615067rat-1028.547-899.1836-796.9571-1289.734
sla 0 1056.070620 121210 4 1024338 994010 974193 818341 615059rat-1031.055-891.043-792.8906-1289.336
sla 0 1056.720620 120862 3 1023533 994754 975206 818981 614618rat-1024.012-890.918-794.0703-1296.016
sla 0 1057.370620 120851 4 1024408 995525 975004 818726 615149rat-1029.266-895.8086-794.5352-1290.789
sla 0 1058.010620 121074 4 1021962 994944 974987 817868 615302rat-1023.164-897.8711-799.1563-1284.984
summary17:36:04JAN 05/18 94.629 8.66 11sl 0-1028-895-796-1289 3098 1695 1023796 615117.7 5 4 4 5 19 10 836.1 223.5
ap17:44:31 10.31-11.87 9.38 1599.62 14.87 5.03-15.05 23.52 0 8.609999 0 0 5.08-7.99 .07 0 10.31-11.87 9.38 1599.62 14.87 5-15.05 23.75 37.05 7.96 0 0 5.08-8.03 1.68 10.52
hgscan 0narrow 302warm= 4.99368517:50:00JAN 05/18 296 267 272 266 3149 10347 18650 27631 34558 36442 37795 35378 28052 20447 12009 5707 4172 2842 1947 1731 1697 1888 2871 4252 5741 12219 20600 28318 35621 38104 36670 34867 27965 18776 10608 3344 266 260 254 244
hg17:51:19 .9979 161.8275 162 75899 11 0
co17:51:59uf: UV fast  scan started
co17:54:56uf: UV fast  scan finished, incident DUV =  5.164184E-06 mW/m^2
co19:27:53az: Azimuth discrepancy = -7
co19:29:37ze: Zenith discrepancy =  0
ap19:29:38 9.060001-12.5 8.439999 1610.56 14.87 5.03-15.05 23.52 0 8.609999 0 0 5.08-7.99 .07 0 9.060001-11.87 8.439999 1949.7 25.12 6.22-15.14 29.84 497.25 71.33 1200 50 6.22-8.07 2.72 12.37
hgscan 0narrow 302warm= 4.9934919:35:08JAN 05/18 217 234 235 237 2822 8470 14571 20667 26337 27776 28802 26296 20710 14877 8857 4319 2907 1888 1378 1225 1242 1335 1946 2917 4263 8934 15089 21469 27068 29655 28654 27158 21372 14999 8800 2745 227 246 224 230
hg19:36:27 .9978 161.2712 161 58457 9-1
sla 0 1181.80620 121474 5 1029020 999550 979312 821279 617270rat-1033.625-898.4844-799.5586-1288
sla 0 1182.450620 121490 1 1028090 997775 978951 821528 616779rat-1028.18-889.1094-796.5274-1292.891
sla 0 1183.10620 121375 2 1028219 999142 979777 821525 616742rat-1028.77-895.3008-800.3516-1293.133
sla 0 1183.750620 121325 3 1028279 998842 978226 821099 616975rat-1031.356-896.2734-795.543-1289.133
sla 0 1184.40620 121196 4 1027954 999370 978323 820625 617435rat-1032.508-901.2461-798.5665-1283.246
sla 0 1185.040620 121394 7 1027510 997979 978612 820634 616589rat-1030.516-894.9141-799.8555-1289.391
sla 0 1185.690620 121451 5 1028040 998529 978414 820777 616646rat-1032.063-896.6133-798.1563-1289.754
summary19:43:44JAN 05/18 116.737 2.193 10sl 0-1031-896-798-1289 3095 1695 1028159 616919.5 2 4 2 3 12 9 316 316
hgscan 0narrow 302warm= 4.9936219:51:09JAN 05/18 258 270 263 281 3483 11447 20055 28996 37497 40357 41846 39121 31528 23268 14631 7326 5015 3288 2197 2014 1973 2193 3219 4955 7300 14428 22896 31396 39002 41662 40031 37449 28741 19694 11138 3093 311 274 267 265
hg19:52:28 .9973 162.5907 163 83508 10 1ed