0            
-.048        
-.52         
-1.4214      
-3.0075      
0            
.3398        
2.35         
1.139        
3520         
3670         
.000000038   
292          
76           
1767         
0            
5000         
10000        
15000        
20000        
25000        
2816         
mkiv        
1            
0            
0            
0            
0            
0            
0            
0            
2984         
0            
242          
-3           
772          
770          
5642         
178          
2650         
0            
0            
3469         
75           
0.0          
64           
256          
64           
64           
56           
2112         
Apr 28/04    
