0            
-.0028       
-.0817       
-0.1711      
-0.2317      
0            
0.3425       
2.35         
1.1512       
1545         
150          
.000000026   
285          
14           
1684         
0            
4550         
10350        
14450        
21350        
25800        
2972         
mkiii       
1            
0            
0            
0            
0            
0            
0            
0            
-56          
33           
242          
-3           
770          
740          
8028         
178          
2526         
1.0100       
-30          
2469         
250          
0            
64           
256          
64           
0            
0            
2212         
Oct 10/02    
