0
1.2863
1.9372
2.1271
2.0019
0.0          
0.3440
2.35000      
1.1420       
1560         
290          
0.000000032
1031         
94           
2450         
0            
4285         
9380         
13935        
21710        
25050        
2972         
mkiii       
1            
0            
0            
0            
0            
0            
0            
0            
7122         
6487         
178          
-3.00000     
770          
740          
8028         
178          
2525         
1.00085      
-12.8        
1728         
250          
0.200        
0            
256          
0            
64           
50           
2229         
July 9/2011  

































