version=2dh020217Madrid 40.45  3.717  2.6pr940
inst 0 -.96 -2.5 -4.343 -6.647  0  .3417  2.35  1.1428  2580  2100  3.1E-08 288961703 0  4908  9155  15770  21326  24757 2972mkiv1 0  0  0  0  0  0  0  7206  0  244 -3  750  700  9749  178  2540  0  0  2669  250  .3  64  256  0 64 60 
disp 2844.6  .0757386 -6.31432E-07  2884.66  .0749017 -6.36888E-07  2921.41  7.417871E-02 -6.5093E-07  2957.01  .073289 -6.48407E-07  2991.69  .0722916 -6.29842E-07  2811.5  .0764789 -6.37515E-07  4266.91  .113608 -9.47147E-07  4326.99  .112353 -9.55332E-07  4382.11  .111268 -9.76396E-07  4435.51  .109934 -9.7261E-07  4487.54  .108437 -9.44763E-07  4217.24  .114718 -9.562719E-07 
zeni-.0064 -.01968  .01654  .154587  .28276 -.060562 -.512088  .461998 -.043343 
co00:30:01re: Zenith discrepancy = -2
co00:31:29re: Azimuth discrepancy = -2
co00:31:45re: Found diode at step -244 Moving filterwheel #3 to o3 position at  244
hgscan 0wide 302warm= 4.99349800:36:57FEB 02/17 292 327 1076 3950 7042 10372 13925 17348 20768 23239 23623 22452 19589 16719 13389 9858 6341 3390 2133 1479 1478 2202 3438 6577 10106 13892 17348 20621 23322 25189 24902 22954 19598 15990 12131 8451 4954 1515 398 299
hg00:38:18 .9996 288.3802 288 48812 12 0
ap00:38:21 11.98 11.62 13.43 1216.72 14.97 5.05-15.05 23.52 0 2.08 403.14-49.61 5.03-8.07 .07 .05 11.62 11.62 13.43 1216.72 14.87 5.03-15.05 23.75 85.8 2.08 403.14-49.61 5.03-8.07 1.72 10.57
dto3FEB 02/1700:49:39 12 0 300458.6 42.09 36.79 41.85 43.15 39.78 1 97818.66 20.64 34.3 39.19 21.19 72.36 28.26 31.45 31.9 13.25 65.03    40.732 2.5    35.757 19
rso3FEB 02/1700:59:11 12 469654 27 519494 561341 671951 627326 572333 1172858 469870 9 519682 561023 671818 627694 571362 1171263 .9995 3 .9996 1.0005 1.0002 .9994 1.0017 1.0014 .0819 .0483-.0298-.0398 .2094 .1309-.0562 .082 .0488-.0295-.0408 .2127 .1329-.0573
co01:53:56td: Time correction  .1 seconds
ap03:06:19 11.98 11.62 13.07 1216.72 14.97 5.05-14.95 23.52 0 2.08 403.14-49.61 5.03-8.07 .07 .05 11.98 11.62 13.07 1205.78 14.87 5.03-15.05 23.75 87.75 2.08 403.14-49.61 5.03-8.07 1.72 10.52
co03:07:06az: Azimuth discrepancy =  1
co03:07:33ze: Zenith discrepancy =  1
hgscan 0wide 302warm= 4.9926603:12:42FEB 02/17 303 378 1641 4620 7752 11135 14677 18144 21498 23323 23796 22031 19726 16702 13451 9612 6195 3280 2120 1435 1471 2167 3327 6223 9891 13739 17314 20565 23382 25239 25061 23128 19698 16172 12375 8613 5208 1848 411 296
hg03:14:03 .9997 287.5663 288 49035 12 0
sla 0 199.410620 311696 22 343320 370424 444269 415194 377776rat 782.0625 460.3203-319.5781-442.3242
sla 0 200.060620 311659 14 344289 371519 444707 416081 378430rat 779.0665 456.7344-314.5274-444.1055
sla 0 200.710620 311850 14 344789 371744 444631 416042 378676rat 772.293 453.6641-314.1836-440.8477
sla 0 201.360620 312256 15 345618 372262 445715 417552 379367rat 777.6836 463.4805-308.9766-448.7578
sla 0 202.010620 313066 20 345702 372939 445944 416882 379375rat 769.5703 448.4532-318.293-441.6094
sla 0 202.660620 312828 15 346133 373308 446157 417312 379364rat 768.6211 448.6328-315.8633-446.2657
sla 0 203.310620 313404 19 345741 373557 446221 417870 379970rat 779.4688 451.586-310.625-445.1328
summary03:21:21FEB 02/17 135.923 1.387 12sl 0 776 455-315-444 2197 1367 345084.6 378994 5 6 4 3 11 8 999.3 732.6
hgscan 0wide 302warm= 4.99267603:28:47FEB 02/17 340 430 1722 6199 10492 15393 20617 25654 30461 33491 34150 32150 28463 24375 19483 14612 9773 5270 3357 2259 2228 3347 5369 9663 14361 19647 24366 28447 31902 34090 33408 30611 25959 20945 15886 10964 6433 1910 441 312
hg03:30:09 .9997 288.9011 289 68240 12 1
dto3FEB 02/1703:41:02 12 0 301339.2 44.16 44.6 35.18 34.79 44.77 1 98627.72 15.24 30.32 53.4 27.84 36.12 49.24 46.5 33.07 45.38 40.67    40.699 5.2    37.776 11.6
hgscan 0wide 302warm= 4.9926603:46:11FEB 02/17 309 404 1688 6099 10784 15782 21111 26313 31168 34511 35169 32895 29138 24940 19804 14643 9649 5285 3360 2239 2243 3353 5234 9585 14488 19690 24794 28918 32646 35027 34644 31875 27190 21978 16793 11526 6913 2305 424 304
hg03:47:32 .9997 288.4795 288 70196 13 0
co05:46:35td: Time correction  .3 seconds
hgscan 0wide 302warm= 4.99283905:51:51FEB 02/17 288 356 1303 4203 7305 10541 14203 17706 21145 23260 23748 22063 19542 16597 13074 9581 6151 3266 2033 1429 1438 2115 3340 6207 9791 13548 17188 20383 23202 25148 24837 23248 19960 16230 12449 8697 5229 1915 443 301
hg05:53:12 .9996 287.6656 288 48896 12 0
sla 0 358.570620 311857 15 344261 371686 443853 416298 378443rat 781.7071 457.0547-303.793-446.2383
sla 0 359.220620 312920 18 345042 372779 444823 416847 378402rat 777.5743 449.9649-307.5977-452.5117
sla 0 359.870620 312320 19 345545 372630 445730 416994 379030rat 772.7422 453.2617-315.0039-446.7813
sla 0 360.510620 312344 15 345438 372978 445443 417340 379307rat 777.7344 452.8125-308.5235-447.2188
sla 0 361.160620 313534 16 346056 372880 446726 417489 379181rat 771.4571 455.5196-319.6133-450.2344
sla 0 361.820620 313662 17 346666 373707 446815 418480 379782rat 774.1602 456.2266-310.0625-453.711
sla 0 362.470620 313747 19 346689 373549 446306 418236 380324rat 771.3203 455.5274-307.6172-444.8907
summary06:00:30FEB 02/17 106.019 3.482 12sl 0 775 454-310-449 2211 1372 345671 379209.9 4 3 5 3 11 7 879.7 688.7
hgscan 0wide 302warm= 4.99283906:07:57FEB 02/17 305 380 1758 5950 10327 15412 20269 25355 30299 33135 33819 31742 28082 23920 19099 13982 9055 4873 3234 2119 2117 3218 4845 9073 13856 18961 23811 27747 31335 33752 33238 30924 26297 21459 16433 11516 6929 2442 453 328
hg06:09:18 .9998 288.2277 288 67571 12 0
co06:32:45td: Time correction  .3 seconds
co06:32:58ze: Zenith discrepancy =  1
co06:33:50az: Azimuth discrepancy = -1
hgscan 0wide 302warm= 392.76206:37:52FEB 02/17 286 336 1355 4445 7557 11178 14811 18361 22167 24343 24630 23034 20345 17338 13853 10098 6637 3330 2236 1498 1536 2237 3463 6689 10083 14028 17795 21284 24008 26045 25708 24177 20671 16876 12916 9122 5503 1970 409 301
hg06:39:13 .9997 287.6852 288 50675 12 0
co06:39:53ux: UV extended  scan started
co06:45:14ux: UV extended  scan finished, incident DUV =  2.500029E-03 mW/m^2
hgscan 0wide 302warm= 4.99283906:50:23FEB 02/17 308 370 1794 5175 8812 12849 17001 20977 25007 27138 27380 25348 22368 18955 15011 11361 7389 3737 2529 1665 1670 2568 3806 7418 11300 15586 19630 23285 26254 28325 28101 25803 21933 17479 13326 9131 5391 1861 411 306
hg06:51:45 .9996 287.844 288 55705 12 0
co07:01:08td: Time correction  .3 seconds
co07:01:48ux: UV extended  scan started
co07:07:09ux: UV extended  scan finished, incident DUV =  7.157717E-03 mW/m^2
hgscan 0wide 302warm= 422.584707:07:42FEB 02/17 315 382 1814 5370 8993 13497 17698 22018 26515 28456 28851 26438 23318 19860 15853 11693 7534 3924 2655 1778 1817 2705 4021 7622 11716 16228 20575 24136 27415 29579 29155 26970 22492 18085 13669 9324 5530 1969 416 307
hg07:09:03 .9995 287.9012 288 58430 12 0
dsa0 429.640620 5 5 2 3 4 7 5rat-8753.894-5395.535-2565.715-2437.375
dsa0 430.290620 3 4 4 3 9 3 4rat-8968.613-5527.676-6012.246-2496.828
dsa0 430.950620 5 6 8 3 7 2 3rat-9190.578-5664.266-2693.36-2558.301
dsa0 431.60620 2 3 4 1 6 5 2rat-9420.371-5805.684-3925.809-2621.942
dsa0 432.250620 4 1 4 4 5 10 1rat-4887.422-1181.078 691.6563-8624.41
summary07:10:56FEB 02/17 93.03 10.183 12ds 0-8244-4715-2901-3748 3749 3107-.1 13.6 1893 1981 2439 2727 10600 5648 30.5 159.5
summary07:10:56FEB 02/17 92.795 10.409 12aode 0 0 0 165 214 241 278 318.3 0 0 0 103 125 130 122 85.8 0
co07:13:09ux: UV extended  scan started
co07:18:30ux: UV extended  scan finished, incident DUV =  2.901663E-02 mW/m^2
um020217Madrid 40.45 3.717 2.45pr9400 439.691640 14 51 121 320 593 678rat 11892.69 7292.379 2747.473 567.252
um020217Madrid 40.45 3.717 2.45pr9400 4411640 7 440 531 758 1205 863rat 4367.621 3550.701 2006.082-1487.5
um020217Madrid 40.45 3.717 2.45pr9400 442.321640 11 59 147 385 704 878rat 11542.84 7031.383 2656.522 945.2188
um020217Madrid 40.45 3.717 2.45pr9400 443.631640 12 598 785 1240 1570 1324rat 4194.641 3003.326 1011.596-773.9981
um020217Madrid 40.45 3.717 2.45pr9400 444.951640 11 93 223 595 1224 1454rat 11648.42 7534.711 3152.404 726.42
um020217Madrid 40.45 3.717 2.45pr9400 446.261640 9 808 1133 1642 2282 1711rat 4488.494 3017.801 1414.053-1284.076
um020217Madrid 40.45 3.717 2.45pr9400 447.581640 14 80 214 645 1432 1615rat 13269.28 8465.934 3494.395 499.5157
um020217Madrid 40.45 3.717 2.45pr9400 448.891640 9 835 1234 1794 2480 1922rat 4706.908 3006.842 1390.268-1139.258
um020217Madrid 40.45 3.717 2.45pr9400 450.211640 11 88 225 677 1419 1775rat 12569.08 8141.364 3229.209 951.3301
um020217Madrid 40.45 3.717 2.45pr9400 451.521640 5 737 1074 1716 2336 1786rat 4978.291 3345.123 1320.842-1196.463
um020217Madrid 40.45 3.717 2.45pr9400 452.841640 7 84 235 688 1490 1924rat 12794.47 8091.541 3357.873 1087.186
um020217Madrid 40.45 3.717 2.45pr9400 454.151640 9 907 1333 2192 2731 2073rat 4764.108 3089.486 936.2559-1229.467
um020217Madrid 40.45 3.717 2.45pr9400 455.471640 8 84 224 689 1576 2117rat 13093.3 8568.408 3599.928 1259.688
um020217Madrid 40.45 3.717 2.45pr9400 456.781640 8 1445 1851 3069 3982 3007rat 4365.744 3296.553 1111.584-1250.217
um020217Madrid 40.45 3.717 2.45pr9400 458.11640 7 107 249 860 1921 2718rat 12767.41 8940.769 3487.875 1484.275
um020217Madrid 40.45 3.717 2.45pr9400 459.411640 7 1321 1853 2950 3817 2868rat 4571.332 3106.457 1099.285-1271.777
co07:40:13td: Time correction  .3 seconds
co07:40:58ux: UV extended  scan started
co07:46:18ux: UV extended  scan finished, incident DUV =  .2039255 mW/m^2
hgscan 0wide 302warm= 44.1473607:46:51FEB 02/17 310 367 1613 4788 8431 12307 16364 20238 24487 26295 26608 24733 21695 18471 14660 10989 7075 3720 2475 1646 1685 2517 3777 7170 11040 15404 19314 22647 25578 27613 27345 25294 20879 16991 12735 8745 5160 1736 362 310
hg07:48:13 .9996 288.0697 288 54221 12 0
dsa0 468.80620 9 3 2 3 7 12 3rat-2209.414 915.1016 1133.836-8205.496
dsa0 469.450620 4 5 7 6 5 7 6rat-7969.18-4912.633-2336.332-2220.067
dsa0 470.110620 2 6 7 6 4 12 10rat-3624.117-632.7578 1888.785-3934.043
dsa0 470.760620 6 1 5 4 5 11 9rat-3656.231 521.4102 1740.566-3096.801
dsa0 471.410620 3 3 6 6 7 12 5rat-2706.395 161.082 1329.188-8020.43
summary07:50:06FEB 02/17 85.969 9.392 12ds 0-4033-790 751-5095 12272 7497-24.9 153.4 2285 2375 1753 2821 10870 6044 37.1 187.5
summary07:50:06FEB 02/17 85.752 9.178001 12aode 0 0 0 195 236 367 381 454.8 0 0 0 144 189 122 94 59.7 0
co07:52:18ux: UV extended  scan started
co07:57:39ux: UV extended  scan finished, incident DUV =  .2313441 mW/m^2
um020217Madrid 40.45 3.717 2.47pr9400 478.841640 10 86 312 1242 3432 4639rat 16478.4 10498.94 4412.86 1282.195
um020217Madrid 40.45 3.717 2.47pr9400 480.151640 6 2732 3894 5206 5955 4235rat 3332.906 1803.316 560.4883-1512.109
um020217Madrid 40.45 3.717 2.47pr9400 481.471640 10 89 344 1500 3944 5344rat 16915.84 10667.11 4192.668 1292.315
um020217Madrid 40.45 3.717 2.47pr9400 482.781640 6 2806 3891 5178 5848 4174rat 3137.752 1727.84 505.1133-1496.387
um020217Madrid 40.45 3.717 2.47pr9400 484.111640 11 168 639 2745 7565 10010rat 16766.75 10758.6 4390.104 1187.996
um020217Madrid 40.45 3.717 2.47pr9400 485.411640 9 6924 9707 12575 14002 9707rat 3005.137 1548.555 443.2578-1622.484
um020217Madrid 40.45 3.717 2.47pr9400 486.741640 7 118 451 2021 5445 7194rat 16845.02 10836.88 4290.041 1181.234
um020217Madrid 40.45 3.717 2.45pr9400 488.051640 13 4097 5968 7510 8186 5714rat 2961.08 1334.531 352.8633-1592.094
um020217Madrid 40.45 3.717 2.45pr9400 489.371640 8 123 542 2391 6246 8322rat 17291.72 10634.78 4157.324 1220.117
um020217Madrid 40.45 3.717 2.47pr9400 490.681640 9 4438 6055 7602 8219 5611rat 2624.141 1284.899 315.375-1690.106
um020217Madrid 40.45 3.717 2.47pr9400 4921640 8 190 883 3789 9623 12614rat 17172.87 10365.94 4029.805 1146.508
um020217Madrid 40.45 3.717 2.47pr9400 493.311640 14 8831 11832 14525 15659 10616rat 2434.488 1174.563 302.8906-1720.121
um020217Madrid 40.45 3.717 2.47pr9400 494.631640 6 345 1534 6516 16691 21209rat 16865.76 10338.94 4064.086 1011.027
um020217Madrid 40.45 3.717 2.47pr9400 495.951640 11 8583 11312 13553 14480 9896rat 2217.449 1029.422 263.6524-1684.836
co08:16:46td: Time correction  .7 seconds
zsa0 497.490620 64 4 180 858 3794 9305 11714rat 17174.78 10327.73 3875.59 970.6055
zsa0 498.140620 84 5 223 936 4180 10302 13013rat 16687.26 10394.73 3897.297 985.3672
zsa0 498.790620 65 4 188 848 3721 9142 11465rat 16904.92 10302.08 3883.262 954.0391
zsa0 499.440620 67 3 176 813 3475 8537 10569rat 16875.59 10183.6 3882.367 897.8672
zsa0 500.090620 75 8 184 876 3864 9367 11770rat 17201.79 10284.12 3827.617 962.8438
zsa0 500.740620 73 5 216 955 4206 10028 12554rat 16711.84 10189.82 3753.172 946.4649
zsa0 501.390620 65 3 170 805 3378 8005 10055rat 16749.28 9947.106 3725.828 960.8321
summary08:19:26FEB 02/17 81.144 5.784 13zs 0 16901 10233 3835 954 13848 6693-10.1 201.5 212 146 69 28 225 109 19.8 46.7
hgscan 0wide 302warm= 457.868808:22:08FEB 02/17 292 328 1377 4366 7501 11094 14768 18244 21843 24168 24635 23087 20276 17243 13842 10253 6885 3422 2256 1528 1537 2248 3447 7011 10275 14193 17813 21167 24018 26148 25809 23481 19655 15939 12069 8245 4892 1607 327 313
hg08:23:29 .9994 288.3949 288 50783 13 0
dsa0 504.090620 3 4 8 15 41 97 99rat 10056.98 7041.828 2940.934-920.8359
dsa0 504.740620 5 4 8 15 36 90 113rat 9753.932 6724.625 3242.367 26.21875
dsa0 505.40620 2 4 14 14 41 107 114rat 6593.504 7943.84 3405.637-707.6524
dsa0 506.050620 6 4 10 16 44 102 119rat 8630.868 6957.446 2861.164-288.8047
dsa0 506.70620 4 4 5 16 49 90 122rat 12273.54 6411.321 1792.41 399.8399
summary08:25:23FEB 02/17 80.185 5.329 13ds 0 9462 7016 2849-298 10416 6099-24 192.9 2077 574 630 536 1640 1180 28.9 63.5
summary08:25:23FEB 02/17 79.976 5.237 13aode 0 0 0 1627 1558 1581 1514 1491.7 0 0 0 132 81 63 49 34.9 0
co08:27:35ux: UV extended  scan started
co08:32:56ux: UV extended  scan finished, incident DUV =  .8220666 mW/m^2
um020217Madrid 40.45 3.717 2.47pr9400 514.121640 13 648 3185 12501 27325 32271rat 16280.91 9307.644 3375.52 693.1797
um020217Madrid 40.45 3.717 2.47pr9400 515.441640 8 25918 32453 34351 34973 23064rat 1245.731 281.0235 54.02735-1839.145
um020217Madrid 40.45 3.717 2.47pr9400 516.761640 10 757 4050 15713 33538 39488rat 16466.33 9148.014 3271.336 679.875
um020217Madrid 40.45 3.717 2.47pr9400 518.071640 7 23928 29487 30646 30853 20649rat 1048.148 152.8164 5.300782-1775.024
um020217Madrid 40.45 3.717 2.47pr9400 519.391640 10 858 4242 16389 34441 40715rat 16031.05 9061.836 3203.727 697.3946
um020217Madrid 40.45 3.717 2.47pr9400 520.71640 7 33110 40881 41614 42101 27977rat 987.5938 83.81641 26.60156-1806.059
um020217Madrid 40.45 3.717 2.47pr9400 522.02011640 12 1268 5487 21080 43418 50681rat 15331.62 8949.906 3116.621 642.4024
um020217Madrid 40.45 3.717 2.47pr9400 523.33011640 8 34808 42100 42296 42290 27924rat 789.7461-24.41016-24.57422-1833.82
um020217Madrid 40.45 3.717 2.47pr9400 524.651640 11 948 4811 18313 36763 42921rat 15881.06 8798.293 3004.949 643.1836
um020217Madrid 40.45 3.717 2.47pr9400 525.961640 9 29112 35203 35082 34812 23123rat 720.668-92.51562-57.53907-1808.051
um020217Madrid 40.45 3.717 2.47pr9400 527.281640 8 1283 6056 22440 44598 51615rat 15383.35 8634.535 2961.035 605.1797
um020217Madrid 40.45 3.717 2.47pr9400 528.591640 14 32981 39833 39138 38549 25596rat 621.625-186.4102-89.88281-1809.914
um020217Madrid 40.45 3.717 2.47pr9400 529.921640 9 1326 6141 22395 43836 50690rat 15167.6 8499.633 2894.953 601.4844
um020217Madrid 40.45 3.717 2.47pr9400 531.231640 15 23925 28904 28168 27856 18297rat 604.8203-204.5234-72.37891-1857.121
co08:52:03td: Time correction  .6 seconds
hgscan 0wide 302warm= 4.99283908:57:11FEB 02/17 295 368 1354 4364 7437 11058 14640 18393 21767 23479 23985 22069 19646 16651 13170 9557 6204 3321 2215 1461 1495 2248 3377 6394 9913 13737 17506 20667 23369 25472 25369 23242 19830 16016 12149 8402 5201 1819 382 314
hg08:58:33 .9995 287.6493 288 49457 13 0
sla 0 543.910620 312302 22 343959 369833 441785 414442 375451rat 761.6016 455.9727-304.7422-463.7578
sla 0 544.560620 312640 13 344646 370346 442719 414912 376581rat 757.8125 454.8594-309.0391-455.5313
sla 0 545.210620 312723 16 344726 370590 442951 415667 376921rat 764.7891 459.9688-303.3516-459.5625
sla 0 545.860620 313460 15 344455 370478 442943 416214 376793rat 774.0078 467.0586-297.5-466.8321
sla 0 546.510620 313794 22 345209 371036 443622 416440 376879rat 766.8203 462.8594-301.8516-468.2227
sla 0 547.160620 313624 18 345995 370837 443256 416446 376929rat 756.9141 465.2696-298.1563-467.7032
sla 0 547.810620 313486 12 345941 371278 444101 416339 377335rat 756.4571 458.918-307.6485-461.8399
summary09:05:51FEB 02/17 73.969 3.489 13sl 0 763 461-303-463 2245 1400 344990.2 376698.5 6 5 4 5 19 10 757.8 601.7
hgscan 0wide 302warm= 4.99283909:13:18FEB 02/17 320 391 1989 6346 10557 15798 20887 26490 31233 33841 34155 31627 28256 23970 18842 13926 9038 4920 3368 2199 2143 3355 4985 9093 13902 18760 24086 28297 31647 34093 33563 31240 26188 20992 15884 10621 6190 2209 452 315
hg09:14:39 .9996 288.1675 288 68248 13 0
dsa0 555.560620 12 3 9 36 105 181 195rat 12663.16 6042.426 1808.731-255.8399
dsa0 556.210620 6 5 13 45 107 192 203rat 11638.24 5427.49 2025.945-333.5742
dsa0 556.870620 3 11 6 32 118 195 222rat 17002.62 8161.602 1750.688 15.50781
dsa0 557.520620 6 7 20 37 112 212 216rat 9948.738 7088.254 2304.996-492.3789
dsa0 558.170620 8 4 12 46 118 200 226rat 11871.94 5437.934 1755.68-32.66016
summary09:16:51FEB 02/17 72.385 3.205 13ds 0 12625 6432 1929-220 13328 5841 3.7 297.7 2640 1180 238 212 2158 1140 36.5 104.3
summary09:16:51FEB 02/17 72.2 3.175 13aode 0 0 0 2970 3010 3033 3041 3036.4 0 0 0 196 87 103 53 49.8 0
co09:19:03ux: UV extended  scan started
co09:24:24ux: UV extended  scan finished, incident DUV =  2.44823 mW/m^2
um020217Madrid 40.45 3.717 2.49pr9400 565.591640 11 3548 13796 44110 74062 81820rat 13156.64 7260.801 2228.82 403.211
um020217Madrid 40.45 3.717 2.49pr9400 566.91640 10 75636 86526 78248 74598 48794rat-116.543-688.9531-231.6602-1875.383
co09:27:43td: Time correction  .4 seconds
zsa0 568.440620 529 3 2026 7731 24679 41508 45639rat 13069.23 7260.328 2236.277 382.6055
zsa0 569.090620 681 5 2478 9286 29736 49715 54727rat 12981.29 7249.266 2210.731 387.8242
zsa0 569.740620 719 10 2752 10465 33475 55700 61132rat 13026.86 7225.864 2190.512 374.8985
zsa0 570.390620 848 6 3306 12357 39216 65612 71827rat 12935.16 7214.699 2214.613 363.8594
zsa0 571.040620 908 4 3511 13070 41249 68528 74959rat 12860.25 7159.543 2183.965 360.3867
zsa0 571.690620 988 3 3788 14140 44549 73541 80452rat 12836.2 7124.551 2156.481 360.957
zsa0 572.340620 996 4 3909 14179 44442 73830 81075rat 12717.65 7129.903 2184.047 377.4688
summary09:30:23FEB 02/17 70.511 2.924 13zs 0 12918 7195 2197 373 11726 5463-21.6 338.8 122 56 26 11 113 37 .8 2.8
hgscan 0wide 302warm= 567.972509:33:05FEB 02/17 311 359 1576 4821 8685 12900 16886 21207 25356 27721 28226 26450 23307 19850 15571 11645 7500 3787 2585 1686 1696 2625 3863 7542 11747 16001 20330 23885 27470 29387 28813 26761 22653 18565 14010 9671 5598 2015 400 316
hg09:34:27 .9996 288.0948 288 57613 13 0
dsa0 575.060620 10 5 22 90 256 405 473rat 11912.95 5607.547 1489.336 168.1992
dsa0 575.710620 10 3 35 101 287 467 464rat 9817.158 5638.145 1599.41-540
dsa0 576.360620 8 4 30 90 246 424 461rat 10293.47 5777.184 1863.867-143.1484
dsa0 577.020620 14 1 23 85 246 392 434rat 10715.49 5573.102 1501.75-64.70313
dsa0 577.670620 5 8 20 85 227 360 411rat 12898.19 5498.725 1534.563 81.64844
summary09:36:21FEB 02/17 69.712 2.819 13ds 0 11127 5619 1598-100 11446 4989 17.1 250.1 1258 103 155 275 740 482 25.9 49.5
summary09:36:21FEB 02/17 69.54 2.798 13aode 0 0 0 3306 3390 3396 3394 3375.7 0 0 0 89 61 49 46 45.2 0
co09:38:33ux: UV extended  scan started
co09:43:54ux: UV extended  scan finished, incident DUV =  4.116562 mW/m^2
um020217Madrid 40.45 3.717 2.5pr9400 585.081640 11 7587 25507 76749 121606 132161rat 12005 6746.11 1977.731 332.1836
um020217Madrid 40.45 3.717 2.49pr9400 586.391640 15 101587 113422 97840 92273 59750rat-474.711-941.5859-278.75-1919.617
um020217Madrid 40.45 3.717 2.49pr9400 587.711640 13 9463 31719 93951 149278 161749rat 11937.02 6691.098 1990.465 319.2735
um020217Madrid 40.45 3.717 2.49pr9400 589.031640 12 112820 125093 107346 101242 65413rat-527.4453-964.1992-278.5938-1929.309
um020217Madrid 40.45 3.717 2.49pr9400 590.351640 7 10257 33901 99592 156110 168801rat 11779 6596.098 1931.543 310.2539
um020217Madrid 40.45 3.717 2.49pr9400 591.661640 9 108403 120623 102829 96853 62948rat-546.4688-998.6328-284.3633-1903.469
um020217Madrid 40.45 3.717 2.49pr9400 592.981640 10 12041 38814 113363 176967 190746rat 11628.9 6554.063 1914.137 296.5117
um020217Madrid 40.45 3.717 2.49pr9400 594.291640 16 128164 142038 120830 113648 73625rat-579.4297-1014.203-290.5469-1918.004
um020217Madrid 40.45 3.717 2.49pr9400 595.611640 8 18578 58771 171491 267703 285464rat 11546.5 6553.692 1915.91 250.0938
um020217Madrid 40.45 3.717 2.5pr9400 596.921640 13 215847 236825 201249 191030 122439rat-588.4063-980-250.8945-1965.973
um020217Madrid 40.45 3.717 2.5pr9400 598.251640 11 24112 74145 214989 334716 357256rat 11388.13 6517.844 1905.801 254.4258
um020217Madrid 40.45 3.717 2.5pr9400 599.561640 17 218970 238879 204242 192621 123491rat-614.8672-981.5312-279.0781-1964.926
co10:00:22td: Time correction  .4 seconds
co10:01:06ux: UV extended  scan started
co10:06:27ux: UV extended  scan finished, incident DUV =  7.939527 mW/m^2
hgscan 0wide 302warm= 38.9038410:07:00FEB 02/17 309 369 1418 4831 8286 12730 16869 20839 24905 27223 27549 25806 22939 19617 15436 11362 7356 3866 2549 1764 1731 2587 3942 7526 11473 15860 19974 23663 26698 28641 28225 25842 21677 17755 13395 8991 5461 1874 380 307
hg10:08:22 .9995 288.3615 288 56190 13 0
dsa0 608.980620 24 7 45 141 440 727 672rat 11258.26 6359.383 1757.504-779.6094
dsa0 609.630620 14 3 55 139 412 639 726rat 9361.521 5758.877 1467.625 123.4922
dsa0 610.290620 20 7 50 146 406 616 718rat 10002.69 5478.313 1387.961 240.375
dsa0 610.940620 20 0 52 122 390 589 634rat 9036.543 5902.446 1343.262-111.2461
dsa0 611.590620 20 6 43 139 402 650 688rat 10906.5 5917.836 1665.899-180.832
summary10:10:17FEB 02/17 65.528 2.377 13ds 0 10113 5883 1524-142 10566 5362-13.1 342.2 959 319 180 396 2044 917 23.7 111.9
summary10:10:17FEB 02/17 65.38 2.365 13aode 0 0 0 4156 4101 4092 4070 4025.8 0 0 0 210 192 134 102 63.5 0
co10:12:28ux: UV extended  scan started
co10:17:49ux: UV extended  scan finished, incident DUV =  6.9575 mW/m^2
um020217Madrid 40.45 3.717 2.5pr9400 6191640 16 12033 34744 96238 142473 150129rat 10690.09 6092.399 1682.859 197.8438
um020217Madrid 40.45 3.717 2.5pr9400 620.311640 11 97866 106578 88626 82369 52450rat-806.1368-1164.57-342.3399-1992.227
um020217Madrid 40.45 3.717 2.5pr9400 621.631640 10 12919 36506 100694 148704 155688rat 10565.54 6063.106 1672.195 169.8008
um020217Madrid 40.45 3.717 2.5pr9400 622.951640 15 100084 108889 89782 83594 53127rat-839.4571-1193.738-334.5235-2000.785
um020217Madrid 40.45 3.717 2.5pr9400 624.271640 13 11927 33437 92106 134541 141066rat 10478.3 6009.512 1624.399 176.1289
um020217Madrid 40.45 3.717 2.5pr9400 625.581640 11 100514 108900 90877 83799 53602rat-847.4141-1183.473-376.5703-1972.629
um020217Madrid 40.45 3.717 2.5pr9400 626.91640 12 13088 36129 100436 145102 152672rat 10402.93 6001.688 1576.664 191.375
um020217Madrid 40.45 3.717 2.5pr9400 628.211640 10 112377 121923 102108 93580 59717rat-852.5938-1194.785-403.2695-1983.051
co10:29:01td: Time correction  .2 seconds
co10:29:45ux: UV extended  scan started
co10:35:07ux: UV extended  scan finished, incident DUV =  5.41042 mW/m^2
hgscan 0wide 302warm= 596.62810:35:40FEB 02/17 323 376 1706 5314 9046 13484 17881 22223 26207 28365 28681 27007 23821 20076 15730 11539 7542 3959 2641 1838 1782 2665 4079 7637 11761 16248 20681 24540 27845 29824 29379 27369 23089 18791 14100 9628 5851 2193 416 313
hg10:37:01 .9996 287.7945 288 58505 13 0
dsa0 637.640620 26 3 75 163 438 688 683rat 8416.531 5465.227 1564.965-424.7266
dsa0 638.30620 30 8 77 186 497 773 749rat 9083.49 5483.426 1537.184-530.6719
dsa0 638.950620 31 7 81 196 599 774 786rat 8794.024 5236.203 719.2656-323.9805
dsa0 639.610620 29 7 90 212 611 790 795rat 8387.637 4974.43 722.4883-363.0899
dsa0 640.260620 21 8 78 205 546 803 753rat 9196.512 5215.219 1291.973-672.0156
summary10:38:57FEB 02/17 62.537 2.143 13ds 0 8776 5275 1167-463 10257 5478-26.7 395.7 371 209 421 141 771 189 4.2 26.1
summary10:38:57FEB 02/17 62.414 2.135 13aode 0 0 0 4626 4539 4561 4564 4539.7 0 0 0 116 74 59 35 20.7 0
zsa0 641.140620 2591 7 7702 19837 53245 76189 79412rat 9908.035 5807.953 1535.051 150.3828
zsa0 641.790620 2701 12 8098 20792 56111 79972 83324rat 9903.387 5815.258 1518.027 148.7891
zsa0 642.440620 2685 7 7761 20075 54035 77080 80370rat 9925.461 5806.715 1521.59 151.9727
zsa0 643.090620 3031 6 8793 22787 60941 86538 90095rat 9886.051 5759.567 1502.156 145.418
zsa0 643.740620 3484 6 10092 25842 69254 98373 102018rat 9845.234 5770.801 1503.891 128.5
zsa0 644.390620 3900 6 11335 28746 77212 109650 113970rat 9813.047 5780.528 1503.203 138.3945
zsa0 645.040620 3802 9 10847 27804 73976 105627 109328rat 9842.578 5762.895 1526.77 120.0664
summary10:43:05FEB 02/17 62.152 2.117 13zs 0 9875 5786 1516 141 9425 4789-15.6 339.5 42 23 13 12 27 14 1 2.6
co10:45:48ux: UV extended  scan started
co10:51:09ux: UV extended  scan finished, incident DUV =  10.22199 mW/m^2
hgscan 0wide 302warm= 4.99270810:56:18FEB 02/17 315 342 1415 4776 8204 11975 15858 19820 23649 26101 26457 24702 21976 18421 14610 10652 6728 3527 2430 1591 1613 2433 3592 6900 10769 14912 19131 22523 25724 27803 27479 25433 21779 17797 13615 9428 5714 1948 414 310
hg10:57:40 .9996 287.7447 288 54260 14 0
dsa0 658.30620 57 4 136 360 961 1347 1334rat 8778.481 4958.473 1084.625-416.7422
dsa0 658.950620 58 4 147 375 967 1368 1359rat 8500.059 4847.735 1125.399-402.7461
dsa0 659.60620 60 3 151 398 969 1377 1370rat 8384.946 4608.715 1144.324-395.5117
dsa0 660.260620 65 4 159 377 993 1373 1402rat 8170.213 4842.875 1026.82-281.7852
dsa0 660.910620 55 5 159 380 1002 1386 1442rat 8238.041 4858.672 1030.266-199.6914
summary10:59:36FEB 02/17 60.741 2.025 14ds 0 8414 4823 1082-339 9500 4859-4.1 329.2 241 129 54 95 513 186 7 26.1
summary10:59:36FEB 02/17 60.638 2.019 14aode 0 0 0 4619 4619 4630 4624 4592.6 0 0 0 90 60 40 29 14.9 0
zsa0 661.790620 5702 9 15953 39347 103842 144907 149938rat 9539.047 5627.59 1426.32 116.5742
zsa0 662.440620 5681 6 15864 38972 102707 143746 148579rat 9527.562 5633.914 1439.074 111.9453
zsa0 663.090620 6248 6 17095 42338 111682 156051 160713rat 9560.914 5631.867 1432.34 96.14453
zsa0 663.740620 6967 5 19099 46923 123412 172306 177430rat 9511.18 5616.926 1429.461 95.625
zsa0 664.390620 8382 8 22979 56426 149191 207998 214034rat 9529.68 5636.809 1424.399 92.70703
zsa0 665.040620 8213 3 22843 55928 146614 204627 210714rat 9483.274 5603.723 1428.973 95.76953
zsa0 665.690620 7903 5 21828 53975 141124 197136 202726rat 9518.293 5595.578 1432.52 89.85156
summary11:03:44FEB 02/17 60.42 2.006 14zs 0 9524 5621 1430 100 9205 4736-15.8 347.1 24 16 5 10 35 18 .8 3.1
co11:06:27ux: UV extended  scan started
co11:11:48ux: UV extended  scan finished, incident DUV =  15.87672 mW/m^2
hgscan 0wide 302warm= 667.238411:12:22FEB 02/17 317 400 1819 5577 9202 13702 18210 22835 27042 29264 29874 27570 24523 20693 16458 12276 8188 4207 2856 1813 1854 2890 4291 8286 12332 16903 21306 24919 28194 30413 30225 27830 23080 18710 14155 9648 5550 1948 373 316
hg11:13:43 .9996 288.18 288 60287 14 0
dsa0 674.420620 87 7 228 667 1449 2027 2012rat 8357.156 4077.43 1089.742-394.6758
dsa0 675.070620 83 6 229 679 1467 2014 2022rat 8293.356 3967.578 1007.363-344.6992
dsa0 675.730620 78 4 228 598 1428 1994 1959rat 8236.633 4471.883 1080.195-438.5391
dsa0 676.380620 90 5 239 619 1420 1998 1970rat 8054.703 4335.348 1114.629-422.5899
dsa0 677.030620 67 7 189 483 1169 1587 1622rat 8139.407 4433.543 962.1328-265.4766
summary11:15:43FEB 02/17 59.568 1.956 14ds 0 8216 4257 1051-373 9410 4366 25.4 267.3 121 223 64 70 262 246 15.9 37
summary11:15:43FEB 02/17 59.482 1.951 14aode 0 0 0 4468 4615 4650 4649 4637.9 0 0 0 157 96 78 74 61 0
dsa0 677.870620 65 9 176 428 1130 1544 1519rat 8389.278 4863.098 993.1836-431.4532
dsa0 678.520620 63 8 175 433 1113 1544 1537rat 8393.309 4804.914 1058.793-379.6328
dsa0 679.180620 67 7 172 419 1069 1436 1451rat 8133.844 4627.348 918.1055-313.9453
dsa0 679.830620 59 5 164 417 1064 1434 1433rat 8295.918 4628.09 930.7461-362
dsa0 680.480620 49 7 149 337 873 1192 1212rat 7975.043 4779.508 991.7305-285.9375
summary11:19:10FEB 02/17 59.344 1.943 14ds 0 8237 4741 979-355 9372 4854-6.4 342.4 181 107 57 57 356 159 6.1 23.4
summary11:19:10FEB 02/17 59.263 1.939 14aode 0 0 0 4851 4839 4846 4847 4814.7 0 0 0 106 96 85 76 67.8 0
zsa0 681.430620 5649 9 15226 36484 94200 130262 134110rat 9277.328 5491.61 1386.234 94.65234
zsa0 682.090620 5942 9 16066 38887 99370 137907 142273rat 9292.492 5462.864 1402.18 103.6328
zsa0 682.740620 5669 7 15401 37200 95766 131831 136044rat 9279.344 5459.125 1366.598 104.8633
zsa0 683.390620 7375 6 19883 47529 122337 169340 174653rat 9260.762 5485.422 1391.828 102.543
zsa0 684.040620 7332 7 19906 47688 122857 169906 175528rat 9270.492 5485.528 1387.926 109.793
zsa0 684.690620 7817 8 20866 49849 127390 176348 183137rat 9228.328 5455.215 1392.422 132.6133
zsa0 685.340620 6700 4 18013 42854 110972 154286 158371rat 9283.524 5529.434 1410.496 81.72656
summary11:23:23FEB 02/17 59.085 1.929 14zs 0 9270 5481 1391 104 8937 4609-12.1 338.5 21 26 14 16 67 47 2.1 7.6
co11:26:06ux: UV extended  scan started
co11:31:27ux: UV extended  scan finished, incident DUV =  14.10477 mW/m^2
hgscan 0wide 302warm= 24.6414111:32:01FEB 02/17 323 352 1730 5215 9138 13520 17710 21932 26395 28384 28755 26759 23572 19895 15850 12014 7848 4094 2691 1786 1800 2720 4145 7807 12018 16367 20546 24228 27422 29536 29421 26987 22697 18401 13881 9422 5562 1973 424 308
hg11:33:22 .9997 287.9908 288 58291 14 0
dsa0 694.070620 103 8 256 741 1624 2192 2194rat 8234.797 3984.977 945.4492-347.4688
dsa0 694.720620 120 7 291 706 1747 2338 2359rat 7930.246 4474.91 907.625-312.1641
dsa0 695.380620 111 3 292 703 1767 2358 2320rat 7900.149 4513.934 892.9766-421.4375
dsa0 696.030620 78 5 209 459 1235 1631 1688rat 7804.651 4785.965 850.3594-200.9688
dsa0 696.680620 75 10 176 430 1137 1488 1480rat 8286.598 4710.297 816.0508-373.8477
summary11:35:22FEB 02/17 58.43 1.894 14ds 0 8031 4494 882-331 9091 4616 3.5 314.6 215 313 50 83 414 319 22.8 49.7
summary11:35:22FEB 02/17 58.367 1.891 14aode 0 0 0 4805 4831 4835 4840 4807.2 0 0 0 248 149 128 127 114.2 0
co11:37:32ux: UV extended  scan started
co11:42:53ux: UV extended  scan finished, incident DUV =  14.16515 mW/m^2
dsa0 703.630620 58 6 136 303 798 1172 1074rat 8328.715 5191.756 1321.281-728.7266
dsa0 704.280620 49 4 136 321 792 1125 1115rat 8092.071 4738.16 1172.512-386.1875
dsa0 704.940620 51 7 121 273 738 978 952rat 8106.088 4876.801 875.0821-464.8125
dsa0 705.590620 45 5 130 278 741 1024 984rat 7916.194 4973.916 1055.199-520.6836
dsa0 706.240620 45 5 123 265 724 920 941rat 7699.541 4718.645 689.3321-248.0547
summary11:44:56FEB 02/17 57.999 1.871 14ds 0 8029 4900 1023-470 9532 5187-25.6 407.6 235 194 248 177 775 406 14.3 63.1
summary11:44:56FEB 02/17 57.945 1.868 14aode 0 0 0 5300 5219 5241 5239 5208.7 0 0 0 144 121 78 85 63.7 0
zsa0 707.190620 4560 5 12289 29125 74397 101616 105636rat 9125.722 5388.668 1331.555 136.7227
zsa0 707.840620 5243 7 13764 32639 83108 114141 118714rat 9139.941 5399.969 1355.957 138.8906
zsa0 708.50620 5115 8 13680 32106 82248 112662 116725rat 9110 5414.817 1344.422 122.0977
zsa0 709.150620 5103 6 13593 31801 81576 111322 115802rat 9085.043 5403.992 1327.981 139.6367
zsa0 709.80620 4505 7 12057 28238 72752 99592 103365rat 9121.562 5435.719 1341.27 129.6992
zsa0 710.450620 3908 7 10432 24570 63315 86692 90015rat 9146.852 5436.578 1341.809 131.5039
zsa0 711.10620 3702 3 9793 23102 60164 82320 85182rat 9194.797 5478.574 1338.555 116.5078
summary11:49:08FEB 02/17 57.835 1.863 14zs 0 9132 5423 1340 131 8714 4530-10.8 335.9 34 31 9 9 56 43 2.1 7.5
co11:51:52ux: UV extended  scan started
co11:57:13ux: UV extended  scan finished, incident DUV =  10.71304 mW/m^2
hgscan 0wide 302warm= 693.004111:57:47FEB 02/17 299 369 1644 5084 8725 12929 17343 21603 25631 27748 28183 26454 23168 19617 15583 11374 7425 3980 2637 1761 1775 2681 4083 7606 11621 16073 20302 23966 27151 29038 28906 26672 22545 18295 13584 9364 5610 2077 434 296
hg11:59:08 .9995 287.9722 288 57221 14 0
dsa0 719.840620 82 4 239 587 1407 1904 1929rat 7895.58 4394 963.6328-285.8203
dsa0 720.490620 92 4 254 647 1507 2082 2023rat 8016.399 4357.879 1053.727-467.5274
dsa0 721.150620 96 9 228 566 1385 1857 1902rat 8082.504 4472.356 927.8594-237.7656
dsa0 721.80620 98 7 258 661 1584 2124 2165rat 8080.426 4365.344 925.9258-258.9492
dsa0 722.450620 116 8 309 739 1767 2363 2420rat 7754.83 4345.039 914.4727-238.2305
summary12:01:08FEB 02/17 57.456 1.844 14ds 0 7966 4387 957-298 8918 4414 13.8 291 140 51 57 97 365 127 2.8 20.1
summary12:01:08FEB 02/17 57.423 1.843 14aode 0 0 0 4902 4977 4985 4977 4943.6 0 0 0 77 62 49 49 46.7 0
co12:03:19ux: UV extended  scan started
co12:08:40ux: UV extended  scan finished, incident DUV =  24.71687 mW/m^2
dsa0 729.40620 103 4 299 731 1797 2447 2451rat 8006.434 4531.176 992.0703-333.6563
dsa0 730.060620 127 5 317 752 1923 2614 2611rat 8048.627 4698.832 984.8946-345.7578
dsa0 730.710620 119 7 333 775 2003 2689 2697rat 7978.449 4698.649 931.793-327.6524
dsa0 731.360620 116 7 304 785 1898 2514 2507rat 8090.004 4349.399 873.4297-352.7305
dsa0 732.020620 92 7 252 682 1544 2064 2057rat 8067.266 4107.285 914.5742-355.2266
summary12:10:42FEB 02/17 57.25 1.834 14ds 0 8038 4477 939-343 9136 4590 6.3 320.7 45 252 50 12 83 224 16.4 35.6
summary12:10:42FEB 02/17 57.228 1.833 14aode 0 0 0 4849 4895 4906 4907 4876.1 0 0 0 54 39 48 53 62.9 0
zsa0 732.970620 12965 12 33559 77624 198380 269166 277886rat 9010.551 5376.051 1307.906 107.2578
zsa0 733.620620 11574 5 30095 69334 177582 241220 249020rat 9003.977 5387.879 1311.93 106.8867
zsa0 734.270620 12960 9 33654 77668 199002 269793 278127rat 9008.094 5383.645 1304.395 100.875
zsa0 734.920620 12668 9 33230 76701 194830 265211 273312rat 8988.289 5363.239 1321.977 99.38281
zsa0 735.570620 12292 13 32333 75197 191308 260010 268209rat 9021.102 5362.957 1315.004 103.5625
zsa0 736.220620 12524 7 32966 76511 195208 266230 275064rat 9039.512 5390.731 1330.274 110.5625
zsa0 736.870620 9601 10 25108 58393 148541 203061 208142rat 9039.875 5382.926 1338.539 75.6875
summary12:14:54FEB 02/17 57.187 1.831 14zs 0 9016 5378 1319 101 8694 4548-12.3 344 19 11 12 12 47 19 .8 3.3
co12:17:38ux: UV extended  scan started
co12:22:59ux: UV extended  scan finished, incident DUV =  21.34137 mW/m^2
hgscan 0wide 302warm= 50.4003912:23:32FEB 02/17 311 407 2212 5706 9252 13420 17437 21442 25502 27472 27822 26128 22975 19522 15510 11237 7539 3863 2618 1698 1739 2582 3926 7573 11578 15957 19867 23606 26874 28899 28676 26526 22523 18447 14173 9833 5963 2270 423 295
hg12:24:53 .9998 287.4961 287 56721 14-1
dsa0 745.60620 65 4 156 381 986 1311 1350rat 8174.442 4669.496 891.6446-211.7188
dsa0 746.250620 64 7 162 425 992 1402 1443rat 8372.559 4504.141 1161.395-213.6172
dsa0 746.910620 57 6 154 349 966 1369 1341rat 8473.078 5262.555 1172.438-429.4063
dsa0 747.560620 58 9 146 335 884 1224 1286rat 8309.274 4984.114 1075.871-123.1016
dsa0 748.210620 59 8 143 343 862 1240 1296rat 8433.484 4926.18 1241.715-146.1953
summary12:26:54FEB 02/17 57.097 1.827 14ds 0 8353 4869 1109-225 9072 4697-2.2 339.1 117 293 135 121 451 420 21.8 67.3
summary12:26:54FEB 02/17 57.096 1.827 14aode 0 0 0 5320 5313 5305 5280 5229.3 0 0 0 120 76 57 47 32.7 0
co12:29:04ux: UV extended  scan started
co12:34:25ux: UV extended  scan finished, incident DUV =  14.66998 mW/m^2
dsa0 755.160620 128 5 328 797 2068 2774 2704rat 8161.485 4706.258 928.2852-450.6289
dsa0 755.820620 138 5 335 845 2041 2764 2829rat 8052.047 4434.625 969.6133-238.4531
dsa0 756.470620 137 5 348 869 2192 2899 2935rat 8091.719 4519.758 866.3633-285.8906
dsa0 757.120620 139 7 387 900 2280 3154 3139rat 8010.836 4740.391 1062.863-360.3399
dsa0 757.780620 155 10 406 950 2480 3331 3311rat 8065.461 4751.364 935.6055-365.8242
summary12:36:28FEB 02/17 57.123 1.828 14ds 0 8076 4630 953-340 9165 4733-2.8 344.6 56 144 72 82 294 265 12.7 42.5
summary12:36:28FEB 02/17 57.132 1.829 14aode 0 0 0 4817 4819 4825 4823 4787 0 0 0 15 49 45 45 46.5 0
zsa0 758.720620 18036 11 47996 112252 289084 396305 407029rat 9149.711 5465.114 1357.129 84.98828
zsa0 759.380620 16623 15 44477 104183 268050 368156 379151rat 9157.868 5466.824 1364.383 96.875
zsa0 760.030620 12627 4 33845 79742 206123 282494 290666rat 9184.227 5470.047 1352.121 92.57422
zsa0 760.680620 12232 6 33102 78070 201206 277029 285835rat 9195.477 5476.875 1372.094 104.6953
zsa0 761.330620 11955 12 32202 75792 196694 270129 279657rat 9205.66 5495.629 1360.797 119.4375
zsa0 761.980620 15027 6 39646 92436 236868 327944 337759rat 9149.961 5480.395 1398.02 96.98828
zsa0 762.630620 13802 7 36687 85988 215977 297132 308671rat 9055.137 5363.043 1369.313 134.5938
summary12:40:40FEB 02/17 57.161 1.83 14zs 0 9157 5460 1368 104 8823 4599-13.2 352.6 50 44 15 17 90 67 2.9 11.2
co12:43:24ux: UV extended  scan started
co12:48:45ux: UV extended  scan finished, incident DUV =  17.84144 mW/m^2
hgscan 0wide 302warm= 718.774312:49:18FEB 02/17 294 337 1503 4933 8600 12769 17037 21264 25777 27881 28181 26532 23515 20110 16204 12162 7808 4202 2785 1870 1863 2755 4188 7920 12318 16702 20835 24166 27525 29332 28952 26600 21627 17706 13150 8805 5100 1556 347 303
hg12:50:40 .9995 288.9015 289 57513 14 1
dsa0 771.370620 126 5 339 810 2090 2853 2874rat 8131.582 4753.645 1002.457-309.3516
dsa0 772.030620 149 4 354 880 2267 3107 3180rat 8300.211 4758.633 1018.926-240.4297
dsa0 772.680620 139 3 389 927 2443 3337 3423rat 8186.274 4838.438 1003.535-230.9766
dsa0 773.330620 176 9 534 1264 3235 4451 4579rat 8096.797 4754.938 1036.957-218.1992
dsa0 773.990620 2964 7 8407 19757 53853 76491 80147rat 8422.461 5151.559 1174.332-138.5313
summary12:52:40FEB 02/17 57.363 1.84 14ds 0 8227 4851 1047-227 8955 4715-5.7 339.5 134 172 72 61 137 81 5.4 12.9
summary12:52:40FEB 02/17 57.394 1.841 14aode 0 0 0 4450 4423 4410 4389 4335.3 0 0 0 712 737 746 758 767 0
co12:54:51ux: UV extended  scan started
co13:00:12ux: UV extended  scan finished, incident DUV =  25.33177 mW/m^2
dsa0 780.940620 115 6 304 784 1833 2659 2602rat 8306.653 4585.551 1263.977-440.0664
dsa0 781.590620 119 12 333 793 2160 2933 2974rat 8401.141 4986.446 978.7812-285.3633
dsa0 782.250620 192 8 470 1141 3025 4252 4329rat 8441.738 4992.836 1125.688-267.9727
dsa0 782.90620 132 4 404 940 2463 3439 3459rat 8148.383 4903.446 1095.164-321.0195
dsa0 783.550620 793 3 2260 5442 14958 20479 22438rat 8388.035 5015.297 1008.422 50.63282
summary13:02:14FEB 02/17 57.62 1.853 15ds 0 8337 4897 1094-253 9146 4779-6.2 347.3 116 179 112 182 553 223 11 35.3
summary13:02:14FEB 02/17 57.662 1.855 15aode 0 0 0 4550 4527 4522 4501 4452.4 0 0 0 370 385 423 433 458.6 0
zsa0 784.50620 17061 11 45158 106088 273372 374667 387423rat 9164.016 5461.309 1353.414 112.3789
zsa0 785.150620 16478 12 43941 103423 269674 369381 383448rat 9220.582 5509.817 1350.676 129.4492
zsa0 785.80620 16836 7 45289 106365 278272 382265 397916rat 9239.188 5537.938 1363.766 141.5859
zsa0 786.460620 17567 6 47082 110685 287785 394852 410548rat 9212.453 5506.696 1358.844 136.625
zsa0 787.110620 17257 10 46122 109005 283039 387350 400553rat 9218.164 5489.227 1347.43 112.5938
zsa0 787.760620 16680 13 45202 106849 278468 381993 396515rat 9244.93 5515.219 1357.586 129.2266
zsa0 788.410620 16032 8 43656 103900 269960 372614 387111rat 9286.758 5527.883 1384.246 132.9453
summary13:06:27FEB 02/17 57.761 1.859 15zs 0 9227 5507 1359 128 8818 4610-14.3 349.7 37 25 12 11 34 11 .7 1.7
co13:09:10ux: UV extended  scan started
co13:14:32ux: UV extended  scan finished, incident DUV =  14.24716 mW/m^2
hgscan 0wide 302warm= 76.1779313:15:05FEB 02/17 309 388 1650 5052 8692 13337 17372 21751 26026 28169 28567 26722 23567 19942 15758 11648 7528 3932 2654 1762 1792 2686 3968 7783 11764 16241 20576 24130 27607 29522 29301 26929 22733 18395 14221 9530 5583 2093 429 297
hg13:16:26 .9996 288.0161 288 58089 15 0
dsa0 797.150620 84 7 215 578 1438 1987 2021rat 8578.699 4646.707 1048.746-276.9649
dsa0 797.80620 60 8 148 364 951 1349 1337rat 8604.414 5005.414 1167.293-390.2852
dsa0 798.450620 53 8 160 389 971 1366 1428rat 8300.766 4764.633 1130.512-157.6953
dsa0 799.110620 60 2 148 360 929 1344 1362rat 8423.596 4983.207 1244.328-293.8867
dsa0 799.760620 56 7 149 356 917 1338 1427rat 8507.285 5057.293 1288.609-70.97266
summary13:18:27FEB 02/17 58.247 1.884 15ds 0 8483 4891 1176-238 9244 4708 .5 330.5 124 177 95 125 471 258 10.3 40.3
summary13:18:27FEB 02/17 58.308 1.888 15aode 0 0 0 5036 5048 5048 5023 4977.7 0 0 0 146 119 109 93 84.4 0
co13:20:37ux: UV extended  scan started
co13:25:58ux: UV extended  scan finished, incident DUV =  10.85938 mW/m^2
dsa0 806.710620 67 8 152 364 965 1368 1390rat 8528.696 5057.61 1160.156-285.5625
dsa0 807.360620 55 5 158 376 1012 1409 1429rat 8402.482 5015.907 1076.906-294.1563
dsa0 808.020620 58 7 134 360 930 1347 1358rat 9007.531 5028.532 1252.223-320.418
dsa0 808.670620 56 9 120 353 935 1328 1371rat 9523.135 5071.723 1169.348-216.7617
dsa0 809.320620 64 9 155 425 1144 1555 1658rat 9021.297 4935.293 974.793-76.30078
summary13:28:00FEB 02/17 58.727 1.909 15ds 0 8897 5022 1127-239 9660 4864-1.6 350 447 53 105 99 434 167 11.8 26.1
summary13:28:00FEB 02/17 58.799 1.914 15aode 0 0 0 4962 4960 4955 4949 4906.8 0 0 0 75 30 41 32 39.4 0
zsa0 810.270620 4448 8 12863 32711 87352 125755 129554rat 9852.41 5809.328 1559.539 95.15625
zsa0 810.920620 2706 5 7883 20302 54203 77536 80918rat 9873.641 5776.418 1530.02 151.2695
zsa0 811.570620 3911 9 11463 29384 78395 111689 116542rat 9836.844 5758.938 1513.656 150.7422
zsa0 812.220620 4251 10 12467 32356 86357 122804 128458rat 9885.488 5753.485 1505.961 161.6094
zsa0 812.870620 3914 8 11221 28902 77090 109315 114241rat 9835.664 5737.129 1493.106 157.457
zsa0 813.520620 5129 4 15027 38712 102355 146288 152634rat 9834.734 5735.914 1528.594 150.6172
zsa0 814.170620 5125 4 14767 38193 101912 144939 151219rat 9870.191 5754.196 1507.086 150.3984
summary13:32:13FEB 02/17 58.964 1.922 15zs 0 9856 5761 1520 145 9391 4754-13.1 362.7 21 25 22 23 72 52 2.1 8.7
co13:34:56ux: UV extended  scan started
co13:40:17ux: UV extended  scan finished, incident DUV =  14.32072 mW/m^2
hgscan 0wide 302warm= 744.526113:40:50FEB 02/17 308 348 1825 5340 9003 13217 17434 21637 25841 27926 28371 26236 23117 19578 15562 11693 7642 3901 2638 1746 1786 2594 3957 7726 11724 16172 20105 23885 27064 29261 29041 26604 22580 18054 13708 9317 5677 1955 397 308
hg13:42:11 .9996 287.8796 288 57632 15 0
dsa0 822.890620 64 8 198 544 1369 1837 1887rat 8578.406 4546.828 907.7578-247.3047
dsa0 823.550620 64 8 165 483 1269 1798 1792rat 9312.133 4977.188 1145.234-379.3594
dsa0 824.20620 78 5 223 691 1547 2255 2276rat 8878.098 4373.098 1264.332-324.9297
dsa0 824.850620 69 9 184 504 1338 1897 1948rat 9068.629 5027.344 1147.57-250.0117
dsa0 825.510620 187 5 513 1378 3647 5149 5301rat 8792.496 4949.219 1122.172-239.625
summary13:44:12FEB 02/17 59.719 1.964 15ds 0 8926 4775 1117-288 9848 4706 12.1 316.7 279 295 130 62 441 301 16.5 44.8
summary13:44:12FEB 02/17 59.808 1.97 15aode 0 0 0 4421 4492 4505 4507 4481.9 0 0 0 219 215 219 227 233.3 0
dsa0 826.340620 100 6 281 763 2003 2892 2808rat 8945.113 5023.239 1220.961-495.0664
dsa0 8270620 70 5 218 600 1529 2117 2190rat 8696.731 4711.821 1038.309-219.6953
dsa0 827.650620 65 6 199 515 1349 1901 1939rat 8652.879 4918.211 1116.199-281.3867
dsa0 828.30620 63 8 171 414 1144 1668 1657rat 8809.724 5323.985 1267.625-396.9883
dsa0 828.960620 69 6 187 579 1377 1927 2021rat 8987.231 4460.793 1084.707-161.1328
summary13:47:39FEB 02/17 59.959 1.978 15ds 0 8818 4888 1146-311 9813 4843 2.7 334.8 147 325 96 135 479 485 23.8 72
summary13:47:39FEB 02/17 60.051 1.984 15aode 0 0 0 4497 4528 4541 4538 4509.7 0 0 0 163 129 114 106 95.8 0
zsa0 829.910620 6462 7 19064 50474 136360 195925 205230rat 10075.93 5857.114 1553.508 168.0586
zsa0 830.560620 5577 11 16162 42738 116325 167105 174859rat 10100.27 5886.52 1551.645 163.3633
zsa0 831.210620 4697 12 13813 36397 98265 142171 148252rat 10078.62 5880.254 1581.824 148.0664
zsa0 831.860620 6392 9 18372 48657 131804 189825 198490rat 10098.98 5878.61 1563.563 160.3359
zsa0 832.510620 8425 10 25244 66411 179111 257711 269422rat 10053.65 5861.324 1561.871 159.8399
zsa0 833.160620 8721 14 25678 66565 178763 255464 265215rat 9941.852 5813.133 1532.086 129.2969
zsa0 833.810620 6524 5 19252 50493 136445 195346 203641rat 10019.95 5842.426 1537.856 147.0274
summary13:51:51FEB 02/17 60.264 1.996 15zs 0 10053 5860 1555 154 9561 4821-14.8 361.7 56 26 17 13 29 15 .8 2.2
co13:54:35ux: UV extended  scan started
co13:59:56ux: UV extended  scan finished, incident DUV =  15.701 mW/m^2
zsa0 840.520620 8354 9 24283 63486 170059 244116 254560rat 9985.234 5820.27 1551.18 148.6289
zsa0 841.180620 7593 8 22211 58380 155396 222639 230914rat 9970.278 5782.492 1542.016 124.9141
zsa0 841.830620 5724 13 16785 44331 119298 169802 177442rat 10006.15 5797.367 1511.563 157.4922
zsa0 842.480620 6800 14 19884 53032 142210 203949 213880rat 10069.53 5817.778 1545.711 173.1211
zsa0 843.130620 8767 9 25102 65235 173229 245221 254777rat 9860.774 5721.77 1490.34 132.6055
zsa0 843.780620 8839 9 25789 67820 182489 261382 274651rat 10022.5 5831.778 1542.184 182.082
zsa0 844.430620 8457 9 24218 62282 164835 231528 239961rat 9765.453 5672.153 1455.871 121.8164
summary14:02:28FEB 02/17 61.097 2.047 15zs 0 9954 5778 1520 149 9479 4765-12.9 345.5 105 59 36 24 65 24 .8 4.6
hgscan 0wide 302warm= 100.521714:05:10FEB 02/17 291 377 1898 6120 10262 15340 20117 24906 30101 31948 32115 30048 26649 22649 17867 13152 8518 4636 3152 2039 2055 3074 4615 8610 13264 18088 22846 26652 30073 32402 32016 29515 24524 19767 14866 10210 6026 2077 408 296
hg14:06:31 .9997 288.088 288 64517 15 0
dsa64 847.190620 23771 13 77303 217047 618120 919352 1000700rat 9528.172 5527.313 1364.539-5.679688
dsa64 847.840620 22711 15 74254 208833 595863 889633 964818rat 9555.25 5548.375 1379.602-22.84375
dsa64 848.50620 18598 13 60909 171684 493469 738307 801135rat 9586.508 5573.68 1381.828-22.76563
dsa64 849.150620 14377 13 46976 133125 379639 569617 618421rat 9566.977 5534.461 1386.633-22.89063
dsa64 849.80620 12451 7 40606 116461 333193 501952 546178rat 9640.371 5558.235 1400.844-14.42188
summary14:08:29FEB 02/17 61.608 2.08 15ds 1 9575 5548 1383-18 9632 4887-3.3 324.5 42 19 13 8 53 25 1.1 3.4
summary14:08:29FEB 02/17 61.722 2.088 15aode 1 0 0 1110 1075 1043 1009 942 0 0 0 118 122 123 123 124.2 0
co14:10:39ux: UV extended  scan started
co14:16:00ux: UV extended  scan finished, incident DUV =  39.10485 mW/m^2
um020217Madrid 40.45 3.717 2.6pr9400 857.21640 24 68723 169487 444541 621652 638511rat 9533.41 5620.645 1439.332 82.65235
um020217Madrid 40.45 3.717 2.62pr9400 858.511640 26 446412 463607 371905 336818 212598rat-1299.477-1449.289-461.961-2042.762
co14:19:19td: Time correction  0 seconds
zsa0 860.040620 6020 9 17599 45430 120011 169852 174428rat 9800.633 5691.852 1486.84 81.44531
zsa0 860.690620 5837 10 17107 44655 118170 167240 171241rat 9856.516 5699.145 1486.598 68.59766
zsa0 861.350620 5799 10 17092 44484 118031 167365 171709rat 9863.586 5719.09 1494.988 77.2461
zsa0 8620620 5742 7 17022 44646 118353 167931 172075rat 9895.461 5717.793 1497.809 71.8086
zsa0 862.650620 5657 8 16573 43362 115276 163323 167525rat 9890.508 5723.383 1491.211 76.26563
zsa0 863.30620 5591 12 16490 43328 115216 163673 168605rat 9922.621 5736.426 1502.859 94.97266
zsa0 863.950620 5588 12 16510 43549 116490 165603 169766rat 9968.504 5765.453 1506.098 73.75781
summary14:21:59FEB 02/17 62.851 2.165 15zs 0 9885 5722 1495 78 9637 4842-15.4 340.8 53 24 8 9 58 24 .6 2.8
hgscan 0wide 302warm= 764.046614:24:41FEB 02/17 310 374 1875 5374 9218 13706 18372 22795 27084 29022 29704 27614 24368 20806 16237 11790 7748 4175 2787 1874 1889 2822 4223 7876 11957 16701 21399 25283 28537 30912 30446 28202 23677 19329 14394 10167 6068 2318 426 309
hg14:26:02 .9995 287.805 288 60616 16 0
dsa128 866.720620 15031 16 50230 146382 438902 661157 727868rat 9858.109 5731.446 1385.07 17.625
dsa128 867.380620 14960 16 49883 146086 438138 663969 729008rat 9904.024 5757.188 1410.617 4.945313
dsa128 868.030620 14909 22 49696 145503 437361 662618 727567rat 9908.812 5763.891 1408.539 4.375
dsa128 868.680620 14616 17 49138 143804 434278 659557 721678rat 9934.047 5792.657 1418.266-12.01563
dsa128 869.340620 14316 19 48439 141865 427782 651470 713902rat 9938.359 5795.117 1428.891-6.445313
summary14:28:01FEB 02/17 63.448 2.209 16ds 2 9909 5768 1410 2 9903 5060-8.3 328.5 32 27 16 12 68 38 1 4
summary14:28:01FEB 02/17 63.58 2.219 16aode 2 0 0 524 465 427 396 333.2 0 0 0 5 7 5 5 3.6 0
co14:30:12ux: UV extended  scan started
co14:35:33ux: UV extended  scan finished, incident DUV =  34.63048 mW/m^2
um020217Madrid 40.45 3.717 2.66pr9400 876.741640 15 55880 147355 396949 573611 591275rat 10075.82 5873.989 1579.895 95.91016
um020217Madrid 40.45 3.717 2.66pr9400 878.061640 29 402010 424576 346882 316639 200859rat-1111.352-1334.531-427.4883-2020.668
zsa0 879.580620 4293 13 13399 37647 102740 149819 154891rat 10435.38 5958.594 1614.524 108.3359
zsa0 880.230620 4249 9 13175 37467 102024 148758 154071rat 10476.5 5948.094 1613.934 116.1797
zsa0 880.880620 4140 7 13113 37061 101581 147978 152857rat 10473.48 5972.371 1609.934 104.6016
zsa0 881.530620 4212 5 12979 36803 100894 147198 152536rat 10494.46 5979.52 1616.418 118.4766
zsa0 882.180620 4141 7 12897 36373 99985 146778 151911rat 10510.17 6018.344 1643.399 113.0313
zsa0 882.830620 4072 15 12592 36217 99701 145730 151031rat 10585.48 6006.504 1624.652 118.9453
zsa0 883.480620 4024 8 12612 36104 98922 145420 150844rat 10567.08 6010.176 1649.43 122.832
summary14:41:31FEB 02/17 64.873 2.322 16zs 0 10506 5985 1625 115 10139 4978-15.8 340.2 53 27 16 6 40 20 .9 2.4
hgscan 0wide 302warm= 120.059814:44:13FEB 02/17 297 362 1613 5255 9037 13449 17657 22000 26425 28901 29433 27632 24397 20782 16439 11950 8080 4277 2741 1839 1849 2798 4282 8031 12256 16791 21121 24955 28182 30507 30319 28049 23806 19546 14982 10470 6403 2299 408 295
hg14:45:34 .9997 287.9772 288 59940 16 0
dsa128 886.210620 8901 15 33578 112467 354493 574915 632840rat 10887.27 6198.11 1674.649-13.11719
dsa128 886.870620 8905 10 32948 110586 347830 567659 622276rat 10909.36 6213.157 1700.734-32.48438
dsa128 887.520620 8198 15 31024 103750 326656 534862 585279rat 10904.99 6226.25 1712.399-41.90625
dsa128 888.170620 8598 10 31980 108192 341724 559636 615157rat 10967.77 6240.508 1713.117-22.85938
dsa128 888.830620 8345 16 31565 107405 340241 559642 613830rat 11021.18 6269.953 1731.024-33.60938
summary14:47:31FEB 02/17 65.542 2.378 16ds 2 10938 6230 1706-29 11030 5425-9.2 350 56 28 21 11 71 29 .5 2.4
summary14:47:31FEB 02/17 65.692 2.392 16aode 2 0 0 428 383 364 335 287 0 0 0 12 11 11 11 11.3 0
co14:49:42ux: UV extended  scan started
co14:55:03ux: UV extended  scan finished, incident DUV =  28.50573 mW/m^2
um020217Madrid 40.45 3.717 2.68pr9400 896.231640 23 41874 121556 343685 518775 542897rat 10886.91 6268.657 1767.344 159.6602
um020217Madrid 40.45 3.717 2.7pr9400 897.551640 27 350766 379604 320981 299416 191944rat-764.3594-1092.902-334.6836-1976.742
um020217Madrid 40.45 3.717 2.7pr9400 898.871640 19 37927 112065 320404 487339 512660rat 11043.56 6348.867 1799.992 182.3359
um020217Madrid 40.45 3.717 2.7pr9400 900.181640 25 347451 372928 313495 290518 185262rat-854.4649-1146.992-363.2891-1999.465
um020217Madrid 40.45 3.717 2.7pr9400 901.51640 24 38749 114260 324553 493767 517159rat 11008.16 6321.926 1801.184 163.2539
um020217Madrid 40.45 3.717 2.7pr9400 902.811640 24 346002 371531 312938 289649 185023rat-849.2891-1143.664-368.5977-1992.02
um020217Madrid 40.45 3.717 2.7pr9400 904.131640 20 37531 110472 316172 482891 506966rat 11049.22 6371.094 1817.91 173.5781
um020217Madrid 40.45 3.717 2.7pr9400 905.441640 28 337905 365076 308244 285979 182593rat-801.5743-1122.777-358.2813-1994.016
um020217Madrid 40.45 3.717 2.7pr9400 906.761640 26 35514 106355 305699 469516 493261rat 11167.26 6413.711 1842.07 176.5274
um020217Madrid 40.45 3.717 2.7pr9400 908.071640 22 323673 349172 295918 274510 175204rat-792.2735-1106.816-358.7539-1995.371
um020217Madrid 40.45 3.717 2.7pr9400 909.41640 30 33903 102422 296137 457270 482558rat 11254.09 6462.254 1865.176 196.1172
um020217Madrid 40.45 3.717 2.7pr9400 910.711640 27 318992 345655 294300 273561 174888rat-743.8438-1077.766-349.9531-1988.172
um020217Madrid 40.45 3.717 2.7pr9400 912.031640 25 31990 96812 282233 438901 464187rat 11326.87 6527.957 1895.676 205.6133
um020217Madrid 40.45 3.717 2.7pr9400 913.341640 29 312119 338375 287494 269082 172583rat-720.8008-1056.844-319.8945-1973.992
um020217Madrid 40.45 3.717 2.7pr9400 914.661640 22 30461 94108 275724 432152 456309rat 11471.74 6583.367 1929.691 198.5
um020217Madrid 40.45 3.717 2.7pr9400 915.971640 28 309112 338539 292045 273519 176029rat-607.2735-987.6562-317.082-1959.207
um020217Madrid 40.45 3.717 2.7pr9400 917.291640 27 28850 90503 268105 423098 448495rat 11616.19 6660.949 1959.379 215.5195
um020217Madrid 40.45 3.717 2.7pr9400 918.61640 18 300271 329008 284171 266414 170903rat-595.4297-977.7618-312.6289-1973.039
um020217Madrid 40.45 3.717 2.7pr9400 919.931640 16 27650 87938 263149 419260 445964rat 11759.52 6745.758 2000.832 230.586
um020217Madrid 40.45 3.717 2.7pr9400 921.241640 31 288130 315944 273948 257061 165102rat-571.2422-956.8359-308.6875-1967.727
co15:22:03td: Time correction  .4 seconds
zsa0 922.780620 1602 14 5873 20543 62271 100468 107016rat 12278.74 6847.895 2050.969 235.8516
zsa0 923.430620 1655 11 5789 20262 61465 99272 106221rat 12287.18 6855.114 2055.41 255.5195
zsa0 924.080620 1605 9 5724 20042 61226 99031 106123rat 12324.31 6891.645 2061.723 262.0781
zsa0 924.730620 1566 9 5778 20236 62085 101041 108204rat 12370.97 6937.285 2088.621 259.1524
zsa0 925.380620 1502 7 5506 19478 59910 97464 104218rat 12422.29 6945.918 2086.742 252.6328
zsa0 926.030620 1508 7 5394 19292 59359 96809 103631rat 12482.3 6958.262 2097.57 257.4063
zsa0 926.680620 1478 6 5403 19211 59064 96247 103712rat 12448.93 6951.012 2093.863 286.1563
summary15:24:43FEB 02/17 70.166 2.878 17zs 0 12374 6912 2076 258 11547 5435-22.4 339.8 81 47 20 15 68 31 .9 3.5
hgscan 0wide 302warm= 807.239915:27:25FEB 02/17 297 355 1737 5036 8531 13212 17242 21345 25275 27408 27838 25867 22771 19203 15090 10909 7013 3651 2547 1725 1700 2571 3697 7295 11310 15847 20103 23570 26832 28956 28650 26683 22595 18370 14164 9510 5793 2143 416 304
hg15:28:46 .9995 287.5224 288 56794 17 0
dsa64 929.450620 4527 22 21672 105898 397514 761501 887722rat 13650.53 7465.977 2302.211 136.6641
dsa64 930.110620 4303 13 20791 100836 380590 729160 853393rat 13628.36 7481.391 2298.25 151.25
dsa64 930.760620 1584 9 7567 37138 141023 272691 319452rat 13686.76 7495.485 2309.438 143.3438
dsa64 931.410620 2838 16 13455 66791 254745 493145 578259rat 13778.1 7537.641 2324.961 150
dsa64 932.060620 3635 16 17495 86791 331085 642240 753988rat 13792.99 7557.586 2340.297 156.2109
summary15:30:45FEB 02/17 70.984 2.99 17ds 1 13707 7508 2315 147 13235 6099-7.9 344.4 75 39 17 8 63 21 .2 .9
summary15:30:45FEB 02/17 71.163 3.016 17aode 1 0 0 488 447 432 409 366.6 0 0 0 137 137 137 138 137.7 0
co15:32:56ux: UV extended  scan started
co15:38:17ux: UV extended  scan finished, incident DUV =  16.23124 mW/m^2
um020217Madrid 40.45 3.717 2.72pr9400 939.471640 27 17576 62235 195315 331926 359617rat 12712.24 7229.996 2280.047 310.4922
um020217Madrid 40.45 3.717 2.72pr9400 940.781640 31 226167 253517 228590 218438 140928rat-225.3203-706.461-229.25-1947.383
um020217Madrid 40.45 3.717 2.72pr9400 942.11640 20 16001 56731 181622 309997 336591rat 12820.75 7334.043 2298.34 319.8828
um020217Madrid 40.45 3.717 2.74pr9400 943.411640 21 212200 238450 216132 206411 133684rat-198.6563-689.4922-233.6289-1932.539
um020217Madrid 40.45 3.717 2.74pr9400 944.731640 27 14772 52702 167949 289302 314490rat 12864.67 7350.121 2336.024 322.6055
um020217Madrid 40.45 3.717 2.74pr9400 946.041640 29 200649 226434 206381 197807 128567rat-140.3086-649.668-217.9883-1917.012
um020217Madrid 40.45 3.717 2.74pr9400 947.371640 22 13887 50651 163983 286862 313623rat 13095.11 7485.438 2403.07 347.4922
um020217Madrid 40.45 3.717 2.74pr9400 948.681640 27 197838 224610 206847 199028 129675rat-52.0586-587.6211-201.0039-1906.453
um020217Madrid 40.45 3.717 2.74pr9400 9501640 25 13238 48293 158755 281052 307918rat 13215.07 7603.707 2454.93 356.6367
um020217Madrid 40.45 3.717 2.74pr9400 951.311640 26 193598 221101 204735 197845 129038rat 16.32813-544.9844-182.2734-1901.906
um020217Madrid 40.45 3.717 2.74pr9400 952.631640 19 12322 46078 152636 273459 300945rat 13405.72 7687.989 2506.551 376.1289
um020217Madrid 40.45 3.717 2.74pr9400 953.941640 25 186487 213805 199600 193984 126325rat 93.46484-484.6367-157.4688-1908.52
um020217Madrid 40.45 3.717 2.74pr9400 955.261640 26 11481 43270 144967 262339 290491rat 13534.85 7780.961 2550.043 402.9336
um020217Madrid 40.45 3.717 2.74pr9400 956.571640 29 178733 205453 193475 187538 123077rat 131.2266-458.2383-168.9024-1874.746
um020217Madrid 40.45 3.717 2.74pr9400 957.891640 21 10697 40364 136245 249366 277153rat 13619.8 7861.746 2598.969 419.0352
um020217Madrid 40.45 3.717 2.74pr9400 959.21640 27 169947 197353 187665 182877 119841rat 241.0899-392.6445-145.7188-1881.055
um020217Madrid 40.45 3.717 2.74pr9400 960.531640 20 9704 36922 126509 233589 260762rat 13758.61 7964.344 2636.766 438.0938
um020217Madrid 40.45 3.717 2.74pr9400 961.841640 28 156476 181450 173429 169628 111422rat 273.1524-354.2344-129.6641-1870.531
um020217Madrid 40.45 3.717 2.74pr9400 963.161640 26 8916 33916 116727 217323 243403rat 13815.61 8019.727 2672.547 452.3242
um020217Madrid 40.45 3.717 2.74pr9400 964.471640 29 148476 173342 166956 164284 107589rat 362.2344-294.5469-103.4063-1883.496
um020217Madrid 40.45 3.717 2.74pr9400 965.791640 15 8331 31932 111351 212229 238679rat 14002.42 8177.246 2774.156 470.2188
um020217Madrid 40.45 3.717 2.74pr9400 967.11640 27 141636 165843 161497 158791 104775rat 419.4414-250.0547-106.7305-1850.715
um020217Madrid 40.45 3.717 2.74pr9400 968.421640 26 7584 29080 101900 195967 220133rat 14070.1 8238.121 2812.985 465.043
um020217Madrid 40.45 3.717 2.74pr9400 969.731640 17 129919 152240 149343 147231 96907rat 466.1797-206.5-95.16406-1861.133
zsa0 971.260620 415 16 1364 5930 21890 43364 49529rat 14999.55 8594.379 2939.758 536.7618
zsa0 971.910620 394 11 1359 5828 21418 43112 49208rat 14974.7 8641.371 3008.692 533.7578
zsa0 972.560620 383 12 1304 5762 21192 42876 49202rat 15135.01 8667.711 3031.031 557.125
zsa0 973.210620 385 14 1319 5731 21098 42346 48767rat 15037.23 8638.414 2996.481 572.6094
zsa0 973.860620 394 16 1218 5601 20955 42247 48845rat 15383.91 8729.492 3016.082 589.7735
zsa0 974.510620 375 12 1242 5407 20163 41044 47326rat 15158.68 8754.613 3057.543 577.9375
zsa0 975.160620 366 13 1212 5294 19948 41045 47351rat 15269.54 8847.379 3104.375 580.1406
summary16:13:12FEB 02/17 77.184 4.255 18zs 0 15137 8696 3022 564 13332 6226-39.8 324.6 150 87 51 22 98 44 2.1 5.2
hgscan 0wide 302warm= 168.542716:15:54FEB 02/17 282 381 1718 4891 8668 12739 16662 20794 24894 26932 27424 25515 22575 19120 14891 10848 6955 3606 2552 1581 1598 2575 3639 6965 11123 15323 19545 23123 26106 28457 28236 26423 22344 18238 14271 9801 5761 2371 408 322
hg16:17:15 .9996 287.4306 287 55881 17-1
dsa0 977.910620 195 10 715 5489 32213 94703 129164rat 18370.4 10576.47 3827.719 524.0938
dsa0 978.570620 140 7 380 3519 20138 59219 80765rat 19068.46 10450.43 3819.313 515.8985
dsa0 979.220620 68 5 152 1352 7853 23070 31588rat 18990.06 10499.26 3806.121 525.0938
dsa0 979.870620 39 9 111 968 5558 16407 22263rat 19070.1 10477.17 3822.199 479.1016
dsa0 980.530620 34 10 85 780 4230 12575 17312rat 19224.63 10258.88 3847.586 535.4571
summary16:19:13FEB 02/17 78.117 4.542 17ds 0 18945 10452 3825 516 17294 7663-14.8 327.6 332 118 15 22 347 140 5.9 11.8
summary16:19:13FEB 02/17 78.32 4.61 17aode 0 0 0 794 730 719 681 645.7 0 0 0 129 148 151 155 158.8 0
co16:21:25ux: UV extended  scan started
co16:26:45ux: UV extended  scan finished, incident DUV =  5.358838 mW/m^2
um020217Madrid 40.45 3.717 2.72pr9400 987.951640 22 3796 14378 55032 119975 141138rat 14955.09 9168.477 3358.184 667.7305
um020217Madrid 40.45 3.717 2.72pr9400 989.261640 20 78250 96982 104468 107580 72451rat 1310.664 393.6016 96.35547-1758.496
um020217Madrid 40.45 3.717 2.72pr9400 990.581640 25 3380 12703 49333 110252 130526rat 15098.4 9340.598 3465.961 695.2813
um020217Madrid 40.45 3.717 2.72pr9400 991.891640 23 72110 90830 100260 104965 71030rat 1559.02 571.6094 168.1524-1737.641
um020217Madrid 40.45 3.717 2.72pr9400 993.211640 15 3050 11658 46069 106025 127465rat 15364.1 9540.852 3592.985 762.0235
um020217Madrid 40.45 3.717 2.7pr9400 994.521640 22 65969 82491 90921 94507 63629rat 1489.531 533.918 136.9219-1759.566
um020217Madrid 40.45 3.717 2.7pr9400 995.841640 23 3162 10862 41148 93136 111312rat 14653.65 9287.535 3520.774 736.3165
um020217Madrid 40.45 3.717 2.7pr9400 997.151640 22 59686 75795 85835 90444 61400rat 1733.594 710.9415 196.1445-1723.488
um020217Madrid 40.45 3.717 2.7pr9400 998.471640 23 2253 8401 33421 80532 97946rat 15506.16 9773.774 3792.68 812.254
um020217Madrid 40.45 3.717 2.7pr9400 999.781640 21 45391 59338 70703 76115 52506rat 2173.793 1025.191 289.4024-1653.711
um020217Madrid 40.45 3.717 2.7pr9400 1001.11640 19 1437 5623 23091 58485 73370rat 16081.79 10129.65 4008.934 946.7344
um020217Madrid 40.45 3.717 2.7pr9400 1002.411640 19 43238 57253 69129 75429 51843rat 2345.602 1141.301 347.9141-1669.531
um020217Madrid 40.45 3.717 2.7pr9400 1003.741640 15 1744 6094 24373 61387 75523rat 15431.42 9987.113 3984.125 861.8868
um020217Madrid 40.45 3.717 2.7pr9400 1005.051640 20 39624 52194 64071 69662 48296rat 2379.25 1197.684 332.4414-1631.816
um020217Madrid 40.45 3.717 2.7pr9400 1006.371640 20 1620 5596 21925 55898 69953rat 15360.56 9954.621 4037.637 936.0664
um020217Madrid 40.45 3.717 2.7pr9400 1007.681640 20 36988 49450 61630 67746 47259rat 2557.27 1311.207 380.0664-1604.918
um020217Madrid 40.45 3.717 2.7pr9400 10091640 29 1401 4487 17889 46548 58682rat 15231.58 10129.86 4127.84 968.1406
um020217Madrid 40.45 3.717 2.7pr9400 1010.311640 30 28391 38645 49309 54863 38600rat 2790.926 1466.301 432.7969-1568.047
co16:51:08td: Time correction  .2 seconds
hgscan 0wide 302warm= 4.99270816:56:16FEB 02/17 300 351 1415 4564 7959 11806 15918 19940 23807 25597 25880 24161 21460 18282 14448 10601 6953 3680 2463 1669 1665 2513 3717 7041 10843 14880 19092 22512 25420 27330 26922 24906 21133 16987 12678 8623 5266 1931 370 289
hg16:57:37 .9995 288.0758 288 53210 17 0
co16:58:35ux: UV extended  scan started
co17:03:55ux: UV extended  scan finished, incident DUV =  1.708754 mW/m^2
hgscan 0wide 302warm= 4.99283917:09:04FEB 02/17 299 379 1648 4968 8817 13133 17541 21766 26231 28480 28945 27173 24065 20409 16230 11884 7937 4109 2822 1862 1852 2784 4161 7895 12118 16646 21003 24659 28023 29882 29393 27044 22739 18723 14097 9420 5629 2049 413 298
hg17:10:26 .9996 288.3897 288 58827 17 0
zsa0 1031.10620 90 11 212 654 1891 4747 6503rat 13648.86 8614.977 3981.545 1330.707
zsa0 1031.750620 106 6 206 631 1819 4549 6136rat 13489.81 8557.578 3958.44 1262.191
zsa0 1032.40620 88 11 205 559 1722 4271 5673rat 13342.73 8849.217 3930.565 1196.598
zsa0 1033.050620 94 6 196 496 1639 4078 5404rat 13237.17 9139.031 3937.172 1185.231
zsa0 1033.70620 91 12 185 513 1619 3970 5244rat 13520.91 8919.274 3883.541 1172.899
zsa0 1034.350620 90 9 188 468 1568 3816 5089rat 13203.89 9130.582 3846.299 1213.789
zsa0 1034.990620 87 12 189 467 1553 3676 4917rat 13086.4 9002.302 3730.443 1227.813
summary17:13:02FEB 02/17 86.872 10.297 17zs 0 13361 8888 3895 1227 9435 4854 4479.1-10463.5 200 231 86 54 187 329 1023.5 2403.7
co17:15:45ux: UV extended  scan started
co17:21:06ux: UV extended  scan finished, incident DUV =  .7743015 mW/m^2
um020217Madrid 40.45 3.717 2.66pr9400 1042.291640 20 719 1565 4423 9022 11481rat 11029.61 7600.414 3076.684 1012.121
um020217Madrid 40.45 3.717 2.66pr9400 1043.61640 18 5692 7506 11519 14915 11540rat 4123.149 2933.633 1094.344-1152.774
um020217Madrid 40.45 3.717 2.66pr9400 1044.921640 21 704 1527 3975 7493 9345rat 10321.07 6902.344 2734.725 924.8946
um020217Madrid 40.45 3.717 2.66pr9400 1046.231640 12 4785 6050 9265 12181 9388rat 3995.582 2989.848 1160.406-1169.402
um020217Madrid 40.45 3.717 2.66pr9400 1047.561640 17 588 1411 3289 6213 7826rat 10285.6 6424.641 2743.666 968.0703
um020217Madrid 40.45 3.717 2.66pr9400 1048.871640 18 3885 4962 7319 9759 7585rat 3943.151 2891.402 1222.867-1133.789
um020217Madrid 40.45 3.717 2.66pr9400 1050.191640 21 552 1132 2878 5072 6194rat 9713.608 6522.735 2445.313 834.3868
um020217Madrid 40.45 3.717 2.64pr9400 1051.51640 17 3124 3950 5683 7679 5959rat 3850.789 2842.274 1281.289-1141.063
um020217Madrid 40.45 3.717 2.64pr9400 1052.821640 18 449 855 2287 4058 4765rat 9649.764 6782.619 2476.084 663.5566
um020217Madrid 40.45 3.717 2.66pr9400 1054.121640 21 2523 3076 4296 5892 4616rat 3634.961 2783.051 1348.365-1101.207
co17:34:56td: Time correction  .2 seconds
hgscan 0wide 302warm= 4.99270817:40:05FEB 02/17 301 348 1484 4697 8109 11975 15926 20197 23844 25992 26248 24443 21664 18318 14592 10705 6893 3695 2493 1681 1678 2496 3720 7055 11002 15185 19373 22592 25621 27687 27248 25136 21411 17186 12888 8802 5265 1824 404 295
hg17:41:26 .9995 288.0457 288 53935 16 0
co17:42:24ux: UV extended  scan started
co17:47:45ux: UV extended  scan finished, incident DUV =  6.204208E-02 mW/m^2
hgscan 0wide 302warm= 4.99264417:52:54FEB 02/17 300 351 1543 4794 8388 12966 17264 21417 25529 27692 28088 26338 23267 19773 15689 11427 7734 3898 2659 1805 1796 2686 3998 7856 11591 16139 20182 23810 27153 29138 28613 26207 22061 18096 13587 9048 5474 1936 384 305
hg17:54:15 .9995 288.2742 288 57226 16 0
sla 0 1079.610620 304558 20 338548 367789 440403 412951 376772rat 802.2578 454.3086-312.3125-439.4258
sla 0 1080.260620 304829 23 338925 367990 440815 413912 377777rat 807.5977 462.1289-306.2227-437.9414
sla 0 1080.910620 305122 18 339749 368460 440949 414455 378014rat 802.6993 462.2852-301.7891-440.9492
sla 0 1081.560620 305139 26 340143 368627 442357 414743 378155rat 800.6836 463.3516-312.7617-442.3672
sla 0 1082.210620 305329 27 340527 368792 442046 414679 378200rat 795.0703 460.711-310.3516-441.1719
sla 0 1082.860620 305974 23 340397 369705 442189 415310 377440rat 803.4024 456.5391-305.0899-456.668
sla 0 1083.520620 306038 23 341213 369815 442772 414608 378173rat 785.4766 447.8086-318.3125-440.7305
summary18:01:33FEB 02/17 95.70099 7.748 16sl 0 800 458-310-443 2216 1366 339928.9 377790.2 7 6 6 6 22 10 934.8 512
hgscan 0wide 302warm= 4.99283918:09:00FEB 02/17 296 354 1671 5570 9844 14929 19979 24857 29760 32167 32916 31128 27442 23392 18516 13777 9261 4847 3238 2212 2170 3270 4873 9155 13622 18607 23402 27410 31141 32883 32140 29468 24598 19976 14985 10002 5886 2065 391 301
hg18:10:21 .9996 288.8983 289 65799 15 1
co18:10:24td: Time correction  .8 seconds
hgscan 0wide 302warm= 4.99290418:15:33FEB 02/17 326 410 2048 6093 11126 15874 20966 26155 31070 33653 33942 31750 27931 23757 18579 13654 8896 4616 3179 1972 2034 3181 4463 8377 12929 17676 22342 26420 30066 32020 31579 29546 24957 20390 15464 10623 6231 2441 459 286
hg18:16:54 .9997 287.7595 288 65962 15 0
co18:17:34ux: UV extended  scan started
co18:22:55ux: UV extended  scan finished, incident DUV =  5.465677E-03 mW/m^2
hgscan 0wide 302warm= 4.99270818:28:04FEB 02/17 301 392 1971 5739 9616 14042 18567 22884 27238 29569 29750 27560 24332 20657 16193 11892 7819 4072 2743 1785 1784 2786 4145 7898 12011 16676 21029 24725 28089 30530 30156 27998 24083 19543 14973 10451 6552 2577 443 300
hg18:29:25 .9997 287.3315 287 60280 15-1
co20:36:38az: Azimuth discrepancy =  0
co20:37:47ze: Zenith discrepancy = -1
ap20:37:49 11.62 11.62 13.07 1216.72 14.97 5.05-14.95 23.52 0 2.73 403.14-49.61 5.03-8.07 .07 .05 11.62 11.62 13.07 1216.72 14.87 5.03-14.95 23.75 105.3 2.73 403.14-49.61 5.03-8.07 1.72 10.52
hgscan 0wide 302warm= 4.99283920:43:21FEB 02/17 305 375 1807 5455 9050 12992 17192 21059 25043 27516 28042 26368 23296 19939 15915 11498 7544 4055 2604 1724 1783 2669 4033 7657 11677 16119 20192 23506 26772 28732 28480 26315 22185 17991 13491 9331 5651 1882 410 326
hg20:44:43 .9997 288.2005 288 56774 12 0
sla 0 1250.080620 307859 16 342711 371345 445108 416930 380106rat 808.1719 467.7461-309.5391-433.6719
sla 0 1250.730620 308778 18 342906 372211 446213 417262 381202rat 809.1797 461.0274-316.9375-424.5313
sla 0 1251.380620 308734 17 343052 373518 446401 418170 381136rat 816.8594 455.1914-309.2383-434.836
sla 0 1252.030620 309571 18 343566 372568 447247 418808 381531rat 816.9844 473.0664-310.875-436.9844
sla 0 1252.680620 308830 20 344077 373738 447124 418709 381485rat 809.4375 458.2735-310.7031-436.4844
sla 0 1253.330620 309692 26 344929 373994 448186 419820 381633rat 810.2578 466.9141-309.4922-446.4297
sla 0 1253.980620 309816 27 344395 374175 447889 419076 382681rat 809.2618 457.0117-314.3672-426.6094
summary20:52:01FEB 02/17 127.738 1.624 12sl 0 811 463-312-434 2201 1357 343662.3 381396.3 4 7 3 7 24 15 836.1 766
hgscan 0wide 302warm= 4.99270820:59:28FEB 02/17 315 390 2038 6120 10290 15059 19706 24260 29143 31816 32303 30386 27034 23144 18558 13484 8978 4823 3099 2071 2078 3081 4892 8912 13595 18446 23245 26977 30416 32373 31868 29098 24638 19871 15059 10344 5998 1920 392 301
hg21:00:49 .9997 288.6956 289 64676 12 1ed