version=2dh131017Madrid 40.45  3.717  3.21pr940
inst 0 -.96 -2.5 -4.343 -6.647  0  .3417  2.35  1.1428  3120  3054  3.4E-08 288961706 0  4365  9415  13800  21990  25000 2972mkiv1 0  0  0  0  0  0  0  7206  0  242 -3  750  700  9749  178  2540  0  0  2669  250  .3  64  256  0 64 60 
disp 2844.6  .0757386 -6.31432E-07  2884.66  .0749017 -6.36888E-07  2921.41  7.417871E-02 -6.5093E-07  2957.01  .073289 -6.48407E-07  2991.69  .0722916 -6.29842E-07  2811.5  .0764789 -6.37515E-07  4266.91  .113608 -9.47147E-07  4326.99  .112353 -9.55332E-07  4382.11  .111268 -9.76396E-07  4435.51  .109934 -9.7261E-07  4487.54  .108437 -9.44763E-07  4217.24  .114718 -9.562719E-07 
zeni-.0064 -.01968  .01654  .154587  .28276 -.060562 -.512088  .461998 -.043343 
co00:02:37re: Zenith discrepancy = -4
co00:04:10re: Azimuth discrepancy = -1
co00:04:24re: Found diode at step -242 Moving filterwheel #3 to o3 position at  242
hgscan 0wide 302warm= 4.99266600:09:36OCT 13/17 777 1200 9270 25773 41355 58319 76913 95157 112723 121273 122412 111855 97419 81056 64213 46755 28973 13972 9650 6373 6409 9776 14235 30335 48694 67088 85144 103028 118727 121762 128817 120746 102303 83906 64767 46462 29278 11266 1377 837
hg00:10:57 .9996 286.206 286 244174 22-2
hgscan 0wide 302warm= 4.99266600:10:57OCT 13/17 850 1002 6993 24594 42486 61622 81392 102487 123713 135676 138028 129073 113924 96325 76208 57489 36982 18320 11921 8108 8117 12009 18823 38472 59280 79075 99762 118448 134591 143585 142395 129605 109454 88709 67401 47769 28431 9332 1185 894
hg00:12:19 .9996 288.3612 288 281613 22 0
ap00:12:21 21.75 22.84 21.75 1402.7 14.97 5.05-15.05 23.52 0 5.35 403.14-49.61 5.03-8.07 .07 .05 21.75 22.84 21.75 1402.7 14.87 5.05-14.95 23.75 423.15 5.35 403.14-49.61 5.03-8.07 1.73 9.99
dto3OCT 13/1700:23:39 22 0 1467378 36.73 35.37 36.51 35.84 36 1 564706.2 41.03 38.21 37.25 37.54 41.41 42.26 41.72 41.57 38.99 41.14    36.087 .5    40.111 1.9
rso3OCT 13/1700:33:11 22 2344406 194 2521961 2562652 2623415 2270776 1740559 4585959 2344519 81 2522959 2564150 2622194 2271207 1739288 4586201 1 2.3951 .9996 .9994 1.0004 .9998 1.0007 .9999-.0456-.0525-6.270001E-02-.1155 .324 .1752-.0752-.0457-.0527-.0624-.1159 .3252 .1755-.0754
co00:33:12hs: Bad or missing hs.cfg file creating new defaults.
co00:38:24hs: HS scan started at 00:38:24
ap01:55:28 21.03 21.75 21.03 1402.7 14.97 5.05-15.05 23.52 0 5.35 403.14-49.61 5.03-8.07 .07 .05 21.03 21.75 20.67 1402.7 14.87 5.05-15.05 23.75 200.85 5.35 403.14-49.61 5.03-8.07 1.72 9.99
co01:56:08az: Azimuth discrepancy =  2
co01:56:30ze: Zenith discrepancy =  1
hgscan 0wide 302warm= 4.99266802:01:38OCT 13/17 755 1034 6403 21509 37346 53784 70902 88663 108755 119515 121259 114803 101164 85844 68754 51979 32917 16573 10579 7284 7319 10613 17179 33939 54122 71688 89533 106236 121134 129278 127623 117176 97746 79697 60541 42868 25250 7967 1190 799
hg02:03:00 .9996 288.5959 289 250537 21 1
sla 0 128.360620 1564045 109 1683240 1708216 1747043 1512738 1157900rat-579.3399-626.7266-697.5821-1259.063
sla 0 129.010620 1566087 108 1684521 1711183 1748868 1513361 1158542rat-580.9453-632.8165-700.504-1258.445
sla 0 129.660620 1566950 118 1684432 1711761 1749207 1514651 1159160rat-576.8243-630.4766-697.5118-1259.93
sla 0 130.310620 1566668 114 1684952 1711943 1751938 1514910 1158946rat-577.461-630.1915-703.8985-1261.539
sla 0 130.960620 1567290 116 1684927 1712233 1749082 1516185 1159135rat-573.5547-627.1328-692.5665-1264.641
sla 0 131.610620 1565511 125 1685818 1713522 1749164 1512721 1158591rat-586.4102-641.0118-703.211-1256.34
sla 0 132.260620 1567136 118 1685318 1711966 1749930 1514440 1159361rat-579.8711-631.6719-700.0547-1258.516
summary02:10:18OCT 13/17 136.495 1.374 21sl 0-579-631-699-1260 3452 1860 1684744 1158805 4 5 4 3 12 7 774.1 446.9
hgscan 0wide 302warm= 4.99266802:17:44OCT 13/17 952 1483 11531 36325 59704 86112 113265 140411 170557 185367 188252 177556 156839 133821 107724 80969 52371 27186 17873 12325 12365 17956 27682 53141 81026 108628 134806 158195 178788 189569 187025 172376 143267 115721 88472 62819 37550 12662 1629 974
hg02:19:06 .9998 288.6722 289 377821 21 1
dto3OCT 13/1702:29:59 21 0 1470164 36.52 36 36.14 35.75 36.27 1 567236.3 40.25 42.18 42.76 39.17 41.71 40.89 41.49 41.93 40.89 38.88    36.134 .3    41.015 1.3
hgscan 0wide 302warm= 4.9926602:35:07OCT 13/17 952 1871 15049 41065 65662 93133 121721 151174 181716 196024 198466 185605 163132 138166 110934 81060 51920 27176 18828 12543 12565 18751 27520 52351 81835 111924 138861 163970 186023 198656 196218 181780 152985 123780 94586 67393 41601 15770 1854 994
hg02:36:29 .9998 287.8211 288 397122 21 0
co04:49:38td: Time correction -.2 seconds
hgscan 0wide 302warm= 4.99283904:54:52OCT 13/17 754 1206 8186 23446 37250 52688 68765 86655 103876 111861 113404 105325 91995 77396 61947 44318 27698 13334 9132 6149 6234 9202 13974 28825 46169 63849 80709 96520 110930 120677 120025 112711 95689 77180 59765 42695 26235 9430 1291 824
hg04:56:13 .9997 286.8936 287 234081 19-1
sla 0 301.570620 1573571 109 1691231 1717216 1756301 1519101 1162393rat-573.2422-624.9453-699.0547-1256.137
sla 0 302.220620 1575087 108 1692296 1721319 1757530 1520136 1164022rat-573.0156-632.7969-699.1563-1252.934
sla 0 302.870620 1576119 103 1693978 1720784 1757128 1522192 1163845rat-571.4063-625.2031-691.9493-1259.781
sla 0 303.520620 1576062 105 1693886 1720230 1759630 1522015 1164549rat-571.6915-624.2656-699.0196-1256.524
sla 0 304.170620 1577565 102 1694437 1720923 1757860 1522695 1163847rat-571.1485-624.0703-692.3594-1261.277
sla 0 304.820620 1576311 98 1695081 1721616 1759544 1522629 1163938rat-573.086-626.1094-696.9493-1260.723
sla 0 305.470620 1575657 98 1693740 1721230 1759221 1523817 1164341rat-565.9024-621.5313-692.5547-1262.719
summary05:03:31OCT 13/17 106.017 3.482 19sl 0-571-626-696-1259 3456 1862 1693521 1163848 3 4 3 4 13 8 1340.7 706.6
hgscan 0wide 302warm= 4.99267605:10:56OCT 13/17 942 1422 10355 35051 58948 83881 108946 139226 167457 182103 185383 175309 155996 132530 107269 79087 52614 27172 17634 12088 12140 17837 27766 53009 79394 106903 132741 155366 175484 186391 183527 170907 141810 114051 86457 59300 35476 11424 1428 948
hg05:12:18 .9997 288.8417 289 371774 19 1
co05:35:12td: Time correction  .1 seconds
co05:35:25ze: Zenith discrepancy =  0
co05:36:13az: Azimuth discrepancy = -1
hgscan 0wide 302warm= 335.204805:40:19OCT 13/17 729 1166 8473 24094 38987 54856 71526 90144 108261 117162 119103 110832 97550 82049 64766 47547 30155 14732 9797 6511 6634 9748 15142 31034 49397 66992 85824 101446 116027 125851 125084 117896 99162 79821 61603 43445 26895 9877 1230 814
hg05:41:40 .9997 287.2678 287 244954 19-1
co05:42:19ux: UV extended  scan started
co05:47:41ux: UV extended  scan finished, incident DUV = -6.700594E-04 mW/m^2
hgscan 0wide 302warm= 4.99267605:52:49OCT 13/17 789 1127 7889 25449 41896 59349 78288 98747 118326 129128 131788 124681 109455 92952 73019 54806 35630 17471 11445 7783 7808 11574 18185 36692 56053 74942 95965 113827 128855 137894 136745 127030 106991 85820 64571 45843 27349 8647 1204 835
hg05:54:10 .9997 288.1793 288 269682 19 0
co06:02:38td: Time correction  .3 seconds
co06:03:17ux: UV extended  scan started
co06:08:38ux: UV extended  scan finished, incident DUV =  .0300458 mW/m^2
hgscan 0wide 302warm= 364.061706:09:11OCT 13/17 807 1093 7458 25608 43446 61630 83612 105096 126212 137910 140215 132243 116772 97578 77851 58174 37381 18855 12167 8437 8504 12395 19355 38425 59436 79327 100924 120496 137232 145671 142833 131465 110211 88029 65859 46953 26941 7887 1171 910
hg06:10:32 .9995 288.5064 289 285886 19 1
dsa0 371.110620 18 21 25 24 19 21 23rat-11322.61-6660.586-2614.758-2487.735
dsa0 371.770620 22 24 25 21 20 20 23rat-9138.344-5637.102-2682.113-2551.539
dsa0 372.420620 21 21 28 21 22 23 20rat-14221.04-5783.348-2751.574-2617.348
dsa0 373.070620 22 19 25 21 27 21 23rat-13799.47-5935.899-8249-271.332
dsa0 373.730620 22 22 24 16 25 16 22rat-9880.836-6094.016-4064.414-2757.156
summary06:12:25OCT 13/17 92.95 10.259 19ds 0-11672-6022-4072-2137-4834-353 13.7-99.2 2279 395 2411 1048 4948 845 13.2 24.7
summary06:12:25OCT 13/17 92.704 10.495 19aode 0 0 0 243 292 301 318 331.1 0 0 0 118 67 61 49 52.7 0
co06:14:38ux: UV extended  scan started
co06:19:59ux: UV extended  scan finished, incident DUV =  .1764962 mW/m^2
um131017Madrid 40.45 3.717 2.84pr9400 381.171640 42 1587 2768 5724 8617 8337rat 7356.647 4909.797 1750.649-190.2695
um131017Madrid 40.45 3.717 2.84pr9400 382.481640 38 9268 10430 11556 13074 8298rat 1412.805 916.9609 500.9063-2028.024
um131017Madrid 40.45 3.717 2.84pr9400 383.81640 41 1938 3358 7319 11271 11127rat 7636.865 5229.196 1847.074-102.1367
um131017Madrid 40.45 3.717 2.82pr9400 385.111640 50 11871 13603 15394 17686 11105rat 1655.32 1079.633 569.75-2072.613
um131017Madrid 40.45 3.717 2.82pr9400 386.441640 39 2437 4129 9170 14424 14266rat 7698.858 5398.248 1939.234-91.74609
um131017Madrid 40.45 3.717 2.84pr9400 387.751640 47 15280 17491 20261 23260 14389rat 1743.113 1173.563 564.125-2137.863
um131017Madrid 40.45 3.717 2.84pr9400 389.071640 47 2852 4990 11203 18318 18331rat 8052.426 5610.91 2106.133-42.99219
um131017Madrid 40.45 3.717 2.84pr9400 390.381640 47 18819 22248 26262 29728 18231rat 1903.524 1193.883 502.6485-2174.715
um131017Madrid 40.45 3.717 2.84pr9400 391.71640 45 3308 5799 13563 22845 23234rat 8357.573 5913.086 2233.961 27.41406
um131017Madrid 40.45 3.717 2.84pr9400 393.011640 40 23463 27991 33142 37166 22578rat 1914.383 1165.734 461.6407-2214.652
um131017Madrid 40.45 3.717 2.84pr9400 394.341640 36 3897 6855 16133 28289 29004rat 8558.358 6107.164 2407.121 62.5
um131017Madrid 40.45 3.717 2.84pr9400 395.651640 41 28815 34836 41342 45423 27415rat 1893.043 1086.684 372.6289-2242.692
um131017Madrid 40.45 3.717 2.84pr9400 396.971640 51 4301 8092 19169 34743 36131rat 9033.504 6283.242 2552.012 124.3789
um131017Madrid 40.45 3.717 2.84pr9400 398.281640 46 35158 42835 50264 54404 32565rat 1812.457 972.3984 307.4453-2278.75
co06:39:06td: Time correction  .3 seconds
co06:39:50ux: UV extended  scan started
co06:45:11ux: UV extended  scan finished, incident DUV =  1.568894 mW/m^2
hgscan 0wide 302warm= 41.5291706:45:43OCT 13/17 797 1099 7917 24585 40412 59971 79245 99004 117972 127405 129160 120075 104050 86555 69000 51308 32059 15846 10917 7474 7480 10942 16427 32946 52589 71244 89861 107740 125265 134718 133468 124514 105234 85653 64928 44653 27692 9724 1368 809
hg06:47:04 .9995 287.1612 287 263878 20-1
dsa0 407.660620 23 22 27 39 66 120 133rat 4752.774 2566.008 1078.18-1743.461
dsa0 408.310620 19 26 22 40 68 143 176rat 9096.144 4295.742 2105.36-1152.766
dsa0 408.960620 23 18 32 34 66 149 172rat 1913.203 4318.399 2069.352-1479.039
dsa0 409.620620 28 15 32 36 82 166 202rat 1861.961 3862.102 1289.203-1204.438
dsa0 410.270620 26 22 32 37 83 210 245rat 5286.547 6378.75 2697.656-1345.031
summary06:48:57OCT 13/17 85.946 9.368 20ds 0 4582 4284 1848-1385 9014 5715-11 81.4 2976 1371 660 237 2862 944 17.7 31.2
summary06:48:57OCT 13/17 85.712 9.137999 20aode 0 0 0 179 170 197 174 180.9 0 0 0 117 59 53 36 24.7 0
co06:51:10ux: UV extended  scan started
co06:56:31ux: UV extended  scan finished, incident DUV =  2.722867 mW/m^2
um131017Madrid 40.45 3.717 2.86pr9400 417.71640 47 9504 22147 65451 135226 138278rat 11472.82 7804.813 3120.695 51.07032
um131017Madrid 40.45 3.717 2.86pr9400 419.011640 45 133413 159021 155686 151348 84946rat 462.2578-283-159.9063-2559.715
um131017Madrid 40.45 3.717 2.86pr9400 420.341640 48 10382 25205 75436 155228 157201rat 11688.16 7842.5 3103.629 8.914062
um131017Madrid 40.45 3.717 2.86pr9400 421.651640 44 151853 179879 172447 166095 92609rat 303.5-414.875-200.3008-2588.781
um131017Madrid 40.45 3.717 2.86pr9400 422.971640 48 11434 28784 87087 177532 177794rat 11851.74 7849.27 3063.438-39.65625
um131017Madrid 40.45 3.717 2.86pr9400 424.281640 56 173271 202331 189162 180998 100541rat 103.1758-553.0703-229.0547-2605.66
um131017Madrid 40.45 3.717 2.86pr9400 425.61640 41 12433 32769 99925 200359 198843rat 12011.06 7811.172 2991.875-79.16797
um131017Madrid 40.45 3.717 2.86pr9400 426.911640 52 194570 226249 208044 195729 108577rat-60.99219-699.1133-302.7344-2611.809
um131017Madrid 40.45 3.717 2.86pr9400 428.231640 50 13508 37244 113886 224376 221720rat 12145.75 7748.496 2916.289-97.97656
um131017Madrid 40.45 3.717 2.86pr9400 429.541640 59 218845 251894 225983 211702 116311rat-231.4727-825.3828-321.3672-2654.285
um131017Madrid 40.45 3.717 2.86pr9400 430.871640 53 14692 42368 129807 250245 245670rat 12255.98 7663.563 2822.461-126.5274
um131017Madrid 40.45 3.717 2.86pr9400 432.181640 43 243230 277065 244235 227431 124778rat-379.6133-928.3438-347.586-2660.52
co07:12:59td: Time correction  .2 seconds
zsa0 433.710620 1165 27 2775 9422 30027 57438 56263rat 13119.97 7799.516 2785.414-136.043
zsa0 434.360620 1120 23 2800 9827 31063 58925 57596rat 13185.92 7725.946 2748.824-145.3672
zsa0 435.020620 1133 27 2906 10045 31994 60552 58983rat 13147.5 7750.391 2739.156-160.3516
zsa0 435.670620 1234 21 3026 10375 32985 61993 60579rat 13064.26 7709.875 2708.445-146.5039
zsa0 436.320620 1205 26 3077 10814 33825 63535 61948rat 13104.87 7638.086 2706.289-156.1953
zsa0 436.970620 1213 23 3154 11236 35044 65301 63259rat 13111.99 7589.766 2671.426-184.3711
zsa0 437.620620 1270 24 3226 11645 36123 66882 64625rat 13118.67 7538.567 2643.688-195.5078
summary07:15:39OCT 13/17 81.154 5.79 20zs 0 13122 7679 2715-161 13636 6595-3.9 169.2 38 93 48 22 77 41 18.5 39.2
hgscan 0wide 302warm= 396.699307:18:21OCT 13/17 770 970 6578 20746 35193 52278 69298 87424 105535 115117 116750 109617 97277 81808 65736 49430 32101 15924 9930 7216 7247 10252 16508 32906 50923 67781 85286 101969 115974 124301 122758 113359 94286 75720 57286 38901 22653 6478 1000 780
hg07:19:42 .9996 288.4696 288 241051 20 0
dsa0 440.30620 470 24 1410 11663 58875 159814 190150rat 17024.22 9157.215 3283.125-264
dsa0 440.950620 477 29 1561 13056 64336 172792 205200rat 16969.75 9032.949 3249.711-260.9688
dsa0 441.60620 527 22 1736 14480 70605 187057 221028rat 16867.99 8950.836 3202.524-271.75
dsa0 442.260620 657 30 1795 15818 77134 202587 237235rat 17126.91 8940.118 3177.289-300.1797
dsa0 442.910620 638 26 2097 17579 84440 218786 255619rat 16806.23 8838.984 3130.211-299.4844
summary07:21:36OCT 13/17 80.095 5.29 20ds 0 16959 8984 3209-279 17853 7855-7.3 261.9 127 119 60 19 140 69 1.4 2.4
summary07:21:36OCT 13/17 79.863 5.19 20aode 0 0 0 121 111 125 115 119.5 0 0 0 15 9 8 5 3.1 0
co07:23:48ux: UV extended  scan started
co07:29:09ux: UV extended  scan finished, incident DUV =  8.350961 mW/m^2
um131017Madrid 40.45 3.717 2.9pr9400 450.331640 57 31340 100210 285600 476882 445424rat 11768.2 6730.364 2200.629-346.8555
um131017Madrid 40.45 3.717 2.9pr9400 451.641640 63 461192 494020 389090 345183 185145rat-1357.281-1637.93-561.6563-2764.832
um131017Madrid 40.45 3.717 2.9pr9400 452.971640 55 34702 110833 310820 511129 474305rat 11627.9 6595.27 2134.867-375.5547
um131017Madrid 40.45 3.717 2.9pr9400 454.281640 67 493503 525535 408305 360904 193066rat-1459.043-1714.133-577.8125-2776.84
um131017Madrid 40.45 3.717 2.9pr9400 455.61640 57 38320 122292 338297 545436 503580rat 11480.92 6451.492 2049.539-397.9063
um131017Madrid 40.45 3.717 2.9pr9400 456.911640 69 526745 556591 428587 377062 201329rat-1553.074-1774.254-598.4141-2785.551
um131017Madrid 40.45 3.717 2.9pr9400 458.231640 58 42511 134629 366971 580725 534352rat 11303.95 6307.735 1968.891-412.8867
um131017Madrid 40.45 3.717 2.92pr9400 459.541640 74 560680 589218 449461 392075 208963rat-1655.922-1853.266-635.7813-2793.985
um131017Madrid 40.45 3.717 2.92pr9400 460.861640 56 47299 146914 395892 616759 564501rat 11103.2 6191.328 1901.336-436.3477
um131017Madrid 40.45 3.717 2.92pr9400 462.171640 73 595703 622155 469501 407296 217259rat-1754.957-1925.246-660.129-2790.735
um131017Madrid 40.45 3.717 2.92pr9400 463.51640 72 52135 159978 425323 653161 593695rat 10932.33 6072.164 1839.477-466.9024
um131017Madrid 40.45 3.717 2.92pr9400 464.811640 64 628727 653596 488370 422799 224712rat-1828.156-1978.121-669.2188-2806.914
um131017Madrid 40.45 3.717 2.92pr9400 466.131640 66 57376 173521 454269 688212 622628rat 10744.36 5947.457 1780.926-487.6719
um131017Madrid 40.45 3.717 2.94pr9400 467.441640 73 663984 686031 507012 438292 232472rat-1914.504-2036.699-677.6758-2818.637
um131017Madrid 40.45 3.717 2.94pr9400 468.761640 68 63136 187571 485890 724285 654030rat 10548.11 5829.207 1708.992-498.4727
um131017Madrid 40.45 3.717 2.94pr9400 470.071640 70 700397 718221 526997 453079 239606rat-2003.68-2092.879-701.8086-2831.934
um131017Madrid 40.45 3.717 2.94pr9400 471.391640 66 69451 202543 517507 760734 683457rat 10348.81 5710.219 1648.762-521.0313
um131017Madrid 40.45 3.717 2.94pr9400 472.71640 77 732749 749567 546057 468212 247186rat-2058.274-2136.82-713.6953-2839.895
co07:53:31td: Time correction  .4 seconds
zsa0 474.240620 5045 23 15983 49788 125541 181646 161836rat 10487.29 5565.137 1571.391-554.8399
zsa0 474.90620 5155 28 16467 50752 127650 183923 163898rat 10413.09 5536.41 1553.211-554.004
zsa0 475.550620 5215 26 16823 51543 129742 185898 165867rat 10366.18 5515.625 1528.957-548.5156
zsa0 476.20620 5317 25 17157 52615 131810 188046 167834rat 10330.57 5476.168 1510.172-547.2344
zsa0 476.840620 5465 28 17699 53772 133843 190958 169603rat 10263.03 5448.809 1510.574-568.5938
zsa0 477.490620 5609 29 18237 54478 135866 193069 171011rat 10180.96 5440.129 1493.184-580.5313
zsa0 478.150620 5793 31 18398 55696 137849 195624 173343rat 10200.57 5401.434 1487.441-578.8321
summary07:56:11OCT 13/17 74.051 3.506 22zs 0 10320 5483 1522-562 12118 5677-4.8 237.5 112 58 31 14 80 29 .9 2.8
hgscan 0wide 302warm= 82.0605207:58:53OCT 13/17 759 1151 7984 23481 39135 55350 72651 92114 110843 120236 121949 114971 101333 84559 67800 50449 32234 15818 10338 7125 7216 10375 16490 33029 52046 70533 88641 106303 121099 129368 127891 118104 98803 79128 60433 42940 25297 8092 1179 804
hg08:00:14 .9997 288.0633 288 251317 22 0
dsa64 480.890620 12590 39 55750 222777 675995 1127349 1116747rat 11027.63 5808.875 1633.852-669.4297
dsa64 481.540620 13347 40 58651 231627 700240 1162185 1150132rat 10956.53 5783.305 1618.25-670.375
dsa64 482.20620 13956 41 61146 239350 718534 1188737 1172372rat 10890.27 5749.789 1609.445-682.2266
dsa64 482.850620 14865 39 64313 248243 742914 1221284 1203690rat 10804.78 5719.766 1586.774-681.711
dsa64 483.50620 15676 58 67253 258239 767654 1257461 1236192rat 10755.81 5686.844 1576.719-689.7891
summary08:02:11OCT 13/17 73.03 3.315 22ds 1 10887 5750 1605-679 13059 6101 .4 263.1 110 49 23 9 85 23 .1 .5
summary08:02:11OCT 13/17 72.808 3.276 22aode 1 0 0 0 28 54 63 79.7 0 0 0 0 2 2 2 1.4 0
co08:04:22ux: UV extended  scan started
co08:09:43ux: UV extended  scan finished, incident DUV =  21.2658 mW/m^2
um131017Madrid 40.45 3.717 3pr9400 490.911640 73 127638 324618 761293 1028350 900526rat 9022.894 4976.774 1281.274-637.961
um131017Madrid 40.45 3.717 3pr9400 492.221640 94 989015 980434 679247 569756 298319rat-2522.961-2462.457-813.0665-2881.43
um131017Madrid 40.45 3.717 3pr9400 493.541640 70 137092 342174 794508 1061601 927408rat 8852.125 4887.235 1234.02-648.836
um131017Madrid 40.45 3.717 3.01pr9400 494.851640 102 1022156 1011105 696075 582531 304693rat-2571.192-2501.16-823.336-2886.371
um131017Madrid 40.45 3.717 3.01pr9400 496.171640 83 147075 360271 829249 1097535 955397rat 8693.363 4809.258 1192.828-664.8203
um131017Madrid 40.45 3.717 3.01pr9400 497.481640 89 1059834 1042424 714780 595565 311222rat-2633.902-2538.727-842.7618-2890.723
um131017Madrid 40.45 3.717 3.01pr9400 498.81640 79 157596 378244 863829 1132786 985086rat 8532.016 4736.242 1152.746-669.5899
um131017Madrid 40.45 3.717 3.03pr9400 500.111640 86 1089634 1069869 729654 608260 317451rat-2663.863-2560.957-840.7461-2896.664
um131017Madrid 40.45 3.717 3.03pr9400 501.441640 76 167652 396016 895873 1164656 1009911rat 8385.153 4658.239 1115.055-682.4688
um131017Madrid 40.45 3.717 3.03pr9400 502.751640 98 1123572 1099513 745939 621052 323436rat-2708.137-2590.449-846.4727-2906.442
um131017Madrid 40.45 3.717 3.03pr9400 504.071640 85 178373 415431 931254 1201260 1038485rat 8252.18 4585.989 1081.344-696.25
um131017Madrid 40.45 3.717 3.03pr9400 505.381640 100 1158648 1129168 762077 632594 329034rat-2763.254-2627.27-859.75-2912.297
um131017Madrid 40.45 3.717 3.03pr9400 506.71640 86 189877 434387 964707 1233593 1065197rat 8097.403 4508.442 1043.348-701.6719
um131017Madrid 40.45 3.717 3.05pr9400 508.011640 109 1190437 1157892 779463 645292 335758rat-2800.145-2654.539-873.5781-2913.492
um131017Madrid 40.45 3.717 3.05pr9400 509.331640 86 201253 453300 1000283 1268664 1092927rat 7963.625 4442.813 1005.961-714.625
um131017Madrid 40.45 3.717 3.05pr9400 510.651640 114 1221067 1185567 793826 656647 341925rat-2836.024-2682.473-877.3164-2910.567
co08:31:28td: Time correction  .5 seconds
zsa0 512.190620 19043 42 51620 119464 260945 327278 279291rat 7955.621 4323.68 948.2774-750.2813
zsa0 512.84010620 19274 39 52333 121044 263760 329914 281485rat 7930.891 4301.52 936.4844-751.1875
zsa0 513.490620 19671 41 53271 122392 266259 332524 283672rat 7888.266 4287.852 929.7696-751.8633
zsa0 514.140620 20067 41 54023 123607 268730 335396 286006rat 7864.977 4282.512 927.0586-753.6953
zsa0 514.790620 20348 39 54757 125358 271823 337427 287834rat 7832.582 4247.614 903.4219-752.2696
zsa0 515.440620 20978 40 55838 126477 273747 339757 290087rat 7777.739 4239.078 902.7344-748.3008
zsa0 516.09010620 21219 37 56643 128181 276672 342865 291517rat 7755.196 4220.617 896.1368-766.7071
summary08:34:08OCT 13/17 67.773 2.595 24zs 0 7858 4272 921-753 10269 5092-1.9 247.8 75 37 20 6 66 23 .4 1.4
hgscan 0wide 302warm= 434.645508:36:49OCT 13/17 759 1031 7205 23624 39854 56463 76680 96849 116037 124931 128613 121532 106601 90068 70848 53372 34380 17159 11057 7671 7724 11265 17808 35419 55105 73659 94376 112328 128084 137256 135056 124459 104842 83825 62610 44358 25796 7929 1145 819
hg08:38:11 .9996 288.2889 288 265869 24 0
dsa128 518.850620 41755 47 128895 333477 826571 1143437 1054743rat 7971.664 4431.446 958.0234-844.9375
dsa128 519.510620 42704 59 131601 339471 836239 1155191 1063935rat 7934.078 4403.516 954.2109-850.1953
dsa128 520.160620 43994 49 134531 344486 847977 1166829 1075343rat 7889.524 4388.305 939.1719-845.625
dsa128 520.820620 45210 59 137208 349789 858647 1180753 1085758rat 7863.328 4378.492 938.6172-854.1094
dsa128 521.470620 46068 55 139714 355478 869116 1191575 1096454rat 7832.016 4352.844 927.6328-849.3359
summary08:40:09OCT 13/17 66.82 2.498 24ds 2 7898 4391 944-849 10614 5362 .9 262.7 56 29 12 4 50 21 .3 1
summary08:40:09OCT 13/17 66.614 2.477 24aode 2 0 0 0 0 7 18 43.1 0 0 0 0 0 1 1 1.1 0
co08:42:20ux: UV extended  scan started
co08:47:41ux: UV extended  scan finished, incident DUV =  39.6816 mW/m^2
um131017Madrid 40.45 3.717 3.13pr9400 528.871640 116 294226 596127 1245007 1504949 1276926rat 7061.297 3998.152 794.9415-786.5352
um131017Madrid 40.45 3.717 3.13pr9400 530.191640 120 1449439 1379432 899465 735617 380372rat-3101.899-2858.176-930.3359-2945.945
um131017Madrid 40.45 3.717 3.13pr9400 531.511640 112 306893 613379 1276134 1533338 1297923rat 6960.379 3956.164 768.6875-797.3672
um131017Madrid 40.45 3.717 3.15pr9400 532.821640 137 1476719 1406798 912200 745506 385321rat-3126.113-2886.727-933.6055-2948.219
um131017Madrid 40.45 3.717 3.15pr9400 534.141640 120 320253 632239 1305590 1561372 1321589rat 6855.059 3904.004 748.1915-797.8868
um131017Madrid 40.45 3.717 3.15pr9400 535.451640 126 1506167 1428505 924209 755338 390343rat-3156.266-2897.11-933.6406-2949.133
um131017Madrid 40.45 3.717 3.15pr9400 536.771640 115 333322 649533 1336299 1587384 1342140rat 6753.899 3859.141 718.6641-803.0078
um131017Madrid 40.45 3.717 3.17pr9400 538.081640 134 1535582 1453136 938608 763934 394306rat-3196.899-2926.703-953.8789-2957.047
um131017Madrid 40.45 3.717 3.17pr9400 539.41640 119 347392 669476 1367663 1618797 1364396rat 6656.289 3810.332 701.1875-819.6094
um131017Madrid 40.45 3.717 3.17pr9400 540.721640 146 1553815 1472662 948329 774942 400494rat-3186.567-2923.149-936.418-2951.93
um131017Madrid 40.45 3.717 3.17pr9400 542.041640 123 361890 689797 1400565 1651316 1391345rat 6566.352 3767.723 684.3243-821.4493
um131017Madrid 40.45 3.717 3.19pr9400 543.351640 145 1589686 1501391 963712 785319 405898rat-3229.66-2950.539-948.8711-2951.809
um131017Madrid 40.45 3.717 3.19pr9400 544.671640 117 375566 707555 1432384 1679733 1412447rat 6480.282 3732.141 660.6368-830.6758
um131017Madrid 40.45 3.717 3.19pr9400 545.981640 154 1621097 1526272 977062 794267 409982rat-3266.985-2973.82-959.7149-2957.899
co09:06:48td: Time correction  .4 seconds
dsa192 547.720620 43587 59 112128 241386 551644 706849 632079rat 6653.555 3834.367 666.6875-918.3203
dsa192 548.370620 44292 59 113808 243234 555743 710531 636894rat 6615.992 3826.649 658.2656-906.5938
dsa192 549.030620 44961 68 115546 246843 561720 717453 641851rat 6596.86 3807.563 655.125-914.3125
dsa192 549.680620 45828 66 117161 250324 568020 723826 647363rat 6579.75 3788.117 646.336-914.5156
dsa192 550.330620 46935 60 119054 252140 573572 729887 651448rat 6550.946 3796.055 641.6172-922.5156
summary09:09:01OCT 13/17 62.461 2.137 26ds 3 6599 3811 654-915 9528 5040 .9 262.8 39 20 10 6 37 16 .5 1.7
summary09:09:01OCT 13/17 62.273 2.125 26aode 3 0 0 0 0 1 14 41.2 0 0 0 0 0 1 1 .8 0
hgscan 0wide 302warm= 117.151509:11:55OCT 13/17 777 1233 8866 26805 43929 65005 86569 108308 129302 140062 142143 132879 116331 97120 77571 58033 36952 18752 12322 8505 8536 12578 19523 37850 60181 80745 101595 122284 139870 149609 148637 137589 114821 93328 70056 48077 29828 10234 1351 812
hg09:13:16 .9996 287.7678 288 291752 27 0
dsa192 553.910620 51442 63 128123 267904 601740 761382 677028rat 6435.953 3728.281 621.8516-935.8203
dsa192 554.570620 52397 76 130063 270682 608791 767390 682032rat 6409.344 3720.43 606.3516-937.1328
dsa192 555.220620 53101 71 131640 273340 612730 772126 687818rat 6387.594 3707.156 606.2188-926
dsa192 555.870620 53754 64 133076 275468 616020 775323 690244rat 6362.086 3693.735 601.9453-927.7656
dsa192 556.530620 54529 66 134529 277491 619349 779609 693139rat 6342.914 3688.453 603.6797-932.7266
summary09:15:13OCT 13/17 61.575 2.077 27ds 3 6388 3708 608-932 9370 4988 1.2 263.1 37 17 8 5 47 20 .4 1.8
summary09:15:13OCT 13/17 61.391 2.066 27aode 3 0 0 0 0 0 12 40.7 0 0 0 0 0 0 1 1.1 0
co09:17:24ux: UV extended  scan started
co09:22:45ux: UV extended  scan finished, incident DUV =  60.54871 mW/m^2
hgscan 0wide 302warm= 4.99283909:27:54OCT 13/17 854 1409 9966 29988 51782 75804 98979 123560 148118 159507 161981 148732 129871 109470 86642 64052 40509 21105 14315 9279 9299 14295 21198 40766 64657 88442 112100 134147 153312 167997 166085 155405 130778 105826 81500 57061 33116 10689 1512 895
hg09:29:16 .9995 287.1604 287 329978 28-1
sla 0 574.620620 1542130 169 1661173 1689272 1728968 1495927 1146723rat-604.5352-653.5703-715.4844-1270.313
sla 0 575.270620 1542888 156 1663428 1690628 1730143 1498517 1149086rat-602.8672-649.3711-710.7227-1268.914
sla 0 575.920620 1543750 151 1663732 1690967 1730984 1499199 1149476rat-601.6328-648.211-710.8828-1269.445
sla 0 576.570620 1542418 155 1664053 1691416 1730357 1497159 1149746rat-608.7149-655.6328-715.4258-1262.195
sla 0 577.220620 1542777 162 1662718 1690617 1730714 1498478 1149054rat-601.0391-649.4649-712.3711-1268.914
sla 0 577.870620 1543020 162 1662387 1692764 1731135 1499185 1149516rat-597.9766-653.1328-711.336-1269.258
sla 0 578.520620 1543587 149 1663386 1692430 1730203 1498279 1149621rat-603.4844-654.9844-711.6211-1266.07
summary09:36:34OCT 13/17 58.677 1.907 29sl 0-603-652-713-1268 3454 1860 1662982 1149032 3 3 2 3 12 7 999.3 1048.1
dsa192 579.510620 88788 97 200646 375387 803012 970553 850573rat 5678.336 3402.586 457.4219-973.6484
dsa192 580.160620 89940 98 202393 377669 807182 974294 853590rat 5660.071 3394.656 452.2657-974.4062
dsa192 580.820620 91158 88 203618 379931 811028 977339 855905rat 5650.508 3384.188 445.9532-975.4609
dsa192 581.470620 92445 93 206017 384417 817468 984910 862106rat 5636.352 3368.672 445.9844-977.1484
dsa192 582.120620 93286 92 207385 385825 819771 986503 864136rat 5617.055 3361.32 441.3907-973.2266
summary09:40:48OCT 13/17 58.132 1.878 29ds 3 5648 3382 449-975 8768 4815 .9 264.1 23 17 6 2 23 14 .5 1.3
summary09:40:48OCT 13/17 57.967 1.87 29aode 3 0 0 0 0 0 8 38.7 0 0 0 0 0 0 1 .8 0
zsa0 583.060620 82082 84 168022 287357 547896 608853 500605rat 5520.836 3202.613 411.043-933.8321
zsa0 583.710620 82620 89 168915 288892 551164 610497 502623rat 5509.719 3191.238 396.7149-928.0352
zsa0 584.360620 83502 88 170075 290578 553212 612954 504386rat 5497.59 3183.504 398.1094-930.3594
zsa0 585.010620 84180 93 171590 291390 556130 615654 506366rat 5478.395 3190.77 394.3281-932.5391
zsa0 585.660620 85102 86 172586 294058 559618 618329 508384rat 5472.18 3169.953 385.8906-934.1758
zsa0 586.310620 85655 89 174274 295341 561217 620860 510715rat 5447.801 3168.973 391.3594-932.0742
zsa0 586.960620 86412 85 174795 297114 563521 622576 510078rat 5446.914 3154.93 385.4727-949.8008
summary09:45:00OCT 13/17 57.605 1.852 30zs 0 5482 3180 395-934 8472 4571 1.5 252.6 29 16 9 7 24 9 .4 1.6
co09:47:43ux: UV extended  scan started
co09:53:05ux: UV extended  scan finished, incident DUV =  79.26697 mW/m^2
hgscan 0wide 302warm= 588.509:53:37OCT 13/17 923 1305 9846 35627 60155 85876 115810 144681 174785 189606 192853 180562 159839 135034 107983 80594 53432 28642 18784 12651 12468 18810 29122 54388 81850 109205 136516 161563 182879 194350 191127 175871 147929 118452 88994 62829 37877 12178 1510 907
hg09:54:58 .9997 288.5974 289 387203 31 1
dsa192 595.630620 117566 111 250614 446211 929946 1098668 956848rat 5312.953 3228.617 372.6172-992
dsa192 596.290620 118779 111 253297 451033 938866 1106829 964170rat 5302.016 3216.039 363.9141-990.4844
dsa192 596.940620 120352 104 255968 453794 943728 1113927 967866rat 5286.539 3218.969 370.086-1001.602
dsa192 597.590620 121274 108 257649 456571 948504 1119433 973504rat 5282.539 3215.789 370.3985-997.1094
dsa192 598.250620 122505 110 259685 460073 954573 1125205 977237rat 5273.032 3206.383 365.5235-1002.609
summary09:56:56OCT 13/17 56.166 1.783 31ds 3 5291 3217 369-997 8481 4727 1 263.8 16 8 4 6 10 7 .3 1.5
summary09:56:56OCT 13/17 56.014 1.776 31aode 3 0 0 0 0 0 0 29.4 0 0 0 0 0 0 0 2 0
co09:59:07ux: UV extended  scan started
co10:04:28ux: UV extended  scan finished, incident DUV =  86.69024 mW/m^2
dsa192 605.150620 136197 131 282626 493190 1013019 1183562 1025709rat 5146.93 3137.461 331.4531-1009.867
dsa192 605.80620 137690 124 286084 496286 1019476 1190832 1032428rat 5123.571 3138.914 331.2656-1007.516
dsa192 606.450620 139083 143 288338 500290 1026239 1197985 1037210rat 5118.203 3131.688 329.1719-1013.297
dsa192 607.110620 140447 141 290902 502841 1032424 1203802 1042803rat 5103.047 3132.211 324.5938-1010.523
dsa192 607.760620 141960 145 293465 506478 1038091 1208791 1046422rat 5085.102 3120.211 319.2266-1013.133
summary10:06:27OCT 13/17 55.089 1.736 32ds 3 5115 3132 327-1011 8350 4687 1.2 264.2 23 7 5 2 20 3 .3 .6
summary10:06:27OCT 13/17 54.945 1.73 32aode 3 0 0 0 0 0 0 18.9 0 0 0 0 0 0 0 1.6 0
co10:08:07td: Time correction  .3 seconds
co10:09:18az: Azimuth discrepancy = -3
dsa192 610.210620 145735 135 299214 515082 1052123 1221442 1056971rat 5053.555 3096.906 307.9063-1013.25
dsa192 610.870620 147286 136 301814 517740 1056019 1226050 1061245rat 5034.43 3092.297 308.8203-1011.625
dsa192 611.520620 148507 153 304576 520964 1061993 1231887 1065664rat 5017.93 3087.547 305.4766-1013.922
dsa192 612.170620 150170 132 306666 523941 1067132 1238241 1070390rat 5012.758 3086.633 307.5625-1016.773
dsa192 612.830620 151691 138 309248 527583 1074800 1246610 1077648rat 5008.274 3087.617 306.3438-1016.328
summary10:11:31OCT 13/17 54.541 1.713 32ds 3 5025 3090 307-1014 8271 4661 1.4 263.3 19 4 1 2 14 4 .2 .9
summary10:11:31OCT 13/17 54.404 1.707 32aode 3 0 0 0 0 0 0 16.8 0 0 0 0 0 0 0 1.9 0
zsa0 613.760620 117105 153 222532 356552 658790 710619 580701rat 4970.141 2934.883 276.9375-968.1641
zsa0 614.410620 118222 128 224228 357356 659676 711964 581411rat 4945 2933.25 279.3828-971.1368
zsa0 615.060620 118478 137 224858 359029 661957 713930 582709rat 4945.078 2925.02 276.3203-973.5196
zsa0 615.710620 119568 137 226398 359826 663328 715630 584600rat 4925.778 2925.848 277.707-969.7539
zsa0 616.360620 119802 138 226780 360700 665306 716806 585419rat 4925.711 2922.485 271.8008-970.8555
zsa0 617.010620 120629 138 227559 361800 667344 718351 586191rat 4920.274 2918.68 267.8047-974.5938
zsa0 617.660620 121261 137 229023 362961 669252 720976 588260rat 4908.395 2920.789 271.3438-975.2071
summary10:15:42OCT 13/17 54.104 1.695 32zs 0 4934 2926 274-972 8044 4441 3.1 250.3 20 6 4 3 16 4 .3 .9
co10:18:26ux: UV extended  scan started
co10:23:47ux: UV extended  scan finished, incident DUV =  98.22513 mW/m^2
hgscan 0wide 302warm= 35.6914710:24:19OCT 13/17 954 1787 13757 38341 61742 87080 113789 143639 171958 184413 187057 174439 154257 129572 103937 76377 48983 25656 17578 11695 11716 17627 26266 49556 77055 105387 131387 155692 176215 189251 186601 174916 147018 117561 90344 64339 39753 15234 1964 906
hg10:25:41 .9998 287.7092 288 376308 33 0
dsa192 626.340620 174826 157 345449 572433 1150019 1316323 1134412rat 4797.016 2990.008 255.9141-1024.898
dsa192 626.990620 176086 164 348040 576459 1156562 1323383 1140278rat 4789.711 2984.039 254.9531-1025.578
dsa192 627.650620 176619 172 349908 575986 1157836 1324331 1139740rat 4771.328 2992.063 253.7735-1030.453
dsa192 628.30620 178228 166 351880 581920 1163680 1330007 1144632rat 4767.18 2966.836 250.8203-1030.219
dsa192 628.950620 179360 169 353685 583921 1168615 1334266 1148480rat 4760.407 2966.875 246.5781-1029.234
summary10:27:38OCT 13/17 52.933 1.649 33ds 3 4777 2980 252-1028 8067 4601 1.3 262.8 16 12 4 3 8 10 .7 1.6
summary10:27:38OCT 13/17 52.812 1.645 33aode 3 0 0 0 0 0 0 16.8 0 0 0 0 0 0 0 .9 0
co10:29:49ux: UV extended  scan started
co10:35:10ux: UV extended  scan finished, incident DUV =  103.7264 mW/m^2
co10:35:11td: Time correction  .1 seconds
dsa192 635.870620 186575 211 364002 593513 1181095 1342583 1154289rat 4672.18 2928.313 229.1016-1033.172
dsa192 636.520620 187287 208 364979 594181 1181523 1342759 1154759rat 4662.188 2924.656 228.4219-1031.602
dsa192 637.170620 188742 186 366487 596209 1184445 1345501 1155492rat 4654.328 2919.485 226.8672-1037.633
dsa192 637.830620 189951 202 369740 598533 1191081 1351829 1160421rat 4638.117 2924.352 223.3125-1039.406
dsa192 638.480620 191057 196 370249 601181 1194137 1355649 1163750rat 4646.008 2918.313 224.8985-1038.961
summary10:37:10OCT 13/17 52.082 1.619 34ds 3 4655 2923 227-1036 7970 4571 1.4 262.3 13 4 2 4 7 5 .4 1.4
summary10:37:10OCT 13/17 51.971 1.615 34aode 3 0 0 0 0 0 0 29.3 0 0 0 0 0 0 0 1 0
zsa0 639.420620 143644 199 262270 401978 730786 777269 631980rat 4636.832 2796.406 209.6484-999.1055
zsa0 640.070620 144724 209 262792 402576 732746 778087 633380rat 4632.903 2794.598 202.4219-993.9922
zsa0 640.720620 145107 196 263565 404025 733516 779531 634121rat 4628.145 2786.973 206.0039-997.043
zsa0 641.370620 145604 207 265293 404532 735187 781494 635547rat 4610.832 2792.711 207.0938-998.3047
zsa0 642.020620 146445 192 265381 406106 737143 784046 637184rat 4623.715 2790.051 209.7813-1001.391
zsa0 642.670620 146660 200 266457 405791 738122 783900 636778rat 4605.25 2792.672 203.0586-1003.395
zsa0 643.320620 147328 180 266849 406961 739010 784027 636857rat 4599.317 2780.629 198.4336-1003.543
summary10:41:22OCT 13/17 51.733 1.606 35zs 0 4620 2791 205-1000 7818 4387 2.8 253 14 5 4 4 10 6 .5 1.4
co10:44:05ux: UV extended  scan started
co10:49:26ux: UV extended  scan finished, incident DUV =  109.498 mW/m^2
hgscan 0wide 302warm= 614.153910:49:58OCT 13/17 920 1819 14038 37304 60505 89546 117302 146062 173334 185562 187616 174537 153826 126426 100798 75025 47718 25467 17777 11991 12047 17876 25834 48276 75792 101602 128597 154725 175581 189496 187590 175447 149094 120555 92379 63342 38741 15544 1967 904
hg10:51:20 .9997 287.174 287 377112 35-1
dsa192 6520620 209432 226 399187 632381 1247224 1404667 1203336rat 4494.586 2865.969 194.4375-1045.469
dsa192 652.650620 210563 225 400567 635693 1252500 1409167 1207554rat 4495.125 2858.102 190.2578-1043.891
dsa192 653.310620 211466 241 401654 637008 1253734 1412476 1208932rat 4494.586 2860.024 196.6328-1049.234
dsa192 653.960620 212744 233 403213 639228 1257354 1412700 1212397rat 4479.407 2846.047 184.6797-1036.703
dsa192 654.610620 212444 232 402441 636919 1252745 1408654 1206604rat 4475.399 2849.422 188.4219-1045.117
summary10:53:18OCT 13/17 50.825 1.575 35ds 3 4488 2856 191-1044 7829 4535 1 263 10 8 5 5 21 12 .5 2.1
summary10:53:18OCT 13/17 50.734 1.572 35aode 3 0 0 0 0 0 0 32.5 0 0 0 0 0 0 0 1.6 0
co10:55:28ux: UV extended  scan started
co11:00:49ux: UV extended  scan finished, incident DUV =  113.8984 mW/m^2
dsa192 661.510620 221561 267 417265 655253 1283236 1436765 1229537rat 4411.024 2815.774 170.3125-1049.758
dsa192 662.170620 221606 260 416603 654669 1281862 1434390 1228030rat 4411.633 2812.914 167.9922-1047.43
dsa192 662.820620 222451 271 417676 655063 1282398 1435204 1228758rat 4403.578 2813.242 168.8594-1047.172
dsa192 663.470620 223059 287 418424 657214 1285455 1437354 1230663rat 4403.235 2805.945 165.0781-1046.828
dsa192 664.130620 223374 262 419308 657196 1285403 1437663 1230990rat 4395.93 2807.688 166.5703-1046.242
summary11:02:49OCT 13/17 50.197 1.554 36ds 3 4405 2811 168-1047 7757 4508 1.5 261.2 6 4 2 1 10 5 .2 .6
summary11:02:49OCT 13/17 50.118 1.552 36aode 3 0 0 0 0 0 0 36.4 0 0 0 0 0 0 0 1.4 0
zsa0 665.060620 165067 277 293385 436442 784777 825577 671476rat 4410.375 2699.879 159.3594-1001.316
zsa0 665.710620 165269 269 293002 436779 785310 826254 671287rat 4419.68 2700.098 159.9883-1006.207
zsa0 666.360620 165760 278 294068 436684 785545 826977 671106rat 4407.735 2704.988 162.5547-1011.305
zsa0 667.010620 166590 275 294832 437807 787635 828931 673091rat 4406.84 2704.188 161.2461-1008.723
zsa0 667.660620 167219 265 295465 439059 789612 831642 674488rat 4411.903 2706.121 164.6484-1014.078
zsa0 668.310620 167253 263 295640 439264 789368 830271 673684rat 4401.938 2696.707 158.668-1012.012
zsa0 668.960620 168108 260 296259 441066 791540 831810 674772rat 4400.969 2686.906 154.6758-1013.098
summary11:07:00OCT 13/17 49.95 1.547 36zs 0 4408 2700 160-1010 7639 4336 3.2 251.8 6 7 3 5 13 9 .5 1.9
co11:09:43ux: UV extended  scan started
co11:15:04ux: UV extended  scan finished, incident DUV =  119.1749 mW/m^2
hgscan 0wide 302warm= 61.3363311:15:37OCT 13/17 922 1599 11641 35112 60955 87855 115348 144194 172531 186139 188278 173468 152330 129373 102803 75647 48889 27214 18378 11761 11749 18191 26900 48659 75856 102675 130716 153441 174524 189313 186988 172983 145962 117465 89765 63309 36639 12197 1662 885
hg11:16:59 .9997 287.6755 288 377591 37 0
dsa192 677.640620 241129 283 445524 690309 1342997 1494679 1276515rat 4315.594 2771.891 147.3359-1057.617
dsa192 678.30620 240255 290 445546 686941 1336512 1486689 1269742rat 4291.617 2769.594 145.0469-1057.109
dsa192 678.950620 241092 310 446205 689997 1340771 1492777 1274398rat 4303.86 2768.578 149.25-1059.188
dsa192 679.60620 242306 294 449263 693307 1346915 1497731 1280683rat 4289.352 2762.735 143.7813-1051.844
dsa192 680.260620 243346 299 450167 695479 1349805 1501442 1282836rat 4292.414 2760.508 145.5313-1055.359
summary11:18:57OCT 13/17 49.338 1.528 37ds 3 4299 2767 146-1056 7678 4489 1.1 262.2 11 5 2 3 18 8 .4 1.3
summary11:18:57OCT 13/17 49.28 1.526 37aode 3 0 0 0 0 0 0 30.8 0 0 0 0 0 0 0 2.2 0
dsa192 681.010620 244930 300 452985 700285 1359190 1511880 1290458rat 4297.102 2761.891 145.8594-1059.969
dsa192 681.670620 247021 299 456699 704009 1367439 1522520 1299230rat 4293.68 2770.68 150.5625-1061.109
dsa192 682.320620 248410 294 458477 708901 1374720 1529350 1307307rat 4297.532 2760.703 147.0469-1053.297
dsa192 682.970620 247337 296 456018 701231 1364845 1517659 1296594rat 4286.86 2774.375 144.9375-1055.391
dsa192 683.630620 247550 328 456915 704674 1366681 1519102 1297246rat 4283.367 2757.469 143.375-1057.305
summary11:22:19OCT 13/17 49.193 1.523 37ds 3 4292 2765 146-1057 7675 4489 1 263 6 7 3 3 13 9 .6 1.7
summary11:22:19OCT 13/17 49.139 1.521 37aode 3 0 0 0 0 0 0 22.4 0 0 0 0 0 0 0 2.9 0
zsa0 684.550620 176909 319 308940 454059 813036 851425 689894rat 4317.231 2659.817 137.4492-1021.066
zsa0 685.210620 177055 300 309466 454460 814889 854504 692411rat 4325.699 2671.949 143.4024-1020.981
zsa0 685.860620 177542 300 310941 456307 817000 854554 693421rat 4305.094 2654.336 132.1406-1014.77
zsa0 686.510620 177844 296 309829 455927 816411 854727 693343rat 4321.68 2658.891 136.2539-1016.168
zsa0 687.160620 177816 296 310634 455741 816242 855896 693554rat 4316.395 2666.785 143.2734-1020.914
zsa0 687.810620 178230 330 311241 456638 818303 856868 695112rat 4313.192 2663.336 137.1133-1016.059
zsa0 688.460620 178940 302 312748 457827 817568 857923 696076rat 4297.235 2657.242 146.5977-1015.363
summary11:26:30OCT 13/17 49.028 1.518 37zs 0 4314 2662 139-1018 7571 4322 2.9 253.5 10 6 5 3 17 10 .4 1.8
co11:29:13ux: UV extended  scan started
co11:34:34ux: UV extended  scan finished, incident DUV =  124.6212 mW/m^2
hgscan 0wide 302warm= 633.652411:35:07OCT 13/17 919 1534 12260 37478 60981 86729 114958 144278 172627 186244 189440 175189 155058 130542 104043 76981 50086 26945 18307 12077 12084 18482 27318 50966 78376 104870 131490 156175 176589 189839 186911 173013 146732 118795 89499 63523 40480 15272 1858 928
hg11:36:28 .9998 287.8399 288 379279 38 0
dsa192 697.140620 257300 362 471676 721278 1396373 1548569 1323527rat 4234.571 2743.203 133.9219-1054.281
dsa192 697.80620 258254 344 473750 724279 1401990 1554108 1328712rat 4232.016 2741.383 132.1641-1052.695
dsa192 698.450620 257994 334 473725 724382 1401814 1553909 1327359rat 4231.586 2740.133 132.1406-1056.719
dsa192 699.10620 258743 349 475616 725161 1403571 1554243 1329608rat 4215.696 2736.75 127.6094-1049.859
dsa192 699.750620 259660 346 477241 729669 1409955 1563049 1335314rat 4226.453 2735.016 132.8047-1056.258
summary11:38:26OCT 13/17 48.659 1.507 38ds 3 4228 2739 132-1054 7601 4465 1.2 261.1 8 4 2 3 15 5 .1 .9
summary11:38:26OCT 13/17 48.627 1.507 38aode 3 0 0 0 0 0 0 19.7 0 0 0 0 0 0 0 1.8 0
co11:40:37ux: UV extended  scan started
co11:45:58ux: UV extended  scan finished, incident DUV =  128.0287 mW/m^2
dsa192 706.640620 265904 404 485942 742843 1433539 1588403 1356755rat 4223.032 2730.641 131.6406-1056.914
dsa192 707.290620 266399 382 486966 746183 1439389 1595019 1360973rat 4232.61 2729.641 132.1094-1061.828
dsa192 707.950620 266085 390 487476 744564 1437729 1591876 1360848rat 4219.649 2730.68 128.5391-1053.07
dsa192 708.60620 266559 398 488076 745744 1438283 1594373 1361737rat 4221.422 2730.82 133.9531-1057.266
dsa192 709.250620 266696 374 487274 744625 1436193 1591785 1359004rat 4221.11 2730 133.125-1058.953
summary11:47:56OCT 13/17 48.476 1.502 38ds 3 4224 2730 132-1058 7608 4462 1.6 261.5 5 0 2 3 15 4 0 .8
summary11:47:56OCT 13/17 48.459 1.501 38aode 3 0 0 0 0 0 0 6.8 0 0 0 0 0 0 0 1.2 0
zsa0 710.180620 186231 389 322350 471488 839972 880255 713170rat 4275.59 2639.317 138.9609-1024.734
zsa0 710.830620 185889 388 322309 471468 840415 879047 712708rat 4270.016 2633.367 130.4766-1021.481
zsa0 711.480620 185797 383 322501 471338 840558 878101 711206rat 4262.547 2629.766 124.9102-1026.039
zsa0 712.130620 185753 375 321988 469772 838050 876126 710492rat 4259.418 2634.348 128.1797-1020.445
zsa0 712.780620 185958 381 321736 469519 837384 875045 710004rat 4257.387 2631.235 126.2149-1017.984
zsa0 713.430620 185692 364 321895 469342 837287 875278 709306rat 4256.266 2634.012 127.9141-1023.52
zsa0 714.080620 185870 356 322351 470445 838900 877244 711374rat 4260.004 2633.649 129.3438-1020.602
summary11:52:07OCT 13/17 48.427 1.5 38zs 0 4263 2634 129-1022 7534 4307 3.5 253 7 3 5 3 14 5 .2 1
co11:54:51ux: UV extended  scan started
co12:00:12ux: UV extended  scan finished, incident DUV =  129.3181 mW/m^2
hgscan 0wide 302warm= 86.9563112:00:44OCT 13/17 933 1697 13685 36898 60563 86255 114380 143332 171213 184372 187971 175650 155417 131340 103191 77216 49654 26923 18369 12309 12298 18410 27243 50808 77348 103654 132105 156602 177090 188395 185517 171374 144422 115532 85755 60614 35929 12015 1548 924
hg12:02:06 .9997 288.1952 288 376366 38 0
dsa256 722.820620 39206 361 72538 112002 221940 249076 213702rat 4323.203 2809.445 169.9063-1009.828
dsa256 723.470620 39423 396 72341 112212 222061 249359 213643rat 4341.563 2806.992 172.5625-1016.117
dsa256 724.130620 39304 380 72561 112440 222492 249373 213459rat 4327.836 2798.016 164.2813-1020.086
dsa256 724.780620 39190 392 72250 111892 221638 248831 212311rat 4337.61 2810.102 171.625-1034.195
dsa256 725.430620 39103 387 72010 111859 220493 247511 212279rat 4328.657 2787.977 170.9844-1011.539
summary12:04:07OCT 13/17 48.393 1.5 38ds 4 4332 2803 170-1018 7591 4449 2.3 259.2 8 9 3 10 36 22 1.1 4.3
summary12:04:07OCT 13/17 48.397 1.5 38aode 4 0 0 0 0 0 0 .9 0 0 0 0 0 0 0 2 0
co12:06:18ux: UV extended  scan started
co12:11:39ux: UV extended  scan finished, incident DUV =  129.7682 mW/m^2
dsa192 732.390620 273498 452 500645 765105 1473887 1632145 1392698rat 4216.664 2724.094 129.8047-1062.383
dsa192 733.050620 272954 456 499718 762060 1471131 1629842 1390016rat 4218.407 2735.391 131.8672-1064.68
dsa192 733.70620 272957 425 498284 762529 1471612 1629353 1390761rat 4229.532 2731.18 129-1060.859
dsa192 734.360620 273417 448 499520 763819 1471927 1630863 1391469rat 4222.367 2727.61 132.0938-1062.969
dsa192 735.010620 272986 431 499131 762731 1471808 1629201 1390972rat 4221.039 2729.219 127.7813-1059.906
summary12:13:42OCT 13/17 48.477 1.502 38ds 3 4222 2729 130-1062 7621 4470 1.3 263 5 4 2 2 6 6 .4 1.1
summary12:13:42OCT 13/17 48.497 1.503 38aode 3 0 0 0 0 0 0 0 0 0 0 0 0 0 0 0 0
zsa0 735.930620 184008 442 318832 465926 831614 868660 703717rat 4260.703 2629.301 122.5352-1027.176
zsa0 736.580620 183210 439 318378 464916 829929 867688 703148rat 4261.926 2633.852 126.5664-1025.766
zsa0 737.230620 183389 434 317635 465114 830111 866801 702386rat 4267.582 2627.391 121.0156-1026.004
zsa0 737.880620 183000 418 317786 464299 828909 866233 701694rat 4262.43 2632.129 124.5547-1027.438
zsa0 738.530620 182774 426 317173 463503 827850 865197 701138rat 4265.641 2634.387 124.9063-1025.621
zsa0 739.180620 182401 433 316217 463450 827085 864151 700131rat 4273.551 2629.531 123.6445-1026.617
zsa0 739.830620 182023 433 316833 462473 826081 863160 699928rat 4259.887 2633.707 123.9375-1022.785
summary12:17:52OCT 13/17 48.546 1.504 39zs 0 4265 2631 124-1026 7547 4314 3.2 253.9 5 3 2 2 7 3 .2 .5
co12:20:36ux: UV extended  scan started
co12:25:57ux: UV extended  scan finished, incident DUV =  127.7196 mW/m^2
hgscan 0wide 302warm= 659.40512:26:30OCT 13/17 940 1673 12897 35662 60076 87607 115161 144449 172109 184666 186849 174151 150781 126543 100986 75149 48204 26218 18160 12181 12204 18280 26394 48962 76358 101902 127684 151552 175048 188324 185359 172202 144811 116552 88712 61982 37599 13936 1856 933
hg12:27:51 .9996 287.5246 288 375173 39 0
dsa256 748.570620 38146 432 71080 110861 220062 247253 211785rat 4371.344 2815.719 171.1016-1021.594
dsa256 749.220620 38341 422 70956 110508 219661 246768 211826rat 4369.344 2820.485 170.3047-1012.297
dsa256 749.880620 38247 420 70627 110824 219028 246648 210916rat 4386.875 2805.453 180.6328-1029.18
dsa256 750.530620 38553 399 71311 111772 221512 249268 213865rat 4390.071 2814.047 177.5-1014.609
dsa256 751.180620 38418 429 71283 111554 220569 248289 213555rat 4375.25 2805.625 178.8281-1003.977
summary12:29:52OCT 13/17 48.848 1.513 39ds 4 4379 2812 176-1016 7631 4452 3 257.6 10 7 5 10 35 18 1 3.6
summary12:29:52OCT 13/17 48.89 1.515 39aode 4 0 0 0 0 0 0 0 0 0 0 0 0 0 0 0 0
co12:32:03ux: UV extended  scan started
co12:37:24ux: UV extended  scan finished, incident DUV =  126.3225 mW/m^2
dsa192 758.140620 261908 538 485719 748294 1451303 1616192 1383845rat 4288.797 2767.055 149.6172-1052.234
dsa192 758.80620 258395 503 477658 737784 1432459 1594284 1363618rat 4300 2767.422 146.625-1056.625
dsa192 759.450620 253054 481 469478 726743 1409858 1569524 1341488rat 4303.907 2762.477 147.1953-1059.445
dsa192 760.10620 251746 506 467573 721720 1402499 1562326 1335503rat 4300.414 2772.008 149.7969-1058.891
dsa192 760.760620 251232 500 466087 720086 1399159 1558261 1331717rat 4301.907 2769.805 148.5625-1060.031
summary12:39:26OCT 13/17 49.2 1.524 39ds 3 4299 2768 148-1057 7683 4491 1 263.3 6 4 1 3 16 7 .3 1.1
summary12:39:26OCT 13/17 49.255 1.526 39aode 3 0 0 0 0 0 0 2.1 0 0 0 0 0 0 0 2.3 0
zsa0 761.690620 172037 534 302317 446128 799662 838596 680821rat 4337.907 2663.965 139.9883-1016.969
zsa0 762.340620 171556 491 301483 445015 797522 837529 680279rat 4343.957 2669.102 146.2344-1014.773
zsa0 762.990620 170621 480 300811 444425 797375 836885 678817rat 4350.223 2671.469 143.625-1020.879
zsa0 763.640620 170536 449 299722 444064 795189 835086 678091rat 4356.262 2665.309 146.2461-1015.992
zsa0 764.290620 170329 497 299224 442743 793707 833487 676267rat 4355.461 2670.11 146.0195-1019.457
zsa0 764.940620 169800 473 298533 441725 792182 832248 676110rat 4358.746 2673.512 147.9414-1013.824
zsa0 765.590620 168956 482 297554 440041 791100 830954 673527rat 4366.317 2683.449 147.1016-1023.883
summary12:43:38OCT 13/17 49.384 1.529 39zs 0 4353 2671 145-1018 7610 4329 3.2 253.1 10 6 3 4 18 11 .6 2.1
dsa192 766.490620 240422 463 447058 696311 1355591 1511693 1294615rat 4342.157 2777.406 152.2734-1050.875
dsa192 767.140620 241028 554 449493 698343 1361406 1518938 1300678rat 4340.039 2786.195 154.5156-1051.75
dsa192 767.790620 242198 519 452304 701929 1369051 1527216 1308530rat 4336.5 2787.75 153.7109-1049.438
dsa192 768.450620 242757 492 453716 705047 1374792 1534293 1313124rat 4343.063 2788.68 155.6172-1054.789
dsa192 769.10620 242719 506 453983 707396 1378986 1538363 1318451rat 4352.055 2785.688 153.7188-1048.727
summary12:47:47OCT 13/17 49.584 1.536 39ds 3 4343 2785 154-1051 7706 4495 1.3 262 6 5 1 2 8 6 .4 1.1
summary12:47:47OCT 13/17 49.651 1.538 39aode 3 0 0 0 0 0 0 11.8 0 0 0 0 0 0 0 6 0
zsa0 770.030620 166372 495 293734 435978 784603 824142 670037rat 4386.453 2687.676 147.1211-1010.25
zsa0 770.680620 165508 502 292491 434152 782840 823353 668976rat 4400.864 2701.934 152.8672-1013.023
zsa0 771.320620 165348 515 292070 435034 782666 824503 669321rat 4413.528 2699.277 160.0781-1016.969
zsa0 771.980620 164379 534 291437 434189 781334 822959 668360rat 4414.875 2699.578 159.3164-1015.016
zsa0 772.630620 164440 480 290609 432821 780085 820161 666393rat 4411.672 2698.047 151.2422-1012.844
zsa0 773.270620 163885 488 290195 432198 779297 819859 666339rat 4416.36 2702.789 154.0977-1011.566
zsa0 773.920620 163060 472 289251 431603 776989 818959 665547rat 4425.614 2703.891 162.4063-1011.93
summary12:51:58OCT 13/17 49.804 1.542 39zs 0 4410 2699 155-1013 7652 4344 2.9 254.1 13 6 6 2 17 5 .3 1.1
co12:54:41ux: UV extended  scan started
co13:00:02ux: UV extended  scan finished, incident DUV =  116.3686 mW/m^2
dsa192 780.740620 221049 494 416991 658423 1289412 1448423 1239803rat 4438.696 2821.422 179.7266-1056.141
dsa192 781.390620 217320 498 409795 649174 1273068 1428506 1224501rat 4451.797 2820.82 174.2734-1049.43
dsa192 782.040620 215522 494 406768 643838 1262771 1419810 1217320rat 4455.453 2828.906 182.8984-1048.57
dsa192 782.70620 213854 526 405205 641910 1259219 1415200 1214250rat 4457.274 2827.164 180.6953-1045.375
dsa192 783.350620 214117 481 405603 642813 1260748 1417735 1215460rat 4460.125 2828.531 183.1406-1049.149
summary13:02:02OCT 13/17 50.404 1.561 39ds 3 4453 2825 180-1050 7812 4520 1.8 262.3 9 4 4 4 7 5 .3 1.1
summary13:02:02OCT 13/17 50.488 1.564 39aode 3 0 0 0 0 0 1 37.7 0 0 0 0 0 0 1 4.9 0
hgscan 0wide 302warm= 125.641313:05:10OCT 13/17 911 1942 14221 37521 61747 88096 114743 144254 173774 186018 188558 175498 154467 130289 104357 77573 49433 27516 18515 12054 12078 18565 27652 49781 78396 104573 131178 154887 175771 188505 185986 173570 145945 118034 90180 64272 39368 16033 2273 944
hg13:06:31 .9998 287.7411 288 377063 39 0
dsa192 787.180620 210188 530 400369 636999 1255156 1411983 1210632rat 4493.766 2847.164 183.1875-1050.156
dsa192 787.840620 211990 504 402649 642211 1262092 1422442 1219934rat 4500.907 2843.758 191.4609-1049.484
dsa192 788.490620 210568 519 401989 640683 1260084 1419849 1218266rat 4499.352 2845.695 190.1953-1047.539
dsa192 789.150620 208553 488 397398 633524 1248824 1407990 1207925rat 4510.328 2856.516 192.2734-1048.203
dsa192 789.80620 206409 577 393716 627806 1239034 1397496 1199221rat 4517.422 2862.68 193.7031-1047.07
summary13:08:29OCT 13/17 50.84 1.575 39ds 3 4504 2851 190-1048 7860 4539 1.4 263.5 10 8 4 1 6 6 .4 1
summary13:08:29OCT 13/17 50.933 1.579 39aode 3 0 0 0 0 0 0 33.5 0 0 0 0 0 0 0 3.6 0
co13:10:39ux: UV extended  scan started
co13:16:01ux: UV extended  scan finished, incident DUV =  108.8326 mW/m^2
hgscan 0wide 302warm= 4.99264413:21:09OCT 13/17 930 1698 13599 36835 60383 85681 114577 144108 169502 183138 186288 173831 153735 130023 102095 76524 49640 26837 18116 12035 12009 18298 26794 50135 76641 102255 130758 154588 175413 187080 184086 171814 145121 116271 87870 62312 37522 13622 1767 939
hg13:22:31 .9998 287.8978 288 373368 39 0
sla 0 807.880620 1488121 641 1605312 1636867 1675083 1452836 1117362rat-624.5938-676.2227-721.8985-1277.453
sla 0 808.530620 1489026 597 1608853 1637564 1677393 1454531 1119430rat-629.3633-672.8633-722.8985-1274.395
sla 0 809.180620 1490724 556 1609261 1638570 1678697 1456081 1120458rat-625.6602-670.8165-721.6055-1275.07
sla 0 809.830620 1490322 609 1611126 1638228 1679634 1454922 1119922rat-634.6016-673.5-727.8047-1273.649
sla 0 810.480620 1490904 616 1608892 1638731 1678905 1456016 1119859rat-624.8321-671.4805-722.3946-1277.332
sla 0 811.130620 1491022 634 1610087 1639067 1678674 1456131 1119468rat-627.8672-672.0703-721.4063-1279.277
sla 0 811.780620 1490749 615 1610067 1638637 1680248 1455351 1119168rat-630.254-673.3086-728.1485-1278.024
summary13:29:49OCT 13/17 52.556 1.636 39sl 0-628-673-724-1276 3456 1859 1609085 1119381 4 2 3 2 9 4 1896.1 999.3
co13:32:08td: Time correction  .1 seconds
dsa192 812.780620 181952 561 360926 597107 1197828 1370686 1183532rat 4770.891 2971.5 246.4766-1029.891
dsa192 813.440620 182286 573 361281 598631 1201290 1378341 1188894rat 4790.157 2984.43 258.211-1035.305
dsa192 814.090620 181371 569 359927 597546 1198336 1373768 1186602rat 4790.336 2976.617 253.8985-1029.258
dsa192 814.750620 180257 504 358232 594541 1196798 1372684 1185222rat 4805.719 2994.336 255.711-1031.219
dsa192 815.40620 178150 516 354554 590128 1186923 1361418 1177588rat 4812.008 2988.867 255.1797-1023.484
summary13:34:05OCT 13/17 52.947 1.65 39ds 3 4794 2983 254-1030 8089 4607 1.4 263.7 16 9 4 4 16 10 .5 1.7
summary13:34:05OCT 13/17 53.069 1.655 39aode 3 0 0 0 0 0 0 .4 0 0 0 0 0 0 0 1 0
zsa0 816.330620 124130 552 232670 365114 672074 721061 588908rat 4814.637 2874.098 240.4922-987.5508
zsa0 816.980620 123439 519 231193 363667 668879 717985 586237rat 4823.137 2872.371 242.625-988.625
zsa0 817.630620 122514 505 229053 362557 666134 715300 584068rat 4847.078 2869.094 244.2227-988.3711
zsa0 818.280620 121942 481 228198 361441 664176 714139 583407rat 4855.934 2875.281 250.0508-986.1289
zsa0 818.930620 121019 524 227848 360150 664078 713043 583503rat 4856.395 2884.442 243.8945-978.6368
zsa0 819.580620 120595 491 226750 358424 661121 711823 580754rat 4869.532 2897.758 256.0664-991.8789
zsa0 820.230620 119797 496 225764 356960 658636 708995 580483rat 4871.004 2898.102 255.0899-976.2734
summary13:38:16OCT 13/17 53.345 1.665 39zs 0 4848 2882 247-985 8001 4433 2.9 253.1 22 12 6 6 23 11 .6 1.9
co13:41:00ux: UV extended  scan started
co13:46:20ux: UV extended  scan finished, incident DUV =  95.93286 mW/m^2
hgscan 0wide 302warm= 821.760513:46:53OCT 13/17 919 1799 13842 37197 60506 86247 115334 144888 172218 185520 188537 176700 156942 131932 104753 78366 51302 27978 19260 12523 12525 19077 28239 51968 78326 105179 132037 157094 176433 188476 185578 172603 146360 117541 87573 62091 37570 13667 1785 955
hg13:48:14 .9998 288.1201 288 377013 39 0
dsa192 828.890620 154823 500 317678 543246 1109868 1289817 1118804rat 5017.055 3090.078 303.1953-1018.359
dsa192 829.550620 153341 511 314864 539619 1103918 1283191 1113397rat 5031.125 3095.313 303.5469-1017.367
dsa192 830.20620 150443 518 310272 532845 1087676 1264803 1098180rat 5028.633 3084.781 304.3985-1014.484
dsa192 830.850620 148991 531 306885 526734 1078589 1254961 1090134rat 5040.446 3099.742 306.4375-1012.586
dsa192 831.510620 147234 498 303791 523309 1072339 1249026 1084648rat 5061.352 3105.86 310.5781-1014.32
summary13:50:12OCT 13/17 54.556 1.713 39ds 3 5036 3095 306-1015 8285 4669 1.1 264.5 17 8 3 2 13 7 .4 1.3
summary13:50:12OCT 13/17 54.695 1.719 39aode 3 0 0 0 0 0 0 4.3 0 0 0 0 0 0 0 4.2 0
co13:52:22ux: UV extended  scan started
co13:57:43ux: UV extended  scan finished, incident DUV =  89.05818 mW/m^2
dsa192 838.410620 130922 538 273691 482151 995533 1168780 1017203rat 5200.164 3155.75 338.6094-1008.422
dsa192 839.070620 131030 592 274733 485142 1002322 1177042 1023864rat 5213.492 3159.031 339.2266-1011.602
dsa192 839.720620 131625 544 276430 488054 1009281 1186043 1034130rat 5218.414 3165.586 342-1001.656
dsa192 840.370620 130641 569 274906 486469 1005964 1184046 1029421rat 5233.571 3171.36 348.6328-1015.039
dsa192 841.030620 130237 563 274963 486908 1008406 1185665 1033719rat 5236.336 3172.039 343.2188-1003.18
summary13:59:43OCT 13/17 55.601 1.758 39ds 3 5220 3165 342-1008 8446 4707 1.8 264.2 15 7 4 6 23 10 .2 1.5
summary13:59:43OCT 13/17 55.75 1.765 39aode 3 0 0 0 0 0 0 16.1 0 0 0 0 0 0 0 6.8 0
co14:03:03az: Azimuth discrepancy = -2
zsa0 844.390620 93423 486 184475 307885 578241 632309 519985rat 5247.746 3039.957 323.8555-954.9375
zsa0 845.050620 92764 512 183009 305812 575640 631205 518172rat 5275.371 3062.055 336.0703-962.6524
zsa0 845.70620 91918 506 181750 304251 573156 629216 517303rat 5291.524 3070.5 341.2149-956.0781
zsa0 846.350620 91151 521 180641 302970 569799 626890 515617rat 5302.172 3072.738 350.8047-954.1094
zsa0 8470620 90441 548 179354 301315 567297 622920 512342rat 5305.801 3068.836 342.1367-954.1406
zsa0 847.650620 89710 542 178415 299124 563967 619487 509086rat 5304.196 3076.348 343.6875-957.793
zsa0 848.30620 88909 497 176693 298066 561374 617376 507176rat 5330.766 3076.442 348.9102-959.1992
summary14:06:20OCT 13/17 56.366 1.792 39zs 0 5294 3067 341-957 8356 4523 2.9 251.9 26 13 9 3 28 11 .4 1.5
co14:09:04ux: UV extended  scan started
co14:14:25ux: UV extended  scan finished, incident DUV =  80.05755 mW/m^2
hgscan 0wide 302warm= 33.0686814:14:57OCT 13/17 960 1759 12147 37334 61051 87167 114479 142948 171019 183659 185905 171411 151337 127280 100409 74424 48045 26194 17820 11748 11726 17843 26491 48915 75747 101704 128405 152349 172780 186463 184375 172288 146103 118685 89954 64493 39909 15288 2134 948
hg14:16:19 .9998 287.3776 287 372368 39-1
dsa192 856.970620 104210 546 231003 426382 905921 1088347 957400rat 5559.024 3337.406 421.125-976.6797
dsa192 857.620620 103036 542 229391 424663 903113 1086365 955344rat 5579.071 3345.508 426.1172-978.7969
dsa192 858.280620 102209 500 227041 421016 897001 1080848 951577rat 5598.258 3358.852 432.8282-974.2266
dsa192 858.930620 101378 535 225396 419569 895866 1077759 948125rat 5615.391 3359.891 424.9453-978.3125
dsa192 859.580620 99670 525 223055 415849 887214 1070196 940919rat 5626.336 3365.547 435.7735-981.6484
summary14:18:16OCT 13/17 57.819 1.862 39ds 3 5596 3353 428-978 8725 4802 .9 264.3 27 12 6 3 33 12 .1 .9
summary14:18:16OCT 13/17 57.983 1.871 39aode 3 0 0 0 0 0 0 .2 0 0 0 0 0 0 0 .3 0
co14:20:27ux: UV extended  scan started
co14:25:48ux: UV extended  scan finished, incident DUV =  72.6755 mW/m^2
dsa192 866.490620 85247 571 195914 374427 809048 985524 871169rat 5797.477 3440.438 469.1641-963.9531
dsa192 867.150620 84246 530 194129 370722 803268 980659 865915rat 5811.657 3459.852 478-969.6016
dsa192 867.80620 84420 499 193458 371328 804706 983661 868343rat 5836.922 3464.266 482.8125-971.6016
dsa192 868.450620 83467 546 192929 371210 805671 983666 871271rat 5846.782 3464.188 476.6641-957.4609
dsa192 869.10620 82084 477 189822 365428 794375 972108 860159rat 5860.672 3477.922 485.6641-962.6172
summary14:27:47OCT 13/17 59.042 1.927 39ds 3 5831 3461 478-965 8919 4863 .7 264.7 26 14 6 6 26 13 .4 1.8
summary14:27:47OCT 13/17 59.215 1.936 39aode 3 0 0 0 0 0 0 12.9 0 0 0 0 0 0 0 3.3 0
co14:29:27td: Time correction  .3 seconds
zsa0 870.070620 65123 524 138332 245717 477318 536860 444852rat 5784.606 3305.723 447.086-919.3906
zsa0 870.730620 64784 512 136910 244319 474521 533792 442060rat 5804.231 3305.305 447.6797-921.793
zsa0 871.380620 63811 542 136204 242735 472394 532407 441325rat 5816.09 3322.633 456.043-917.6914
zsa0 872.030620 63298 512 134894 241278 469544 529648 439088rat 5834.723 3325.774 459.7422-917.0821
zsa0 872.680620 62880 484 133782 239424 466747 527426 437128rat 5851.703 3340.746 467.4883-918.1758
zsa0 873.330620 62018 478 132193 238228 465161 524833 435241rat 5882.074 3340.867 460.7227-915.4609
zsa0 873.980620 61173 498 131789 236790 462102 522408 432952rat 5875.508 3347.145 469.375-918.2656
summary14:32:01OCT 13/17 59.603 1.958 39zs 0 5836 3327 458-918 8774 4659 .8 253.8 37 17 9 2 33 11 .3 .6
hgscan 0wide 302warm= 841.520814:34:43OCT 13/17 941 1513 13242 35274 58284 84155 111036 139276 165637 181209 183798 171130 150343 127012 102216 76757 50083 26133 17642 11833 11836 17681 26252 51057 77362 102600 128680 152662 172414 184779 182642 168004 142407 114791 88039 62044 38362 14953 1859 984
hg14:36:04 .9998 288.0524 288 368577 39 0
dsa192 876.720620 70229 527 166967 333306 733791 909711 807452rat 6090.414 3563.656 531.3047-957.8125
dsa192 877.370620 69112 515 165298 330234 726454 903298 803002rat 6098.907 3570.391 543.2735-951.8125
dsa192 878.030620 68232 489 163437 327524 721400 897017 797680rat 6113.711 3573.336 542.211-951.0781
dsa192 878.680620 66717 509 160193 321570 710931 884556 787176rat 6135.813 3589.391 543.625-948.625
dsa192 879.330620 65632 510 158214 318760 705368 880311 781875rat 6165.758 3604.602 556.1563-958.0625
summary14:38:01OCT 13/17 60.415 2.005 39ds 3 6121 3580 543-953 9172 4930 1.2 264 30 17 9 4 35 16 .4 1.6
summary14:38:01OCT 13/17 60.595 2.017 39aode 3 0 0 0 0 0 0 14.5 0 0 0 0 0 0 0 2.3 0
co14:40:12ux: UV extended  scan started
co14:45:33ux: UV extended  scan finished, incident DUV =  60.00511 mW/m^2
um131017Madrid 40.45 3.717 3.86pr9400 886.741640 1060 409678 746621 1490774 1723847 1447690rat 6167.133 3570.856 575.1602-867.2461
um131017Madrid 40.45 3.717 3.86pr9400 888.051640 1077 1642755 1544814 983735 804144 420190rat-3330.766-3019.559-960.2656-2939.231
um131017Madrid 40.45 3.717 3.86pr9400 889.381640 1016 394971 727246 1461706 1697515 1428637rat 6258.239 3617.656 594-857.418
um131017Madrid 40.45 3.717 3.86pr9400 890.691640 1071 1606696 1523067 972774 795187 414895rat-3281.16-3005.758-960.1094-2945.465
um131017Madrid 40.45 3.717 3.86pr9400 892.011640 1041 382035 711289 1434420 1671928 1408748rat 6336.571 3647.547 610.0156-851.9609
um131017Madrid 40.45 3.717 3.86pr9400 893.321640 1007 1588352 1499935 960141 786964 410259rat-3275.586-2983.266-948.1289-2948.625
um131017Madrid 40.45 3.717 3.86pr9400 894.641640 1002 368747 694027 1404966 1645050 1388486rat 6419 3683.149 629.9024-844.0234
um131017Madrid 40.45 3.717 3.86pr9400 895.951640 1116 1565214 1479279 949930 779139 406652rat-3254.516-2965.863-945.0469-2943.895
um131017Madrid 40.45 3.717 3.86pr9400 897.271640 999 356407 675571 1375927 1618852 1369669rat 6496.473 3730.035 651.0821-833.0469
um131017Madrid 40.45 3.717 3.86pr9400 898.591640 1003 1539818 1457281 937933 765632 402377rat-3258.34-2975.918-965.8203-2912.668
um131017Madrid 40.45 3.717 3.86pr9400 899.911640 1016 343668 659402 1347553 1594254 1348209rat 6587.793 3768.328 675.3594-834.9336
um131017Madrid 40.45 3.717 3.86pr9400 901.221640 997 1512657 1434670 927113 760665 397972rat-3207.785-2935.055-943.2852-2932.211
um131017Madrid 40.45 3.717 3.86pr9400 902.541640 1012 330095 642581 1317383 1566718 1327628rat 6686.586 3804.238 698.2149-825.5899
um131017Madrid 40.45 3.717 3.84pr9400 903.851640 994 1484502 1411209 914376 751106 392968rat-3175.508-2914.047-936.0781-2929.692
um131017Madrid 40.45 3.717 3.84pr9400 905.171640 950 316437 622840 1286978 1538306 1303139rat 6793.778 3862.942 722.086-824.3594
um131017Madrid 40.45 3.717 3.84pr9400 906.491640 1003 1457171 1386536 901000 741475 387669rat-3149.688-2892.512-927.8789-2932.438
zsa0 908.010620 31565 470 76731 158957 327967 391399 330020rat 6974 3822.91 707.2188-837.3868
zsa0 908.660620 31253 502 75639 156333 325540 388604 328086rat 7006.739 3864.75 708.379-831.7422
zsa0 909.310620 30615 469 74900 155752 322884 386140 325606rat 7020.219 3852.52 716.2969-837.0156
zsa0 909.960620 30158 480 73856 154203 319940 383529 323810rat 7052.387 3866.606 726.7031-831.4922
zsa0 910.610620 29611 462 73134 152484 317462 381235 321817rat 7068.164 3888.965 734.4219-832.168
zsa0 911.260620 29214 455 72275 151152 315023 378784 319799rat 7091.207 3898.875 739.9063-831.4219
zsa0 911.910620 28672 460 71424 149989 312446 376339 318254rat 7114.84 3904.274 747.4883-824.2031
summary15:09:57OCT 13/17 65.05 2.336 38zs 0 7047 3871 726-832 9710 4923-.7 250.9 50 29 16 4 39 17 .6 1.5
hgscan 0wide 302warm= 71.0048815:12:39OCT 13/17 939 1547 11720 33942 56620 81065 105792 134077 161834 175570 179115 168774 148922 126410 101887 75253 49375 26792 17392 11763 11768 17578 27003 50258 76256 102956 128416 151237 170814 181554 178727 165317 138605 109962 84634 58978 35851 12932 1660 959
hg15:14:00 .9997 288.628 289 360669 38 1
dsa192 914.640620 24726 474 71674 175728 426946 580703 532822rat 7547.313 4222.133 859.0156-873.8359
dsa192 915.30620 24041 500 69850 171883 420334 571711 525272rat 7586.625 4246.711 857.0547-869.5312
dsa192 915.950620 23273 493 67940 168619 411026 561245 515651rat 7620.633 4245.453 872.3359-870.9766
dsa192 916.60620 22700 451 66448 165825 405969 555919 510743rat 7667.352 4271.969 882.7812-872.6875
dsa192 917.260620 22290 486 65489 163329 401159 550720 506663rat 7685.539 4293.758 892.0469-868.2578
summary15:15:56OCT 13/17 65.971 2.417 38ds 3 7621 4256 873-871 10409 5300 1 264 57 28 15 2 54 18 .4 .9
summary15:15:56OCT 13/17 66.173 2.436 38aode 3 0 0 0 0 0 0 9.399999 0 0 0 0 0 0 0 2.2 0
co15:18:08ux: UV extended  scan started
co15:23:29ux: UV extended  scan finished, incident DUV =  37.77014 mW/m^2
um131017Madrid 40.45 3.717 3.82pr9400 924.671640 955 226263 490885 1058993 1320370 1135126rat 7583.102 4228.793 906.2071-756.9531
um131017Madrid 40.45 3.717 3.82pr9400 925.981640 961 1245008 1203684 801322 667133 350909rat-2915.824-2729.875-875.8633-2904.043
um131017Madrid 40.45 3.717 3.82pr9400 927.31640 893 214693 472972 1027156 1291346 1110603rat 7713.203 4292.817 942.4102-754.9375
um131017Madrid 40.45 3.717 3.82pr9400 928.621640 952 1214563 1177211 786615 655955 345503rat-2880.379-2705.645-868.5586-2897.735
um131017Madrid 40.45 3.717 3.82pr9400 929.941640 940 202915 453060 994244 1256544 1083047rat 7839.848 4360.508 965.1406-744.9453
um131017Madrid 40.45 3.717 3.82pr9400 931.251640 968 1184145 1150958 770985 644543 339803rat-2845.246-2682.992-857.3633-2893.563
um131017Madrid 40.45 3.717 3.82pr9400 932.571640 887 192348 435643 962195 1226856 1059996rat 7966.985 4426.008 1003.742-734.0547
um131017Madrid 40.45 3.717 3.8pr9400 933.881640 906 1152688 1123946 757740 633674 334428rat-2800.617-2652.465-855.75-2888.293
um131017Madrid 40.45 3.717 3.8pr9400 935.21640 894 181795 417703 930076 1194313 1033922rat 8095.028 4491.223 1034.449-725.0391
um131017Madrid 40.45 3.717 3.8pr9400 936.511640 931 1122234 1096783 742492 622197 328506rat-2762.535-2624.649-846.6368-2886.391
um131017Madrid 40.45 3.717 3.8pr9400 937.831640 884 171084 399499 897159 1161138 1007274rat 8235.91 4561.633 1068.609-715.6524
um131017Madrid 40.45 3.717 3.8pr9400 939.151640 869 1088951 1067431 726645 610070 322914rat-2715.668-2591-838.1055-2874.735
co15:39:58td: Time correction  .4 seconds
zsa0 940.690620 12944 420 36520 91414 205708 266394 230896rat 8538.152 4552.481 1062.645-714.3243
zsa0 941.340620 12586 426 35974 89981 203866 264251 228833rat 8569.621 4586.379 1066.641-718.2422
zsa0 941.990620 12347 423 35323 89139 201445 261845 226492rat 8609.551 4587.309 1078.828-723.1758
zsa0 942.640620 12150 420 34581 87821 199195 259635 225070rat 8665.488 4615.231 1090.832-713.5977
zsa0 943.290620 11810 457 34131 86815 196920 257115 223099rat 8684.519 4624.114 1098.559-709.4649
zsa0 943.940620 11626 425 33398 85296 194689 254866 221011rat 8738 4661.77 1109.762-712.0625
zsa0 944.590620 11405 448 32785 84539 191821 252366 218944rat 8779.071 4658.371 1131.649-710.0781
summary15:42:38OCT 13/17 70.239 2.887 38zs 0 8655 4612 1091-714 10941 5281-2.3 244.4 88 40 25 5 79 25 .7 1.9
hgscan 0wide 302warm= 874.194915:45:19OCT 13/17 943 1767 12547 35566 59830 84663 110550 138723 164433 175479 176882 161431 141045 118271 93660 68233 43408 23357 16189 10465 10497 16276 23688 43740 69477 95291 120997 144218 164834 180064 178161 166198 141205 113693 87113 61881 37070 12393 1745 934
hg15:46:40 .9995 286.7877 287 356946 38-1
dsa128 947.360620 13522 420 51004 168832 472224 732709 706275rat 9685.258 5192.969 1334.281-762.0547
dsa128 948.020620 13183 451 49567 164981 464253 720751 696681rat 9729.781 5215.133 1333.32-752.5
dsa128 948.670620 12588 428 47914 161074 454262 708806 684133rat 9792.227 5239 1351.914-761.7813
dsa128 949.330620 12177 436 46833 157769 446899 698594 675942rat 9818.391 5259.125 1356.516-753.625
dsa128 949.980620 11800 430 45325 154083 436662 688041 666911rat 9883.125 5288.203 1387.859-748.7422
summary15:48:40OCT 13/17 71.238 3.026 38ds 2 9782 5239 1353-756 12200 5847 .3 263.7 77 37 22 6 66 21 .2 .7
summary15:48:40OCT 13/17 71.456 3.059 38aode 2 0 0 0 0 0 0 4.4 0 0 0 0 0 0 0 1.4 0
co15:50:51ux: UV extended  scan started
co15:56:12ux: UV extended  scan finished, incident DUV =  22.20083 mW/m^2
um131017Madrid 40.45 3.717 3.8pr9400 957.391640 820 102218 272351 655353 908494 805415rat 9406.66 5154.235 1366.633-617.8828
um131017Madrid 40.45 3.717 3.78pr9400 958.711640 843 845512 851531 603806 516877 275448rat-2322.371-2318.082-750.004-2840.664
um131017Madrid 40.45 3.717 3.78pr9400 960.031640 799 94523 256358 623592 874064 778079rat 9583.176 5251.821 1416.328-597.2735
um131017Madrid 40.45 3.717 3.78pr9400 961.341640 841 811297 819841 585060 501807 268274rat-2270.227-2280.813-741.3125-2826.387
um131017Madrid 40.45 3.717 3.78pr9400 962.661640 831 87043 239731 590373 838458 748405rat 9763.176 5362.336 1473.481-585.1485
um131017Madrid 40.45 3.717 3.78pr9400 963.971640 837 777042 788703 567746 488071 260961rat-2202.035-2232.043-731.1563-2825.606
um131017Madrid 40.45 3.717 3.78pr9400 965.291640 799 80004 224701 559786 803346 720102rat 9943.664 5456.774 1518.5-566.3125
um131017Madrid 40.45 3.717 3.78pr9400 966.611640 809 742906 757752 549597 475115 254204rat-2122.266-2173.75-706.5196-2822.227
um131017Madrid 40.45 3.717 3.78pr9400 967.931640 796 73236 209148 527747 767405 689153rat 10130.51 5569.055 1575.57-558
um131017Madrid 40.45 3.717 3.76pr9400 969.241640 793 709809 727188 531034 459847 246779rat-2064.984-2135.777-698.9375-2808.645
um131017Madrid 40.45 3.717 3.76pr9400 970.561640 780 66950 195145 496707 732517 661604rat 10319.6 5667.27 1636.641-532.5977
um131017Madrid 40.45 3.717 3.76pr9400 971.871640 800 673821 694370 512178 445180 239573rat-1978.399-2074.844-682.4375-2796.309
um131017Madrid 40.45 3.717 3.76pr9400 973.191640 783 61001 180614 466941 697351 632478rat 10513.11 5789.516 1691.199-514.0625
um131017Madrid 40.45 3.717 3.76pr9400 974.51640 786 640789 664047 493904 430643 232134rat-1903.012-2024.047-668.586-2788.738
um131017Madrid 40.45 3.717 3.76pr9400 975.831640 793 55512 166379 437300 662030 603172rat 10700.96 5920.469 1750.172-493.9766
um131017Madrid 40.45 3.717 3.76pr9400 977.141640 792 608495 634258 474923 415814 224569rat-1829.484-1975.977-650.3165-2780.238
um131017Madrid 40.45 3.717 3.76pr9400 978.461640 762 50369 154204 408742 628343 574550rat 10898.16 6022.965 1816.473-477.961
um131017Madrid 40.45 3.717 3.74pr9400 979.771640 801 573072 601316 455028 400890 217196rat-1722.043-1898.551-621.0391-2763.973
zsa0 981.290620 2984 365 8976 29973 81089 126109 115712rat 11503.13 6171.43 1864.336-459.1055
zsa0 981.950620 2925 385 8646 29367 79645 124000 114124rat 11608.95 6189.887 1869.57-445.8477
zsa0 982.60620 2867 381 8483 28641 77862 121952 112462rat 11620.7 6226.856 1895.715-437.1602
zsa0 983.250620 2841 360 8234 28020 76176 120412 110887rat 11689.89 6265.332 1935.469-443.1914
zsa0 983.90620 2765 366 8026 27400 74714 118108 109078rat 11724.9 6280.153 1935.895-430.6602
zsa0 984.550620 2664 373 7742 26834 73289 116225 107443rat 11822.61 6302.742 1950.016-426.4375
zsa0 985.20620 2630 359 7613 26086 71701 114142 105869rat 11812.41 6346.485 1966.473-411.8594
summary16:23:14OCT 13/17 77.152 4.246 36zs 0 11683 6255 1917-436 13079 6038-.4 207.5 115 63 40 15 74 19 2.1 6.9
hgscan 0wide 302warm= 111.61516:25:56OCT 13/17 915 1385 10473 32266 54227 77635 102274 130141 156065 171497 174915 165909 146076 123901 100222 73783 48450 25908 16879 11265 11335 17011 26501 48977 74764 100707 125989 148549 168432 178284 175864 160959 135215 108001 82000 57689 34751 11792 1561 942
hg16:27:17 .9996 288.849 289 353199 36 1
dsa0 987.960620 3548 386 15537 101191 403619 875981 964791rat 14712.28 7606.836 2527.242-444.336
dsa0 988.620620 3466 389 14385 95075 385209 843395 931625rat 14861.12 7694.11 2555.742-439.0625
dsa0 989.270620 3182 385 13311 89651 364752 806739 892785rat 14981.5 7736.094 2589.68-438.8516
dsa0 989.920620 3011 387 12386 84482 345399 770817 856055rat 15074.29 7776.071 2618.383-431.2891
dsa0 990.580620 2831 376 11455 78169 325024 733564 816975rat 15172.31 7877.532 2656.797-427.2032
summary16:29:16OCT 13/17 78.21 4.573 36ds 0 14960 7738 2590-436 16356 7185-2.4 260.1 180 100 51 7 159 64 .6 1.2
summary16:29:16OCT 13/17 78.441 4.651 36aode 0 0 0 0 1 20 20 31.1 0 0 0 0 2 1 2 1.5 0
co16:31:27ux: UV extended  scan started
co16:36:49ux: UV extended  scan finished, incident DUV =  8.741955 mW/m^2
um131017Madrid 40.45 3.717 3.72pr9400 9981640 698 24025 75752 219585 383684 365699rat 12020.19 6976.266 2373.945-293.0117
um131017Madrid 40.45 3.717 3.72pr9400 999.311640 712 344472 379185 314104 286731 157679rat-958.7031-1344.195-465.0508-2697.172
um131017Madrid 40.45 3.717 3.72pr9400 1000.631640 721 21695 67905 199157 354195 339248rat 12131.94 7107.68 2451.082-271.5547
um131017Madrid 40.45 3.717 3.72pr9400 1001.941640 708 316749 351473 295232 270796 149663rat-841.7149-1262.145-444.0899-2675.293
um131017Madrid 40.45 3.717 3.72pr9400 1003.261640 670 19804 60084 178497 324638 313091rat 12150.33 7261.465 2548.164-241.3047
um131017Madrid 40.45 3.717 3.72pr9400 1004.581640 682 289261 323802 276307 255337 141719rat-701.6719-1160.344-411.3711-2656.5
um131017Madrid 40.45 3.717 3.72pr9400 1005.91640 676 18052 53408 160153 296309 287676rat 12169.68 7380.719 2623.024-212.2188
um131017Madrid 40.45 3.717 3.7pr9400 1007.211640 704 262329 296247 257302 239351 133068rat-557.0743-1054.129-382.4844-2649.688
um131017Madrid 40.45 3.717 3.7pr9400 1008.531640 681 16266 47160 142125 268596 262208rat 12212.87 7499.93 2715.965-188.1641
um131017Madrid 40.45 3.717 3.7pr9400 1009.841640 686 236149 269194 238407 223347 124610rat-399.9688-937.8946-351.5625-2634.219
um131017Madrid 40.45 3.717 3.7pr9400 1011.161640 649 14882 41578 125975 241546 238737rat 12143.65 7589.145 2779.031-134.0664
um131017Madrid 40.45 3.717 3.7pr9400 1012.471640 677 211806 243972 220107 208249 116953rat-230.3711-813.75-308.3906-2605.637
um131017Madrid 40.45 3.717 3.7pr9400 1013.791640 664 13576 36446 110925 216473 215508rat 12087.52 7693.895 2856.953-102.4688
um131017Madrid 40.45 3.717 3.7pr9400 1015.11640 637 189027 219768 203050 193257 108597rat-59.63672-683.5274-282.3516-2602.809
um131017Madrid 40.45 3.717 3.7pr9400 1016.431640 675 12457 32267 96675 192471 193715rat 11971.49 7721.192 2945.527-54.78907
um131017Madrid 40.45 3.717 3.68pr9400 1017.741640 624 167555 196916 185265 178344 101137rat 120.6914-551.2618-230.8633-2560.777
co16:58:33td: Time correction  .3 seconds
hgscan 0wide 302warm= 4.99270817:03:41OCT 13/17 895 1518 11013 32566 56098 80131 104527 130697 155646 166978 169318 155132 135399 114182 90205 66018 42440 22419 15299 9959 9969 15355 22307 42547 66888 91560 116879 138957 158408 173812 172041 160369 136287 109541 84036 60082 35833 11698 1609 912
hg17:05:02 .9995 286.9866 287 343130 35-1
co17:06:00ux: UV extended  scan started
co17:11:21ux: UV extended  scan finished, incident DUV =  2.625614 mW/m^2
hgscan 0wide 302warm= 4.99264417:16:30OCT 13/17 918 1305 11266 33479 55941 80363 106163 132979 159617 174187 176588 164822 144969 122413 97256 72876 47669 24720 16772 11029 10968 16791 25037 48913 74229 98844 123783 147373 167810 179803 177292 162873 137267 110434 84515 59123 35660 12438 1464 915
hg17:17:51 .9997 288.1345 288 356391 35 0
zsa0 1038.520620 756 302 1085 2028 4812 9863 10617rat 10716.54 7317.229 3199.414 249.1172
zsa0 1039.170620 718 306 1022 2010 4637 9376 10126rat 10876.02 7143.922 3146.297 264.5
zsa0 1039.820620 771 296 1056 1876 4454 8853 9699rat 10364.07 7219.133 3070.43 328.9258
zsa0 1040.470620 693 288 978 1818 4284 8506 9189rat 10608.13 7183.201 3067.445 266.1797
zsa0 1041.120620 684 300 972 1770 4082 8071 8720rat 10479.98 7113.996 3063.559 267.8008
zsa0 1041.770620 690 283 952 1795 3988 7593 8230rat 10233.76 6725.994 2887.242 282.3086
zsa0 1042.420620 670 297 931 1682 3846 7292 7954rat 10275.8 6915.701 2882.758 312.1524
summary17:20:28OCT 13/17 87.36 10.776 35zs 0 10508 7088 3045 282 9607 5087 3117.6-7273.1 238 201 120 29 309 164 412.4 966
co17:23:11ux: UV extended  scan started
co17:28:32ux: UV extended  scan finished, incident DUV =  .9770198 mW/m^2
um131017Madrid 40.45 3.717 3.62pr9400 1049.721640 569 3828 6369 13687 22901 23593rat 8212 5741.039 2248.531 54.23438
um131017Madrid 40.45 3.717 3.6pr9400 1051.031640 572 18976 22476 26614 30381 18970rat 1947.426 1223.727 524.3086-2174.836
um131017Madrid 40.45 3.717 3.6pr9400 1052.351640 551 3287 5378 11503 18397 18885rat 7997.561 5564.457 2058.254 38.85938
um131017Madrid 40.45 3.717 3.6pr9400 1053.661640 540 15311 17812 20739 23770 15140rat 1819.277 1172.43 544.7227-2095.859
um131017Madrid 40.45 3.717 3.6pr9400 1054.981640 543 2926 4572 9488 14638 14608rat 7572.504 5324.303 1912.516-87.58594
um131017Madrid 40.45 3.717 3.6pr9400 1056.291640 539 12148 13935 15915 18307 11822rat 1701.168 1111.895 565.4453-2050.891
co17:37:06td: Time correction  .1 seconds
hgscan 0wide 302warm= 4.99283917:42:14OCT 13/17 868 1286 9779 30277 51407 73230 95930 122448 147576 161900 165321 156057 138116 116840 93248 70050 45980 24481 15726 10482 10596 15781 24939 46969 71610 95251 119815 142078 160820 170139 167254 153678 128936 101971 78111 54429 32393 10116 1320 908
hg17:43:36 .9996 288.9045 289 335460 33 1
co17:44:34ux: UV extended  scan started
co17:49:54ux: UV extended  scan finished, incident DUV =  .1061404 mW/m^2
hgscan 0wide 302warm= 4.99264417:55:03OCT 13/17 914 1470 11386 32626 54256 78847 105188 131276 156644 169047 171538 160021 141747 117411 93314 69813 44753 23827 15873 10711 10753 15891 24065 45505 70888 95070 119229 144622 163404 175702 173576 159889 134957 109105 81909 57075 33930 11884 1565 916
hg17:56:24 .9996 287.8245 288 347240 33 0
sla 0 1081.770620 1512572 306 1630383 1658973 1699325 1471440 1130644rat-607.0977-655.9727-716.8594-1265.75
sla 0 1082.420620 1514691 303 1632890 1661038 1700850 1473495 1132131rat-607.7735-655.3165-714.6172-1266.18
sla 0 1083.070620 1515649 305 1634066 1662402 1701732 1474495 1132338rat-607.9805-655.9805-713.9063-1268.453
sla 0 1083.720620 1515498 305 1633125 1663177 1702878 1474568 1133067rat-605.125-657.8985-716.7735-1265.781
sla 0 1084.370620 1516730 302 1634940 1664164 1702934 1475286 1132963rat-607.9805-658.3906-714.7071-1268.406
sla 0 1085.020620 1516624 306 1634606 1663535 1701649 1475032 1132638rat-607.8438-657.4571-712.0352-1268.914
sla 0 1085.670620 1516124 296 1635236 1662359 1704281 1474970 1132250rat-609.7852-654.3946-719.3086-1270.258
summary18:03:43OCT 13/17 95.72799 7.727 32sl 0-608-656-715-1268 3449 1856 1633607 1132290 1 2 2 2 5 4 1730.9 774.1
hgscan 0wide 302warm= 4.99264418:11:08OCT 13/17 946 1551 5635 36178 60335 86652 116345 146065 174871 189802 193248 182054 161120 135345 108607 82187 54225 29863 19810 13336 13408 19842 29806 54392 82408 108879 135714 161275 182566 193041 189877 175591 148416 119644 89045 62567 36701 12628 1590 938
hg18:12:29 .9998 288.6451 289 386289 32 1
co18:12:31td: Time correction  .3 seconds
hgscan 0wide 302warm= 4.99283918:17:39OCT 13/17 978 1900 15736 41708 67546 96116 127716 159408 188334 202575 205380 191681 168714 140795 112022 82983 53376 28493 19779 13049 13061 19779 28799 53581 83457 112247 141395 168909 191960 205757 203154 190584 161466 130249 98267 70083 42550 16815 2052 1001
hg18:19:01 .9998 287.4337 287 411137 32-1
co18:19:40ux: UV extended  scan started
co18:25:01ux: UV extended  scan finished, incident DUV =  2.407326E-03 mW/m^2
hgscan 0wide 302warm= 4.99283918:30:10OCT 13/17 1011 1615 13287 36063 59965 86635 114910 144097 171624 185706 189260 176641 156513 130104 103797 77846 50555 26514 17923 12029 12009 17925 26643 51000 78608 104847 131628 157895 178592 190679 187916 173664 145046 116462 88801 61153 36290 12814 1624 960
hg18:31:31 .9997 288.1349 288 379939 32 0
co20:39:21az: Azimuth discrepancy = -4
co20:40:32ze: Zenith discrepancy =  0
ap20:40:34 26.46 27.18 26.46 1402.7 14.97 5.05-14.95 23.52 0 6 403.14-49.61 5.03-8.07 .07 .05 26.1 27.18 26.46 1402.7 14.78 5.03-14.95 23.75 417.3 6 403.14-49.61 5.03-8.07 1.72 9.99
hgscan 0wide 302warm= 4.99257820:46:06OCT 13/17 940 1365 9983 30656 52649 75863 101051 126861 152323 166260 169843 159639 141645 118760 95102 71729 46681 24611 15692 10718 10843 15581 24985 47379 72965 96277 120710 144315 163123 173521 170923 156820 132017 106271 79501 55627 32184 9599 1379 937
hg20:47:27 .9997 288.6311 289 343364 27 1
sla 0 1252.820620 1540426 155 1660028 1687249 1725371 1493677 1146295rat-599.5508-648.168-709.0977-1260.508
sla 0 1253.470620 1542674 158 1644449 1687146 1729450 1494500 1147236rat-553.8555-645.375-717.4375-1259.328
sla 0 1254.120620 1541880 159 1661626 1688868 1728088 1494867 1146571rat-600.3243-648.9336-712.6915-1263.063
sla 0 1254.770620 1543364 168 1661594 1689369 1726877 1496512 1146515rat-595.2383-645.293-704.4766-1268.285
sla 0 1255.420620 1543193 163 1662071 1689199 1728948 1497348 1147308rat-594.0118-642.2891-707.4258-1267.723
sla 0 1256.070620 1543156 158 1662818 1691132 1729467 1497508 1148427rat-595.5743-647.043-708.3243-1263.809
sla 0 1256.720620 1542723 159 1662767 1690881 1729488 1496357 1147288rat-598.9375-649.8633-711.879-1264.781
summary20:54:46OCT 13/17 127.551 1.631 27sl 0-591-647-710-1264 3453 1857 1659336 1147092 17 3 4 3 15 6 6643.8 774.1
hgscan 0wide 302warm= 4.99257821:02:12OCT 13/17 943 1676 12990 38118 62838 90302 120401 150537 178890 193651 196749 184357 162967 137147 109977 82402 53769 28477 19194 13158 13197 19258 28800 53445 82833 110093 136957 163980 185232 197076 193436 179599 150951 121825 90892 63995 37741 13115 1644 967
hg21:03:33 .9998 288.2402 288 393825 26 0ed