dh120317Madrid 40.45 3.717 2.7pr940
CI SCAN-INST #151 dt  3.1E-08  cy 4 DARK =     1.800 
  56.32  2865    269      124.00      532.70
  56.37  2870    336      157.00      676.56
  56.41  2875    402      163.00      702.72
  56.46  2880    469      172.00      741.95
  56.50  2885    535      185.00      798.62
  56.54  2890    602     3786.00    16504.52
  56.58  2895    669     8806.00    38425.00
  56.62  2900    735      285.00     1234.57
  56.66  2905    802      231.00      999.16
  56.71  2910    869      249.00     1077.63
  56.75  2915    936      381.00     1653.09
  56.79  2920   1003      352.00     1526.66
  56.83  2925   1071     1558.00     6785.21
  56.87  2930   1138      554.00     2407.33
  56.91  2935   1205      283.00     1225.85
  56.95  2940   1273      304.00     1317.40
  57.00  2945   1340      311.00     1347.92
  57.04  2950   1408      305.00     1321.76
  57.08  2955   1475      354.00     1535.38
  57.12  2960   1543      392.00     1701.05
  57.16  2965   1611    76457.00   336781.20
  57.20  2970   1679    65665.00   288813.20
  57.25  2975   1747      414.00     1796.96
  57.29  2980   1815      310.00     1343.56
  57.33  2985   1883      293.00     1269.45
  57.37  2990   1951      277.00     1199.70
  57.41  2995   2019      257.00     1112.51
  57.45  3000   2088      271.00     1173.54
  57.49  3005   2156      241.00     1042.75
  57.54  3010   2225      250.00     1081.99
  57.58  3015   2293      289.00     1252.01
  57.62  3020   2362    28578.00   125053.20
  57.66  3025   2431    18791.00    82114.61
  57.70  3030   2500     1250.00     5442.07
  57.74  3035   2568      212.00      916.33
  57.78  3040   2637      205.00      885.81
  57.83  3045   2707      205.00      885.81
  57.87  3050   2776      198.00      855.30
  57.91  3055   2845      208.00      898.89
  57.95  3060   2914      205.00      885.81
  57.99  3065   2984      211.00      911.97
  58.03  3070   3053      216.00      933.77
  58.08  3075   3123      208.00      898.89
  58.12  3080   3193      214.00      925.05
  58.16  3085   3262      230.00      994.80
  58.20  3090   3332      222.00      959.92
  58.24  3095   3402      231.00      999.16
  58.28  3100   3472      245.00     1060.19
  58.32  3105   3542      268.00     1160.46
  58.37  3110   3612      309.00     1339.20
  58.41  3115   3683      421.00     1827.48
  58.45  3120   3753     2318.00    10099.94
  58.49  3125   3824   159910.00   712642.60
  58.53  3130   3894   214258.00   962265.90
  58.57  3135   3965   101162.00   447132.40
  58.62  3140   4036      500.00     2171.90
  58.66  3145   4106      331.00     1435.11
  58.70  3150   4177      250.00     1081.99
  58.74  3155   4248      202.00      872.74
  58.78  3160   4319      179.00      772.47
  58.82  3165   4391      169.00      728.87
  58.86  3170   4462      149.00      641.69
  58.91  3175   4533      140.00      602.45
  58.95  3180   4605      127.00      545.78
  58.99  3185   4676      143.00      615.53
  59.03  3190   4748      136.00      585.01
  59.07  3195   4820      101.00      432.44
  59.11  3200   4891       99.00      423.72
  59.15  3205   4963       96.00      410.64
  59.20  3210   5035       82.00      349.61
  59.24  3215   5108       78.00      332.17
  59.28  3220   5180       77.00      327.82
  59.32  3225   5252       72.00      306.02
  59.36  3230   5324       63.00      266.79
  59.40  3235   5397       63.00      266.79
  59.44  3240   5470       53.00      223.19
  59.49  3245   5542       48.00      201.40
  59.53  3250   5615       54.00      227.55
  59.76  3255   3765       48.00      201.40
  59.95  3260   3839       45.00      188.32
  60.00  3265   3914       46.00      192.68
  60.04  3270   3988       44.00      183.96
  60.08  3275   4062       50.00      210.11
  60.12  3280   4137       39.00      162.16
  60.16  3285   4211       50.00      210.11
  60.20  3290   4286       52.00      218.83
  60.25  3295   4361       47.00      197.04
  60.29  3300   4436       49.00      205.76
  60.33  3305   4511       50.00      210.11
  60.37  3310   4586       47.00      197.04
  60.42  3315   4661       55.00      231.91
  60.46  3320   4736       53.00      223.19
  60.50  3325   4812       63.00      266.79
  60.54  3330   4887       70.00      297.30
  60.59  3335   4963       74.00      314.74
  60.63  3340   5039     7021.00    30627.15
  60.67  3345   5115     2955.00    12878.72
  60.72  3350   5191       75.00      319.10
  60.76  3355   5267       67.00      284.22
  60.80  3360   5343       61.00      258.07
  60.84  3365   5419       76.00      323.46
  60.89  3370   5496       96.00      410.64
  60.93  3375   5572      105.00      449.88
  60.97  3380   5649    12435.00    54290.08
  61.01  3385   5726    10925.00    47686.84
  61.06  3390   5803      102.00      436.80
  61.10  3395   5880       76.00      323.46
  61.14  3400   5957       76.00      323.46
  61.19  3405   6034       76.00      323.46
  61.23  3410   6111       67.00      284.22
  61.27  3415   6189       66.00      279.86
  61.32  3420   6266       72.00      306.02
  61.36  3425   6344       63.00      266.79
  61.40  3430   6422       66.00      279.86
  61.45  3435   6500       75.00      319.10
  61.49  3440   6578       70.00      297.30
  61.53  3445   6656       52.00      218.83
  61.57  3450   6734       66.00      279.86
  61.62  3455   6813       60.00      253.71
  61.66  3460   6891       62.00      262.43
  61.70  3465   6970       61.00      258.07
  61.74  3470   7049       66.00      279.86
  61.79  3475   7128       60.00      253.71
  61.83  3480   7207       71.00      301.66
  61.87  3485   7286       63.00      266.79
  61.92  3490   7365       63.00      266.79
  61.96  3495   7445       56.00      236.27
  62.00  3500   7524       70.00      297.30
  62.05  3505   7604       69.00      292.94
  62.09  3510   7684       72.00      306.02
  62.14  3515   7764       68.00      288.58
  62.18  3520   7844       71.00      301.66
  62.22  3525   7924       63.00      266.79
  62.27  3530   8004       71.00      301.66
  62.31  3535   8085      462.00     2006.23
  62.35  3540   8165      478.00     2075.98
  62.40  3545   8246       89.00      380.13
  62.44  3550   8327       73.00      310.38
  62.49  3555   8408       81.00      345.25
  62.53  3560   8489       80.00      340.89
  62.57  3565   8570       82.00      349.61
  62.62  3570   8651       79.00      336.53
  62.66  3575   8733       82.00      349.61
  62.70  3580   8815       90.00      384.49
  62.75  3585   8896       91.00      388.85
  62.79  3590   8978       90.00      384.49
  62.83  3595   9060       93.00      397.56
  62.88  3600   9142      113.00      484.75
  62.92  3605   9225      130.00      558.86
  62.97  3610   9307      107.00      458.59
  63.01  3615   9390      128.00      550.14
  63.05  3620   9473      130.00      558.86
  63.10  3625   9556      122.00      523.98
  63.14  3630   9639      141.00      606.81
end
