 6.0513      0.002072
 6.3602      0.030260
 6.7460      0.527376
 7.5742      5.500499
 8.1782     12.332790
 8.9572     32.180690
 9.2793     42.619040
 9.5453     52.947700
13.9940     95.892640
14.3985     83.787160
14.5572     77.024620
14.9618     61.484690
15.1207     52.878080
15.5262     41.201250
16.0603     28.026280
16.4058     19.420980
16.6940     13.574890
17.1953      5.986396
17.6955      2.133036
17.9818      0.846388
18.4257      0.056332
18.8072     -0.008945
