 4.4577      0.001635
 4.9650      0.122237
 5.8807      3.335461
 6.9243     15.660310
 7.6547     35.205650
 8.3152     59.093840
 8.5810     68.974450
 9.6072    113.676000
 9.9303    121.041200
10.1965    127.630500
10.5200    137.854100
10.8682    149.413800
11.3048    163.039400
12.5713    166.947400
13.1667    162.162200
13.3760    159.336400
13.8148    140.284000
14.3912    119.209000
15.0460     90.540010
16.2722     40.546170
17.1688     18.183990
18.1308      5.769231
18.5882      2.272255
19.3083      0.203110
19.6763      0.007192
19.8857     -0.012786
20.1753      0.042246
20.2695     -0.009989
