0
-0.69402
-1.5606
-2.9053
-5.5386
-.3          
.3417        
2.35         
1.1428       
3615         
3737         
.000000031   
288          
96           
1681         
0            
5000         
10000        
15000        
20000        
25000        
2972         
mkiv        
1            
0            
0            
0            
0            
0            
0            
0            
7206         
0            
242          
-3           
750          
700          
9749         
178          
2543         
0            
0            
2669         
250          
0.3          
64           
256          
64           
64           
60           
2235         
8 Sept/09    
