 3080.822 
2855           46
2865           41
2875           44
2885           44
2895           40
2905           42
2915           49
2925          202
2935          614
2945         1238
2955         1910
2965         2585
2975         3204
2985         3937
2995         4346
3005         4586
3015         4329
3025         3791
3035         3188
3045         2505
3055         1816
3065         1088
3075          508
3085          133
3095           45
3105           33
3115           38
3125           44
3135           31
3145           33
3155           32
3155           31
3145           29
3135           30
3125           34
3115           28
3105           33
3095           54
3085          134
3075          492
3065         1108
3055         1760
3045         2508
3035         3138
3025         3769
3015         4354
3005         4530
2995         4453
2985         3935
2975         3300
2965         2660
2955         1904
2945         1267
2935          628
2925          213
2915           52
2905           44
2895           44
2885           48
2875           45
2865           43
2855           38
eof
