 3133.167 
1645          445
1655          447
1665          464
1675          474
1685          440
1695          458
1705          491
1715         1826
1725         6605
1735        11882
1745        17585
1755        23335
1765        28910
1775        34008
1785        38349
1795        38791
1805        35884
1815        30976
1825        25564
1835        20198
1845        14959
1855         9487
1865         4134
1875          814
1885          575
1895          536
1905          536
1915          522
1925          502
1935          497
1945          492
1945          464
1935          495
1925          503
1915          494
1905          545
1895          507
1885          540
1875          775
1865         3839
1855         8913
1845        14278
1835        19354
1825        24637
1815        29621
1805        34853
1795        37947
1785        37761
1775        33588
1765        28477
1755        23293
1745        17596
1735        12262
1725         7082
1715         2302
1705          534
1695          479
1685          454
1675          451
1665          439
1655          438
1645          462
eof
