 3080.822 
 930           54
 940           40
 950           48
 960           52
 970           56
 980           75
 990           88
1000          185
1010          822
1020         1575
1030         2284
1040         3090
1050         3965
1060         4804
1070         5397
1080         5470
1090         5048
1100         4330
1110         3546
1120         2698
1130         1942
1140         1135
1150          362
1160           83
1170           47
1180           39
1190           38
1200           43
1210           36
1220           31
1230           42
1230           32
1220           35
1210           35
1200           37
1190           32
1180           44
1170           48
1160           74
1150          372
1140         1185
1130         1978
1120         2671
1110         3496
1100         4352
1090         4990
1080         5452
1070         5441
1060         4873
1050         4015
1040         3253
1030         2374
1020         1613
1010          876
1000          196
 990           80
 980           76
 970           54
 960           42
 950           49
 940           46
 930           47
eof
186 mkiii
slit  5 
ZERO  2469 
CalStep 283
TE  27 
ND  0 
