version=2
dh270317Sodankyla 67.3675 -26.633  2.804185pr990
co22:18:37dh: day header
co22:18:37main: version 4.1007/04/2015 15:00:00
co22:18:37skc: 
co22:18:37autohg:  1 
co22:18:37hifw2:  0 
co22:18:37attn:  25000  80000 
co22:18:37lowds:  1 
co22:18:37cubdsp:  1 

inst0.000000.081480.125710.077590.025130.00.34962.350001.165401455500.000000027028814169004721102471408218443261072972mkiii10000000000-3.00000770740802817825151.00106-8.190024692500.20002560002211July 26/2016EXTRAS1002500080000110003-02-2017@
disp32856.970.0771558-8.83645e-071.12593e-112896.790.0762945-8.84195e-071.12021e-112933.470.0754637-8.84476e-071.11453e-112968.640.0746305-8.84522e-071.10867e-113002.890.0737815-8.84339e-071.10256e-112824.110.0778374-8.83013e-071.13033e-114285.460.115734-1.32547e-061.68889e-114345.180.114442-1.32629e-061.68031e-114400.20.113196-1.32671e-061.67179e-114452.960.111946-1.32678e-061.66301e-114504.330.110672-1.32651e-061.65384e-114236.160.116756-1.32452e-061.69549e-11stèvc 27.1624692881690@
zeni-0.006400-0.0196800.0165400.1522580.281884-0.060358-0.5096590.460001-0.042397oct17/00@
op_st214C:\brew214\bdata\ICF06117zsf14312dcf20916uvr21016270317Sodankyla67.3675-26.6339902.804185-430-1414654101110110110111menuo3@
uvr2865  7035.7992870  7078.1232875  7116.6692880  7151.8862885  7184.1952890  7213.9822895  7241.6002900  7267.3712905  7291.5872910  7314.5082915  7336.3662920  7357.3642925  7377.6822930  7397.4732935  7416.8682940  7435.9742945  7454.8822950  7473.6612955  7492.3652960  7511.0302965  7529.6802970  7548.3252975  7566.9622980  7585.5792985  7604.1542990  7622.6552995  7641.0463000  7659.2833005  7677.3143010  7695.0873015  7712.5443020  7729.6243025  7746.2653030  7762.4033035  7777.9753040  7792.9153045  7807.1613050  7820.6503055  7833.3233060  7845.1213065  7855.9903070  7865.8773075  7874.7353080  7882.5193085  7889.1883090  7894.7073095  7899.0463100  7902.1763105  7904.0773110  7904.7323115  7904.1293120  7902.2613125  7899.1273130  7894.7283135  7889.0733140  7882.1733145  7874.0453150  7864.7083155  7854.1863160  7842.5083165  7829.7043170  7815.8093175  7800.8583180  7784.8913185  7767.9483190  7750.0733195  7731.3093200  7711.7023205  7691.2973210  7670.1413215  7648.2803220  7625.7593225  7602.6243230  7578.9203235  7554.6903240  7529.9773245  7504.8213250  7479.2613255  7453.3333260  7427.0743265  7400.5153270  7373.6863275  7346.6163280  7319.3303285  7291.8503290  7264.1983295  7236.3913300  7208.4433305  7180.3703310  7152.1803315  7123.8843320  7095.4883325  7066.9973330  7038.4163335  7009.7463340  6980.9903345  6952.1493350  6923.2253355  6894.2193360  6865.1323365  6835.9703370  6806.7363375  6777.4393380  6748.0883385  6718.6993390  6689.2883395  6659.8783400  6630.4993405  6601.1833410  6571.9743415  6542.9203420  6514.0803425  6485.5213430  6457.3213435  6429.5723440  6402.3743445  6375.8443450  6350.1143455  6325.3293460  6301.6563465  6279.2753470  6258.3933475  6239.2343480  6222.0493485  6207.1153490  6194.7363495  6185.2513500  6179.0323505  5935.8603510  5920.1323515  5905.2613520  5891.2393525  5878.0603530  5865.7203535  5854.2133540  5843.5333545  5833.6773550  5824.6413555  5816.4213560  5809.0133565  5802.4143570  5796.6223575  5791.6343580  5787.4483585  5784.0633590  5781.4763595  5779.6873600  5778.6963605  5778.5013610  5779.1033615  5780.5023620  5782.6983625  5785.6923630  5789.4873635  5794.082@
co04:01:36pdhphgslslapdtrspf: Running pdhphgslslapdtrspf from menu line -200
hk04:01:46 25 25 25 1 .22-99 24
hpscan04:01:59 0 46909 10 76870 20 107956 30 139391 40 169541 50 198490 60 210521 70 211225 80 211332 90 211749 100 211163 110 204973 120 177634 130 147038 140 115975 150 86115 160 56362
hp04:02:52 .9926341 220303.8 81.4 25
hk04:03:06 25 25 25 1 .22-99 25
co04:03:08hgfw2: HG FW#2 at step  0
hk04:05:14 25 26 25 1 .24-99 25
hgscan 0wide 302warm= 204:05:15MAR 28/17 186 219 5509 17508 30362 44845 59491 74244 88105 92980 95527 89544 77762 65513 51379 36630 21780 10424 7109 4521 4522 7144 10499 22184 37715 53678 68106 81570 94243 101341 99121 94195 79916 64514 48750 33249 19564 6213 239 215
hg04:06:34 .9996 287.0226 287 196868 25-1
hk04:11:40 25 26 25 1 .24-99 25
sla 0 2520620 579361 1 660402 747952 900647 972225 1074403rat 1714.691 1162.738 338.582 443.668
sla 0 252.680620 576888 2 657026 745663 898073 969353 1070273rat 1724.149 1163.133 338.1211 439.6563
sla 0 253.350620 576224 8 656487 744126 896216 967599 1068950rat 1719.731 1164.219 339.2539 442.2032
sla 0 254.040620 576274 3 654785 743627 895829 965857 1067985rat 1723.152 1159.16 333.1641 446.1797
sla 0 254.720620 575356 4 654375 741393 895095 963532 1066147rat 1715.207 1161.754 326.0899 449.2188
sla 0 255.40620 573408 3 654594 740833 893050 963534 1065889rat 1713.742 1165.102 336.2461 448.1289
sla 0 256.080620 573039 0 653343 740479 892688 962234 1064148rat 1716.168 1161.211 332.0508 446.8399
summary04:14:02MAR 28/17 91.56301 11.462 25sl 0 1718 1162 335 445 294 238 655858.8 1068256 4 2 5 3 14 5 2375.4 3418.2
hk04:16:36 25 26 25 1 .24-99 25
sla 0 256.940620 572929 4 653184 740019 892323 961641 1063368rat 1714.512 1161.227 331.1211 446.3164
sla 0 257.620620 571483 4 651552 739832 891570 961109 1061290rat 1723.09 1159.879 332.4102 440.0586
sla 0 258.30620 571681 2 651557 738915 890790 959738 1062067rat 1716.703 1159.008 329.9453 449.6719
sla 0 258.980620 571461 3 651332 737948 888091 958535 1061029rat 1712.652 1159.227 337.832 450.8828
sla 0 259.660620 571303 2 650868 738154 888445 959109 1059549rat 1718.461 1160.649 338.7266 442
sla 0 260.340620 570774 2 650058 737209 888375 958082 1059117rat 1719.184 1161.559 334.3086 444.9492
sla 0 261.020620 570435 6 649561 735770 887301 957622 1058519rat 1720.441 1168.063 337.5469 444.5625
summary04:18:58MAR 28/17 91.08999 11.759 25sl 0 1718 1161 335 445 292 237 651158.9 1060706 4 3 4 4 16 8 1182.4 1730.9
ap04:21:24 25.46 26.69 25.84 1298.97 9.92 4.43-9.899999 20.15 0 23.84 26.69 25.46 4.4-4.69 0 0 .05 .01 1.3 2.31 .98 .25 1.95 2.26 25.46 26.69 25.74 1300.93 9.92 4.43-9.899999 19.6 4.67 23.94 26.69 25.46 4.4-4.69 1.58 9.55 .42 11.82 3.12 2.55 .98 .25 1.94 2.26
hk04:22:01 26 27 26 1 .25-99 26
dto3MAR 28/1704:33:00 26 0 1438509 31.72 28.33 29.32 30.28 29.8 1 499042.7 33.93 26.59 38.77 29.16 34.37 28.67 35.33 27.94 27.74 21.96     29.89 1.3    30.446 5
hk04:33:05 26 28 27 1 .27-99 26
rso3MAR 28/1704:36:52 26 848692 5 966392 1096720 1320795 1426939 1575634 2467675 848676 8 967272 1096402 1321728 1425228 1575656 2468057 1 .625 .9991 1.0003 .9993 1.0012 1 .9998 .1693 .1143 .0336 .0431 .0315 .0243-.0115 .1683 .1139 .0327 .0436 .0289 .0235-.011
co04:47:11pdhphgpf: Running pdhphgpf from menu line -200
hk04:47:21 27 28 27 1 .27-99 26
hpscan04:47:34 0 49423 10 78578 20 109087 30 139957 40 170023 50 197459 60 206395 70 207307 80 207479 90 206885 100 206964 110 198449 120 171429 130 141125 140 110615 150 80993 160 51721
hp04:48:28 .9924841 215935.2 80.2 27
hk04:48:41 27 28 27 1 .27-99 26
co04:48:43hgfw2: HG FW#2 at step  0
hk04:50:50 27 28 27 1 .27-99 26
hgscan 0wide 302warm= 204:50:50MAR 28/17 173 214 4432 16915 31158 46503 62936 78779 94810 101937 104979 100175 88035 74259 59484 43072 26785 12813 8586 5721 5691 8695 13036 27572 45033 62361 78789 93172 107296 112856 110464 103686 87018 69696 51682 34892 19778 5325 222 195
hg04:52:09 .9995 288.4563 288 217835 27 0
co04:53:15pdxlpf: Running pdxlpf from menu line -200
co04:53:31xl: Running xl from menu line -200
hk04:53:36 27 28 27 1 .27-99 27
co05:20:46pdhphgpf: Running pdhphgpf from menu line -200
hk05:20:57 28 29 27 1 .28-99 27
hpscan05:21:23 0 48866 10 78374 20 108806 30 139902 40 170825 50 198286 60 208729 70 209112 80 209275 90 208964 100 208652 110 200059 120 173283 130 142377 140 112248 150 82547 160 53155
hp05:22:16 .9926991 217899.6 80.4 28
hk05:22:29 28 29 27 1 .28-99 27
co05:22:31hgfw2: HG FW#2 at step  0
hk05:24:38 28 29 27 1 .28-99 27
hgscan 0wide 302warm= 205:24:38MAR 28/17 175 203 4655 17328 31334 46482 62613 78821 94754 101173 104483 99389 87046 74076 58602 42476 26325 12587 8536 5508 5539 8601 12726 27159 44480 62024 78255 93070 106572 113167 110174 103815 87232 69741 52053 35217 20058 5607 212 212
hg05:25:58 .9995 288.279 288 217650 28 0
co05:30:02pdxlpf: Running pdxlpf from menu line -200
co05:30:18xl: Running xl from menu line -200
hk05:30:22 28 29 28 1 .28-99 27
co06:24:23pdhphgpf: Running pdhphgpf from menu line -200
hk06:24:34 28 28 27 1 .27-99 27
hpscan06:24:59 0 48859 10 78533 20 109152 30 140247 40 170850 50 198776 60 208910 70 209313 80 209269 90 209101 100 208651 110 200851 120 173206 130 142502 140 112424 150 82701 160 53186
hp06:25:52 .9924175 218056.9 80.4 28
hk06:26:06 28 28 27 1 .27-99 27
co06:26:08hgfw2: HG FW#2 at step  0
hk06:28:14 28 28 27 1 .27-99 27
hgscan 0wide 302warm= 206:28:15MAR 28/17 201 212 4612 17025 30800 46006 61851 77873 93455 99751 102850 97572 85725 72405 57825 41559 25652 12273 8343 5406 5533 8453 12452 26602 43507 60656 76734 91261 104803 111289 108634 102499 85906 68572 51216 34763 19797 5526 226 205
hg06:29:34 .9995 288.1759 288 214139 28 0
co06:33:26pdxlpf: Running pdxlpf from menu line -200
co06:33:40xl: Running xl from menu line -200
hk06:33:45 28 28 27 1 .27-99 27
co07:57:59pdhphgpf: Running pdhphgpf from menu line -200
hk07:58:09 27 27 26 1 .25-99 26
hpscan07:58:34 0 49093 10 78466 20 109318 30 140572 40 170902 50 198904 60 209293 70 209903 80 209583 90 209968 100 209281 110 201644 120 174310 130 143378 140 112997 150 83006 160 53211
hp07:59:28 .9925241 218626.6 80.6 27
hk07:59:41 27 27 26 1 .25-99 26
co07:59:43hgfw2: HG FW#2 at step  0
hk08:01:50 27 28 27 1 .27-99 26
hgscan 0wide 302warm= 208:01:50MAR 28/17 175 199 4505 16481 30005 44507 60060 75459 90578 96389 99787 94681 83050 69769 55540 40232 24832 11669 7934 5100 5218 7996 12024 25740 42164 58816 74312 88401 101590 107905 105416 99186 83271 66993 49558 33804 19236 5429 219 197
hg08:03:10 .9995 288.1217 288 207692 27 0
co08:06:33pdxlpf: Running pdxlpf from menu line -200
co08:06:50xl: Running xl from menu line -200
hk08:06:54 27 28 27 1 .27-99 26
co09:37:21pdhphgpf: Running pdhphgpf from menu line -200
hk09:37:32 27 27 26 1 .25-99 26
hpscan09:37:57 0 52788 10 82185 20 113147 30 143914 40 175143 50 202208 60 209935 70 210188 80 210219 90 210278 100 209494 110 199759 120 170913 130 140143 140 109860 150 79869 160 50288
hp09:38:50 .9922432 219148.2 79.3 27
hk09:39:04 27 27 26 1 .25-99 26
co09:39:06hgfw2: HG FW#2 at step  0
hk09:41:12 27 27 26 1 .25-99 26
hgscan 0wide 302warm= 209:41:13MAR 28/17 185 199 4455 16328 29635 44178 59209 74886 89898 96120 98728 93627 82386 69726 55267 39767 24682 11767 7853 5073 5168 7919 11875 25516 41877 58263 73940 87696 100796 106894 104756 97988 82458 66020 49471 33489 19019 5312 227 199
hg09:42:32 .9995 288.1764 288 205622 27 0
co09:46:21pdxlpf: Running pdxlpf from menu line -200
co09:46:37xl: Running xl from menu line -200
hk09:46:41 27 28 26 1 .27-99 26
co10:48:24pdhphgpf: Running pdhphgpf from menu line -200
hk10:48:35 27 27 26 1 .25-99 26
hpscan10:49:00 0 49223 10 78763 20 108919 30 140478 40 171780 50 199930 60 209187 70 210464 80 210189 90 210784 100 209720 110 201655 120 174585 130 143608 140 113037 150 83324 160 53275
hp10:49:53 .992509 219213.8 80.5 27
hk10:50:07 27 28 27 1 .27-99 26
co10:50:09hgfw2: HG FW#2 at step  0
hk10:52:15 27 28 27 1 .27-99 26
hgscan 0wide 302warm= 210:52:15MAR 28/17 179 214 4577 16526 29879 44567 59737 75374 90525 96660 99533 94593 82896 69995 55661 40164 24586 11754 7917 5198 5228 7999 12017 25629 42139 58606 74134 88123 101653 107694 105141 99314 83046 66572 49870 33942 19278 5459 224 195
hg10:53:35 .9995 288.1216 288 207227 27 0
co10:56:41pdxlpf: Running pdxlpf from menu line -200
co10:57:05xl: Running xl from menu line -200
hk10:57:09 27 28 27 1 .27-99 26
co11:20:36pdhphgslslapdtrspf: Running pdhphgslslapdtrspf from menu line -200
hk11:20:47 28 28 27 1 .27-99 27
hpscan11:21:12 0 52347 10 82109 20 112391 30 143776 40 174493 50 201931 60 210333 70 209773 80 209860 90 209839 100 209676 110 199543 120 170527 130 140153 140 109773 150 80193 160 50117
hp11:22:05 .9921581 218932.4 79.3 28
hk11:22:19 28 28 27 1 .27-99 27
co11:22:21hgfw2: HG FW#2 at step  0
hk11:24:27 28 29 27 1 .28-99 27
hgscan 0wide 302warm= 211:24:27MAR 28/17 180 211 4667 16965 30719 45785 61568 77139 92684 99046 102173 97095 85290 72241 57548 41442 25618 12202 8207 5448 5385 8380 12414 26292 43337 60579 76888 90758 104790 110998 108069 102027 85541 68649 51153 34642 19884 5540 243 192
hg11:25:47 .9995 288.2012 288 213171 28 0
hk11:30:53 28 29 28 1 .28-99 27
sla 0 691.210620 577880 3 657605 745071 899260 968937 1070948rat 1718.578 1164.723 330.1992 444.2266
sla 0 691.890620 576385 4 655661 742157 895897 966395 1068774rat 1719.965 1170.379 335.1524 446.8438
sla 0 692.570620 574954 3 655020 743104 895350 965177 1066784rat 1718.68 1159.133 332.2656 444.1407
sla 0 693.250620 574097 8 654609 741448 893508 962737 1066067rat 1710.203 1157.742 330.1485 452.3985
sla 0 693.930620 573969 3 653382 740772 892836 962876 1064227rat 1719.106 1162.41 334.1289 444.0586
sla 0 694.610620 572846 7 652830 739378 891521 960831 1062254rat 1713.399 1161.301 331.2227 445.2344
sla 0 695.280620 572776 4 652364 739071 890741 959622 1060655rat 1710.938 1157.524 329.5039 444.1211
summary11:33:14MAR 28/17 66.768 2.492 28sl 0 1716 1162 332 446 289 238 654495.9 1065673 4 5 2 3 12 7 1815.4 3589.2
hk11:35:49 28 29 28 1 .28-99 28
sla 0 696.150620 572451 6 650578 738679 889739 960155 1060430rat 1725.508 1162.344 336.9766 440.7032
sla 0 696.830620 571100 5 650736 737489 888232 957779 1059250rat 1713.418 1158.457 333.4727 446.7617
sla 0 697.510620 570311 6 648679 736995 887234 956960 1058257rat 1723.586 1157.613 334.668 446.3828
sla 0 698.190620 569786 4 648486 736026 886391 955780 1056295rat 1719.41 1157.945 333.4024 443.5977
sla 0 698.870620 569736 3 647917 735384 886416 955055 1056101rat 1719.902 1158.43 329.8985 446.1524
sla 0 699.550620 568826 4 648034 734996 885151 954378 1055071rat 1715.953 1157.609 333.082 444.9571
sla 0 700.230620 568187 5 647523 733093 884293 954498 1054747rat 1720 1169.633 337.9453 443.0274
summary11:38:11MAR 28/17 66.87 2.502 28sl 0 1720 1160 334 445 297 238 648850.5 1057164 4 4 3 2 10 6 1283.7 2166.5
ap11:40:37 28.21 29.35 28.31 1298.97 9.92 4.43-9.899999 20.12 0 26.31 29.35 27.83 4.4-4.69 0 0 .05 .01 1.31 2.35 .98 .28 1.94 2.29 28.31 29.35 28.31 1298.97 9.91 4.43-9.890001 19.6 4.92 26.31 29.26 27.74 4.4-4.69 1.58 9.58 .42 11.78 3.11 2.53 .98 .3 1.95 2.37
hk11:41:14 28 30 28 1 .3-99 28
dto3MAR 28/1711:52:13 28 0 1432867 27.86 29.91 29.38 28.18 27.95 1 495241.5 36.51 28.22 28.16 31.96 33.34 35.75 27.24 27.22 34.98 27.71    28.655 .9    31.109 3.8
hk11:52:18 29 30 29 .8 .25-99 28
rso3MAR 28/1711:56:05 29 843420 4 961773 1089442 1311911 1415519 1564328 2452064 842462 4 960682 1090028 1311655 1416258 1565409 2450846 1.0011 1 1.0011 .9995 1.0002 .9995 .9993 1.0005 .1678 .1137 .033 .0434 .0289 .0234-.0111 .1686 .1137 .0333 .0435 .0294 .0231-.0109
co11:56:40pdhphgpf: Running pdhphgpf from menu line -200
hk11:56:45 29 30 29 .8 .25-99 29
hpscan11:56:58 0 49298 10 77962 20 107293 30 137677 40 166807 50 193400 60 201386 70 201787 80 201944 90 202092 100 202280 110 191892 120 165617 130 135613 140 106423 150 77524 160 49232
hp11:57:51 .992457 210540.3 79.7 29
hk11:58:05 29 30 29 1 .3-99 29
co11:58:07hgfw2: HG FW#2 at step  0
hk12:00:14 29 30 29 .8 .25-99 29
hgscan 0wide 302warm= 212:00:14MAR 28/17 196 228 5043 21567 40213 60221 81713 103466 124361 134414 139551 134483 118566 101236 81528 60062 38309 19238 12879 8583 8574 12893 19415 38979 61340 83178 103934 121798 138464 143892 139743 129671 108316 85775 63097 42228 23440 5676 242 201
hg12:01:33 .9994 289.6026 290 283443 29 2
hgscan 0wide 302warm= 212:01:34MAR 28/17 214 273 8396 27334 46638 69150 92157 114913 136463 144155 148573 139628 121720 103347 82103 59325 36272 18727 13055 8217 8176 12902 18418 36281 59958 82712 104519 123039 140601 150014 146010 138327 117179 93579 70073 47478 28126 9155 267 220
hg12:02:53 .9997 287.7523 288 298587 29 0
co12:03:17ex: Running ex from menu line -200
co13:04:25start:  PROGRAM start :  MAR 28/17 at 13:04:22
co13:04:25re: Running re from main.asc
co13:06:01start:  PROGRAM start :  MAR 28/17 at 13:06:00
co13:06:01pd: COM error  57( 9312) at 13:06:01 during pd
co13:06:02re: Running re from main.asc
co13:06:53re: Zenith discrepancy = -2
co13:06:55re: Azimuth discrepancy = -2
co13:07:33re: Micrometer #1 discrepancy =  4521
co13:07:41re: Micrometer #2 discrepancy =  4526
co13:08:38pdsi: Running pdsi from menu line -200
co13:08:44si: Running si from menu line -200
co13:14:29si: New SI, HC = -14, NC = -450  Old = -14 , -430
co13:16:01skc: Starting schedule 2017087
hk13:16:06 19 16 14 2.4 .32-99 7
hpscan13:16:24 0 51517 10 81434 20 112983 30 145410 40 177526 50 205564 60 215504 70 216021 80 216022 90 216525 100 215716 110 207801 120 178653 130 146915 140 114877 150 84322 160 53964
hp13:17:17 .9921062 225443.9 80.3 19
hk13:17:30 19 17 15 2.2 .32-99 7
co13:17:32hgfw2: HG FW#2 at step  0
co13:17:36hg: HOME key pressed
co13:17:37hg: Going to menu
co13:17:49co: Running co from menu line -200
co13:17:55user: unbreak
co13:18:50pdhgcn: Running pdhgcn from menu line -200
hk13:18:59 18 16 14 2.2 .3-99 6
co13:19:03hgfw2: HG FW#2 at step  0
hk13:21:07 18 16 14 2.2 .3-99 7
hgscan 0wide 302warm= 213:21:08MAR 28/17 151 188 2407 10006 19125 28599 38941 49323 59441 64482 66357 63340 55449 47064 37653 27258 16783 7774 4953 3282 3341 4989 7802 17324 28645 39568 50309 59789 68732 72192 70544 65876 55357 43914 32558 21971 12015 2880 187 184
hg13:22:26 .9993 288.6862 289 138549 18 1
co13:22:28cn: Running cn from menu line -200
co13:22:29cn: Starting schedule 2017087
hk13:22:43 18 16 14 2 .28-99 6
dsa0 803.130620 20 2 107 622 2610 6274 8861rat 15777.79 8828.25 3229.852 949.0312
dsa0 803.820620 20 0 110 847 3391 8421 12293rat 16850.48 8749.984 3367.891 1090.899
dsa0 804.50620 21 3 127 816 3379 8375 11985rat 16299.12 8899.047 3360.117 1003.356
dsa0 805.190620 16 0 110 697 2934 7171 10376rat 16141.71 8891.887 3295.485 1049.406
dsa0 805.880620 45 3 352 2654 12051 32031 47552rat 17624.32 9588.836 3660.563 1160.879
summary13:24:30MAR 28/17 71.542 3.072 18ds 0 16539 8992 3383 1051 13176 5514-4.8 377.9 719 339 165 81 480 209 8.5 18.8
summary13:24:30MAR 28/17 71.643 3.086 18aode 0 0 0 1782 1774 1808 1817 1838.9 0 0 0 224 222 225 229 231.3 0
hk13:26:30 17 16 14 1.9 .26-99 5
zsa0 806.840620 764 1 3654 20021 76721 175416 243263rat 16833.12 9441.918 3600.914 1426.188
zsa0 807.530620 746 0 3554 19455 74491 170526 235757rat 16829.19 9443.035 3605.922 1412.582
zsa0 808.220620 763 6 3582 20221 77644 179059 248409rat 17015.18 9489.328 3638.688 1428.02
zsa0 808.910620 745 0 3565 19656 75546 172973 240375rat 16877.9 9460.504 3606.863 1435.18
zsa0 809.60620 692 0 3435 18852 72125 165645 229948rat 16850.49 9453.215 3619.723 1430.254
zsa0 810.280620 689 1 3382 18446 70476 161907 224721rat 16819.77 9448.504 3620.863 1429.375
zsa0 810.970620 699 2 3278 18210 69656 160707 222991rat 16924.33 9472.234 3639.379 1428.07
summary13:28:54MAR 28/17 71.867 3.122 17zs 0 16879 9458 3619 1427 12312 5223-38.4 427.3 70 18 16 7 68 13 .4 2.5
hk13:31:24 17 16 14 1.7 .24-99 7
co13:31:31gi: 28 03 17  2.696889
gia0 811.780610 462 0 2216 12741 49746 117682 162906
gia0 812.150610 439 4 2225 12546 49433 116964 162572
gia0 812.510610 464 2 2240 12719 49345 117206 162300
gia0 812.880610 428 2 2249 12632 49324 116906 161785
gia0 813.250610 460 1 2246 12680 49516 116489 162232
co13:33:26kb: Running kb from 2017087 line  70.45
hk13:33:31 17 16 14 1.7 .24-99 7
hk13:34:07 17 16 14 1.7 .24-99 7
um280317Sodankyla 67.3675-26.633 2.696889pr9900 814.691640 5 18160 83744 306238 682615 926221rat 15787.33 9143.274 3499.856 1337.191
hk13:37:08 16 16 14 1.7 .24-99 7
um280317Sodankyla 67.3675-26.633 2.643241pr9900 816.171640 1 534434 897722 1239899 2127382 2555137rat 6084.84 3812.168 2391.067 818
co13:37:11ux: Running ux from 2017087 line  72.32
hk13:37:16 16 16 14 1.6 .21-99 7
co13:38:01ux: UV extended  scan started
co13:44:52ux: UV extended  scan finished, incident DUV =  12.70746 mW/m^2
hk13:44:57 16 16 14 1.6 .21-99 7
hpscan13:45:21 0 49767 10 80343 20 111774 30 145000 40 177322 50 205711 60 217369 70 218042 80 218462 90 218241 100 218161 110 210874 120 181462 130 149533 140 117939 150 87187 160 56157
hp13:46:14 .992337 227551.5 80.9 16
hk13:46:27 16 16 14 1.6 .21-99 6
co13:46:29hgfw2: HG FW#2 at step  0
hk13:48:36 16 16 14 1.6 .21-99 7
hgscan 0wide 302warm= 213:48:36MAR 28/17 160 173 2689 10635 19635 29669 40103 50627 61240 65907 68069 64940 56730 48003 38154 27583 16925 7817 5107 3309 3310 5115 7956 17610 29013 40439 51334 61093 70159 74149 72556 68097 57223 45481 33920 22762 12737 3182 211 185
hg13:49:57 .9994 288.4332 288 142218 16 0
hk13:50:12 16 16 14 1.6 .21-99 7
dsa64 830.70620 333 4 4362 50874 273583 831180 1303547rat 20662.47 10841.99 4232.289 1387.078
dsa64 831.390620 306 0 4309 50768 272939 832872 1305494rat 20713.64 10855.45 4249.524 1382.805
dsa64 832.090620 235 0 3096 35528 192297 590761 927711rat 20624.6 10885.24 4259.274 1373.578
dsa64 832.780620 204 0 2884 34627 188227 580995 913482rat 20852.28 10919.17 4277.141 1376.414
dsa64 833.470620 291 1 3947 48120 261390 809058 1274115rat 20945.11 10946.26 4303.477 1396.094
summary13:52:05MAR 28/17 73.653 3.428 16ds 1 20760 10890 4264 1383 16333 6406-2.4 413 135 43 27 9 121 31 1 1.4
summary13:52:05MAR 28/17 73.764 3.45 16aode 1 0 0 0 0 0 0 0 0 0 0 0 0 0 0 0 0
hk13:54:06 16 16 14 1.4 .19-99 7
zsa0 834.440620 522 2 2469 15068 61734 153993 220797rat 17970.05 10109.17 3978.567 1570.988
zsa0 835.130620 522 0 2546 15660 65511 165309 237620rat 18142.33 10250.35 4029.309 1582.488
zsa0 835.820620 493 2 2215 12967 53126 130911 187126rat 17734.32 10054 3924.008 1556.551
zsa0 836.510620 497 0 2533 15753 65560 166460 238830rat 18194.82 10254.88 4056.313 1574.414
zsa0 837.190620 483 2 2351 14147 58588 148292 212953rat 18018.5 10218.79 4041.625 1577.508
zsa0 837.880620 456 1 2247 13036 53646 134530 192259rat 17788.88 10149.45 4000.406 1555.789
zsa0 838.570620 433 2 2033 11987 49058 122011 173455rat 17800.37 10088.77 3963.719 1532.352
summary13:56:30MAR 28/17 74.00801 3.497 16zs 0 17950 10161 3999 1564 12944 5502-47.6 428.2 181 81 47 17 142 42 1.4 4.5
hk13:59:00 16 16 14 1.4 .19-99 6
co13:59:07gi: 28 03 17  2.643241
gia0 839.380610 313 0 1585 9600 40824 105436 150485
gia0 839.750610 318 0 1555 9429 40264 104307 149357
gia0 840.110610 315 2 1567 9520 39876 103596 148428
gia0 840.480610 333 0 1559 9235 39611 102589 146375
gia0 840.850610 333 0 1520 9267 39302 101305 145266
hk14:01:07 16 16 14 1.4 .19-99 6
hk14:01:43 16 16 14 1.4 .19-99 7
um280317Sodankyla 67.3675-26.633 2.643241pr9900 842.291640 2 12405 59140 228260 545753 759021rat 16463.36 9676.269 3801.293 1442.809
hk14:04:45 15 16 14 1.3 .17-99 7
um280317Sodankyla 67.3675-26.633 2.589593pr9900 843.771640 5 420794 731750 1064342 1878007 2285893rat 6574.051 4153.758 2508.539 874.7344
um280317Sodankyla 67.3675-26.633 2.589593pr9900 845.331640 3 12078 56748 219176 526504 733775rat 16422.75 9698.84 3821.254 1451.578
hk14:07:47 15 16 15 1.3 .17-99 8
um280317Sodankyla 67.3675-26.633 2.589593pr9900 846.821640 5 403055 701862 1025178 1814991 2209211rat 6610.43 4184.836 2521.82 874
co14:10:46ux: Running ux from 2017087 line  73.39
hk14:10:51 15 16 14 1.3 .17-99 7
co14:11:36ux: UV extended  scan started
co14:18:26ux: UV extended  scan finished, incident DUV =  9.250716 mW/m^2
co14:18:29ux: Running ux from 2017087 line  75.41001
hk14:18:34 15 16 14 1.3 .17-99 7
co14:18:59ux: UV extended  scan started
co14:25:50ux: UV extended  scan finished, incident DUV =  8.525819 mW/m^2
hk14:25:55 15 16 14 1.3 .17-99 7
hpscan14:26:18 0 51425 10 82114 20 114697 30 147945 40 179398 50 208207 60 218049 70 218221 80 219111 90 219442 100 218204 110 209644 120 179981 130 148163 140 116508 150 85405 160 54304
hp14:27:11 .9926369 228047.6 80.1 15
hk14:27:26 15 16 14 1.1 .15-99 7
co14:27:47fz: Suppressed oscillation of filter wheel.
fza320 868.111620 0 5 78 444 1607 2683
fza320 868.721620 1 2301 48784 344117 1344288 2290838rat 25076.13 12855.52 5223.477 1661.805
fza320 869.311620 2 2285 48844 346159 1356250 2314891rat 25138.07 12883.81 5234.383 1667.352
fza320 869.91620 2 2026 44308 315491 1249904 2141264rat 25284.81 12935.01 5271.203 1672.141
summary14:29:18MAR 28/17 76.764 4.137 15fz 5 25166 12891 5243 1667 19832 7436-1.4 413.5 107 40 25 5 91 19 .2 .3
hk14:30:16 15 16 14 1.1 .15-99 6
co14:30:27fz: Suppressed oscillation of filter wheel.
fza320 870.761620 1 7 80 517 1878 3107
fza320 871.381620 2 1909 41670 303188 1212857 2085630rat 25386.74 13050.68 5303.047 1679.055
fza320 871.971620 1 1844 41245 300423 1207313 2082355rat 25504.23 13068.05 5319.485 1689.399
fza320 872.561620 2 1753 39971 291312 1182663 2039949rat 25624.3 13105.77 5358.86 1684.5
summary14:31:58MAR 28/17 76.997 4.201 15fz 5 25505 13075 5327 1684 20115 7548-2.1 414.8 119 28 29 5 111 14 .7 1.1
hk14:32:59 15 16 14 1.1 .15-99 6
dsa0 873.530620 46 1 1086 23966 173339 699906 1196733rat 25344.99 12986.45 5289.953 1599.688
dsa0 874.220620 46 3 1060 23858 173661 703269 1207043rat 25466.99 13019.79 5299.36 1613.375
dsa0 874.910620 42 0 1026 23257 170923 696685 1196704rat 25542.04 13080.77 5323.352 1612.914
dsa0 875.60620 37 5 972 22731 166602 684069 1178560rat 25705.18 13092.18 5350.485 1621.617
dsa0 876.290620 34 0 930 21609 160694 662128 1144377rat 25717.42 13159.11 5360 1630.281
summary14:34:54MAR 28/17 77.255 4.275 15ds 0 25555 13068 5325 1616 20385 7659-3 415 159 67 31 11 125 36 .6 1.1
summary14:34:54MAR 28/17 77.377 4.311 15aode 0 0 0 0 0 0 0 0 0 0 0 0 0 0 0 0 0
hk14:36:55 15 16 14 1.1 .15-99 7
zsa0 877.260620 225 1 945 5534 24620 70040 105029rat 18711.92 11030.34 4544.629 1762.449
zsa0 877.950620 213 0 917 5527 24354 69676 104023rat 18815.35 11012.45 4569.055 1743.195
zsa0 878.640620 218 0 943 5498 24381 68893 103503rat 18644.76 10986.14 4515.074 1770.539
zsa0 879.320620 231 2 897 5366 24073 68276 102362rat 18832.38 11054.05 4531.414 1761.461
zsa0 880.010620 230 2 879 5330 23581 66956 100641rat 18835.7 10998.38 4536.231 1772.57
zsa0 880.70620 215 3 875 5219 22996 66301 99571rat 18817.7 11047.82 4602.758 1768.82
zsa0 881.390620 209 3 884 5058 22762 65387 98808rat 18712.72 11123.63 4586.824 1795.715
summary14:39:19MAR 28/17 77.644 4.392 15zs 0 18767 11036 4555 1768 13110 5753-62.9 403 76 46 32 16 106 29 1.7 4.3
co14:41:45ux: Running ux from 2017087 line  76.59
hk14:41:50 15 16 14 1.1 .15-99 7
co14:42:21ux: UV extended  scan started
co14:49:12ux: UV extended  scan finished, incident DUV =  6.475233 mW/m^2
hk14:49:17 15 16 14 1.1 .15-99 7
hpscan14:49:40 0 53049 10 83751 20 116038 30 148896 40 181300 50 209454 60 218781 70 219084 80 219607 90 219103 100 219134 110 209480 120 179559 130 147427 140 115250 150 84123 160 52962
hp14:50:33 .9923738 228663.5 79.8 15
hk14:50:47 15 16 14 1.1 .15-99 7
co14:50:49hgfw2: HG FW#2 at step  0
hk14:52:55 15 16 14 1.1 .15-99 7
hgscan 0wide 302warm= 214:52:55MAR 28/17 153 169 2094 10075 19173 29117 39782 50337 60865 66386 68538 66091 57863 48827 39280 28638 18092 8253 5210 3639 3613 5311 8318 18591 30009 41571 52231 62181 71436 74658 73223 67675 56577 44735 33324 22031 11844 2583 189 181
hg14:54:15 .9992 289.1298 289 143196 15 1
hk14:54:21 15 16 14 1.1 .15-99 7
hk14:55:00 15 16 14 1.1 .15-99 7
um280317Sodankyla 67.3675-26.633 2.589593pr9900 895.581640 1 5442 23949 97994 275675 407260rat 17062.19 10624.11 4500.403 1700.738
hk14:58:02 15 16 15 1 .13-99 7
um280317Sodankyla 67.3675-26.633 2.589593pr9900 897.061640 0 207688 386792 653353 1231854 1553613rat 7785.899 5074.801 2783.641 1024.047
um280317Sodankyla 67.3675-26.633 2.589593pr9900 898.611640 3 4994 22079 91530 262802 390567rat 17228.75 10769.32 4588.817 1726.473
hk15:01:04 15 16 14 1 .13-99 8
um280317Sodankyla 67.3675-26.633 2.589593pr9900 900.11640 4 195519 366754 628396 1195454 1512663rat 7916.645 5174.715 2821.906 1038.055
co15:04:04skc: Waiting until ZA =  80.5 now  79.8
co15:11:32ux: Running ux from 2017087 line  80.56
hk15:11:37 15 16 15 1 .13-99 7
co15:12:22ux: UV extended  scan started
co15:19:13ux: UV extended  scan finished, incident DUV =  4.244418 mW/m^2
hk15:19:18 15 16 14 1 .13-99 7
hpscan15:19:42 0 51501 10 82536 20 115124 30 148697 40 180294 50 208530 60 219064 70 219845 80 219637 90 219945 100 219663 110 210839 120 180722 130 148720 140 116998 150 85694 160 54025
hp15:20:35 .9926379 229033.3 80.2 15
hk15:20:48 15 16 14 1 .13-99 7
co15:20:50hgfw2: HG FW#2 at step  0
hk15:22:56 15 16 15 1 .13-99 7
hgscan 0wide 302warm= 215:22:57MAR 28/17 145 172 2845 10867 19915 29952 40503 50806 60913 65347 67455 64208 55971 47160 37372 27084 16471 7564 4918 3359 3334 4969 7664 17162 28328 39595 50595 60362 69575 74159 72446 68028 57080 45845 34239 23012 12853 3342 206 183
hg15:24:16 .9994 288.0638 288 141614 15 0
hk15:29:22 15 16 14 1 .13-99 7
sla 0 929.70620 612997 1 697535 790896 950716 1024819 1130100rat 1706.856 1150.211 333.1797 435.25
sla 0 930.380620 612053 1 696515 789286 950021 1022297 1129824rat 1702.352 1148.262 325.4688 445.1289
sla 0 931.060620 611136 1 695844 789265 949798 1022484 1129493rat 1707.414 1149.184 327.3203 443.0078
sla 0 931.730620 610899 2 696299 789103 949394 1021847 1128497rat 1701.762 1147.328 326.4414 441.8399
sla 0 932.410620 611334 0 694859 788363 947977 1022991 1128040rat 1715.879 1156.453 338.0547 435.0664
sla 0 933.090620 611233 6 695040 787984 946990 1021173 1127747rat 1706.828 1150.672 334.7735 441.8164
sla 0 933.770620 610557 3 694724 787749 947017 1021149 1126243rat 1708.719 1151.883 334.5313 435.9688
summary15:31:43MAR 28/17 80.81 5.617 15sl 0 1707 1151 331 440 300 237 695830.9 1128564 5 3 5 4 17 7 1048.1 1340.7
hk15:34:14 15 16 14 1 .13-99 6
fza128 934.931620 1 97 513 2240 8237 13964
fza128 935.541620 3 122 4174 64749 588938 1324459rat 39374.47 19050.12 8300.415 2254.641
fza128 936.141620 1 131 3786 60602 555580 1255646rat 37317.56 19252.14 8328.008 2263.485
fza128 936.731620 2 133 3712 59262 551511 1250193rat 37119.49 19298.13 8385.868 2266.766
summary15:36:08MAR 28/17 82.846 6.777 15fz 2 37937 19200 8338 2262 30700 11186-9.600001 410.7 1249 132 44 6 1268 104 8.7 2.6
hk15:37:06 15 16 14 1 .13-99 7
co15:37:17gi: 28 03 17  2.589593
gia0 937.560610 84 0 317 1373 5910 19188 30616
gia0 937.930610 78 0 314 1375 5832 19022 30453
gia0 938.290610 79 0 285 1361 5819 18971 30136
gia0 938.660610 70 0 301 1389 5757 18794 29944
gia0 939.030610 79 0 293 1322 5724 18679 29798
co15:39:13kb: Running kb from 2017087 line  82.58
hk15:39:18 15 16 14 1 .13-99 7
hk15:39:54 15 16 14 1 .13-99 6
um280317Sodankyla 67.3675-26.633 2.589593pr9900 940.471640 1 3089 11122 41473 117888 179911rat 15824.93 10258.63 4540.297 1838.285
hk15:42:55 15 16 15 1 .13-99 7
um280317Sodankyla 67.3675-26.633 2.589593pr9900 941.961640 2 87354 169524 325407 665139 872640rat 8847.348 5962.375 3121.723 1189.238
co15:45:55ux: Running ux from 2017087 line  82.58
hk15:45:59 15 16 14 .8 .11-99 6
co15:46:44ux: UV extended  scan started
co15:53:35ux: UV extended  scan finished, incident DUV =  2.342995 mW/m^2
co15:53:36kb: Running kb from 2017087 line  82.58
hk15:53:41 14 16 14 .8 .11-99 6
hk15:54:17 14 16 14 .8 .11-99 5
um280317Sodankyla 67.3675-26.633 2.535944pr9900 954.861640 3 2345 8298 29938 84359 128906rat 15570.57 10076.83 4501.473 1843.024
hk15:57:19 14 16 14 .8 .11-99 6
um280317Sodankyla 67.3675-26.633 2.535944pr9900 956.351640 0 62811 121794 243863 512604 684735rat 9141.696 6261.637 3239.551 1265.598
hk16:00:24 14 16 14 .8 .11-99 6
hk16:01:08 14 16 14 .8 .11-99 6
um280317Sodankyla 67.3675-26.633 2.535944pr9900 961.71640 0 2149 7311 25918 71093 108204rat 15200.52 9881.707 4383.895 1825.328
hk16:04:09 14 16 14 .8 .11-99 7
um280317Sodankyla 67.3675-26.633 2.535944pr9900 963.191640 4 53049 102082 206916 441847 594612rat 9227.312 6380.785 3306.254 1296.797
um280317Sodankyla 67.3675-26.633 2.535944pr9900 964.741640 3 2055 6914 24340 65742 99904rat 15060.8 9785.778 4317.004 1818.484
hk16:07:12 14 16 14 .8 .11-99 6
um280317Sodankyla 67.3675-26.633 2.535944pr9900 966.231640 3 48992 94485 192318 413018 558234rat 9278.465 6422.489 3330.207 1315.266
co16:10:11ux: Running ux from 2017087 line  85
hk16:10:16 14 15 14 .8 .1-99 6
co16:11:01ux: UV extended  scan started
co16:17:51ux: UV extended  scan finished, incident DUV =  1.362831 mW/m^2
hk16:17:56 14 15 14 .8 .1-99 5
hpscan16:18:20 0 53092 10 83930 20 116530 30 150162 40 181921 50 210422 60 219685 70 220948 80 220942 90 220768 100 220530 110 210826 120 180728 130 147844 140 116476 150 85189 160 53154
hp16:19:12 .992644 230078 79.8 14
hk16:19:26 14 15 14 .8 .1-99 5
co16:19:28hgfw2: HG FW#2 at step  0
hk16:21:35 14 15 14 .8 .1-99 5
hgscan 0wide 302warm= 216:21:35MAR 28/17 155 180 2485 10364 19364 29041 39461 49992 60285 64728 66882 63843 55826 47225 37515 27343 16679 7627 4912 3289 3338 4999 7748 17200 28572 39796 50174 59846 68940 72622 70933 66441 55609 44460 33129 22228 12320 3013 200 173
hg16:22:54 .9994 288.4945 288 139504 14 0
hk16:23:00 14 16 14 .8 .11-99 6
hk16:23:39 14 15 14 .8 .1-99 5
um280317Sodankyla 67.3675-26.633 2.535944pr9900 984.231640 1 1358 4324 14632 37142 55785rat 14375.66 9342.312 4046.277 1766.781
hk16:26:41 14 15 14 .8 .1-99 6
um280317Sodankyla 67.3675-26.633 2.535944pr9900 985.721640 1 26207 50115 107131 242166 338405rat 9669.266 6851.321 3548.258 1457.457
um280317Sodankyla 67.3675-26.633 2.535944pr9900 987.271640 2 1243 3959 13165 33490 50092rat 14313.91 9276.684 4055.703 1748.734
hk16:29:43 14 15 14 .8 .1-99 6
um280317Sodankyla 67.3675-26.633 2.535944pr9900 988.751640 2 25225 47349 98180 220992 307989rat 9436.883 6699.649 3529.211 1445.34
hk16:32:48 14 15 14 .8 .1-99 6
hk16:33:31 14 15 14 .8 .1-99 6
um280317Sodankyla 67.3675-26.633 2.535944pr9900 994.11640 3 973 3054 10364 26064 38814rat 14294.57 9316.609 4006.024 1729.559
hk16:36:33 14 15 14 .8 .1-99 6
um280317Sodankyla 67.3675-26.633 2.535944pr9900 995.591640 1 19959 37429 77384 174487 246718rat 9425.438 6692.614 3535.457 1507.359
um280317Sodankyla 67.3675-26.633 2.535944pr9900 997.141640 3 994 2930 9775 23811 35230rat 13808.75 9104.016 3867.438 1701.379
hk16:39:35 14 15 14 .8 .1-99 7
um280317Sodankyla 67.3675-26.633 2.535944pr9900 998.621640 0 16920 31801 66940 154277 220222rat 9607.125 6864.817 3629.953 1548.25
co16:42:35ux: Running ux from 2017087 line  87.99
hk16:42:39 14 15 14 .6 .08-99 7
co16:43:24ux: UV extended  scan started
co16:50:15ux: UV extended  scan finished, incident DUV =  .4730164 mW/m^2
co16:50:17ux: Running ux from 2017087 line  89.42
hk16:50:22 14 15 14 .6 .08-99 6
co16:50:48ux: UV extended  scan started
co16:57:38ux: UV extended  scan finished, incident DUV =  .340348 mW/m^2
hk17:02:43 14 16 14 .6 9.000001E-02-99 5
sla 0 1023.050620 618102 6 703973 797285 958952 1031543 1139847rat 1695.336 1143.727 324.0195 444.5313
sla 0 1023.730620 616358 1 702422 795727 955992 1029081 1136492rat 1694.426 1141.738 327.1211 442.0078
sla 0 1024.410620 615731 1 701034 795193 954813 1029892 1136542rat 1706.664 1148.215 336.1094 438.6992
sla 0 1025.090620 615273 0 700671 794611 955828 1029335 1134504rat 1706.555 1149.055 328.9844 433.0821
sla 0 1025.770620 615805 1 701019 793098 954316 1028572 1135076rat 1701.059 1154.188 332.7149 438.6446
sla 0 1026.450620 615194 2 700605 792332 953660 1027262 1134206rat 1697.984 1152.785 330.0899 440.9024
sla 0 1027.130620 613994 1 699841 792332 953253 1027433 1133525rat 1703.539 1153.524 332.7266 437.4766
summary17:05:05MAR 28/17 88.832 11.893 14sl 0 1701 1149 330 439 295 237 701366.4 1135742 5 5 4 4 16 9 1395.5 2119.9
co17:07:31ux: Running ux from 2017087 line  91.25
hk17:07:36 14 15 14 .6 .08-99 5
co17:08:15ux: UV extended  scan started
co17:15:05ux: UV extended  scan finished, incident DUV =  .1185632 mW/m^2
hk17:15:11 14 15 14 .6 .08-99 5
hpscan17:15:34 0 52988 10 83620 20 116671 30 149640 40 181783 50 209934 60 220269 70 220346 80 220873 90 220631 100 220312 110 210663 120 180643 130 148355 140 116560 150 85095 160 53367
hp17:16:27 .99265 229912.2 79.9 14
hk17:16:41 14 15 14 .6 .08-99 5
co17:16:43hgfw2: HG FW#2 at step  0
hk17:18:49 14 15 14 .6 .08-99 5
hgscan 0wide 302warm= 217:18:50MAR 28/17 160 186 2634 10965 20571 30838 42053 53014 63996 69122 71055 68122 59495 50445 40333 29353 17958 8286 5303 3584 3580 5445 8334 18626 30464 42486 53687 63864 73122 77176 75220 70610 58750 47028 34869 23302 12844 3133 209 179
hg17:20:09 .9994 288.65 289 148231 14 1
co17:20:10ux: Running ux from 2017087 line  91.25
hk17:20:15 14 15 14 .6 .08-99 5
co17:20:55ux: UV extended  scan started
co17:27:45ux: UV extended  scan finished, incident DUV =  4.518038E-02 mW/m^2
co17:27:47skc: Waiting until end of local day.
co17:37:47skc: Waiting until end of local day.
co17:47:48skc: Waiting until end of local day.
co17:57:48skc: Waiting until end of local day.
co18:07:48skc: Waiting until end of local day.
co18:17:49skc: Waiting until end of local day.
co18:27:49skc: Waiting until end of local day.
co18:37:49skc: Waiting until end of local day.
co18:47:50skc: Waiting until end of local day.
co18:57:50skc: Waiting until end of local day.
co19:07:50skc: Waiting until end of local day.
co19:17:51skc: Waiting until end of local day.
co19:27:51skc: Waiting until end of local day.
co19:37:51skc: Waiting until end of local day.
co19:47:52skc: Waiting until end of local day.
co19:57:52skc: Waiting until end of local day.
co20:07:52skc: Waiting until end of local day.
co20:17:53skc: Waiting until end of local day.
co20:27:53skc: Waiting until end of local day.
co20:37:53skc: Waiting until end of local day.
co20:47:54skc: Waiting until end of local day.
co20:57:54skc: Waiting until end of local day.
co21:07:54skc: Waiting until end of local day.
co21:17:55skc: Waiting until end of local day.
co21:27:55skc: Waiting until end of local day.
co21:37:55skc: Waiting until end of local day.
co21:47:56skc: Waiting until end of local day.
co21:57:56skc: Waiting until end of local day.
co22:07:56skc: Waiting until end of local day.
co22:17:57skc: Waiting until end of local day.ed
co22:18:20b0: Running b0 from 2017088 line -200
co22:18:21o3: Running o3 from 2017088 line -200
co22:18:24af: Running af from 2017088 line -200
co22:18:24af: Auto FR/HP/HG is now OFF
co22:18:24ozsum: Running ozsum from 2017088 line -200
co22:18:29aodsum: Running aodsum from 2017088 line -200
co22:18:34uvsum: Running uvsum from 2017088 line -200
co22:19:06fmsum: Running fmsum from 2017088 line -200
co22:19:11fzsum: Running fzsum from 2017088 line -200
co22:19:18slsum: Running slsum from 2017088 line -200
co22:19:23rl: Running rl from 2017088 line -200
co22:19:26rl:  1992  002  01 04 35   Reset Tepid -> Tepid  from  1992  002  00 10 06   until  1992  002  01 04 30  . Counts: 1,0
co22:19:28rl:  1992  002  01 04 36   Motor #3: appears stuck with a reference sensor activated. 
co22:19:29rl:  1992  002  01 04 36   Motor #11: appears stuck with a reference sensor activated. 
co22:19:31rl:  1992  002  01 05 36   New value set for watermark SUPPLY.VOLTAGE.LOW[+12V]: 9.947081 Volts.
co22:19:33rl:  1992  002  01 05 36   New value set for watermark SUPPLY.VOLTAGE.LOW[+5V]: 4.446614 Volts.
co22:19:35rl:  1992  002  01 05 36   New value set for watermark SUPPLY.VOLTAGE.HIGH[-12V]: 10.066261 Volts.
co22:19:37rl:  1992  002  01 05 36   New value set for watermark SUPPLY.VOLTAGE.LOW[+24V]: 19.879498 Volts.
co22:19:39rl:  1992  002  01 05 36   New value set for watermark SUPPLY.VOLTAGE.LOW[+5VSEC]: 4.403600 Volts.
co22:19:40rl:  1992  002  01 05 36   New value set for watermark SUPPLY.VOLTAGE.HIGH[-5VSEC]: 2.553424 Volts.
co22:19:42rl:  1992  002  01 05 58   New value set for watermark SUPPLY.VOLTAGE.LOW[+24V]: 19.855545 Volts.
co22:19:44rl:  1992  002  01 08 15   Reset Warm -> Warm  from  1992  002  01 08 11   until  1992  002  01 08 12  . Counts: 0,1
co22:19:46rl:  1992  002  01 08 25   Reset Warm -> Warm  from  1992  002  01 08 22   until  1992  002  01 08 22  . Counts: 0,2
co22:19:48rl:  1992  002  01 08 35   Reset Warm -> Warm  from  1992  002  01 08 32   until  1992  002  01 08 32  . Counts: 0,3
co22:19:50rl:  1992  002  01 08 45   Reset Warm -> Warm  from  1992  002  01 08 42   until  1992  002  01 08 42  . Counts: 0,4
co22:19:52rl:  1992  002  01 09 29   New value set for watermark SUPPLY.VOLTAGE.HIGH[-12V]: 10.078480 Volts.
co22:19:54rl:  1992  002  01 09 30   New value set for watermark SUPPLY.VOLTAGE.LOW[+5V]: 4.441237 Volts.
co22:19:56rl:  1992  002  01 10 53   Reset Warm -> Warm  from  1992  002  01 10 50   until  1992  002  01 10 50  . Counts: 0,1
co22:19:58rl:  1992  002  01 11 15   Reset Warm -> Warm  from  1992  002  01 11 12   until  1992  002  01 11 12  . Counts: 0,2
co22:19:59rl:  1992  002  01 11 59   Reset Warm -> Warm  from  1992  002  01 11 56   until  1992  002  01 11 57  . Counts: 0,3
co22:20:01rl:  1992  002  01 12 09   Reset Warm -> Warm  from  1992  002  01 12 06   until  1992  002  01 12 07  . Counts: 0,4
co22:20:03rl:  1992  002  01 12 19   Reset Warm -> Warm  from  1992  002  01 12 16   until  1992  002  01 12 17  . Counts: 0,5
co22:20:05rl:  1992  002  01 12 52   Reset Warm -> Warm  from  1992  002  01 12 49   until  1992  002  01 12 50  . Counts: 0,1
co22:20:07rl:  1992  002  01 16 00   New value set for watermark SUPPLY.VOLTAGE.LOW[+12V]: 9.934861 Volts.
co22:20:09rl:  1992  002  01 22 42   New value set for watermark SUPPLY.VOLTAGE.LOW[+24V]: 19.687887 Volts.
co22:20:11rl:  1992  002  01 22 56   New value set for watermark SUPPLY.VOLTAGE.LOW[+24V]: 19.663937 Volts.
co22:20:13rl:  1992  002  01 23 17   New value set for watermark SUPPLY.VOLTAGE.HIGH[-5VSEC]: 2.558801 Volts.
co22:20:14rl:  1992  002  01 23 18   New value set for watermark SUPPLY.VOLTAGE.LOW[+5V]: 4.435861 Volts.
co22:20:16rl:  1992  002  01 23 21   New value set for watermark SUPPLY.VOLTAGE.HIGH[-12V]: 10.090702 Volts.
co22:20:18rl:  1992  002  01 23 24   New value set for watermark SUPPLY.VOLTAGE.LOW[+24V]: 19.639988 Volts.
co22:20:20rl:  1992  002  01 23 27   New value set for watermark SUPPLY.VOLTAGE.HIGH[-5VSEC]: 2.564178 Volts.
co22:20:22rl:  1992  002  01 23 29   New value set for watermark SUPPLY.VOLTAGE.LOW[+12V]: 9.922641 Volts.
co22:20:23rl:  1992  002  01 27 57   New value set for watermark LOOP.RUN.TIME: 699.000025 millisec.
co22:20:25rl:  1992  002  01 49 45   New value set for watermark SUPPLY.VOLTAGE.LOW[+5V]: 4.430484 Volts.
co22:20:27rl:  1992  002  01 50 15   New value set for watermark SUPPLY.VOLTAGE.HIGH[-5VSEC]: 2.569555 Volts.
co22:20:28rl:  1992  002  01 50 18  PMT counter failure
co22:20:30rl:  1992  002  01 52 30   New value set for watermark SUPPLY.VOLTAGE.LOW[+12V]: 9.910420 Volts.
co22:20:32rl:  1992  002  01 54 04   New value set for watermark SUPPLY.VOLTAGE.LOW[+24V]: 19.616035 Volts.
co22:20:34rl:  1992  002  01 58 27   New value set for watermark SUPPLY.VOLTAGE.HIGH[-12V]: 10.102921 Volts.
co22:20:35rl:  1992  002  03 39 27   New value set for watermark LOOP.RUN.TIME: 700.000000 millisec.
co22:20:37rl:  1992  002  03 43 34   New value set for watermark LOOP.RUN.TIME: 719.000006 millisec.
co22:20:39rl:  1992  002  05 03 51   New value set for watermark LOOP.RUN.TIME: 741.999960 millisec.
co22:20:39rl:  All log items reported.
co22:20:42chk_cfg: Running chk_cfg from 2017088 line -200
co22:20:44chk_cfg: VERSION.FW[VERS]=2
co22:20:45chk_cfg: VERSION.FW[REL]=2
co22:20:46chk_cfg: MOTOR.MAX.ACC[10]=1600
co22:20:47chk_cfg: MOTOR.MAX.ACC[9]=1600
co22:20:48chk_cfg: MOTOR.MAX.VEL[10]=16
co22:20:49chk_cfg: MOTOR.MAX.VEL[9]=16
co22:20:50chk_cfg: MOTOR.MAX.JERK[10]=(symbol not found)
co22:20:51chk_cfg: MOTOR.MAX.JERK[9]=(symbol not found)
co22:20:52chk_cfg: MOTOR.MAX.POS[10]=1383
co22:20:53chk_cfg: MOTOR.MAX.POS[9]=1381
co22:20:54chk_cfg: MOTOR.MIN.POS[10]=-9148
co22:20:54chk_cfg: MOTOR.MIN.POS[9]=-9188
co22:20:55chk_cfg: MOTOR.SLOPE[10]=1
co22:20:56chk_cfg: MOTOR.SLOPE[9]=1
co22:20:57chk_cfg: MOTOR.REF.PLAY[10]=65436
co22:20:58chk_cfg: MOTOR.REF.PLAY[9]=65436
co22:20:59chk_cfg: MOTOR.MAX.SEARCH[10]=12500
co22:21:00chk_cfg: MOTOR.MAX.SEARCH[9]=12500
co22:21:01chk_cfg: MOTOR.INITIAL[10]=284
co22:21:02chk_cfg: MOTOR.INITIAL[9]=284
co22:21:03chk_cfg: MOTOR.ORIGIN[10]=-6646
co22:21:03chk_cfg: MOTOR.ORIGIN[9]=-6697
co22:21:04chk_cfg: MOTOR.SLOW.VEL[10]=1
co22:21:05chk_cfg: MOTOR.SLOW.VEL[9]=1
co22:21:06chk_cfg: MOTOR.RESET.POS[10]=-1440
co22:21:07chk_cfg: MOTOR.RESET.POS[9]=-1440
co22:21:10rtn_date: Running rtn_date from 2017088 line -200
vers22:21:10AB_SK.RTN10000 REM ************ ab_sk.rtn 02/12/2010 09:50:00 ************
vers22:21:11AF.RTN10000 REM ************ af.rtn 02/12/2010 09:50:34 ************
vers22:21:11AN.RTN10000 REM ************ an.rtn 02/12/2010 09:50:34 ************
vers22:21:11AODSUM.RTN10000 REM ************ aodsum.rtn 02/12/2010 09:50:00 ************
vers22:21:12AP.RTN10000 REM ************ ap.rtn 22/03/2013 09:50:00 ************
vers22:21:12APSUM.RTN10000 REM ************ apsum.rtn 02/12/2010 09:50:00 ************
vers22:21:13AP_2015.RTN10000 REM *************** ap routine 01/12/12 ******************
vers22:21:13AP_OLD.RTN10000 REM *************** ap routine 28/06/99 ******************
vers22:21:13AP_PAVEL.RTN10000 REM *************** ap routine 28/06/99 ******************
vers22:21:14AP_WRONG.RTN10000 REM ************ ap.rtn 22/03/2013 09:50:00 ************
vers22:21:14AR.RTN10000 REM ************ ar.rtn 02/12/2010 09:50:00 ************
vers22:21:15AS.RTN10000 REM ************ as.rtn 02/12/2010 09:50:00 ************
vers22:21:15AU.RTN10000 REM ************ au.rtn 02/12/2010 09:50:00 ************
vers22:21:15AUTO-OFF.RTN10000 REM ************ auto-off.rtn 05/03/2011 19:47:08 ************
vers22:21:16AUTO-ON.RTN10000 REM ************ auto-on.rtn 05/03/2011 19:47:08 ************
vers22:21:16AZ.RTN10000 REM ************ az.rtn 02/12/2010 09:50:00 ************
vers22:21:17BP.RTN10000 REM ********************** bp routine 26/11/97 ********************
vers22:21:17CA.RTN10000 REM ************ ca.rtn 09/04/2011 09:50:00 ************
vers22:21:17CAL.RTN10000 REM ************ cal.rtn 22/04/2012 09:50:00 ************
vers22:21:18CALDS.RTN10000 REM ************ cal.rtn 22/04/2012 09:50:00 ************
vers22:21:18CALSC.RTN10000 REM ************ cal.rtn 22/04/2012 09:50:00 ************
vers22:21:19CALUV.RTN10000 REM ************ cal.rtn 22/04/2012 09:50:00 ************
vers22:21:19CB.RTN10000 REM ************ cb.rtn 02/12/2010 09:50:00 ************
vers22:21:19CC.RTN10000 REM ************ cal.rtn 22/04/2012 09:50:00 ************
vers22:21:20CD.RTN10000 REM ************ cal.rtn 22/04/2012 09:50:00 ************
vers22:21:20CF.RTN10000 REM ************ cf.rtn 02/12/2010 09:50:00 ************
vers22:21:21CHECKAZ.RTN10000 REM ************ checkaz.rtn 02/12/2010 09:50:00 ************
vers22:21:21CHECKHG.RTN10000 REM ************ checkhg.rtn 02/12/2010 09:50:00 ************
vers22:21:21CHK_CFG.RTN10000 REM ************ chk_cfg.rtn 31/01/2013 21:00:00 ************
vers22:21:22CHK_COD.RTN10000 REM ************ chk_cod.rtn 08/11/2013 21:00:00 ************
vers22:21:22CI.RTN10000 REM ************ ci.rtn 02/12/2010 09:50:00 ************
vers22:21:23CJ.RTN10000 REM ************ cj.rtn 05/02/2013 11:00:00 ************
vers22:21:23CJ_201~1.RTN10000 REM ************ cj.rtn 05/02/2013 11:00:00 ************
vers22:21:23CL.RTN10000 REM ************ cal.rtn 22/04/2012 09:50:00 ************
vers22:21:24CM.RTN10000 REM ********************* ci routine 19/11/08 *******************
vers22:21:24CN.RTN10000 REM ************ cn.rtn 02/12/2010 09:50:00 ************
vers22:21:25COPYOF~1.RTN10000 REM ************ re_mb_no_cod.rtn 02/12/2010 09:50:00 ************
vers22:21:25CR.RTN10000 REM ************ cr.rtn 02/12/2010 09:50:00 ************
vers22:21:25CS.RTN10000 REM ************ cs.rtn 02/12/2010 09:50:00 ************
vers22:21:26CU.RTN10000 REM ************ cal.rtn 22/04/2012 09:50:00 ************
vers22:21:26CX.RTN10000 REM ************ cx.rtn 02/12/2010 09:50:00 ************
vers22:21:27CZ1.RTN10000 REM ************ cz.rtn 02/12/2010 09:50:00 ************
vers22:21:27CZ2.RTN10000 REM ************ cz.rtn 02/12/2010 09:50:00 ************
vers22:21:27CZ3.RTN10000 REM ************ cz.rtn 02/12/2010 09:50:00 ************
vers22:21:28CZ4.RTN10000 REM ************ cz.rtn 02/12/2010 09:50:00 ************
vers22:21:28CZ5.RTN10000 REM ************ cz.rtn 02/12/2010 09:50:00 ************
vers22:21:29CZ_(2)~1.RTN10000 REM ************ cz.rtn 02/12/2010 09:50:00 ************
vers22:21:29CZ_.RTN10000 REM ************ cz.rtn 02/12/2010 09:50:00 ************
vers22:21:29DA_LO.RTN10000 REM ************ da_lo.rtn 28/03/2011 16:01:18 ************
vers22:21:30DB.RTN10000 REM ************ db.rtn 02/12/2010 09:50:00 ************
vers22:21:30DD.RTN10000 REM this routine records a uvb scan  MKIII     *** cl routine 250595 ***
vers22:21:31DI.RTN10000 REM ************ di.rtn 02/12/2010 09:50:00 ************
vers22:21:31DIMDS-ON.RTN10000 REM ************ auto-off.rtn 05/03/2011 19:47:08 ************
vers22:21:31DIMDS-~1.RTN10000 REM ************ auto-off.rtn 05/03/2011 19:47:08 ************
vers22:21:32DK.RTN10000 REM ************ dk.rtn 05/02/2013 11:00:00 ************
vers22:21:32DP.RTN10000 REM ************ dp.rtn 02/12/2010 09:50:00 ************
vers22:21:32DQ.RTN10000 REM ****************** dq routine 21/01/12 **********************
vers22:21:33DS.RTN10000 REM ************ ds.rtn 15/04/2015 11:45:00 ************
vers22:21:33DSP.RTN10000 REM ************ dsp.rtn 28/04/2014 11:25:00 ************
vers22:21:34DSP1.RTN10000 REM ************ dsp1.rtn 04/04/2012 19:47:08 ************
vers22:21:34DSP1_2~1.RTN10000 REM ************ dsp1.rtn 04/04/2012 19:47:08 ************
vers22:21:35DSP1_V~1.RTN10000 REM ************ dsp1.rtn 04/04/2012 19:47:08 ************
vers22:21:35DSPN2.RTN10000 REM ************ dsp.rtn 28/04/2014 11:25:00 ************
vers22:21:35DSP_VO~1.RTN10000 REM ************ dsp.rtn 28/04/2014 11:25:00 ************
vers22:21:36DSSUM.RTN10000 REM ************ dssum.rtn 02/12/2010 09:50:00 ************
vers22:21:36DT.RTN10000 REM ************ dt.rtn 20/06/2014 09:50:00 ************
vers22:21:37DUSUM.RTN10000 REM ************ dusum.rtn 02/12/2010 09:50:00 ************
vers22:21:37DZ.RTN10000 REM ****************** dz routine 15/March/2011 **********************
vers22:21:37ED.RTN10000 REM ************ ed.rtn 24/03/2011 19:47:10 ************
vers22:21:38ENDDAY.RTN10000 REM ************ endday.rtn 02/12/2010 09:50:00 ************
vers22:21:38END_DAY.RTN10000 REM ************ end_day.rtn 10/05/2011 14:00:00 ************
vers22:21:38FC.RTN10000 REM ************ fc.rtn 05/04/2013 09:50:00 ************
vers22:21:39FI-NOR.RTN10000 REM ************ fi.rtn 02/12/2010 09:50:00 ************
vers22:21:39FI.RTN10000 REM ************ fi.rtn 02/12/2010 09:50:00 ************
vers22:21:40FI_201~1.RTN10000 REM ************ fi.rtn 02/12/2010 09:50:00 ************
vers22:21:40FI_SPE~1.RTN10000 REM ************ fi.rtn 11/11/2011 For Andover Filters 1-4 testing line 11019 chg for 1-5 postion to 10 cycles *
vers22:21:41FL.RTN10000 REM ************ fl.rtn 02/12/2010 09:50:00 ************
vers22:21:41FM.RTN10000 REM ************ fm.rtn 01/02/2013 19:47:10 ************
vers22:21:41FMSUM.RTN10000 REM ************ fmsum.rtn 02/12/2010 09:50:00 ************
vers22:21:42FR--.RTN10000 REM ************ fr.rtn 02/12/2010 09:50:00 ************
vers22:21:42FR.RTN10000 REM ****************** fr routine 12/08/98 *********************
vers22:21:43FRNEW.RTN10000 REM ************ fr.rtn 09/04/2012 09:50:00 ************
vers22:21:43FV-.RTN10000 REM ************ fv.rtn 02/12/2010 09:50:00 ************
vers22:21:43FV.RTN10000 REM ************ fv.rtn 02/12/2010 09:50:00 ************
vers22:21:44FW.RTN10000 REM ************ fw.rtn 02/12/2010 09:50:00 ************
vers22:21:44FW3TEST.RTN10000 REM ************ cal.rtn 22/04/2012 09:50:00 ************
vers22:21:45FZ.RTN10000 REM ************ fz.rtn 02/12/2010 09:50:00 ************
vers22:21:45FZSUM.RTN10000 REM ************ fzsum.rtn 02/12/2010 09:50:00 ************
vers22:21:45G1.RTN10000 REM ************ g1.rtn 02/12/2010 09:50:00 ************
vers22:21:46G5.RTN10000 REM ************ g5.rtn 02/12/2010 09:50:00 ************
vers22:21:46GA.RTN10000 REM ************ ga.rtn 20/02/2015 09:50:00 ************
vers22:21:46GI.RTN10000 REM ************ gi.rtn 02/12/2010 09:50:00 ************
vers22:21:47GS.RTN10000 REM ************ gs.rtn 02/12/2010 09:50:00 ************
vers22:21:47HG.RTN10000 REM ************ hg.rtn 29/03/2011 10:05:48 ************
vers22:21:48HGN.RTN10000 REM ************ hgn.rtn 02/12/2010 09:50:00 ************
vers22:21:48HGSUM.RTN10000 REM ************ hgsum.rtn 24/11/2013 09:50:00 ************
vers22:21:48HL.RTN10000 REM ************ hl.rtn 24/06/2014 19:47:10 ************
vers22:21:49HP.RTN10000 REM ************ hp.rtn 29/03/2011 09:33:00 ************
vers22:21:49HS.RTN10000 REM ************ hs.rtn 26/09/2012 19:47:10 ************
vers22:21:50HV.RTN10000 REM ************ hv.rtn 02/12/2010 09:50:00 ************
vers22:21:50HVB.RTN10000 REM ************ hvb.rtn 19/07/2014 15:00:00 ************
vers22:21:51HVSET.RTN10000 REM ************ hvset.rtn 02/12/2010 09:50:00 ************
vers22:21:51IC.RTN10000 REM ************ ic.rtn 02/12/2010 09:50:00 ************
vers22:21:51INIT.RTN10000 REM ************ init.rtn 02/12/2010 09:50:00 ************
vers22:21:52JD.RTN10000 REM ************ jd.rtn 02/12/2010 09:50:00 ************
vers22:21:52JG.RTN10000 REM ****************** jg routine 04/02/14 **********************
vers22:21:52KA.RTN10000 REM ********************* ka routine 12/13/06 *******************
vers22:21:53KB.RTN10000 REM ********************* kb routine 12/13/06 *******************
vers22:21:53KC.RTN10000 REM ********************* kc routine 12/13/06 *******************
vers22:21:54KD.RTN10000 REM ********************* kd routine 12/13/06 *******************
vers22:21:54KE.RTN10000 REM ********************* ke routine 12/13/06 *******************
vers22:21:54KF.RTN10000 REM ********************* kf routine 12/13/06 *******************
vers22:21:55KG.RTN10000 REM ********************* kg routine 12/13/06 *******************
vers22:21:55KH.RTN10000 REM ********************* kh routine 12/13/06 *******************
vers22:21:55LF.RTN10000 REM ************ lf.rtn 02/12/2010 09:50:00 ************
vers22:21:56LL.RTN10000 REM ********************** ll routine 29/07/10 ********************
vers22:21:56LZ.RTN10000 REM ************ lz.rtn 02/12/2010 09:50:00 ************
vers22:21:57MM.RTN10000 REM ********************* mm routine 03/09/10 *******************
vers22:21:57NC.RTN10000 REM ************ nc.rtn 02/12/2010 09:50:00 ************
vers22:21:57NEWINST.RTN10000 REM ************ newinst.rtn 02/12/2010 09:50:00 ************
vers22:21:58NI_SOD.RTN10000 REM ************ ni.rtn 02/12/2010 09:50:00 ************
vers22:21:58NOSUM.RTN10000 REM ************ nosum.rtn 02/12/2010 09:50:00 ************
vers22:21:59NT.RTN10000 REM ******************* nt routine 26/11/03 ***********************
vers22:21:59OZSUM.RTN10000 REM ************ ozsum.rtn 02/12/2010 09:50:00 ************
vers22:21:59PB.RTN10000 REM ************ pb.rtn 02/12/2010 09:50:00 ************
vers22:22:00PC.RTN10000 REM ************ pc.rtn 02/12/2010 09:50:00 ************
vers22:22:00PO.RTN10000 REM ************ po.rtn 24/06/2014 09:50:00 ************
vers22:22:01QL.RTN10000 REM ************ ql.rtn 07/04/2011 14:00:00 ************
vers22:22:01RE-MB.RTN10000 REM ************ re-mb.rtn 21/04/2012 19:47:08 ************
vers22:22:01RE-MB_.RTN10000 REM ************ re-mb.rtn 21/04/2012 19:47:08 ************
vers22:22:02RE-SB.RTN10000 REM ************ re-sb.rtn 21/04/2012 19:47:08 ************
vers22:22:02RE.RTN10000 REM ************ re-sb.rtn 21/04/2012 19:47:08 ************
vers22:22:03REP.RTN10000 REM ************ rep.rtn 02/12/2010 09:50:00 ************
vers22:22:03RE_MB_~1.RTN10000 REM ************ re_mb_no_cod.rtn 02/12/2010 09:50:00 ************
vers22:22:03RL.RTN10000 REM ************ rl.rtn 21/04/2012 11:00:00 ************
vers22:22:04RS.RTN10000 REM ************ rs.rtn 02/12/2010 09:50:00 ************
vers22:22:04SA.RTN10000 REM ************ sa.rtn 02/12/2010 09:50:00 ************
vers22:22:05SAVEALL.RTN10000 REM ************ saveall.rtn 02/12/2010 09:50:00 ************
vers22:22:05SAVEDH.RTN10000 REM ************ savedh.rtn 02/12/2010 09:50:00 ************
vers22:22:05SC-FULL.RTN10000 REM ************ sc.rtn 22/04/2014 18:00:00 ************
vers22:22:06SC.RTN10000 REM ********************* sc routine June 9 /03 *********************
vers22:22:06SC_X.RTN10000 REM ************ sc.rtn 22/04/2014 18:00:00 ************
vers22:22:07SD.RTN10000 REM ************ sd.rtn 02/12/2010 09:50:00 ************
vers22:22:07SE.RTN10000 REM ************ se.rtn 02/12/2010 09:50:00 ************
vers22:22:07SH.RTN10000 REM ************ sh.rtn 02/12/2010 09:50:00 ************
vers22:22:08SI.RTN10000 REM ************ si.rtn 24/06/2014 19:47:08 ************
vers22:22:08SIM.RTN10000 REM ************ sim.rtn 16/01/2014 09:50:00 ************
vers22:22:09SI_NEW.RTN10000 REM ************ si.rtn 16/12/2010 19:47:08 ************
vers22:22:09SK.RTN10000 REM ************ sk.rtn 02/12/2010 09:50:00 ************
vers22:22:09SKC-NOR.RTN10000 REM ************ skc.rtn 05/03/2011 19:47:08 ************
vers22:22:10SKC.RTN10000 REM ************ skc.rtn 03/02/2015 19:47:08 ************
vers22:22:10SKC_41~1.RTN10000 REM ************ skc.rtn 10/04/2012 19:47:08 ************
vers22:22:11SKC_NOAZ.RTN10000 REM ******************* skc routine 23/07/98 ********************
vers22:22:11SL.RTN10000 REM ************ sl.rtn 24/06/2014 09:50:00 ************
vers22:22:11SLSUM.RTN10000 REM ************ slsum.rtn 02/12/2010 09:50:00 ************
vers22:22:12SQ.RTN10000 REM ****************** sq routine 21/01/12 **********************
vers22:22:12SR.RTN10000 REM ************ sr.rtn 01/04/2011 12:00:00 ************
vers22:22:13SS.RTN10000 REM ***************** ss routine 21/04/98 *********************
vers22:22:13ST.RTN10000 REM ************ st.rtn 02/12/2010 09:50:00 ************
vers22:22:13SUM.RTN10000 REM ************ sum.rtn 02/12/2010 09:50:00 ************
vers22:22:14SW.RTN10000 REM ************ sw.rtn 13/12/2010 09:50:00 ************
vers22:22:14TCSUM.RTN10000 REM ************ tcsum.rtn 02/12/2010 09:50:00 ************
vers22:22:15TD.RTN10000 REM ************ td.rtn 10/03/2014 09:40:00 ************
vers22:22:15TESTFW2.RTN10000 REM ************ testfw2.rtn 02/12/2010 09:50:00 ************
vers22:22:15TF.RTN10000 REM ************ testfw2.rtn 06/12/2012 09:50:00 ************
vers22:22:16TT.RTN10000 REM ************ tt.rtn 02/12/2010 09:50:00 ************
vers22:22:16TU.RTN10000 REM ************ tu.rtn 02/12/2010 09:50:00 ************
vers22:22:17U5.RTN10000 REM ************ u5.rtn 02/12/2010 09:50:00 ************
vers22:22:17UB.RTN10000 REM ************ ub.rtn 02/12/2010 09:50:00 ************
vers22:22:17UL.RTN10000 REM ************ ul.rtn 02/12/2010 09:50:00 ************
vers22:22:18UM-.RTN10000 REM ********************* um routine 19/10/98 *******************
vers22:22:18UM-NOR.RTN10000 REM ************ um.rtn 02/12/2010 09:50:00 ************
vers22:22:19UM.RTN10000 REM ********************* um routine 17/06/15 *******************
vers22:22:19UM_017.RTN10000 REM ********************* um routine 10/09/03 for #017 *******************
vers22:22:19UM_201~1.RTN10000 REM ************ um.rtn 02/12/2010 09:50:00 ************
vers22:22:20UM_ORIG.RTN10000 REM ********************* um routine 10/09/03 for #017 *******************
vers22:22:20UM_TK.RTN10000 REM ********************* um routine 17/06/15 *******************
vers22:22:21UQ.RTN10000 REM ************ uq.rtn 02/12/2010 09:50:00 ************
vers22:22:21UV-.RTN10000 REM ************ uv.rtn 02/12/2010 09:50:00 ************
vers22:22:21UV-SPAIN.RTN10000 REM ******************* uv routine 12/09/05 ********************
vers22:22:22UV.RTN10000 REM ************ uv.rtn 13/04/2014 20:00:00 ************
vers22:22:22UVSUM.RTN10000 REM ************ uvsum.rtn 02/12/2010 09:50:00 ************
vers22:22:22UV_28~1.RTN10000 REM ******************* uv routine 12/09/05 ********************
vers22:22:23UV_EL1.RTN10000 REM ******************* uv routine 12/09/05 ********************
vers22:22:23UV_EL_~1.RTN10000 REM ******************* uv routine 12/09/05 ********************
vers22:22:24UV_NOR.RTN10000 REM ************ uv.rtn 02/12/2010 09:50:00 ************
vers22:22:24UV_SOD.RTN10000 REM ************ uv.rtn 13/04/2014 20:00:00 ************
vers22:22:25VE.RTN10000 REM ************ ve.rtn 23/04/2014 11:10:00 ************
vers22:22:25W0.RTN10000 REM ************ w0.rtn 02/12/2010 09:50:00 ************
vers22:22:25W1.RTN10000 REM ************ w1.rtn 02/12/2010 09:50:00 ************
vers22:22:26W2.RTN10000 REM ************ w2.rtn 02/12/2010 09:50:00 ************
vers22:22:26W3.RTN10000 REM ************ w3.rtn 02/12/2010 09:50:00 ************
vers22:22:27W4.RTN10000 REM ************ w4.rtn 02/12/2010 09:50:00 ************
vers22:22:27XL-COP~1.RTN10000 REM ************** xl routine 14/09/98 *****************
vers22:22:27XL.RTN10000 REM ************** xl routine 14/09/98 *****************
vers22:22:28XL_410.RTN10000 REM ************ xl.rtn 02/12/2010 09:50:00 ************
vers22:22:28XX.RTN10000 REM ************** XX routine 01/06/15 *****************
vers22:22:29ZB.RTN10000 REM ************ zb.rtn 02/12/2010 09:50:00 ************
vers22:22:29ZC.RTN10000 REM ************ zc.rtn 02/12/2010 09:50:00 ************
vers22:22:29ZE.RTN10000 REM ************ ze.rtn 02/12/2010 09:50:00 ************
vers22:22:30ZF.RTN10000 REM ************ zf.rtn 01/04/2011 12:00:00 ************
vers22:22:30ZL.RTN10000 REM ************ zl.rtn 02/12/2010 09:50:00 ************
vers22:22:31ZLSUM.RTN10000 REM ************ zlsum.rtn 02/12/2010 09:50:00 ************
vers22:22:31ZP.RTN10000 REM ************ zp.rtn 02/12/2010 09:50:00 ************
vers22:22:31ZS.RTN10000 REM ************ zs.rtn 06/07/2012 09:50:00 ************
vers22:22:32ZSSUM.RTN10000 REM ************ zssum.rtn 10/05/2011 09:50:00 ************
vers22:22:32ZWSUM.RTN10000 REM ************ zwsum.rtn 10/05/2011 09:50:00 ************
co22:22:33hgsum: Running hgsum from 2017088 line -200