 4.1940      0.314300
 4.4322      0.586022
 4.8672      1.298796
 5.2233      2.273047
 5.6743      3.845965
 5.9922      5.327531
 6.4858      7.547821
 7.0205      9.527291
 7.4687     13.142940
 7.7460     14.889050
 8.2850     17.979180
 8.6243     19.913150
 9.1625     22.130490
 9.8847     23.944450
10.4077     24.333040
10.5593     24.164850
11.1075     22.722270
11.9543     20.268240
12.2322     17.489600
12.8380     13.775670
13.1070     12.623900
13.6952      8.861584
13.8470      7.863407
14.2460      6.002348
14.8268      4.409648
15.4295      2.360182
15.8135      1.403808
16.3832      0.354416
16.5348      0.213253
16.8545      0.049719
17.0947      0.016694
