 2.6213      0.214923
 3.1148      0.801203
 3.3555      1.001526
 3.8792      2.145156
 4.1502      3.347247
 4.6438      5.376889
 4.9148      6.635813
 5.4382      9.575697
 5.5900     10.582900
 6.1245     14.365370
 6.5205     17.655280
 7.0460     21.071460
 7.4420     20.660470
 7.9668     23.598800
 8.3628     23.811890
 8.8897     37.270230
 9.2913     25.665720
 9.8220     29.444630
10.2240     29.799930
10.3768     25.777350
10.8633     39.830050
11.8665     28.597620
12.3460     24.732400
12.7092     27.834160
13.1525     21.367460
13.5480     14.036970
14.0293     17.423430
14.4502     13.316770
14.9283      8.175549
15.2553      7.684340
15.6335      5.472829
15.9832      4.382830
16.3630      3.273643
16.7407      2.166908
17.1473      1.258274
17.4575      0.747688
17.7793      0.377079
17.9538      0.234766
