23.5775      0.454239
 0.0830      0.541956
 0.4887      0.812644
 0.8312      0.922019
 1.2088      1.224126
 1.5668      2.239571
 1.9355      3.222521
 2.4993      5.327638
 3.0115      7.238854
 3.5878     10.136720
 4.0975     14.343570
 4.5885     23.197750
 5.0323     28.655660
 5.7145     32.084280
 6.3947     27.181980
 6.9133     24.983040
 7.4465     33.278710
 7.9810     38.838840
 8.1270     41.923170
 8.6757     61.285630
 9.1848     68.981450
 9.5738     41.035320
10.1337     45.347400
10.2800     62.535290
10.8027     27.413280
11.2710     26.967820
11.8047     44.792130
12.4058     27.781210
12.9508     29.581880
13.1530     30.646180
13.7133     35.349850
14.1373     15.619110
14.7138     17.233160
14.8412     22.518950
15.3728     21.504320
15.8135      6.819167
16.5083      4.413029
16.9493      9.391394
17.5298      7.398618
18.0538      3.744012
18.6103      2.662867
18.9943      1.825362
19.8900      1.073201
20.2233      0.851535
20.4687      0.685061
20.8022      0.574033
21.0477      0.507707
21.3810      0.464375
21.9363      0.486063
22.2700      0.477521
