 2.2692      0.324531
 2.8143      1.007522
 3.0547      1.451441
 3.5473      2.649008
 3.8175      3.502293
 4.3403      5.544633
 4.6108      6.849888
 5.1342      9.837311
 5.5022     12.410420
 5.9855     16.148990
 6.3822     19.643240
 6.8630     24.161040
 7.2593     28.260710
 7.7403     33.295150
 8.1387     36.713640
 8.6210     38.505670
 9.0190     40.167560
 9.5030     42.754430
 9.9025     44.397280
10.3525     43.259260
10.8360     38.973230
11.2345     37.378240
11.7165     35.786740
12.1152     31.500830
12.5988     27.676000
12.9955     23.722430
13.4757     20.606350
13.8727     17.781390
14.3528     14.905470
14.7497     12.643660
15.2302      9.666092
15.5113      7.889929
15.8933      6.009052
16.2475      4.386215
16.6602      3.008408
17.0408      1.984945
17.4472      1.117090
17.8202      0.620281
18.1452      0.305896
18.2975      0.200750
