23.5547      0.386302
23.7468      0.454665
 0.4610      0.895310
 0.8432      1.276319
 1.1197      1.654304
 1.3992      2.152788
 1.7768      2.973202
 2.1962      4.195834
 2.4082      4.978458
 2.9432      7.502661
 3.4320     10.717560
 3.9915     15.759450
 4.4907     21.780950
 4.9813     28.724150
 5.4265     35.813790
 6.1162     48.849090
 6.6628     62.572810
 6.8190     66.023070
 7.3275     75.723140
 7.8853     89.923880
 8.4193     98.313840
 8.7965     96.704280
 9.2673    110.321000
 9.7715    115.203200
10.3847    116.728100
10.9282    114.773500
11.7818    105.394900
11.9963    101.479900
12.4665     92.058470
12.8427     84.547660
13.3830     72.679730
13.9052     61.372110
14.4137     50.673280
14.6080     46.721750
15.1605     36.244730
15.6015     28.889790
16.2305     20.264150
16.7280     14.860930
17.2895     10.136290
17.7938      6.985111
18.3032      4.605356
18.8640      2.897020
19.4555      1.706367
19.7890      1.236620
20.0342      0.976195
20.3677      0.703896
20.9443      0.408846
21.1888      0.332886
21.5902      0.252432
