 5.2705      0.178008
 5.6362      0.541057
 6.0107      0.896145
 6.6943      1.695381
 7.0690      1.999513
 7.3920      2.639567
 7.7945      3.963432
 8.3530      4.606200
 8.8037      6.255078
 9.1983      6.814116
10.0345      8.037167
10.5538      6.158102
11.2203      6.338098
11.8207      4.702862
12.2480      3.246206
12.6740      2.804021
13.5207      1.227840
13.8498      0.820476
14.1840      0.393545
14.3710      0.261566
14.6145      0.110498
14.9888      0.016412
