 3.7185      0.126972
 4.0537      0.444717
 4.5932      1.250586
 4.9217      1.452690
 5.2953      3.117645
 5.6882      4.917846
 6.2468      7.354904
 6.7222     10.775650
 7.1865     14.177560
 7.4457     14.168060
 7.8620     20.387440
 8.2578     17.635750
 8.7327     22.874100
 9.1763     26.484810
 9.5802     26.730740
10.1627     15.117100
10.7033     19.191420
11.3600      8.992060
11.9613     10.154070
12.0872      9.958736
12.4913     10.691600
12.8318      5.413837
13.3418      5.009294
13.5603      6.228554
14.0760      2.669215
14.5927      1.475153
15.1072      1.292553
15.5500      1.108191
15.8800      0.841424
16.2152      0.386595
16.4588      0.160327
16.8340      0.025167
