Field of view Scan started at 11:04:01filter: 3CY 5SL  5 
-160.000      0.000    193.929     60.633    64.2 
-140.000      0.000    193.948     60.634    68.4 
-120.000      0.000    193.962     60.635    74.8 
-100.000      0.000    193.976     60.636    75.8 
 -80.000      0.000    193.990     60.638    88.2 
 -60.000      0.000    194.004     60.639    105.2 
 -40.000      0.000    194.019     60.640    6976 
 -20.000      0.000    194.034     60.641    39600.8 
   0.000      0.000    194.048     60.642    40230.8 
  20.000      0.000    194.062     60.643    40334 
  40.000      0.000    194.076     60.645    39958 
  60.000      0.000    194.090     60.646    17785.6 
  80.000      0.000    194.104     60.647    114.2 
 100.000      0.000    194.118     60.648    95.2 
 120.000      0.000    194.134     60.649    83 
 140.000      0.000    194.148     60.651    75.8 
 160.000      0.000    194.162     60.652    68.2 
   0.000    -40.000    194.176     60.653    64 
   0.000    -36.000    194.194     60.654    66.4 
   0.000    -32.000    194.207     60.655    77.4 
   0.000    -28.000    194.220     60.657    114.4 
   0.000    -24.000    194.232     60.658    144 
   0.000    -20.000    194.246     60.659    166.6 
   0.000    -16.000    194.258     60.660    173.6 
   0.000    -12.000    194.271     60.661    467 
   0.000     -8.000    194.284     60.662    35706.8 
   0.000     -4.000    194.297     60.663    39839.4 
   0.000      0.000    194.309     60.664    40336 
   0.000      4.000    194.322     60.665    40211.6 
   0.000      8.000    194.334     60.666    35352 
   0.000     12.000    194.348     60.667    145.2 
   0.000     16.000    194.361     60.668    97.4 
   0.000     20.000    194.373     60.669    81.6 
   0.000     24.000    194.386     60.671    70.4 
   0.000     28.000    194.399     60.672    68.8 
   0.000     32.000    194.412     60.673    65.6 
   0.000     36.000    194.424     60.674    60.8 
   0.000     40.000    194.438     60.675    59.8 
