Field of view Scan started at 03:49:39filter: 1CY 5SL  5 
-160.000      0.000     74.534     71.311    232.6 
-140.000      0.000     74.548     71.305    245.2 
-120.000      0.000     74.559     71.300    249.6 
-100.000      0.000     74.570     71.296    266.6 
 -80.000      0.000     74.581     71.291    290.8 
 -60.000      0.000     74.592     71.286    375.4 
 -40.000      0.000     74.603     71.282    18355 
 -20.000      0.000     74.615     71.277    79631.6 
   0.000      0.000     74.626     71.272    80467 
  20.000      0.000     74.637     71.268    80668.8 
  40.000      0.000     74.648     71.263    79810.8 
  60.000      0.000     74.659     71.259    29064.8 
  80.000      0.000     74.670     71.254    398.4 
 100.000      0.000     74.681     71.249    316 
 120.000      0.000     74.692     71.245    272.6 
 140.000      0.000     74.703     71.240    257.6 
 160.000      0.000     74.715     71.235    238 
   0.000    -40.000     74.726     71.230    215.8 
   0.000    -36.000     74.741     71.225    228.6 
   0.000    -32.000     74.751     71.220    235.8 
   0.000    -28.000     74.761     71.216    253.2 
   0.000    -24.000     74.771     71.212    266.2 
   0.000    -20.000     74.781     71.208    304.4 
   0.000    -16.000     74.790     71.204    386.8 
   0.000    -12.000     74.801     71.199    19205.6 
   0.000     -8.000     74.811     71.195    79737 
   0.000     -4.000     74.821     71.191    81407.8 
   0.000      0.000     74.831     71.187    81853 
   0.000      4.000     74.841     71.183    81455.4 
   0.000      8.000     74.851     71.179    40855 
   0.000     12.000     74.860     71.175    428.8 
   0.000     16.000     74.871     71.170    320.4 
   0.000     20.000     74.881     71.166    278 
   0.000     24.000     74.891     71.162    261.4 
   0.000     28.000     74.901     71.158    264.2 
   0.000     32.000     74.911     71.154    246.6 
   0.000     36.000     74.921     71.149    250.4 
   0.000     40.000     74.931     71.145    243 
Field of view Scan started at 06:38:16filter: 3CY 5SL  5 
-160.000      0.000    114.318     55.481    153.8 
-140.000      0.000    114.335     55.475    209.2 
-120.000      0.000    114.348     55.470    318.6 
-100.000      0.000    114.361     55.466    520 
 -80.000      0.000    114.374     55.462    877.6 
 -60.000      0.000    114.387     55.457    1402.4 
 -40.000      0.000    114.400     55.453    2787.8 
 -20.000      0.000    114.413     55.448    12350 
   0.000      0.000    114.426     55.444    10832.6 
  20.000      0.000    114.439     55.439    8976.4 
  40.000      0.000    114.452     55.435    7343.6 
  60.000      0.000    114.465     55.431    4216.2 
  80.000      0.000    114.478     55.426    914.2 
 100.000      0.000    114.491     55.422    547.2 
 120.000      0.000    114.504     55.418    368 
 140.000      0.000    114.517     55.413    268.4 
 160.000      0.000    114.530     55.409    218.6 
   0.000    -40.000    114.543     55.404    134 
   0.000    -36.000    114.560     55.398    151.8 
   0.000    -32.000    114.572     55.395    189.2 
   0.000    -28.000    114.583     55.391    245 
   0.000    -24.000    114.595     55.387    305.4 
   0.000    -20.000    114.606     55.383    409 
   0.000    -16.000    114.618     55.379    575.8 
   0.000    -12.000    114.630     55.375    896.6 
   0.000     -8.000    114.642     55.371    1699.2 
   0.000     -4.000    114.653     55.367    1919.4 
   0.000      0.000    114.665     55.363    1979.8 
   0.000      4.000    114.676     55.359    1869.8 
   0.000      8.000    114.687     55.355    1178.8 
   0.000     12.000    114.699     55.351    682.8 
   0.000     16.000    114.711     55.348    428.4 
   0.000     20.000    114.723     55.344    287.6 
   0.000     24.000    114.734     55.340    229.4 
   0.000     28.000    114.747     55.335    197.2 
   0.000     32.000    114.758     55.332    176.6 
   0.000     36.000    114.770     55.328    157.2 
   0.000     40.000    114.781     55.324    134.6 
Field of view Scan started at 08:22:55filter: 3CY 5SL  5 
-160.000      0.000    143.517     47.701    24 
-140.000      0.000    143.536     47.697    25.4 
-120.000      0.000    143.552     47.694    25.4 
-100.000      0.000    143.567     47.691    25.4 
 -80.000      0.000    143.582     47.688    25.2 
 -60.000      0.000    143.597     47.685    26 
 -40.000      0.000    143.613     47.682    24.4 
 -20.000      0.000    143.628     47.679    25.2 
   0.000      0.000    143.643     47.677    26.2 
  20.000      0.000    143.659     47.674    26 
  40.000      0.000    143.674     47.671    24 
  60.000      0.000    143.688     47.668    22.6 
  80.000      0.000    143.704     47.666    21 
 100.000      0.000    143.719     47.663    22.8 
 120.000      0.000    143.734     47.660    22.2 
 140.000      0.000    143.749     47.657    19.8 
 160.000      0.000    143.766     47.654    21.8 
   0.000    -40.000    143.781     47.651    37.6 
   0.000    -36.000    143.801     47.647    35.4 
   0.000    -32.000    143.815     47.645    34.6 
   0.000    -28.000    143.829     47.642    32.2 
   0.000    -24.000    143.842     47.639    31.2 
   0.000    -20.000    143.855     47.637    29 
   0.000    -16.000    143.869     47.634    26.6 
   0.000    -12.000    143.883     47.632    28 
   0.000     -8.000    143.897     47.629    24.2 
   0.000     -4.000    143.910     47.627    25.4 
   0.000      0.000    143.924     47.624    25.4 
   0.000      4.000    143.937     47.622    24.6 
   0.000      8.000    143.951     47.619    26.4 
   0.000     12.000    143.964     47.617    22.4 
   0.000     16.000    143.977     47.614    23.6 
   0.000     20.000    143.992     47.611    25.6 
   0.000     24.000    144.005     47.609    22 
   0.000     28.000    144.018     47.606    21.8 
   0.000     32.000    144.032     47.604    21.2 
   0.000     36.000    144.046     47.601    21.4 
   0.000     40.000    144.059     47.599    22.6 
Field of view Scan started at 11:10:32filter: 3CY 5SL  5 
-160.000      0.000    197.436     45.055    149.4 
-140.000      0.000    197.457     45.056    147.8 
-120.000      0.000    197.473     45.058    171.4 
-100.000      0.000    197.490     45.059    326 
 -80.000      0.000    197.506     45.061    759.8 
 -60.000      0.000    197.522     45.062    1604 
 -40.000      0.000    197.539     45.064    6472.8 
 -20.000      0.000    197.556     45.065    18908.2 
   0.000      0.000    197.572     45.067    23860.8 
  20.000      0.000    197.589     45.068    27422.8 
  40.000      0.000    197.605     45.070    29445.8 
  60.000      0.000    197.621     45.071    18597.8 
  80.000      0.000    197.638     45.073    1740 
 100.000      0.000    197.654     45.074    866.2 
 120.000      0.000    197.671     45.076    387.4 
 140.000      0.000    197.687     45.077    219.6 
 160.000      0.000    197.704     45.079    156.8 
   0.000    -40.000    197.721     45.080    195.2 
   0.000    -36.000    197.742     45.082    238.8 
   0.000    -32.000    197.757     45.084    289.8 
   0.000    -28.000    197.771     45.085    362.4 
   0.000    -24.000    197.785     45.086    528 
   0.000    -20.000    197.800     45.087    904.4 
   0.000    -16.000    197.814     45.089    1404.6 
   0.000    -12.000    197.830     45.090    13747.4 
   0.000     -8.000    197.844     45.092    56595.4 
   0.000     -4.000    197.859     45.093    57878 
   0.000      0.000    197.873     45.094    58196.8 
   0.000      4.000    197.888     45.096    57974.4 
   0.000      8.000    197.902     45.097    35793.2 
   0.000     12.000    197.916     45.098    645 
   0.000     16.000    197.932     45.100    459 
   0.000     20.000    197.946     45.101    428 
   0.000     24.000    197.961     45.102    379.8 
   0.000     28.000    197.976     45.104    339 
   0.000     32.000    197.990     45.105    279.4 
   0.000     36.000    198.004     45.106    234 
   0.000     40.000    198.018     45.108    206 
Field of view Scan started at 12:35:17filter: 3CY 5SL  5 
-160.000      0.000    223.528     49.184    101.4 
-140.000      0.000    223.547     49.188    103.6 
-120.000      0.000    223.562     49.192    111.4 
-100.000      0.000    223.576     49.195    114.6 
 -80.000      0.000    223.590     49.198    138.4 
 -60.000      0.000    223.605     49.202    184.2 
 -40.000      0.000    223.620     49.205    17976.2 
 -20.000      0.000    223.635     49.208    64060.8 
   0.000      0.000    223.650     49.212    65026.4 
  20.000      0.000    223.664     49.215    65144 
  40.000      0.000    223.679     49.218    64763 
  60.000      0.000    223.694     49.222    35441.2 
  80.000      0.000    223.709     49.225    213.6 
 100.000      0.000    223.723     49.228    154.2 
 120.000      0.000    223.738     49.232    129 
 140.000      0.000    223.753     49.235    111.8 
 160.000      0.000    223.769     49.239    105.8 
   0.000    -40.000    223.783     49.242    101 
   0.000    -36.000    223.802     49.247    101.2 
   0.000    -32.000    223.816     49.250    102.8 
   0.000    -28.000    223.828     49.253    108.4 
   0.000    -24.000    223.841     49.255    120 
   0.000    -20.000    223.854     49.258    137.4 
   0.000    -16.000    223.867     49.261    199.8 
   0.000    -12.000    223.881     49.265    19505.8 
   0.000     -8.000    223.894     49.268    63998.2 
   0.000     -4.000    223.907     49.271    65346.2 
   0.000      0.000    223.920     49.274    65653 
   0.000      4.000    223.933     49.276    65429 
   0.000      8.000    223.946     49.280    33682.6 
   0.000     12.000    223.959     49.282    215.8 
   0.000     16.000    223.972     49.286    138.4 
   0.000     20.000    223.985     49.288    112.8 
   0.000     24.000    223.999     49.292    112 
   0.000     28.000    224.012     49.295    97.4 
   0.000     32.000    224.025     49.298    89.2 
   0.000     36.000    224.038     49.301    90.4 
   0.000     40.000    224.051     49.304    92.4 
Field of view Scan started at 14:19:51filter: 3CY 5SL  5 
-160.000      0.000    251.691     57.624    76.6 
-140.000      0.000    251.707     57.629    89.6 
-120.000      0.000    251.719     57.634    128.4 
-100.000      0.000    251.732     57.638    196.6 
 -80.000      0.000    251.744     57.643    360 
 -60.000      0.000    251.757     57.648    797.6 
 -40.000      0.000    251.769     57.652    2123.6 
 -20.000      0.000    251.782     57.657    4214.2 
   0.000      0.000    251.795     57.662    5199.6 
  20.000      0.000    251.807     57.666    5741 
  40.000      0.000    251.819     57.671    5861.2 
  60.000      0.000    251.832     57.675    2944.4 
  80.000      0.000    251.844     57.680    649 
 100.000      0.000    251.857     57.684    370 
 120.000      0.000    251.869     57.689    218.6 
 140.000      0.000    251.882     57.694    139 
 160.000      0.000    251.895     57.698    113 
   0.000    -40.000    251.908     57.703    68.6 
   0.000    -36.000    251.924     57.709    95.8 
   0.000    -32.000    251.935     57.713    111.6 
   0.000    -28.000    251.946     57.717    114.6 
   0.000    -24.000    251.957     57.721    110.4 
   0.000    -20.000    251.968     57.725    119 
   0.000    -16.000    251.980     57.729    480.2 
   0.000    -12.000    251.991     57.734    3399.8 
   0.000     -8.000    252.002     57.738    10798.4 
   0.000     -4.000    252.013     57.742    12678 
   0.000      0.000    252.025     57.746    14146.8 
   0.000      4.000    252.036     57.750    15138 
   0.000      8.000    252.047     57.754    8671.4 
   0.000     12.000    252.058     57.758    613.2 
   0.000     16.000    252.069     57.762    242.2 
   0.000     20.000    252.081     57.766    96.4 
   0.000     24.000    252.093     57.771    83.8 
   0.000     28.000    252.103     57.775    78.6 
   0.000     32.000    252.115     57.779    74.8 
   0.000     36.000    252.126     57.783    71.8 
   0.000     40.000    252.137     57.787    66.8 
Field of view Scan started at 16:38:12filter: 0CY 5SL  5 
-160.000      0.000    283.986     70.734    789.6 
-140.000      0.000    284.001     70.740    812 
-120.000      0.000    284.012     70.745    869.4 
-100.000      0.000    284.023     70.749    1003.2 
 -80.000      0.000    284.034     70.754    1236 
 -60.000      0.000    284.045     70.759    2126 
 -40.000      0.000    284.056     70.763    173667.4 
 -20.000      0.000    284.068     70.768    214867.4 
   0.000      0.000    284.079     70.773    215802.2 
  20.000      0.000    284.091     70.778    214656.8 
  40.000      0.000    284.102     70.782    207778.2 
  60.000      0.000    284.113     70.787    6038.2 
  80.000      0.000    284.124     70.791    1740.2 
 100.000      0.000    284.135     70.796    1489.2 
 120.000      0.000    284.146     70.801    1262.6 
 140.000      0.000    284.158     70.806    1081.8 
 160.000      0.000    284.169     70.810    918.2 
   0.000    -40.000    284.180     70.815    773.6 
   0.000    -36.000    284.194     70.821    908.6 
   0.000    -32.000    284.204     70.825    1086.8 
   0.000    -28.000    284.214     70.829    1540.2 
   0.000    -24.000    284.224     70.833    1875.8 
   0.000    -20.000    284.234     70.838    2379.2 
   0.000    -16.000    284.245     70.842    3849.2 
   0.000    -12.000    284.255     70.846    81375 
   0.000     -8.000    284.265     70.850    196686.4 
   0.000     -4.000    284.275     70.855    197978.4 
   0.000      0.000    284.285     70.859    196328.8 
   0.000      4.000    284.295     70.863    193573.2 
   0.000      8.000    284.305     70.867    154686.8 
   0.000     12.000    284.314     70.871    3297.2 
   0.000     16.000    284.324     70.875    2153.8 
   0.000     20.000    284.335     70.880    1357.8 
   0.000     24.000    284.345     70.884    957.2 
   0.000     28.000    284.355     70.888    838.6 
   0.000     32.000    284.365     70.892    814.8 
   0.000     36.000    284.375     70.896    775.2 
   0.000     40.000    284.384     70.901    760.8 
