Field of view Scan started at 04:10:52filter: 0CY 5SL  5 
-160.000      0.000     79.581     71.305    427.6 
-140.000      0.000     79.595     71.299    423.8 
-120.000      0.000     79.606     71.294    427.6 
-100.000      0.000     79.617     71.289    425.8 
 -80.000      0.000     79.629     71.285    421.6 
 -60.000      0.000     79.639     71.280    433.6 
 -40.000      0.000     79.651     71.275    421.4 
 -20.000      0.000     79.662     71.271    426.2 
   0.000      0.000     79.673     71.266    426.2 
  20.000      0.000     79.684     71.261    426.2 
  40.000      0.000     79.696     71.256    419 
  60.000      0.000     79.707     71.252    428.6 
  80.000      0.000     79.718     71.247    423 
 100.000      0.000     79.729     71.243    429 
 120.000      0.000     79.741     71.238    423.8 
 140.000      0.000     79.752     71.233    425.8 
 160.000      0.000     79.763     71.228    425.2 
   0.000    -40.000     79.774     71.224    350.2 
   0.000    -36.000     79.788     71.218    352.4 
   0.000    -32.000     79.798     71.214    354.4 
   0.000    -28.000     79.808     71.209    375.4 
   0.000    -24.000     79.818     71.205    384.2 
   0.000    -20.000     79.829     71.201    399 
   0.000    -16.000     79.839     71.197    403.6 
   0.000    -12.000     79.849     71.192    418.4 
   0.000     -8.000     79.859     71.188    421.2 
   0.000     -4.000     79.869     71.184    433.2 
   0.000      0.000     79.879     71.180    430.4 
   0.000      4.000     79.889     71.175    440.2 
   0.000      8.000     79.899     71.171    443.6 
   0.000     12.000     79.909     71.167    443.6 
   0.000     16.000     79.919     71.163    447.4 
   0.000     20.000     79.929     71.159    440.2 
   0.000     24.000     79.939     71.155    451.4 
   0.000     28.000     79.949     71.151    447.4 
   0.000     32.000     79.959     71.146    447.2 
   0.000     36.000     79.969     71.142    458.6 
   0.000     40.000     79.979     71.138    457.8 
Field of view Scan started at 07:00:46filter: 3CY 5SL  5 
-160.000      0.000    120.460     55.561    37.4 
-140.000      0.000    120.477     55.556    34.4 
-120.000      0.000    120.490     55.552    36.6 
-100.000      0.000    120.504     55.548    35.8 
 -80.000      0.000    120.517     55.544    35.2 
 -60.000      0.000    120.530     55.539    33.8 
 -40.000      0.000    120.543     55.535    37.6 
 -20.000      0.000    120.556     55.531    35.4 
   0.000      0.000    120.570     55.527    35.8 
  20.000      0.000    120.583     55.523    40.8 
  40.000      0.000    120.597     55.519    38.8 
  60.000      0.000    120.610     55.514    38.6 
  80.000      0.000    120.623     55.510    34.6 
 100.000      0.000    120.637     55.506    36.8 
 120.000      0.000    120.650     55.502    38.6 
 140.000      0.000    120.663     55.498    37 
 160.000      0.000    120.676     55.494    37 
   0.000    -40.000    120.690     55.489    38 
   0.000    -36.000    120.707     55.484    35.6 
   0.000    -32.000    120.719     55.480    34.2 
   0.000    -28.000    120.731     55.477    36.2 
   0.000    -24.000    120.743     55.473    36.4 
   0.000    -20.000    120.755     55.469    35.6 
   0.000    -16.000    120.767     55.465    34 
   0.000    -12.000    120.779     55.462    35 
   0.000     -8.000    120.791     55.458    36 
   0.000     -4.000    120.803     55.454    37.4 
   0.000      0.000    120.815     55.451    35.6 
   0.000      4.000    120.826     55.447    33.4 
   0.000      8.000    120.838     55.443    38.4 
   0.000     12.000    120.850     55.439    36.4 
   0.000     16.000    120.862     55.436    37.8 
   0.000     20.000    120.874     55.432    37 
   0.000     24.000    120.886     55.428    35.6 
   0.000     28.000    120.898     55.425    35.2 
   0.000     32.000    120.910     55.421    32.4 
   0.000     36.000    120.922     55.417    35.8 
   0.000     40.000    120.934     55.413    35.8 
Field of view Scan started at 09:00:05filter: 3CY 5SL  5 
-160.000      0.000    154.733     47.888    44 
-140.000      0.000    154.753     47.885    44.6 
-120.000      0.000    154.768     47.883    39.8 
-100.000      0.000    154.784     47.881    45.4 
 -80.000      0.000    154.799     47.879    44 
 -60.000      0.000    154.815     47.877    42.6 
 -40.000      0.000    154.830     47.875    42 
 -20.000      0.000    154.846     47.873    45 
   0.000      0.000    154.861     47.871    42.4 
  20.000      0.000    154.877     47.869    42.6 
  40.000      0.000    154.893     47.867    42.6 
  60.000      0.000    154.909     47.865    44 
  80.000      0.000    154.924     47.863    42.4 
 100.000      0.000    154.940     47.861    43.8 
 120.000      0.000    154.956     47.859    42.6 
 140.000      0.000    154.971     47.857    43.2 
 160.000      0.000    154.987     47.855    45.4 
   0.000    -40.000    155.002     47.853    44.8 
   0.000    -36.000    155.023     47.850    46 
   0.000    -32.000    155.037     47.848    46.4 
   0.000    -28.000    155.051     47.846    43.4 
   0.000    -24.000    155.065     47.844    43.2 
   0.000    -20.000    155.079     47.842    42 
   0.000    -16.000    155.093     47.841    41.2 
   0.000    -12.000    155.107     47.839    40.4 
   0.000     -8.000    155.121     47.837    43.8 
   0.000     -4.000    155.135     47.835    44 
   0.000      0.000    155.148     47.833    41.6 
   0.000      4.000    155.163     47.832    43.8 
   0.000      8.000    155.177     47.830    44.4 
   0.000     12.000    155.190     47.828    42.4 
   0.000     16.000    155.205     47.826    40.2 
   0.000     20.000    155.219     47.824    44.4 
   0.000     24.000    155.233     47.822    45.4 
   0.000     28.000    155.246     47.821    43.8 
   0.000     32.000    155.260     47.819    42.4 
   0.000     36.000    155.274     47.817    43.2 
   0.000     40.000    155.288     47.815    43.4 
Field of view Scan started at 11:12:25filter: 3CY 5SL  5 
-160.000      0.000    196.972     46.986    53 
-140.000      0.000    196.993     46.988    52.4 
-120.000      0.000    197.009     46.989    49.6 
-100.000      0.000    197.025     46.991    47.8 
 -80.000      0.000    197.041     46.992    51.8 
 -60.000      0.000    197.057     46.994    47.4 
 -40.000      0.000    197.073     46.995    49.2 
 -20.000      0.000    197.089     46.997    50.8 
   0.000      0.000    197.105     46.998    46.6 
  20.000      0.000    197.121     46.999    50.6 
  40.000      0.000    197.138     47.001    50.4 
  60.000      0.000    197.154     47.002    49.8 
  80.000      0.000    197.169     47.004    51.4 
 100.000      0.000    197.185     47.005    51 
 120.000      0.000    197.201     47.007    52.2 
 140.000      0.000    197.217     47.008    49 
 160.000      0.000    197.233     47.010    47.2 
   0.000    -40.000    197.250     47.011    47.8 
   0.000    -36.000    197.271     47.013    48.2 
   0.000    -32.000    197.286     47.014    47.4 
   0.000    -28.000    197.300     47.016    47.4 
   0.000    -24.000    197.315     47.017    44.6 
   0.000    -20.000    197.329     47.018    42.2 
   0.000    -16.000    197.344     47.020    43.8 
   0.000    -12.000    197.357     47.021    45.4 
   0.000     -8.000    197.371     47.022    41.6 
   0.000     -4.000    197.386     47.023    47 
   0.000      0.000    197.400     47.025    44.6 
   0.000      4.000    197.414     47.026    46.6 
   0.000      8.000    197.428     47.027    46.8 
   0.000     12.000    197.443     47.029    45.8 
   0.000     16.000    197.457     47.030    49.4 
   0.000     20.000    197.472     47.031    50.6 
   0.000     24.000    197.486     47.032    50 
   0.000     28.000    197.500     47.034    49.2 
   0.000     32.000    197.514     47.035    54 
   0.000     36.000    197.528     47.036    49.4 
   0.000     40.000    197.542     47.038    52 
Field of view Scan started at 12:02:20filter: 3CY 5SL  5 
-160.000      0.000    212.419     48.996    59 
-140.000      0.000    212.439     48.999    57 
-120.000      0.000    212.454     49.002    61.8 
-100.000      0.000    212.469     49.005    54.8 
 -80.000      0.000    212.484     49.007    60.4 
 -60.000      0.000    212.500     49.010    58.6 
 -40.000      0.000    212.515     49.012    59 
 -20.000      0.000    212.530     49.015    60.8 
   0.000      0.000    212.545     49.018    61.4 
  20.000      0.000    212.561     49.020    59.6 
  40.000      0.000    212.576     49.023    60.6 
  60.000      0.000    212.591     49.025    59.6 
  80.000      0.000    212.606     49.028    61.2 
 100.000      0.000    212.621     49.031    60.4 
 120.000      0.000    212.636     49.033    60.6 
 140.000      0.000    212.651     49.036    60.6 
 160.000      0.000    212.666     49.038    59.8 
   0.000    -40.000    212.682     49.041    60 
   0.000    -36.000    212.701     49.045    59.4 
   0.000    -32.000    212.715     49.047    63 
   0.000    -28.000    212.729     49.050    64.2 
   0.000    -24.000    212.742     49.052    65 
   0.000    -20.000    212.755     49.054    70 
   0.000    -16.000    212.769     49.057    74.8 
   0.000    -12.000    212.783     49.059    74.2 
   0.000     -8.000    212.796     49.061    70.6 
   0.000     -4.000    212.809     49.063    67 
   0.000      0.000    212.823     49.066    67.8 
   0.000      4.000    212.837     49.068    66.8 
   0.000      8.000    212.850     49.070    69.6 
   0.000     12.000    212.864     49.073    67.4 
   0.000     16.000    212.878     49.075    69.2 
   0.000     20.000    212.891     49.078    70.2 
   0.000     24.000    212.905     49.080    68.8 
   0.000     28.000    212.918     49.082    72.8 
   0.000     32.000    212.931     49.085    72.6 
   0.000     36.000    212.945     49.087    73.2 
   0.000     40.000    212.958     49.089    71.8 
Field of view Scan started at 14:02:00filter: 3CY 5SL  5 
-160.000      0.000    245.699     57.637    16.8 
-140.000      0.000    245.715     57.643    16.8 
-120.000      0.000    245.728     57.647    14.4 
-100.000      0.000    245.741     57.651    16 
 -80.000      0.000    245.753     57.656    15 
 -60.000      0.000    245.767     57.660    15 
 -40.000      0.000    245.779     57.665    15.2 
 -20.000      0.000    245.792     57.669    13.6 
   0.000      0.000    245.805     57.673    14.8 
  20.000      0.000    245.817     57.678    14.8 
  40.000      0.000    245.830     57.682    15.4 
  60.000      0.000    245.843     57.687    15 
  80.000      0.000    245.856     57.691    17.2 
 100.000      0.000    245.869     57.695    15.2 
 120.000      0.000    245.882     57.700    17.4 
 140.000      0.000    245.894     57.704    15 
 160.000      0.000    245.907     57.708    16.8 
   0.000    -40.000    245.920     57.713    16.6 
   0.000    -36.000    245.936     57.718    15.6 
   0.000    -32.000    245.947     57.722    15.2 
   0.000    -28.000    245.959     57.726    15.4 
   0.000    -24.000    245.970     57.731    14.8 
   0.000    -20.000    245.982     57.735    15.6 
   0.000    -16.000    245.993     57.738    14 
   0.000    -12.000    246.005     57.742    16 
   0.000     -8.000    246.016     57.746    17 
   0.000     -4.000    246.028     57.750    17 
   0.000      0.000    246.039     57.754    16.4 
   0.000      4.000    246.050     57.758    13.6 
   0.000      8.000    246.061     57.762    17.2 
   0.000     12.000    246.073     57.766    15.2 
   0.000     16.000    246.084     57.770    14.6 
   0.000     20.000    246.096     57.774    15.2 
   0.000     24.000    246.107     57.778    16.2 
   0.000     28.000    246.118     57.781    15.2 
   0.000     32.000    246.130     57.785    14.8 
   0.000     36.000    246.141     57.789    14.2 
   0.000     40.000    246.152     57.793    15.2 
Field of view Scan started at 16:21:07filter: 0CY 5SL  5 
-160.000      0.000    278.796     70.718    107.8 
-140.000      0.000    278.810     70.724    102.8 
-120.000      0.000    278.821     70.729    106.8 
-100.000      0.000    278.833     70.734    106.8 
 -80.000      0.000    278.844     70.739    107.8 
 -60.000      0.000    278.855     70.743    108 
 -40.000      0.000    278.866     70.748    108.2 
 -20.000      0.000    278.877     70.753    105 
   0.000      0.000    278.888     70.757    108 
  20.000      0.000    278.900     70.762    109 
  40.000      0.000    278.911     70.767    107 
  60.000      0.000    278.922     70.772    108.6 
  80.000      0.000    278.933     70.776    111.8 
 100.000      0.000    278.944     70.781    112.8 
 120.000      0.000    278.956     70.786    111.8 
 140.000      0.000    278.967     70.790    108.6 
 160.000      0.000    278.978     70.795    107 
   0.000    -40.000    278.989     70.800    100 
   0.000    -36.000    279.004     70.806    100.8 
   0.000    -32.000    279.014     70.810    99.6 
   0.000    -28.000    279.024     70.815    94 
   0.000    -24.000    279.034     70.819    94 
   0.000    -20.000    279.045     70.823    93.6 
   0.000    -16.000    279.054     70.827    97.6 
   0.000    -12.000    279.065     70.831    98.4 
   0.000     -8.000    279.074     70.835    107.4 
   0.000     -4.000    279.084     70.840    103.6 
   0.000      0.000    279.094     70.844    111.2 
   0.000      4.000    279.104     70.848    120.6 
   0.000      8.000    279.115     70.852    117.4 
   0.000     12.000    279.125     70.857    119.8 
   0.000     16.000    279.134     70.861    115.8 
   0.000     20.000    279.144     70.865    113.6 
   0.000     24.000    279.154     70.869    121.2 
   0.000     28.000    279.165     70.873    125.6 
   0.000     32.000    279.174     70.877    120 
   0.000     36.000    279.184     70.882    120.8 
   0.000     40.000    279.194     70.886    118.2 
