Field of view Scan started at 05:02:01filter: 0CY 5SL  5 
-160.000      0.000     93.727     71.259    91.2 
-140.000      0.000     93.742     71.253    93.2 
-120.000      0.000     93.753     71.248    90.4 
-100.000      0.000     93.765     71.243    91.8 
 -80.000      0.000     93.776     71.238    92.6 
 -60.000      0.000     93.788     71.234    93 
 -40.000      0.000     93.799     71.229    94.6 
 -20.000      0.000     93.812     71.224    100.2 
   0.000      0.000     93.823     71.219    96.8 
  20.000      0.000     93.835     71.215    99 
  40.000      0.000     93.846     71.210    95.8 
  60.000      0.000     93.858     71.205    100.6 
  80.000      0.000     93.869     71.200    99.4 
 100.000      0.000     93.881     71.196    105.2 
 120.000      0.000     93.892     71.191    102.6 
 140.000      0.000     93.904     71.186    99.2 
 160.000      0.000     93.915     71.181    102.4 
   0.000    -40.000     93.928     71.176    87 
   0.000    -36.000     93.943     71.170    84.6 
   0.000    -32.000     93.953     71.166    88.4 
   0.000    -28.000     93.964     71.162    84.8 
   0.000    -24.000     93.974     71.157    86.4 
   0.000    -20.000     93.984     71.153    90 
   0.000    -16.000     93.995     71.149    94 
   0.000    -12.000     94.005     71.145    96 
   0.000     -8.000     94.016     71.140    93.2 
   0.000     -4.000     94.026     71.136    102 
   0.000      0.000     94.037     71.131    95 
   0.000      4.000     94.047     71.127    95.4 
   0.000      8.000     94.058     71.123    99.8 
   0.000     12.000     94.068     71.119    100 
   0.000     16.000     94.078     71.114    99 
   0.000     20.000     94.088     71.110    98.4 
   0.000     24.000     94.099     71.106    102.4 
   0.000     28.000     94.109     71.102    105.2 
   0.000     32.000     94.120     71.097    110.2 
   0.000     36.000     94.131     71.094    111 
   0.000     40.000     94.141     71.089    112.2 
Field of view Scan started at 11:12:16filter: 3CY 5SL  5 
-160.000      0.000    196.316     52.360    39.4 
-140.000      0.000    196.335     52.362    40 
-120.000      0.000    196.350     52.363    37.2 
-100.000      0.000    196.365     52.365    37 
 -80.000      0.000    196.381     52.366    35.6 
 -60.000      0.000    196.397     52.367    38.4 
 -40.000      0.000    196.412     52.369    37.2 
 -20.000      0.000    196.427     52.370    38.2 
   0.000      0.000    196.442     52.371    37.6 
  20.000      0.000    196.458     52.373    36.2 
  40.000      0.000    196.473     52.374    36 
  60.000      0.000    196.488     52.376    36.6 
  80.000      0.000    196.503     52.377    38.8 
 100.000      0.000    196.519     52.378    37 
 120.000      0.000    196.534     52.380    39.6 
 140.000      0.000    196.549     52.381    37.2 
 160.000      0.000    196.565     52.383    37.4 
   0.000    -40.000    196.581     52.384    40.2 
   0.000    -36.000    196.601     52.386    39.4 
   0.000    -32.000    196.615     52.387    40.2 
   0.000    -28.000    196.629     52.388    38.2 
   0.000    -24.000    196.642     52.390    36.8 
   0.000    -20.000    196.656     52.391    37.2 
   0.000    -16.000    196.670     52.392    36.8 
   0.000    -12.000    196.684     52.393    38.2 
   0.000     -8.000    196.697     52.395    38.2 
   0.000     -4.000    196.711     52.396    38.6 
   0.000      0.000    196.725     52.397    37.2 
   0.000      4.000    196.738     52.398    35.6 
   0.000      8.000    196.751     52.400    39 
   0.000     12.000    196.765     52.401    39.6 
   0.000     16.000    196.778     52.402    35.6 
   0.000     20.000    196.793     52.403    37.4 
   0.000     24.000    196.806     52.405    36.6 
   0.000     28.000    196.820     52.406    36.4 
   0.000     32.000    196.834     52.407    35.8 
   0.000     36.000    196.847     52.408    38.6 
   0.000     40.000    196.860     52.410    36.4 
Field of view Scan started at 15:29:16filter: 0CY 5SL  5 
-160.000      0.000    264.741     70.768    506.4 
-140.000      0.000    264.755     70.774    505.6 
-120.000      0.000    264.767     70.779    506.6 
-100.000      0.000    264.778     70.784    508.8 
 -80.000      0.000    264.790     70.788    510.6 
 -60.000      0.000    264.801     70.793    515.2 
 -40.000      0.000    264.813     70.798    506.8 
 -20.000      0.000    264.825     70.803    512.4 
   0.000      0.000    264.837     70.808    514 
  20.000      0.000    264.848     70.812    510.2 
  40.000      0.000    264.860     70.817    512.2 
  60.000      0.000    264.872     70.822    503.8 
  80.000      0.000    264.883     70.827    515.2 
 100.000      0.000    264.895     70.831    509 
 120.000      0.000    264.907     70.836    501.6 
 140.000      0.000    264.918     70.841    506.2 
 160.000      0.000    264.930     70.846    504.6 
   0.000    -40.000    264.942     70.850    460.2 
   0.000    -36.000    264.956     70.856    469.4 
   0.000    -32.000    264.967     70.861    465.4 
   0.000    -28.000    264.977     70.865    473 
   0.000    -24.000    264.988     70.869    477.6 
   0.000    -20.000    264.999     70.874    487.8 
   0.000    -16.000    265.009     70.878    487.6 
   0.000    -12.000    265.020     70.882    491 
   0.000     -8.000    265.030     70.887    501 
   0.000     -4.000    265.040     70.891    499 
   0.000      0.000    265.051     70.895    497.8 
   0.000      4.000    265.062     70.900    500 
   0.000      8.000    265.072     70.904    516.6 
   0.000     12.000    265.082     70.908    522.6 
   0.000     16.000    265.093     70.912    510.6 
   0.000     20.000    265.103     70.917    522.6 
   0.000     24.000    265.114     70.921    529.8 
   0.000     28.000    265.125     70.925    531 
   0.000     32.000    265.135     70.930    531.2 
   0.000     36.000    265.146     70.934    522.4 
   0.000     40.000    265.156     70.938    532 
