0.00000      
0.04098      
0.23230      
0.38390      
0.27620      
0.0          
0.34050      
2.35000      
1.1420       
1565         
290          
0.0000000320 
1032         
94           
2439         
0            
4281         
9355         
13935        
21690        
25000        
2972         
mkiii       
1            
0            
0            
0            
0            
0            
0            
0            
7125         
6480         
178          
-3.00000     
770          
740          
8028         
178          
2525         
1.00085      
-12.8        
1728         
250          
0.200        
0            
256          
0            
64           
56           
2229         
Sept 13/2009 
