0.00000      
0.55180      
0.38690      
-0.19350     
-1.35380     
-0.0         
0.34350      
2.35000      
1.15140      
3197         
3785         
0.0000000260 
290          
92           
1757         
0.0000       
4900         
9200         
15780        
21520        
25000        
2816         
mkii        
1            
0            
0            
0            
0            
0            
0            
0            
2925         
0            
0            
1.00000      
0            
0            
0            
0            
2546         
0.99262      
25.47607     
3469         
250          
0.300        
0            
256          
0            
64           
31           
2100         
Sept 14/2009 
