0.0          
-0.4         
-1.3         
-1.5         
-2.8         
0.0          
0.34160      
2.35000      
1.14590      
3300         
3270         
0.000000044  
859          
76           
2228         
0.0000       
4390.0000    
8780.0000    
14295.0000   
20000.0000   
25000.0000   
2816         
mkii        
2            
0            
0            
0            
0            
0            
0            
0            
3640         
0            
242          
1.00000      
0            
0            
0            
0            
78           
0.00000      
0.00000      
2469         
250          
0.200        
0            
256          
0            
64           
56           
2112         
May 16/15    
EXTRAS       
1            
0            
0            
25000        
80000        
0            
1            
0            
0            
05-18-2015
