0            
-.2755       
-1.0579      
-1.5213      
-3.0124      
0            
0.3365       
2.35         
1.1362       
3440         
3650         
.000000040   
919          
80           
2402         
0            
5000         
10000        
15000        
20000        
25000        
2816         
mkii        
1            
0            
0            
0            
0            
0            
0            
0            
2666         
0            
0            
0            
0            
0            
0            
0            
2639         
0            
0            
2687         
75           
0.2          
0            
256          
0            
0            
39           
015          
Sept 20/05   
