Field of view Scan started at 05:44:44filter: 0CY 5SL  5 
-160.000      0.000     66.367     84.153    59.6 
-140.000      0.000     66.375     84.144    59.4 
-120.000      0.000     66.380     84.137    60.6 
-100.000      0.000     66.386     84.129    63.4 
 -80.000      0.000     66.392     84.122    64.2 
 -60.000      0.000     66.398     84.114    79.8 
 -40.000      0.000     66.404     84.107    86.8 
 -20.000      0.000     66.410     84.100    84.6 
   0.000      0.000     66.415     84.093    89.4 
  20.000      0.000     66.421     84.085    84.8 
  40.000      0.000     66.427     84.078    88 
  60.000      0.000     66.433     84.071    73 
  80.000      0.000     66.439     84.063    64 
 100.000      0.000     66.445     84.056    57.6 
 120.000      0.000     66.451     84.049    56.8 
 140.000      0.000     66.456     84.041    54.4 
 160.000      0.000     66.462     84.034    52.8 
   0.000    -40.000     66.468     84.027    36.8 
   0.000    -36.000     66.476     84.017    41 
   0.000    -32.000     66.481     84.011    45.2 
   0.000    -28.000     66.486     84.004    48.4 
   0.000    -24.000     66.491     83.997    55 
   0.000    -20.000     66.496     83.991    56.8 
   0.000    -16.000     66.501     83.985    59 
   0.000    -12.000     66.506     83.978    86 
   0.000     -8.000     66.512     83.972    88.6 
   0.000     -4.000     66.517     83.965    94 
   0.000      0.000     66.522     83.959    99 
   0.000      4.000     66.527     83.953    103.4 
   0.000      8.000     66.532     83.946    98.8 
   0.000     12.000     66.537     83.940    79.2 
   0.000     16.000     66.542     83.933    75.6 
   0.000     20.000     66.547     83.927    77.4 
   0.000     24.000     66.552     83.920    77.6 
   0.000     28.000     66.558     83.914    85.2 
   0.000     32.000     66.563     83.907    84 
   0.000     36.000     66.568     83.901    87.6 
   0.000     40.000     66.573     83.895    87.4 
Field of view Scan started at 06:14:56filter: 0CY 5SL  5 
-160.000      0.000     70.592     78.615    543.8 
-140.000      0.000     70.600     78.604    619.8 
-120.000      0.000     70.605     78.597    700.6 
-100.000      0.000     70.611     78.589    824.8 
 -80.000      0.000     70.617     78.581    1178.8 
 -60.000      0.000     70.622     78.574    8528.6 
 -40.000      0.000     70.627     78.566    13067 
 -20.000      0.000     70.633     78.558    13590.2 
   0.000      0.000     70.639     78.550    13779.8 
  20.000      0.000     70.644     78.543    13580.2 
  40.000      0.000     70.650     78.535    12876.4 
  60.000      0.000     70.656     78.527    4780.6 
  80.000      0.000     70.661     78.520    964 
 100.000      0.000     70.667     78.512    801 
 120.000      0.000     70.672     78.505    694.6 
 140.000      0.000     70.678     78.497    617 
 160.000      0.000     70.684     78.489    570.6 
   0.000    -40.000     70.689     78.482    330.6 
   0.000    -36.000     70.697     78.472    368.8 
   0.000    -32.000     70.702     78.465    429 
   0.000    -28.000     70.707     78.458    502.8 
   0.000    -24.000     70.712     78.451    615 
   0.000    -20.000     70.717     78.445    747 
   0.000    -16.000     70.721     78.438    2111.2 
   0.000    -12.000     70.726     78.431    12218.6 
   0.000     -8.000     70.731     78.425    14245.8 
   0.000     -4.000     70.736     78.418    14787.6 
   0.000      0.000     70.741     78.411    14970.8 
   0.000      4.000     70.746     78.405    14813.8 
   0.000      8.000     70.751     78.398    14310.8 
   0.000     12.000     70.756     78.391    5465.6 
   0.000     16.000     70.761     78.384    1075.8 
   0.000     20.000     70.766     78.378    903.6 
   0.000     24.000     70.771     78.371    783.4 
   0.000     28.000     70.775     78.364    731.6 
   0.000     32.000     70.781     78.357    680.6 
   0.000     36.000     70.785     78.351    648 
   0.000     40.000     70.790     78.344    611.6 
Field of view Scan started at 06:42:30filter: 1CY 5SL  5 
-160.000      0.000     74.340     73.397    880.4 
-140.000      0.000     74.347     73.386    1008.4 
-120.000      0.000     74.353     73.378    1201.2 
-100.000      0.000     74.358     73.371    1506.4 
 -80.000      0.000     74.365     73.362    2435.2 
 -60.000      0.000     74.370     73.354    24401 
 -40.000      0.000     74.376     73.346    43570.8 
 -20.000      0.000     74.381     73.338    45156 
   0.000      0.000     74.387     73.330    45716.2 
  20.000      0.000     74.392     73.322    44634.6 
  40.000      0.000     74.398     73.315    42791.6 
  60.000      0.000     74.403     73.307    18729 
  80.000      0.000     74.409     73.299    1890.8 
 100.000      0.000     74.414     73.291    1468 
 120.000      0.000     74.420     73.284    1187.2 
 140.000      0.000     74.425     73.276    1014.8 
 160.000      0.000     74.431     73.268    873.2 
   0.000    -40.000     74.436     73.260    633.4 
   0.000    -36.000     74.444     73.249    710.2 
   0.000    -32.000     74.448     73.242    810.4 
   0.000    -28.000     74.453     73.236    957.4 
   0.000    -24.000     74.458     73.229    1141.8 
   0.000    -20.000     74.463     73.222    1419.4 
   0.000    -16.000     74.468     73.215    4582.6 
   0.000    -12.000     74.473     73.208    38131.6 
   0.000     -8.000     74.477     73.201    45456.2 
   0.000     -4.000     74.482     73.195    47133.6 
   0.000      0.000     74.487     73.187    47669.2 
   0.000      4.000     74.492     73.181    46808.6 
   0.000      8.000     74.497     73.174    44606.4 
   0.000     12.000     74.502     73.167    13408.8 
   0.000     16.000     74.506     73.160    1652 
   0.000     20.000     74.511     73.153    1339.4 
   0.000     24.000     74.516     73.146    1120 
   0.000     28.000     74.521     73.140    986 
   0.000     32.000     74.525     73.133    893.2 
   0.000     36.000     74.530     73.126    804.2 
   0.000     40.000     74.535     73.119    742.2 
Field of view Scan started at 07:09:55filter: 2CY 5SL  5 
-160.000      0.000     78.020     68.103    685 
-140.000      0.000     78.027     68.092    792.6 
-120.000      0.000     78.032     68.084    930.4 
-100.000      0.000     78.038     68.076    1134.2 
 -80.000      0.000     78.044     68.068    1582.6 
 -60.000      0.000     78.049     68.060    17197.4 
 -40.000      0.000     78.055     68.052    38075 
 -20.000      0.000     78.060     68.044    39874.6 
   0.000      0.000     78.066     68.036    40840.6 
  20.000      0.000     78.071     68.028    40192 
  40.000      0.000     78.077     68.020    38525 
  60.000      0.000     78.082     68.012    19555.2 
  80.000      0.000     78.088     68.004    1790.2 
 100.000      0.000     78.093     67.996    1209.8 
 120.000      0.000     78.099     67.988    970.8 
 140.000      0.000     78.104     67.980    831 
 160.000      0.000     78.110     67.972    710.2 
   0.000    -40.000     78.116     67.964    538.2 
   0.000    -36.000     78.123     67.953    614.6 
   0.000    -32.000     78.128     67.946    707.2 
   0.000    -28.000     78.132     67.939    818.4 
   0.000    -24.000     78.137     67.932    984.4 
   0.000    -20.000     78.142     67.925    1220.2 
   0.000    -16.000     78.147     67.918    8703.2 
   0.000    -12.000     78.152     67.911    37911 
   0.000     -8.000     78.157     67.904    40721.6 
   0.000     -4.000     78.161     67.897    41797.8 
   0.000      0.000     78.166     67.890    41750 
   0.000      4.000     78.171     67.883    40629.6 
   0.000      8.000     78.176     67.876    35744.8 
   0.000     12.000     78.181     67.869    5998.8 
   0.000     16.000     78.186     67.862    1278.8 
   0.000     20.000     78.190     67.855    1065.4 
   0.000     24.000     78.195     67.848    886.8 
   0.000     28.000     78.200     67.841    779.8 
   0.000     32.000     78.205     67.834    683.4 
   0.000     36.000     78.210     67.827    591.4 
   0.000     40.000     78.214     67.820    529 
Field of view Scan started at 07:37:27filter: 2CY 5SL  5 
-160.000      0.000     81.729     62.710    1190.4 
-140.000      0.000     81.737     62.699    1376.8 
-120.000      0.000     81.742     62.691    1634.6 
-100.000      0.000     81.748     62.683    2032 
 -80.000      0.000     81.754     62.675    2752.4 
 -60.000      0.000     81.759     62.666    29467.6 
 -40.000      0.000     81.765     62.658    77023.6 
 -20.000      0.000     81.771     62.650    80754.4 
   0.000      0.000     81.776     62.642    82521.2 
  20.000      0.000     81.782     62.634    81543.2 
  40.000      0.000     81.788     62.625    78702 
  60.000      0.000     81.793     62.617    42966.4 
  80.000      0.000     81.799     62.609    3319.6 
 100.000      0.000     81.804     62.601    2188.8 
 120.000      0.000     81.810     62.593    1783.8 
 140.000      0.000     81.816     62.585    1469.4 
 160.000      0.000     81.821     62.576    1246.2 
   0.000    -40.000     81.827     62.568    1020.8 
   0.000    -36.000     81.835     62.557    1158 
   0.000    -32.000     81.839     62.550    1310 
   0.000    -28.000     81.844     62.543    1548.4 
   0.000    -24.000     81.849     62.536    1829.2 
   0.000    -20.000     81.854     62.529    2274.4 
   0.000    -16.000     81.859     62.522    14144.2 
   0.000    -12.000     81.864     62.515    74528.2 
   0.000     -8.000     81.869     62.508    81340.4 
   0.000     -4.000     81.874     62.500    83967 
   0.000      0.000     81.879     62.493    83591 
   0.000      4.000     81.884     62.486    81408.2 
   0.000      8.000     81.888     62.479    66511.4 
   0.000     12.000     81.893     62.472    8365.6 
   0.000     16.000     81.898     62.465    2196.8 
   0.000     20.000     81.903     62.458    1789.2 
   0.000     24.000     81.908     62.451    1484 
   0.000     28.000     81.913     62.444    1268.6 
   0.000     32.000     81.918     62.437    1085.8 
   0.000     36.000     81.923     62.429    943.4 
   0.000     40.000     81.928     62.422    844.6 
Field of view Scan started at 08:13:47filter: 3CY 5SL  5 
-160.000      0.000     86.779     55.510    665.4 
-140.000      0.000     86.787     55.499    783.4 
-120.000      0.000     86.793     55.490    928.4 
-100.000      0.000     86.799     55.482    1136.2 
 -80.000      0.000     86.805     55.473    1556.8 
 -60.000      0.000     86.811     55.465    15928.2 
 -40.000      0.000     86.817     55.457    53786.2 
 -20.000      0.000     86.823     55.449    57557.8 
   0.000      0.000     86.829     55.440    58761 
  20.000      0.000     86.835     55.432    58205.4 
  40.000      0.000     86.841     55.424    56154.4 
  60.000      0.000     86.847     55.415    32347.6 
  80.000      0.000     86.853     55.407    2058.4 
 100.000      0.000     86.859     55.399    1293.2 
 120.000      0.000     86.865     55.390    1034.6 
 140.000      0.000     86.871     55.382    863.6 
 160.000      0.000     86.877     55.374    720.2 
   0.000    -40.000     86.883     55.365    603.4 
   0.000    -36.000     86.891     55.354    716.4 
   0.000    -32.000     86.896     55.347    823.4 
   0.000    -28.000     86.902     55.340    956 
   0.000    -24.000     86.907     55.332    1151.6 
   0.000    -20.000     86.912     55.325    1447.8 
   0.000    -16.000     86.917     55.318    19720.2 
   0.000    -12.000     86.922     55.311    55850.4 
   0.000     -8.000     86.927     55.304    58335.8 
   0.000     -4.000     86.933     55.296    59555.4 
   0.000      0.000     86.938     55.289    59263 
   0.000      4.000     86.943     55.282    57513 
   0.000      8.000     86.948     55.275    44801.2 
   0.000     12.000     86.953     55.268    4359.2 
   0.000     16.000     86.958     55.260    1176 
   0.000     20.000     86.963     55.253    949.2 
   0.000     24.000     86.968     55.246    783.4 
   0.000     28.000     86.974     55.239    668 
   0.000     32.000     86.979     55.232    568.6 
   0.000     36.000     86.984     55.225    480.8 
   0.000     40.000     86.989     55.217    437.2 
Field of view Scan started at 09:13:52filter: 4CY 5SL  5 
-160.000      0.000     96.126     43.552    176.2 
-140.000      0.000     96.136     43.540    207 
-120.000      0.000     96.143     43.532    242.8 
-100.000      0.000     96.150     43.524    300.6 
 -80.000      0.000     96.158     43.515    416 
 -60.000      0.000     96.165     43.507    5753.2 
 -40.000      0.000     96.172     43.499    20090.8 
 -20.000      0.000     96.180     43.490    21588 
   0.000      0.000     96.187     43.482    21984.8 
  20.000      0.000     96.194     43.473    21874.4 
  40.000      0.000     96.202     43.465    21211.6 
  60.000      0.000     96.209     43.456    12057 
  80.000      0.000     96.216     43.448    665.2 
 100.000      0.000     96.224     43.440    337.6 
 120.000      0.000     96.231     43.431    269.2 
 140.000      0.000     96.239     43.422    223.4 
 160.000      0.000     96.246     43.414    186.2 
   0.000    -40.000     96.254     43.405    165 
   0.000    -36.000     96.264     43.393    186 
   0.000    -32.000     96.270     43.387    209 
   0.000    -28.000     96.277     43.379    239.2 
   0.000    -24.000     96.283     43.372    285.8 
   0.000    -20.000     96.289     43.365    388.8 
   0.000    -16.000     96.295     43.358    12927.2 
   0.000    -12.000     96.302     43.351    21164.6 
   0.000     -8.000     96.308     43.344    22188.4 
   0.000     -4.000     96.314     43.336    22520.2 
   0.000      0.000     96.320     43.329    22228.2 
   0.000      4.000     96.327     43.322    21461 
   0.000      8.000     96.333     43.315    12471.2 
   0.000     12.000     96.339     43.308    623.4 
   0.000     16.000     96.346     43.301    288 
   0.000     20.000     96.352     43.293    238.6 
   0.000     24.000     96.358     43.286    210.4 
   0.000     28.000     96.364     43.279    180.8 
   0.000     32.000     96.371     43.272    163.8 
   0.000     36.000     96.377     43.265    143.4 
   0.000     40.000     96.383     43.258    127.2 
Field of view Scan started at 12:21:34filter: 4CY 5SL  5 
-160.000      0.000    176.994     14.861    291.4 
-140.000      0.000    177.069     14.860    332.8 
-120.000      0.000    177.111     14.860    399.4 
-100.000      0.000    177.152     14.859    513 
 -80.000      0.000    177.195     14.859    950 
 -60.000      0.000    177.237     14.858    20528.4 
 -40.000      0.000    177.280     14.858    34291.8 
 -20.000      0.000    177.322     14.857    35968 
   0.000      0.000    177.362     14.857    36399.6 
  20.000      0.000    177.403     14.857    35868.8 
  40.000      0.000    177.446     14.856    34651.2 
  60.000      0.000    177.486     14.856    14702.2 
  80.000      0.000    177.528     14.855    622 
 100.000      0.000    177.572     14.855    467.2 
 120.000      0.000    177.614     14.855    369 
 140.000      0.000    177.655     14.854    321 
 160.000      0.000    177.699     14.854    272.6 
   0.000    -40.000    177.738     14.853    229.4 
   0.000    -36.000    177.815     14.853    249.8 
   0.000    -32.000    177.850     14.852    275.6 
   0.000    -28.000    177.882     14.852    313.8 
   0.000    -24.000    177.913     14.852    363.4 
   0.000    -20.000    177.950     14.852    433.4 
   0.000    -16.000    177.984     14.851    736.4 
   0.000    -12.000    178.017     14.851    19763.8 
   0.000     -8.000    178.050     14.851    34591.4 
   0.000     -4.000    178.082     14.851    35914.8 
   0.000      0.000    178.116     14.850    36448.4 
   0.000      4.000    178.150     14.850    35873 
   0.000      8.000    178.184     14.850    34656.2 
   0.000     12.000    178.217     14.850    20659.6 
   0.000     16.000    178.252     14.849    759 
   0.000     20.000    178.284     14.849    443 
   0.000     24.000    178.318     14.849    382.8 
   0.000     28.000    178.356     14.849    324.6 
   0.000     32.000    178.388     14.849    286.8 
   0.000     36.000    178.418     14.848    253.6 
   0.000     40.000    178.453     14.848    224 
Field of view Scan started at 17:13:54filter: 2CY 5SL  5 
-160.000      0.000    278.526     62.983    772 
-140.000      0.000    278.533     62.994    958.4 
-120.000      0.000    278.539     63.002    1225.2 
-100.000      0.000    278.544     63.010    1728.6 
 -80.000      0.000    278.550     63.018    2601.6 
 -60.000      0.000    278.556     63.026    5844 
 -40.000      0.000    278.561     63.035    11099.4 
 -20.000      0.000    278.567     63.043    24465.4 
   0.000      0.000    278.572     63.051    42610.6 
  20.000      0.000    278.578     63.059    55192.6 
  40.000      0.000    278.584     63.067    54326.6 
  60.000      0.000    278.589     63.075    19815.2 
  80.000      0.000    278.595     63.084    2913 
 100.000      0.000    278.601     63.092    1845.2 
 120.000      0.000    278.606     63.100    1241 
 140.000      0.000    278.612     63.108    964.2 
 160.000      0.000    278.618     63.116    822.6 
   0.000    -40.000    278.623     63.124    619.6 
   0.000    -36.000    278.631     63.135    691.4 
   0.000    -32.000    278.636     63.142    794.2 
   0.000    -28.000    278.640     63.149    943.6 
   0.000    -24.000    278.645     63.156    1208 
   0.000    -20.000    278.650     63.163    1617 
   0.000    -16.000    278.655     63.171    2717.2 
   0.000    -12.000    278.660     63.178    18004.4 
   0.000     -8.000    278.665     63.185    27731.6 
   0.000     -4.000    278.670     63.192    29298.6 
   0.000      0.000    278.675     63.199    25465.6 
   0.000      4.000    278.680     63.206    19539.6 
   0.000      8.000    278.684     63.213    13471.2 
   0.000     12.000    278.689     63.220    3917.6 
   0.000     16.000    278.694     63.227    2147.6 
   0.000     20.000    278.699     63.234    1547.6 
   0.000     24.000    278.704     63.242    1243.2 
   0.000     28.000    278.709     63.249    1062 
   0.000     32.000    278.714     63.256    964.6 
   0.000     36.000    278.719     63.263    893.2 
   0.000     40.000    278.723     63.270    819.6 
Field of view Scan started at 18:01:53filter: 1CY 5SL  5 
-160.000      0.000    284.982     72.324    993.6 
-140.000      0.000    284.989     72.334    1129.8 
-120.000      0.000    284.994     72.342    1288.8 
-100.000      0.000    285.000     72.350    1615 
 -80.000      0.000    285.006     72.358    4334.6 
 -60.000      0.000    285.011     72.366    36752.8 
 -40.000      0.000    285.017     72.374    46275.4 
 -20.000      0.000    285.022     72.382    47520.6 
   0.000      0.000    285.028     72.390    47721 
  20.000      0.000    285.033     72.398    46661.4 
  40.000      0.000    285.039     72.406    43279.4 
  60.000      0.000    285.044     72.414    10310.4 
  80.000      0.000    285.050     72.422    1738.4 
 100.000      0.000    285.056     72.430    1364.4 
 120.000      0.000    285.061     72.437    1142.6 
 140.000      0.000    285.067     72.446    984.8 
 160.000      0.000    285.072     72.453    891.6 
   0.000    -40.000    285.078     72.461    663.8 
   0.000    -36.000    285.085     72.472    720.8 
   0.000    -32.000    285.090     72.479    804.6 
   0.000    -28.000    285.095     72.486    904.2 
   0.000    -24.000    285.100     72.493    1072.6 
   0.000    -20.000    285.105     72.500    1306.2 
   0.000    -16.000    285.110     72.507    3515.8 
   0.000    -12.000    285.115     72.514    35887.6 
   0.000     -8.000    285.120     72.520    44935.6 
   0.000     -4.000    285.124     72.527    46287.6 
   0.000      0.000    285.129     72.534    46479.4 
   0.000      4.000    285.134     72.541    45630.8 
   0.000      8.000    285.139     72.548    43562 
   0.000     12.000    285.144     72.555    13891 
   0.000     16.000    285.149     72.562    1895.4 
   0.000     20.000    285.153     72.569    1449.6 
   0.000     24.000    285.158     72.576    1260.8 
   0.000     28.000    285.163     72.583    1146.6 
   0.000     32.000    285.168     72.590    1035 
   0.000     36.000    285.173     72.596    950.8 
   0.000     40.000    285.178     72.603    897.6 
Field of view Scan started at 18:31:54filter: 0CY 5SL  5 
-160.000      0.000    289.052     78.019    602.8 
-140.000      0.000    289.059     78.029    657.4 
-120.000      0.000    289.065     78.037    730 
-100.000      0.000    289.070     78.044    871.8 
 -80.000      0.000    289.076     78.052    2181.4 
 -60.000      0.000    289.082     78.060    14110.4 
 -40.000      0.000    289.087     78.067    15961.4 
 -20.000      0.000    289.093     78.075    16338.4 
   0.000      0.000    289.099     78.083    16298.8 
  20.000      0.000    289.104     78.091    15912.2 
  40.000      0.000    289.110     78.098    14068.8 
  60.000      0.000    289.116     78.106    2811 
  80.000      0.000    289.121     78.114    853.6 
 100.000      0.000    289.127     78.121    728.6 
 120.000      0.000    289.133     78.129    636.6 
 140.000      0.000    289.138     78.137    589 
 160.000      0.000    289.144     78.145    553.4 
   0.000    -40.000    289.149     78.152    386 
   0.000    -36.000    289.157     78.162    417.6 
   0.000    -32.000    289.162     78.169    448.8 
   0.000    -28.000    289.167     78.176    493.6 
   0.000    -24.000    289.172     78.183    565.8 
   0.000    -20.000    289.177     78.189    691.4 
   0.000    -16.000    289.182     78.196    2529.2 
   0.000    -12.000    289.187     78.203    13303.8 
   0.000     -8.000    289.192     78.210    14915.8 
   0.000     -4.000    289.196     78.216    15304.8 
   0.000      0.000    289.201     78.223    15344 
   0.000      4.000    289.206     78.230    15046.2 
   0.000      8.000    289.211     78.237    14242.4 
   0.000     12.000    289.216     78.243    4125.2 
   0.000     16.000    289.221     78.250    888.6 
   0.000     20.000    289.226     78.257    782.2 
   0.000     24.000    289.231     78.263    713.8 
   0.000     28.000    289.236     78.270    672.6 
   0.000     32.000    289.241     78.277    623.4 
   0.000     36.000    289.246     78.284    613 
   0.000     40.000    289.251     78.290    599.6 
Field of view Scan started at 18:59:24filter: 0CY 5SL  5 
-160.000      0.000    292.879     83.086    96.6 
-140.000      0.000    292.887     83.096    99.4 
-120.000      0.000    292.892     83.104    100.6 
-100.000      0.000    292.898     83.111    104.6 
 -80.000      0.000    292.904     83.119    122.6 
 -60.000      0.000    292.910     83.126    271.8 
 -40.000      0.000    292.916     83.133    290.4 
 -20.000      0.000    292.921     83.141    305.6 
   0.000      0.000    292.927     83.148    302.2 
  20.000      0.000    292.933     83.156    288 
  40.000      0.000    292.939     83.163    255 
  60.000      0.000    292.945     83.171    110.4 
  80.000      0.000    292.951     83.178    95.2 
 100.000      0.000    292.957     83.185    90.8 
 120.000      0.000    292.962     83.193    97.2 
 140.000      0.000    292.968     83.200    89.2 
 160.000      0.000    292.974     83.207    94.4 
   0.000    -40.000    292.980     83.215    63.8 
   0.000    -36.000    292.988     83.225    64.8 
   0.000    -32.000    292.993     83.232    69 
   0.000    -28.000    292.998     83.238    76.6 
   0.000    -24.000    293.003     83.245    80.6 
   0.000    -20.000    293.008     83.251    85.2 
   0.000    -16.000    293.013     83.258    118.6 
   0.000    -12.000    293.018     83.264    237.6 
   0.000     -8.000    293.023     83.270    251.4 
   0.000     -4.000    293.028     83.277    253 
   0.000      0.000    293.034     83.283    256.6 
   0.000      4.000    293.039     83.290    255 
   0.000      8.000    293.044     83.296    230.6 
   0.000     12.000    293.049     83.303    117 
   0.000     16.000    293.054     83.309    102.6 
   0.000     20.000    293.059     83.316    103 
   0.000     24.000    293.064     83.323    104.6 
   0.000     28.000    293.069     83.329    106 
   0.000     32.000    293.074     83.335    104 
   0.000     36.000    293.080     83.342    107.4 
   0.000     40.000    293.084     83.348    108.6 
