uxIntegration time is 0.2294 seconds per sampledt  3.1E-08 cy 1dh170619El Arenosillo 37.1 6.73 2.911481pr1000dark .5 
 1180.4  2865  124 .75 
 1180.43  2870  189 .75 
 1180.46  2875  254 1.5 
 1180.49  2880  319 .5 
 1180.53  2885  384 .25 
 1180.56  2890  449 .25 
 1180.59  2895  514 .5 
 1180.62  2900  579 .25 
 1180.65  2905  645 .5 
 1180.68  2910  710 .25 
 1180.71  2915  776 .5 
 1180.75  2920  841 .25 
 1180.78  2925  907 .25 
 1180.81  2930  973 .5 
 1180.84  2935  1039 0 
 1180.87  2940  1105 .25 
 1180.9  2945  1171 .25 
 1180.94  2950  1237 .5 
 1180.97  2955  1303 1.5 
 1181  2960  1370 1.25 
 1181.03  2965  1436 1.25 
 1181.06  2970  1502 1 
 1181.1  2975  1569 .25 
 1181.13  2980  1636 1.75 
 1181.16  2985  1703 1.25 
 1181.19  2990  1769 .75 
 1181.22  2995  1836 1.25 
 1181.25  3000  1903 1 
 1181.27  3005  1970 1 
 1181.29  3010  2038 2 
 1181.32  3015  2105 2.5 
 1181.34  3020  2172 2.5 
 1181.37  3025  2240 4 
 1181.39  3030  2307 5.5 
 1181.42  3035  2375 10.5 
 1181.44  3040  2443 6 
 1181.47  3045  2511 12 
 1181.49  3050  2579 15.5 
 1181.51  3055  2647 21 
 1181.54  3060  2715 24.5 
 1181.56  3065  2783 20 
 1181.59  3070  2851 30.5 
 1181.61  3075  2920 38 
 1181.64  3080  2988 39.5 
 1181.66  3085  3057 50.5 
 1181.68  3090  3126 38.5 
 1181.71  3095  3194 48.5 
 1181.73  3100  3263 50 
 1181.76  3105  3332 82 
 1181.78  3110  3401 101.5 
 1181.81  3115  3471 110 
 1181.83  3120  3540 103.5 
 1181.86  3125  3609 135.5 
 1181.88  3130  3679 147.5 
 1181.91  3135  3748 142 
 1181.93  3140  3818 183 
 1181.95  3145  3888 177.5 
 1181.98  3150  3958 236 
 1182  3155  4028 194 
 1182.03  3160  4098 187.5 
 1182.05  3165  4168 291.5 
 1182.08  3170  4238 360 
 1182.1  3175  4309 362 
 1182.13  3180  4379 294 
 1182.15  3185  4450 442.5 
 1182.18  3190  4521 564.5 
 1182.2  3195  4592 446.5 
 1182.23  3200  4663 504.5 
 1182.25  3205  4734 738 
 1182.27  3210  4805 824 
 1182.3  3215  4876 814.5 
 1182.32  3220  4947 771.5 
 1182.35  3225  5019 613.5 
 1182.37  3230  5090 737.5 
 1182.4  3235  5162 1199 
 1182.42  3240  5234 1472.5 
 1182.45  3245  5306 1360 
 1182.47  3250  5378 1002 
 1182.5  3255  5450 1413 
 1182.52  3260  5522 2106 
 1182.55  3265  5595 2530 
 1182.57  3270  5667 2489 
 1182.6  3275  5740 2101 
 1182.62  3280  5813 1643 
 1182.65  3285  5885 2038.5 
 1182.67  3290  5958 3000 
 1182.69  3295  6031 3700 
 1182.72  3300  6105 3621.5 
 1182.74  3305  6178 2584.5 
 1182.77  3310  6251 2446 
 1182.79  3315  6325 2613 
 1182.82  3320  6399 3377.5 
 1182.84  3325  6472 3573.5 
 1182.87  3330  6546 3472.5 
 1182.89  3335  6620 2983 
 1182.92  3340  6694 2802.5 
 1182.94  3345  6769 3652 
 1182.97  3350  6843 3684.5 
 1182.99  3355  6918 4384.5 
 1183.02  3360  6992 3170.5 
 1183.04  3365  7067 3400.5 
 1183.07  3370  7142 2709 
 1183.09  3375  7217 3158 
 1183.12  3380  7292 3408.5 
 1183.14  3385  7367 3923 
 1183.17  3390  7443 4136.5 
 1183.19  3395  7518 3876 
 1183.22  3400  7594 4434 
 1183.24  3405  7670 4052.5 
 1183.26  3410  7746 3989 
 1183.29  3415  7822 3829.5 
 1183.31  3420  7898 4585.5 
 1183.34  3425  7974 4294 
 1183.36  3430  8051 4639.5 
 1183.39  3435  8127 4245 
 1183.41  3440  8204 3156.5 
 1183.44  3445  8281 3048 
 1183.46  3450  8358 4173 
 1183.49  3455  8435 4365.5 
 1183.51  3460  8512 3718 
 1183.54  3465  8590 4185 
 1183.56  3470  8667 4460.5 
 1183.59  3475  8745 3613 
 1183.61  3480  8823 4061.5 
 1183.64  3485  8901 4045 
 1183.66  3490  8979 3828.5 
 1183.69  3495  9057 3783.5 
 1183.71  3500  9135 4545 
 1183.84  3505  7350 4702.5 
 1183.86  3510  7429 4279.5 
 1183.89  3515  7509 3848.5 
 1183.92  3520  7589 4379.5 
 1183.94  3525  7669 3339 
 1183.97  3530  7749 4183 
 1183.99  3535  7829 4496.5 
 1184.02  3540  7910 4662 
 1184.04  3545  7990 4636.5 
 1184.07  3550  8071 4726 
 1184.09  3555  8152 4229.5 
 1184.12  3560  8233 4395 
 1184.14  3565  8314 3902.5 
 1184.17  3570  8396 3066.5 
 1184.19  3575  8477 3699 
 1184.22  3580  8559 3083.5 
 1184.24  3585  8641 2588.5 
 1184.27  3590  8723 3386.5 
 1184.29  3595  8805 4368 
 1184.32  3600  8887 4707.5 
 1184.34  3605  8970 3792.5 
 1184.38  3610  9053 3342 
 1184.41  3615  9135 3911.5 
 1184.44  3620  9219 3204.5 
 1184.46  3625  9302 4442 
 1184.49  3630  9385 4083 
end
