6.2369       
5.8351       
5.7129       
5.4500       
5.0893       
0            
0.3465       
2.35         
1.1585       
1704         
315          
.000000030   
286          
14           
1694         
0            
4400         
10330        
14020        
21560        
25950        
2972         
mkiii       
1            
0            
0            
0            
0            
0            
0            
0            
0            
0            
242          
-3           
655          
630          
2508         
178          
2508         
.9986        
-3           
2469         
250          
0.2          
64           
256          
0            
64           
0            
2229         
Sept 11/05   
