version=2dh250219Tateno Japan 36.058 -140.126  2.833073pr1000
inst 10.4312  10.3785  10.3761  10.1856  10.0785  0  .3388  2.35  1.1405  1873  821  2.8E-08 289141682 0  4375  10260  14100  21600  25900 2972mkiii1 0  0  0  0  0  0  0 -183  46  242 -3  770  740  8028  178  2518  1.001 -4  2469  260  .2  64  256  0 0 0 
disp 2854.999  7.770993E-02 -8.035412E-07  2894.856  7.689035E-02 -8.11909E-07  2931.649  7.611908E-02 -8.2195E-07  2966.792  7.542036E-02 -8.432311E-07  3001.557  7.420684E-02 -7.848089E-07  2822.135  .078294 -7.900772E-07  4282.498  .1165649 -1.205312E-06  4342.284  .1153355 -1.217863E-06  4397.474  .1141786 -1.232925E-06  4450.188  .1131305 -1.264847E-06  4502.335  .1113103 -1.177213E-06  4233.203  .117441 -1.185116E-06 
zeni-.0064 -.01968  .01654  .152258  .281884 -.060358 -.509659  .460001 -.042397 
ap14:52:41 18.62 19.1 16.91 1128.52 12.49 5.05-11.19 24.48 0 16.25 18.62 16.44 5.01-4.6 0 .01 0 0 .03 .04 8.63 1.42 .03 .02 18.62 19.1 16.91 1128.52 12.49 5.05-11.19 24.24 0 16.25 18.62 16.44 5.01-4.6 1.41 10.72 .36 13.29 1.41 .38 8.47 1.39 .03 .04
hp14:53:57 .9973964 340387.2 80.7 19
hg15:00:16 .9991 289.3849 289 66083 19
sla 0 905.680620 831884 189 963282 1145539 1426296 1620131 1766678rat 2328 1556 572 391
sla 0 906.370620 830941 209 962315 1144316 1425923 1618772 1765973rat 2329 1557 569 393
sla 0 907.060620 829534 172 961074 1143367 1423621 1618227 1763504rat 2333 1559 575 388
sla 0 907.740620 828306 191 960239 1141900 1423154 1615639 1762478rat 2330 1558 569 393
sla 0 908.440620 827634 185 959316 1140965 1421229 1613758 1759469rat 2329 1556 570 390
sla 0 909.120620 827169 188 959008 1140650 1420289 1614987 1759790rat 2333 1561 577 388
sla 0 909.810620 826701 183 957910 1139616 1418840 1613547 1757336rat 2334 1561 577 385
summary15:07:44FEB 25/19 152.763 1.123 19sl 0 2331 1558 573 390 1084 609 960449.2 1762175 2 2 4 3 11 5 1896.1 3519
co15:31:27re: Zenith discrepancy =  0
co15:31:30re: Azimuth discrepancy =  0
co15:31:36re: Micrometer #1 discrepancy =  0
co15:31:42re: Micrometer #2 discrepancy =  0
co15:32:12fr: Micrometer #1 discrepancy=-183 Now set to o3 offset =-183
co15:32:39fr: Micrometer #2 discrepancy= 46 Now set to offset = 46
hp15:33:21 .9972834 339496.3 79.8 19
hg15:39:41 .999 290.1594 290 82511 19
ap16:00:02 18.81 19.19 16.91 1128.52 12.49 5.06-11.16 24.48 0 15.87 18.24 16.06 5.01-4.65 0 0 0 0 .03 .03 8.479999 1.4 .02 .02 18.81 19.19 16.91 1126.56 12.49 5.05-11.16 24.24 1.13 16.16 18.24 16.25 5.01-4.66 1.41 10.71 .36 13.29 1.46 .56 8.479999 1.4 .05 .05
hp16:01:13 .9972596 339695.6 80.6 19
hg16:07:33 .9992 288.4462 288 66382 19
fma0 976.661680 119 111 108 115 120 120rat-2435-1499-714-675
fma0 978.921680 139 116 117 129 99 90rat-2379-1465-698-659
fma0 981.171680 119 107 117 105 113 114rat-2327-1433-682-645
fma0 983.421680 95 102 111 120 126 110rat 3008 1469 266-3784
fma0 985.671680 96 123 113 118 123 122rat-2231 636 235-782
summary16:21:10FEB 25/19 74.069 3.512 19fm 0-1273-458-319-1309 2917 1927 19.4 8.399999 2394 1411 520 1385 6825 3363 51.4 285.8
fma0 988.021680 115 126 131 115 131 117rat-556-1345 1774-3020
fma0 990.271680 117 98 114 91 141 102rat 2034 2857 3547-4769
fma0 992.521680 105 110 104 113 109 126rat-2100-1293-616 3013
fma0 994.781680 111 105 117 120 109 143rat-2062-1270-605 4853
fma0 997.031680 117 117 111 110 114 114rat-2025-1247-594-561
summary16:32:31FEB 25/19 72.268 3.188 19fm 0-942-460 701-97-632-645 83.5-241.4 1787 1854 1895 4024 14384 7299 122.4 677.1
fma0 999.381680 117 132 127 129 130 134rat-2608-84-235 614
fma0 1001.631680 107 122 110 113 93 97rat-4087-1202-573-542
fma0 1003.891680 106 102 114 103 106 112rat-1920-1182-563-532
fma0 1006.141680 122 126 147 129 136 115rat-53-3681 1281-2358
fma0 1008.391680 104 100 122 121 129 109rat 2495 283 1130-4868
summary16:43:53FEB 25/19 70.51 2.925 19fm 0-1235-1173 208-1537 3685 1336 59.4-48.4 2540 1549 922 2145 9239 3745 81 385.5
fma0 1010.741680 110 135 129 134 142 137rat-756 1138 713-1245
fma0 1012.991680 122 108 120 122 135 108rat-287 404 984-2012
fma0 1015.241680 120 106 133 118 114 101rat-1773-2605-521-492
fma0 1017.491680 122 125 121 131 123 93rat-1747-1076-513-485
fma0 1019.741680 147 125 114 105 94 117rat-1722-1061-506-478
summary16:55:14FEB 25/19 68.804 2.71 19fm 0-1257-640 31-942 1758 946 56.6-103.8 692 1456 752 683 2869 2080 62.5 226.2
fma0 1022.111680 106 105 100 119 111 114rat-1697-1045-2011-471
fma0 1024.361680 109 119 121 123 117 114rat-2048-2196-2326-464
fma0 1026.611680 107 104 110 109 114 108rat-1652-1017-485-458
fma0 1028.871680 113 128 110 120 124 111rat-2978-217 308-1240
fma0 1031.121680 112 125 107 117 117 143rat-3123-992-473 4840
summary17:06:36FEB 25/19 67.15 2.531 19fm 0-2300-1093-997 441-3712-1345 93.8-380.7 704 708 1122 2482 8350 4339 97.1 521.1
fma0 1033.461680 126 106 114 109 115 133rat-1589-979-467-441
fma0 1035.721680 118 114 104 111 135 101rat 1108 1711 2217-3113
fma0 1037.971680 122 102 122 105 112 118rat-1551-955-456-430
fma0 1040.221680 115 115 107 135 115 126rat-1533-944-3834 362
fma0 1042.471680 112 122 104 113 106 110rat-1889-934-445-420
summary17:17:58FEB 25/19 65.558 2.381 19fm 0-1091-420-597-808 1496 1253 43.4-78.5 1238 1192 2148 1333 5454 2600 58.1 320
fma0 1044.831680 116 121 127 117 117 128rat-1498-1710-440 750
fma0 1047.081680 96 111 118 117 107 113rat-2829-3923-3244 1479
fma0 1049.331680 116 107 128 123 115 131rat-1466-2068-431 1728
fma0 1051.581680 123 117 125 110 125 121rat-1452-894-427-403
fma0 1053.831680 113 130 126 123 117 115rat-4115-2398-796-399
summary17:29:19FEB 25/19 64.03 2.254 19fm 0-2272-2199-1068 631-4291-2738 171.8-601.8 1186 1115 1227 1008 3055 2124 67.3 273.9
fma0 1056.181680 117 115 114 108 124 106rat-1422-876-418-395
fma0 1058.441680 112 128 124 119 107 130rat-3823-2033-414 2536
fma0 1060.691680 117 128 116 109 107 106rat-2182-859-410-387
fma0 1062.951680 110 118 119 107 116 109rat-1382-851-406-383
fma0 1065.21680 108 122 109 116 120 123rat-2039 322 763 589
summary17:40:41FEB 25/19 62.573 2.146 19fm 0-2170-859-177 392-3424-1437 119.6-454.3 991 833 526 1271 5005 2667 70.1 362.4
fma0 1067.551680 109 110 123 106 123 112rat 478-836 1436-2211
fma0 1069.81680 98 108 109 110 110 132rat-553-451-395 4150
fma0 1072.061680 127 121 131 116 116 120rat-1334-821-392-370
fma0 1074.311680 98 106 127 122 135 106rat 4733 243 1491-6422
fma0 1076.561680 110 110 104 120 125 120rat 823 1326 1375-2125
summary17:52:03FEB 25/19 61.188 2.053 19fm 0 829-108 703-1396 5296 1914 77.8 10.9 2343 913 1002 3817 14192 6452 142.9 927.5
fma0 1078.911680 111 120 104 117 110 116rat-1301-801-382-361
fma0 1081.161680 108 107 110 117 116 112rat-1291-795-380-358
fma0 1083.421680 119 112 110 123 126 130rat-1282-789-377 432
fma0 1085.671680 106 137 146 118 112 120rat-6559-7178-1539 1482
fma0 1087.921680 94 108 115 96 104 104rat-2724-4000 2-350
summary18:03:24FEB 25/19 59.887 1.974 19fm 0-2631-2713-535 169-3172-2732 218.6-691.9 2282 2856 585 810 4667 3733 157.7 564.7
fma0 1090.281680 103 112 111 108 131 111rat 3591 4073 4476-5193
fma0 1092.541680 121 131 119 115 125 118rat-1618-767-366-346
fma0 1094.791680 133 122 133 123 136 114rat-1237-762-364-343
fma0 1097.051680 118 127 108 120 112 122rat-1229-757-361-341
fma0 1099.31680 100 110 108 110 107 106rat-1595-752-733-339
summary18:14:47FEB 25/19 58.671 1.907 19fm 0-418 207 530-1312 3782 2173 39 42.2 2249 2161 2211 2169 9185 4747 132.1 727.2
fma0 1101.651680 111 127 102 123 126 122rat-1493 1387 612-1684
fma0 1103.91680 122 121 111 121 117 117rat-1206-743-355-335
fma0 1106.161680 107 122 111 111 105 102rat-3333-739-353-333
fma0 1108.411680 106 145 133 121 116 105rat-7102-5048-2112-704
fma0 1110.671680 123 102 100 112 101 100rat-1185-730-349-329
summary18:26:09FEB 25/19 57.548 1.849 19fm 0-2864-1175-511-677-698 231 81.4-264 2531 2353 987 586 3218 2403 102.5 383.5
fma0 1113.021680 116 129 110 119 116 108rat-2692-726-347-327
fma0 1115.271680 115 121 116 122 116 129rat-1172-722-345 1509
fma0 1117.521680 107 101 110 118 100 90rat-1166-718-1130-324
fma0 1119.781680 116 119 127 119 127 118rat-374-715 446-1110
fma0 1122.031680 121 130 107 128 115 143rat-1155-712-340 3477
summary18:37:31FEB 25/19 56.524 1.8 19fm 0-1312-719-343 645-3376-1644 158.8-578.2 844 6 557 1853 5973 3118 100 516.4001
fma0 1124.381680 118 93 122 112 108 103rat-1149-708-338-319
fma0 1126.641680 111 128 118 120 122 122rat-3035 82 451-318
fma0 1128.91680 116 108 113 120 124 134rat-1139-702-335 2610
fma0 1131.151680 109 110 101 99 112 105rat-1134-699-334-315
fma0 1133.411680 103 119 116 105 117 107rat-1709-374 1502-2148
summary18:48:53FEB 25/19 55.605 1.758 19fm 0-1633-480 189-98-1320-408 117.4-382.3 821 345 809 1709 5295 2758 91.8 463.4
fma0 1135.761680 116 112 132 116 133 121rat 1553-430 2347-2990
fma0 1138.011680 120 120 113 118 120 121rat-1121-690-330-311
fma0 1140.271680 103 114 127 120 125 125rat 1894-1066 791-310
fma0 1142.521680 105 111 111 122 116 106rat-325 102-2218-1096
fma0 1144.781680 124 140 109 133 116 123rat-3523-683-326-308
summary19:00:16FEB 25/19 54.794 1.723 19fm 0-304-553 53-1003 2906 1125 99.4-128.5 2197 431 1677 1162 5158 2007 103.1 343.4
ap19:05:56 19 19.19 16.53 1126.56 12.49 5.06-11.3 24.48 0 15.59 18.43 16.44 5.01-4.68 0 .01 0 0 .03 .03 8.479999 1.4 .06 .08 19 19.19 16.53 1128.52 12.49 5.05-11.3 24.24 0 15.59 18.53 16.44 5.01-4.69 1.41 10.74 .36 13.32 1.58 .59 8.479999 1.4 .03 .04
hp19:07:15 .9970916 340361.2 78.3 19
hg19:13:57 .999 289.9353 290 66897 19
sla 0 1159.360620 838067 179 968767 1149762 1430221 1623117 1768441rat 2311 1548 568 387
sla 0 1160.040620 837571 199 968556 1149759 1429365 1623153 1768032rat 2312 1548 571 386
sla 0 1160.730620 837006 195 968147 1148148 1428549 1621969 1765560rat 2311 1551 570 383
sla 0 1161.420620 835096 198 967026 1147267 1426546 1619754 1764974rat 2310 1548 570 388
sla 0 1162.10620 834634 205 966073 1145405 1425627 1618922 1762465rat 2312 1553 571 384
sla 0 1162.790620 834258 197 965740 1145145 1425851 1618102 1762131rat 2311 1552 568 385
sla 0 1163.480620 833665 190 964620 1145211 1423864 1616973 1761914rat 2313 1548 571 388
summary19:21:25FEB 25/19 113.642 2.45 19sl 0 2311 1550 570 386 1077 609 966989.8 1764788 1 2 1 2 6 5 1548.1 2754.9
hg20:34:28 .9992 288.3917 288 64405 19
hg21:10:08 .9991 289.6078 290 57131 19
hg21:34:31 .9992 289.3492 289 57655 18
fza0 1295.21620 25 37 61 193 507 795
fza0 1296.051620 23 46 83 268 765 1218
fza0 1296.911620 32 57 111 346 979 1554
fza0 1297.761620 28 56 136 439 1269 2058
fza0 1298.621620 29 79 193 679 2047 3150
hg22:10:05 .9994 287.9584 288 56754 18
dsa0 1330.640620 29 19 37 79 241 619 865rat 11657 7801 3272 502
dsa0 1331.330620 25 20 34 80 277 660 929rat 13072 8108 2929 546
dsa0 1332.010620 36 25 39 85 282 678 994rat 13201 8221 3029 748
dsa0 1332.70620 30 28 39 92 302 773 1056rat 14862 8539 3335 444
dsa0 1333.390620 35 39 44 99 309 784 1119rat 18326 8843 3410 669
summary22:12:00FEB 25/19 79.542 5.059 18ds 0 14224 8302 3195 582 12362 5716-10.1 224.5 2559 401 206 124 2482 348 12.1 23.3
fza0 1334.311620 37 1448 7554 30693 77096 108386
dsa0 1335.090620 33 22 55 113 362 936 1279rat 11114 7981 3325 467
dsa0 1335.770620 31 36 47 117 392 956 1330rat 15950 8538 3164 574
dsa0 1336.460620 35 34 48 137 444 998 1363rat 15142 7719 2764 497
dsa0 1337.150620 29 24 44 134 455 1063 1442rat 13954 7781 2883 463
dsa0 1337.830620 31 23 49 132 443 1050 1449rat 12798 7791 2955 548
summary22:16:27FEB 25/19 78.7 4.741 18ds 0 13792 7962 3018 510 12161 5586-9.100001 231.1 1915 337 225 49 1839 229 11.7 12.8
hg22:19:56 .9994 289.5957 290 60892 18
hg22:34:29 .9991 289.6133 290 60460 18
fza0 1355.161620 58 3481 17379 62857 137923 186186
dsa0 1355.940620 35 24 68 218 735 1602 2217rat 13073 7580 2737 744
dsa0 1356.630620 41 32 73 230 711 1625 2160rat 13440 7545 2984 577
dsa0 1357.320620 36 29 71 230 740 1540 2089rat 13126 7262 2560 671
dsa0 13580620 37 28 66 221 749 1610 2192rat 13779 7650 2705 691
dsa0 1358.690620 35 23 72 226 776 1669 2192rat 12867 7614 2694 534
summary22:37:18FEB 25/19 74.79901 3.66 18ds 0 13257 7530 2736 643 11198 5068-3.9 257.8 357 155 154 86 387 196 6.4 18.2
zsa0 1359.570620 843 46 3662 17697 63307 137612 185884rat 15812 8927 3378 1309
zsa0 1360.250620 708 36 3240 15851 56570 123070 166159rat 15851 8917 3381 1307
zsa0 1360.940620 693 38 3041 14868 53191 115270 155875rat 15847 8911 3363 1313
zsa0 1361.630620 761 37 3327 16233 57766 125561 169183rat 15824 8901 3377 1298
zsa0 1362.310620 659 36 2815 13453 47892 103301 139120rat 15707 8869 3342 1295
zsa0 13630620 609 35 2632 12712 45050 96110 129297rat 15687 8801 3294 1290
zsa0 1363.680620 633 36 2684 12827 45619 97374 130711rat 15659 8819 3297 1281
summary22:41:37FEB 25/19 74.003 3.496 19zs 0 15770 8878 3347 1299 11613 4996-19.8 317.2 82 50 38 11 51 17 .7 3.7
fza0 1364.691620 41 4538 21047 73047 153883 204035
dsa0 1365.470620 38 26 83 258 818 1768 2336rat 12628 7386 2771 609
dsa0 1366.160620 35 30 74 244 891 1786 2392rat 13802 7781 2447 675
dsa0 1366.850620 52 35 84 285 911 1790 2464rat 13348 7113 2375 804
dsa0 1367.530620 43 38 85 288 923 1841 2532rat 13662 7240 2452 805
dsa0 1368.220620 39 26 95 305 946 2014 2635rat 12434 7197 2712 581
summary22:46:50FEB 25/19 73.046 3.318 19ds 0 13175 7343 2551 695 10951 4887-.1 268 614 264 177 106 430 334 10.1 28.4
hg22:50:13 .9992 288.8096 289 57519 19
hg23:10:09 .9992 287.9003 288 57452 19
dsa0 1390.720620 324 38 1330 5560 19526 40279 56173rat 13169 7540 2632 957
dsa0 1391.410620 207 41 810 3288 11222 23117 31674rat 13015 7435 2631 883
dsa0 1392.10620 264 34 1127 4683 15995 32755 45229rat 13015 7400 2605 918
dsa0 1392.780620 216 32 909 3600 12355 25261 34619rat 12850 7424 2602 888
dsa0 1393.470620 208 41 779 3046 10176 20443 27963rat 12686 7253 2531 883
summary23:12:05FEB 25/19 68.514 2.676 19ds 0 12947 7410 2600 906 10048 4571 2 297.5 185 103 41 32 124 58 1.8 5.2
dsa0 1394.250620 234 23 938 3564 11952 24141 33137rat 12490 7274 2553 900
dsa0 1394.950620 115 23 423 1569 4991 9862 13190rat 12197 6983 2465 791
dsa0 1395.640620 91 30 266 877 2616 4913 6371rat 11454 6559 2260 662
dsa0 1396.320620 91 30 248 840 2445 4617 5908rat 11536 6487 2289 607
dsa0 1397.010620 78 31 258 825 2459 4528 5829rat 11282 6492 2182 636
summary23:15:37FEB 25/19 67.894 2.607 19ds 0 11792 6759 2350 719 9491 4362 4.2 281.7 522 354 154 123 187 72 2.7 6.4
dsa0 1397.80620 91 29 238 791 2440 4441 5739rat 11568 6594 2132 655
dsa0 1398.490620 86 33 250 796 2339 4417 5529rat 11385 6566 2300 519
dsa0 1399.170620 88 29 226 786 2364 4374 5709rat 11775 6567 2210 703
dsa0 1399.860620 83 29 257 834 2453 4605 5764rat 11373 6529 2274 522
dsa0 1400.550620 82 31 281 872 2642 4814 6298rat 11173 6537 2146 718
summary23:19:10FEB 25/19 67.279 2.543 19ds 0 11455 6559 2212 623 9460 4393 2.3 292.4 227 26 75 97 344 133 4.1 14.7
hg23:23:33 .9991 289.269 289 57754 19
hg23:34:30 .9992 289.5534 290 63770 19
dsa0 1415.070620 97 32 282 840 2387 4208 5397rat 10733 6213 2049 673
dsa0 1415.760620 107 35 279 826 2422 4224 5357rat 10859 6323 2005 627
dsa0 1416.450620 106 27 294 881 2450 4319 5489rat 10579 6099 2048 636
dsa0 1417.140620 111 38 285 851 2406 4280 5422rat 10873 6266 2098 626
dsa0 1417.820620 111 31 274 845 2357 4193 5248rat 10867 6181 2095 573
summary23:36:26FEB 25/19 64.336 2.277 19ds 0 10782 6216 2059 627 8776 4121 6.3 291.3 128 85 39 36 208 103 3.7 13.8
dsa0 1418.610620 111 29 282 807 2318 3984 5138rat 10477 6160 1945 706
dsa0 1419.290620 91 31 274 814 2297 4079 5135rat 10759 6237 2092 602
dsa0 1419.980620 110 28 296 833 2353 4154 5197rat 10422 6203 2065 576
dsa0 1420.670620 106 26 292 864 2316 4096 5170rat 10401 5973 2073 616
dsa0 1421.360620 91 28 282 823 2270 4050 5065rat 10556 6154 2115 578
summary23:39:58FEB 25/19 63.747 2.231 19ds 0 10523 6145 2058 616 8553 4070 5.6 290.6 145 102 66 53 239 128 5.2 17
zsa0 1422.240620 7498 55 25026 77542 222763 391245 494100rat 11984 7062 2461 1023
zsa0 1422.920620 7586 47 25118 77541 223970 392756 495939rat 11984 7078 2454 1022
zsa0 1423.610620 7745 50 25484 78571 224882 394023 496494rat 11935 7035 2451 1013
zsa0 1424.30620 7732 57 25685 78107 224407 392900 495265rat 11890 7049 2447 1015
zsa0 1424.990620 7979 60 26245 79929 229521 401206 505624rat 11888 7040 2441 1014
zsa0 1425.670620 7777 47 25473 77973 222993 389602 491269rat 11887 7019 2438 1016
zsa0 1426.360620 7482 45 24495 73945 212504 370024 466840rat 11831 7023 2422 1018
summary23:44:17FEB 25/19 63.036 2.179 19zs 0 11914 7044 2445 1017 8659 4092-7.8 333.7 56 21 13 4 50 13 .8 1.9
dsa0 1427.220620 133 28 361 1079 3029 5209 6577rat 10526 6070 1962 631
dsa0 1427.910620 128 30 354 1069 2992 5222 6564rat 10659 6132 2029 613
dsa0 1428.60620 138 33 370 1057 2959 5068 6395rat 10360 6065 1951 632
dsa0 1429.280620 128 31 381 1080 2933 5067 6396rat 10202 5964 1989 635
dsa0 1429.970620 127 24 366 1074 2964 5138 6423rat 10374 6030 2000 592
summary23:48:35FEB 25/19 62.336 2.129 19ds 0 10424 6052 1986 621 8438 4004 7.8 295.3 174 61 31 18 197 68 1.6 8.899999
dsa0 1430.750620 143 29 388 1067 3025 5191 6587rat 10210 6124 1961 660
dsa0 1431.440620 153 29 391 1134 3074 5327 6807rat 10292 5968 2005 692
dsa0 1432.120620 149 31 404 1129 3146 5400 6879rat 10224 6057 1965 680
dsa0 1432.810620 142 32 391 1125 3160 5381 6831rat 10379 6063 1932 666
dsa0 1433.490620 144 28 414 1138 3177 5380 6834rat 10071 6001 1907 670
summary23:52:07FEB 25/19 61.767 2.091 19ds 0 10235 6043 1954 674 8080 3921 6.5 289 114 60 37 13 114 85 4.9 11.9
hg23:55:18 .9992 289.1259 289 62490 19
hg00:11:07 .9992 286.9138 287 59075 19
hg00:12:17 .9995 288.97 289 62635 19
dsa0 12.950620 163 25 464 1183 3267 5446 6739rat 9685 5945 1870 587
dsa0 13.650620 199 33 472 1251 3359 5537 6983rat 9754 5794 1826 672
dsa0 14.330620 190 35 484 1261 3468 5680 7074rat 9770 5878 1800 619
dsa0 15.020620 168 27 488 1308 3465 5848 7195rat 9792 5823 1928 565
dsa0 15.710620 193 32 486 1294 3477 5785 7179rat 9811 5838 1869 604
summary00:14:19FEB 26/19 58.322 1.888 19ds 0 9762 5856 1859 609 7812 3890 4 315.3 48 58 49 40 140 99 5.6 15.4
dsa0 16.570620 190 27 491 1310 3511 5788 7246rat 9727 5776 1827 643
dsa0 17.260620 197 31 524 1410 3736 6041 7548rat 9651 5648 1745 636
dsa0 17.950620 213 27 564 1476 3913 6549 8167rat 9638 5790 1894 628
dsa0 18.640620 241 29 627 1562 4169 6847 8607rat 9367 5740 1813 664
dsa0 19.320620 233 30 639 1584 4350 7214 8977rat 9518 5910 1856 620
summary00:17:56FEB 26/19 57.785 1.861 19ds 0 9580 5773 1827 638 7538 3775 6.3 301.6 141 95 55 17 172 93 6.5 15.6
dsa0 20.190620 237 23 605 1603 4333 7144 8898rat 9681 5803 1829 625
dsa0 20.880620 229 25 625 1582 4241 7060 8880rat 9499 5816 1873 668
dsa0 21.570620 242 26 675 1681 4481 7386 9115rat 9358 5749 1831 587
dsa0 22.260620 269 26 731 1844 4929 8083 10003rat 9395 5736 1809 599
dsa0 22.940620 259 31 690 1741 4831 7845 9722rat 9558 5871 1769 607
summary00:21:34FEB 26/19 57.255 1.834 19ds 0 9498 5795 1822 617 7523 3835 2 315.6 130 55 38 32 127 77 4 13.3
hg00:25:54 .9994 289.6597 290 59647 19
hg00:39:03 .9992 289.5293 290 60556 19
dsa0 39.720620 350 23 907 2193 5779 9250 11468rat 9073 5600 1722 627
dsa0 40.410620 364 29 897 2240 5906 9594 11788rat 9311 5677 1789 589
dsa0 41.090620 295 26 741 1849 4832 7859 9601rat 9287 5648 1795 564
dsa0 41.780620 315 23 735 1840 4765 7589 9409rat 9158 5514 1704 629
dsa0 42.470620 320 39 796 1943 5118 8312 10271rat 9282 5700 1794 617
summary00:41:05FEB 26/19 54.534 1.712 19ds 0 9222 5628 1761 605 7286 3719 5.5 318.2 103 74 44 28 178 84 3.5 14.5
dsa0 43.330620 300 31 804 1955 5187 8327 10151rat 9206 5669 1742 558
dsa0 44.020620 294 27 762 1877 4891 7864 9674rat 9180 5593 1748 597
dsa0 44.710620 307 26 770 1926 4920 8008 9900rat 9209 5559 1802 620
dsa0 45.40620 290 39 762 1784 4659 7616 9401rat 9110 5703 1827 615
dsa0 46.080620 288 40 721 1799 4622 7346 9018rat 9214 5512 1705 592
summary00:44:42FEB 26/19 54.058 1.693 19ds 0 9184 5607 1765 596 7276 3711 5.9 320.3 43 78 49 25 104 94 6.2 15.7
zsa0 47.020620 16302 61 43551 107245 281284 450810 554056rat 10194 6271 2064 905
zsa0 47.70620 16279 59 43390 107302 280338 450196 552854rat 10204 6263 2072 901
zsa0 48.390620 16381 59 43124 106662 278875 447029 548128rat 10200 6258 2064 895
zsa0 49.080620 17596 54 46666 113844 297161 475986 583562rat 10132 6250 2062 895
zsa0 49.760620 18266 60 48774 119887 312490 499749 613094rat 10154 6239 2056 898
zsa0 50.450620 16246 58 43170 104845 273355 438284 537110rat 10109 6246 2065 892
zsa0 51.140620 17123 60 45505 111114 289605 463497 568849rat 10125 6239 2058 899
summary00:49:04FEB 26/19 53.494 1.671 19zs 0 10160 6252 2063 898 7287 3695-3.7 347.9 40 12 5 4 34 9 .6 1.2
dsa0 52.080620 268 34 658 1594 4173 6700 8169rat 9215 5647 1754 567
dsa0 52.770620 270 21 680 1626 4248 6736 8192rat 9012 5557 1695 555
dsa0 53.460620 279 24 695 1574 4044 6610 8055rat 8851 5625 1830 565
dsa0 54.150620 289 21 695 1715 4312 6777 8263rat 8944 5351 1658 567
dsa0 54.830620 311 41 779 1750 4715 7349 9050rat 8894 5656 1628 614
summary00:53:27FEB 26/19 52.942 1.65 19ds 0 8983 5567 1713 574 7147 3735 1.3 333.1 143 127 81 23 180 102 8.3 17.9
dsa0 55.70620 308 34 791 1846 4723 7424 9231rat 8835 5451 1663 656
dsa0 56.390620 287 29 697 1666 4269 6851 8340rat 9032 5546 1754 563
dsa0 57.070620 271 27 723 1661 4217 6771 8245rat 8806 5506 1756 565
dsa0 57.760620 284 26 684 1592 4109 6568 8020rat 8920 5559 1737 578
dsa0 58.450620 270 32 710 1679 4274 6749 8255rat 8906 5456 1686 586
summary00:57:04FEB 26/19 52.497 1.634 19ds 0 8900 5504 1719 590 7013 3642 5.4 319.6 88 50 42 38 178 86 3.3 15.9
hg01:11:54 .9994 287.329 287 76565 19
hg01:13:04 .9995 289.1445 289 77309 19
dsa0 73.740620 388 28 874 2021 5097 7783 9519rat 8608 5276 1548 596
dsa0 74.430620 394 30 939 2071 5354 8112 9959rat 8478 5353 1515 613
dsa0 75.120620 425 28 994 2254 5541 8586 10526rat 8463 5226 1612 607
dsa0 75.810620 449 20 1021 2225 5624 8592 10608rat 8318 5275 1549 637
dsa0 76.490620 441 33 1008 2312 5743 8857 10854rat 8559 5259 1594 606
summary01:15:07FEB 26/19 50.432 1.562 19ds 0 8485 5278 1564 612 6528 3456 9 299 111 47 39 15 159 66 5.5 12
dsa0 77.350620 434 33 1021 2326 5795 8909 10989rat 8529 5259 1580 635
dsa0 78.040620 418 29 1029 2259 5679 8771 10779rat 8413 5315 1600 619
dsa0 78.730010620 430 29 998 2211 5708 8728 10628rat 8529 5389 1557 580
dsa0 79.420620 441 31 1022 2253 5648 8711 10626rat 8423 5301 1595 588
dsa0 80.110620 396 27 941 2108 5326 8227 10000rat 8529 5340 1602 573
summary01:18:43FEB 26/19 50.052 1.55 19ds 0 8485 5321 1587 599 6568 3509 5.8 311.5 61 48 19 27 114 91 5.3 17.8
dsa0 80.980010620 410 27 973 2207 5541 8668 10456rat 8609 5366 1657 540
dsa0 81.670620 434 35 1003 2233 5730 8720 10564rat 8532 5354 1539 559
dsa0 82.370620 439 31 1000 2273 5694 8849 10705rat 8596 5335 1630 553
dsa0 83.060620 443 30 1051 2288 5787 8896 10814rat 8394 5328 1583 575
dsa0 83.740620 435 34 1036 2316 5729 8782 10778rat 8418 5225 1572 617
summary01:22:21FEB 26/19 49.681 1.538 19ds 0 8510 5322 1596 569 6690 3556 4.9 322.9 100 56 47 30 185 98 5 18.1
hg01:26:39 .9993 289.8745 290 64961 19
hg01:34:28 .9991 289.9721 290 71469 19
dsa0 95.130620 388 36 957 2002 5062 7753 9453rat 8261 5341 1576 595
dsa0 95.820620 382 34 837 1863 4601 7012 8514rat 8420 5218 1555 577
dsa0 96.510620 367 25 850 1817 4522 6941 8500rat 8265 5268 1584 614
dsa0 97.20620 380 19 914 2009 4945 7503 9049rat 8255 5157 1531 547
dsa0 97.890620 432 33 975 2089 5306 8039 9755rat 8327 5309 1529 575
summary01:36:30FEB 26/19 48.352 1.498 19ds 0 8306 5259 1555 582 6445 3492 4.3 318.9 70 73 25 25 112 58 5.5 11.6
dsa0 98.750620 435 31 1020 2225 5516 8338 10110rat 8277 5188 1518 572
dsa0 99.440620 474 30 1058 2257 5608 8605 10312rat 8249 5261 1584 521
dsa0 100.130620 532 38 1192 2585 6403 9658 11740rat 8247 5178 1510 583
dsa0 100.820620 603 27 1354 2915 7180 11038 13248rat 8228 5220 1590 527
dsa0 101.510620 558 25 1294 2731 6658 10224 12218rat 8091 5171 1586 509
summary01:40:07FEB 26/19 48.043 1.489 19ds 0 8218 5204 1558 542 6483 3503 4.4 322.9 73 37 40 33 80 61 3.3 12.1
zsa0 102.440620 26608 70 63358 139677 347103 532704 644691rat 9297 5854 1877 839
zsa0 103.130620 28036 67 66406 145766 362566 554783 671333rat 9271 5847 1865 839
zsa0 103.820620 33148 72 77946 169470 421004 642593 778234rat 9221 5837 1857 845
zsa0 104.510620 41668 72 97386 209287 519309 792491 958362rat 9178 5843 1862 842
zsa0 105.190620 42862 86 99519 213847 529734 806536 977285rat 9162 5827 1853 851
zsa0 105.880620 41481 73 96983 208806 516688 787134 951699rat 9167 5823 1854 841
zsa0 106.570620 42855 66 99796 214863 530617 809659 978909rat 9167 5823 1862 841
summary01:44:30FEB 26/19 47.688 1.479 19zs 0 9209 5836 1861 843 6513 3473-2.6 343.4 55 12 8 4 64 13 .8 2.1
dsa0 107.50620 561 30 1301 2770 6812 10293 12346rat 8119 5149 1519 528
dsa0 108.190620 617 34 1420 2995 7290 11052 13399rat 8053 5121 1534 575
dsa0 108.880620 681 33 1572 3287 8198 12290 14960rat 8061 5175 1484 592
dsa0 109.570620 753 29 1642 3534 8518 12903 15647rat 8072 5066 1529 575
dsa0 110.260620 834 33 1836 3899 9404 14221 17170rat 8011 5063 1522 557
summary01:48:52FEB 26/19 47.351 1.47 19ds 0 8063 5115 1518 565 6254 3395 7.9 305.5 39 50 20 24 102 67 4.4 13
dsa0 111.120620 888 33 1958 4196 10136 15430 18486rat 8084 5097 1551 523
dsa0 111.810620 925 36 2029 4262 10519 15831 18993rat 8044 5143 1502 530
dsa0 112.50620 1013 40 2250 4760 11590 17583 21092rat 8052 5120 1537 529
dsa0 113.190620 997 40 2298 4678 11494 17413 20905rat 7918 5154 1531 533
dsa0 113.880620 990 30 2248 4795 11640 17606 21287rat 8047 5088 1523 564
summary01:52:30FEB 26/19 47.088 1.463 19ds 0 8029 5120 1529 536 6314 3445 5.1 317.1 64 28 18 16 84 49 4.5 9.8
hg01:55:41 .9992 289.1015 289 63099 19
hg02:10:12 .9992 286.9567 287 60901 19
hg02:11:22 .9995 288.8803 289 64082 19
dsa128 131.980620 52622 80 116725 236008 592132 906885 1127655rat 8066 5349 1613 714
dsa128 132.670620 16095 42 35481 71528 180317 275504 341995rat 8005 5310 1579 689
dsa128 133.360620 24207 51 53513 108466 271828 416737 518437rat 8031 5310 1599 702
dsa128 134.050620 55232 77 122348 247166 620967 950209 1180182rat 8070 5356 1611 710
dsa128 134.740620 44260 79 97742 197649 496640 759809 945049rat 8057 5341 1603 711
summary02:13:21FEB 26/19 45.851 1.43 19ds 2 8046 5333 1601 705 5789 3334 1.3 301.2 27 22 14 10 10 13 .9 2.6
dsa128 135.590620 21110 63 46966 94366 237735 362003 450736rat 7985 5301 1568 705
dsa128 136.280620 43780 68 96658 194553 489536 749062 930370rat 8043 5347 1604 705
dsa128 136.970620 45619 77 100509 202814 509633 778502 966724rat 8044 5337 1598 705
dsa128 137.660620 24380 59 53642 107836 269929 413902 513495rat 7994 5308 1601 691
dsa128 138.350620 50037 76 111005 223281 561347 857805 1067050rat 8043 5348 1603 715
summary02:16:57FEB 26/19 45.687 1.426 19ds 2 8022 5328 1595 704 5768 3333 .8 302.1 30 22 15 9 27 11 .5 2.3
dsa128 139.130620 53177 92 117578 236432 594724 907386 1128494rat 8043 5348 1598 716
dsa128 139.820620 35804 76 78633 158250 399057 610018 758681rat 8037 5343 1595 708
dsa128 140.510620 20820 49 45793 92261 232336 356042 441644rat 8024 5328 1596 689
dsa128 141.20620 48219 78 106653 214202 538956 823950 1024043rat 8040 5352 1604 711
dsa128 141.890620 54820 79 121587 244339 613643 937423 1165450rat 8042 5349 1605 716
summary02:20:30FEB 26/19 45.541 1.423 19ds 2 8037 5344 1600 708 5772 3340 .3 304.4 8 10 5 11 28 11 .3 2.2
hg02:24:54 .9994 289.5258 290 59253 19
hg02:34:27 .9992 289.6243 290 68408 19
dsa64 155.120620 127200 106 273070 541878 1315841 1961964 2389446rat 7842 5186 1540 653
dsa64 155.810620 82293 101 175859 348633 851167 1277436 1562237rat 7822 5181 1542 653
dsa64 156.50620 19586 48 42010 83079 204099 307100 375339rat 7759 5141 1517 625
dsa64 157.190620 143138 122 306853 606309 1472816 2193331 2668504rat 7844 5203 1545 655
dsa64 157.880620 31835 62 67939 134421 329423 495977 607604rat 7771 5148 1527 641
summary02:36:29FEB 26/19 45.069 1.411 19ds 1 7808 5172 1534 645 5742 3308 2.4 300 40 26 12 13 15 11 .6 2.3
dsa0 158.730620 23699 50 50206 99345 242540 363747 444739rat 7726 5104 1505 629
dsa0 159.420620 157336 121 337239 663561 1594410 2354203 2849152rat 7758 5132 1513 636
dsa0 160.110620 9597 44 20460 40292 98578 146968 178669rat 7673 5073 1471 599
dsa0 160.80620 160906 126 344348 677143 1622908 2386547 2884193rat 7730 5106 1496 630
summary02:39:46FEB 26/19 45.01 1.41 19ds 0 7722 5104 1496 624 5727 3296 3 298 36 24 18 17 20 17 1 3.5
zsa0 162.430620 67904 84 149537 304360 731276 1084796 1294503rat 8706 5602 1748 789
zsa0 163.120620 61588 90 135350 273444 652633 964239 1146707rat 8615 5546 1726 771
zsa0 163.80620 63298 84 139630 284059 682156 1011688 1208920rat 8693 5593 1745 794
zsa0 164.490620 59766 97 131831 268964 643928 955934 1139649rat 8692 5580 1747 782
zsa0 165.180620 63231 96 139516 283920 679213 1006520 1199156rat 8674 5573 1741 780
zsa0 165.870620 73276 94 160748 327444 785482 1166621 1394810rat 8716 5608 1757 800
zsa0 166.550620 85923 104 188461 382651 921544 1369219 1641277rat 8740 5643 1766 816
summary02:44:29FEB 26/19 44.949 1.408 19zs 0 8691 5592 1747 790 6162 3375-2.5 338.3 39 31 13 15 22 6 .5 1.2
dsa0 167.490620 2814 36 5853 11655 28293 42257 50817rat 7701 5046 1477 550
dsa0 168.180620 1608 36 3487 6933 16873 25270 30370rat 7733 5074 1490 547
dsa0 168.870620 1651 33 3560 7107 17188 25820 30852rat 7732 5059 1503 522
dsa0 169.560620 40003 69 85968 169875 414858 625005 763999rat 7767 5147 1535 635
dsa0 170.250620 40171 64 85900 169868 415784 624800 764428rat 7768 5146 1523 639
summary02:48:52FEB 26/19 44.916 1.408 19ds 0 7740 5094 1506 579 5889 3358 1.8 311.4 28 49 24 54 151 56 1 11.7
dsa0 171.110620 5015 25 10670 21161 51836 77684 94469rat 7728 5097 1492 599
dsa0 171.80620 8458 49 18088 35613 87341 131303 160656rat 7721 5120 1508 627
dsa0 172.480620 1312 30 2854 5822 14095 20915 25178rat 7782 5011 1449 554
dsa0 173.170620 12568 41 27010 53219 130964 196782 240277rat 7738 5136 1508 619
dsa0 173.860620 24591 51 52436 103667 254456 382663 468589rat 7761 5142 1518 636
summary02:52:29FEB 26/19 44.907 1.407 19ds 0 7746 5101 1495 607 5803 3322 2.8 303.9 25 53 27 33 121 19 2 4
hg02:55:40 .9993 288.9417 289 63824 19
hg03:10:03 .9991 287.5017 288 61167 19
sla 0 195.460620 838757 177 970056 1151138 1432307 1624522 1771819rat 2309 1546 565 392
sla 0 196.150620 838676 197 970272 1150500 1430340 1622679 1769213rat 2303 1544 566 390
sla 0 196.840620 836936 193 969042 1148592 1431286 1622788 1768509rat 2309 1551 564 388
sla 0 197.530620 836710 176 967926 1147737 1428437 1621706 1766864rat 2311 1552 570 387
sla 0 198.220620 835720 193 966760 1147310 1427921 1621375 1764747rat 2315 1553 570 383
sla 0 198.910620 835581 195 966759 1146366 1427004 1619039 1764260rat 2309 1550 567 388
sla 0 199.60620 834184 188 964736 1146069 1426035 1618451 1763107rat 2317 1549 568 387
summary03:17:31FEB 26/19 45.286 1.416 19sl 0 2310 1549 567 388 1069 606 967936 1766931 5 3 2 3 13 7 2023.5 3096.3
ap03:19:57 19.38 19.67 17.01 1128.52 12.49 5.07-11.32 24.48 0 15.97 18.53 17.1 5.01-4.64 0 .01 0 0 .02 .03 8.32 1.41 .02 .03 19.38 19.57 17.01 1126.56 12.49 5.05-11.34 24.21 1.23 16.25 18.53 16.91 5.01-4.64 1.4 10.84 .35 13.43 1.46 .57 8.32 1.41 .08 9.000001E-02
hg03:34:27 .9993 288.2225 288 67230 19
dsa0 215.130620 811 26 1829 3871 9368 14099 17113rat 7997 5064 1506 585
dsa0 215.820620 818 32 1836 3836 9330 14124 16896rat 8000 5116 1533 522
dsa0 216.510620 821 29 1824 3874 9450 14241 17135rat 8058 5106 1512 547
dsa0 217.190620 818 36 1809 3735 9151 13739 16666rat 7952 5115 1497 583
dsa0 217.880620 785 32 1768 3802 9205 13724 16783rat 8040 5029 1466 618
summary03:36:30FEB 26/19 46.075 1.436 19ds 0 8009 5086 1503 571 6182 3364 8.899999 306.3 41 38 25 37 126 85 4.9 17.6
dsa0 218.750620 833 23 1904 4079 9859 14949 17968rat 8066 5086 1537 542
dsa0 219.440620 881 20 1874 4025 9737 14755 17939rat 8072 5084 1534 591
dsa0 220.120620 862 28 1961 4074 9957 14737 17952rat 7882 5032 1432 600
dsa0 220.810620 911 27 2085 4380 10686 16105 19332rat 7996 5101 1511 536
dsa0 221.50620 923 32 2149 4413 10816 16345 19538rat 7936 5135 1523 517
summary03:40:07FEB 26/19 46.273 1.442 19ds 0 7990 5088 1507 557 6207 3387 7.5 309.8 82 37 43 36 147 83 5.1 16.8
zsa0 222.430620 59175 84 135405 282087 687473 1031182 1238559rat 8912 5709 1795 817
zsa0 223.120620 60977 87 138744 287701 701206 1051081 1259856rat 8892 5708 1793 808
zsa0 223.810620 60597 83 137936 286291 699308 1045647 1253880rat 8894 5706 1782 810
zsa0 224.490620 55042 81 125142 259600 629551 940983 1125078rat 8848 5665 1776 795
zsa0 225.180620 53825 77 122400 254942 617170 921988 1100814rat 8854 5653 1773 788
zsa0 225.870620 59063 77 134774 279667 682709 1023005 1226816rat 8897 5711 1791 810
zsa0 226.550620 57853 86 132377 274685 668589 1001536 1200882rat 8881 5695 1788 809
summary03:44:29FEB 26/19 46.532 1.448 19zs 0 8883 5692 1785 805 6306 3431-3.9 341.3 23 24 9 10 13 7 .7 1.5
dsa0 227.490620 2083 22 4778 9607 24235 36624 44675rat 7926 5243 1519 603
dsa0 228.180620 26340 55 59373 121347 305399 465179 573628rat 8047 5295 1568 661
dsa0 228.860620 10389 39 22872 46771 116589 178376 219290rat 8002 5250 1576 640
dsa0 229.550620 31294 62 70551 144657 363191 555586 685354rat 8076 5309 1590 664
dsa0 230.240620 16193 44 36953 75432 189774 290943 358374rat 8050 5306 1589 651
summary03:48:51FEB 26/19 46.812 1.455 19ds 0 8020 5281 1568 644 5960 3402-.2 310 59 32 29 25 24 33 2.4 7
dsa0 231.10620 3683 31 8465 17228 43046 65500 80126rat 7962 5229 1548 615
dsa0 231.790620 20236 47 45314 93155 235322 360927 446352rat 8104 5330 1593 669
dsa0 232.480620 12190 42 27420 56452 142157 218411 268902rat 8092 5313 1595 646
dsa0 233.170620 121968 122 278258 572696 1433728 2179187 2683417rat 8208 5404 1626 702
dsa0 233.860620 140706 111 321157 659196 1627793 2448628 2991926rat 8118 5321 1591 674
summary03:52:28FEB 26/19 47.059 1.462 19ds 0 8097 5319 1591 661 5981 3400 .5 308.2 88 62 28 33 28 14 .7 3.1
hg03:55:41 .9993 289.7509 290 63450 19
hg04:10:10 .9992 288.6595 289 61088 19
dsa0 250.840620 32220 64 74577 159683 404796 627126 776423rat 8337 5393 1639 674
dsa0 251.530620 51748 82 120754 257876 654907 1015667 1256813rat 8374 5437 1659 682
dsa0 252.220620 39292 62 91594 196426 498268 775503 961947rat 8379 5427 1665 686
dsa0 252.910620 10267 40 23776 51185 129825 202272 250017rat 8347 5385 1646 655
dsa0 253.60620 1630 34 3721 8227 20709 32123 39248rat 8422 5329 1622 600
summary04:12:13FEB 26/19 48.648 1.507 19ds 0 8372 5394 1646 659 6263 3451 3.2 308.9 33 43 17 35 137 28 1.3 5.1
dsa0 254.460620 893 36 2187 4742 11656 18143 21819rat 8274 5250 1639 531
dsa0 255.150620 11286 42 26314 56686 144493 224528 278508rat 8357 5394 1634 669
dsa0 255.840620 4840 41 11249 24129 61200 95011 116750rat 8308 5360 1626 625
dsa0 256.530620 1589 29 3824 8315 21047 32414 39865rat 8331 5317 1589 627
dsa0 257.220620 1667 31 3924 8404 21272 32778 40399rat 8267 5319 1591 636
summary04:15:50FEB 26/19 48.982 1.517 19ds 0 8307 5328 1616 618 6331 3470 3.3 310.7 38 54 24 52 144 37 1.2 7.7
dsa0 258.090620 61782 75 146122 313961 789964 1211442 1488528rat 8319 5356 1614 652
dsa0 258.780620 5415 47 12601 27283 69567 108369 133965rat 8382 5396 1639 650
dsa0 259.470620 2251 26 5320 11745 29506 46089 56537rat 8412 5339 1649 614
dsa0 260.160620 847 39 1956 4345 10825 16594 20256rat 8375 5240 1570 593
dsa0 260.850620 951 23 2235 4964 12467 19423 23659rat 8441 5331 1637 583
summary04:19:28FEB 26/19 49.329 1.528 19ds 0 8386 5332 1622 618 6406 3470 5.1 308.5 46 57 32 32 138 32 2.5 5.7
hg04:23:46 .9991 288.9411 289 58942 19
hg04:34:29 .9992 288.6916 289 64320 19
dsa0 275.160620 633 33 1516 3386 8674 13496 16486rat 8559 5408 1625 588
dsa0 275.840620 1413 34 3458 7821 20077 31555 39065rat 8619 5444 1666 645
dsa0 276.530620 627 33 1515 3411 8653 13289 16361rat 8491 5306 1567 621
dsa0 277.220620 603 29 1520 3454 8549 13455 16371rat 8518 5301 1673 569
dsa0 277.910620 590 29 1437 3329 8404 13108 16092rat 8652 5347 1633 607
summary04:36:31FEB 26/19 51.118 1.585 19ds 0 8568 5361 1633 606 6630 3515 6.6 305.8 67 63 42 29 93 49 3.5 9.7
dsa0 278.770620 648 46 1524 3501 8779 13735 16823rat 8637 5345 1649 597
dsa0 279.460620 592 29 1465 3308 8279 12943 15797rat 8507 5318 1642 581
dsa0 280.150620 565 40 1462 3304 8462 13288 16062rat 8659 5447 1663 539
dsa0 280.830620 572 28 1402 3249 8182 12791 15765rat 8644 5342 1641 622
dsa0 281.520620 637 25 1625 3620 9242 14447 17870rat 8511 5394 1639 637
summary04:40:08FEB 26/19 51.529 1.599 19ds 0 8592 5369 1647 595 6687 3534 6.4 306.5 76 52 10 38 167 95 4.7 17.6
zsa0 282.460620 36531 82 91717 211572 539426 841895 1025264rat 9708 6064 1963 874
zsa0 283.150620 35547 79 90347 208498 533033 834152 1015733rat 9733 6087 1975 874
zsa0 283.840620 36191 78 91568 211484 540972 847434 1031178rat 9744 6095 1980 871
zsa0 284.530620 35722 85 90799 210433 538605 845690 1030698rat 9772 6108 1990 878
zsa0 285.210620 33611 78 84928 196632 502183 784475 953109rat 9730 6071 1965 862
zsa0 285.90620 36622 85 93320 215965 553868 868678 1058116rat 9772 6113 1986 876
zsa0 286.590620 35318 73 89966 209882 538280 843241 1026943rat 9799 6106 1980 874
summary04:44:31FEB 26/19 52.041 1.617 19zs 0 9751 6092 1977 873 6958 3620-4.9 344.4 31 19 10 5 28 12 .5 1.4
dsa0 287.520620 685 38 1724 3960 10251 16143 19701rat 8747 5486 1668 574
dsa0 288.210620 6486 37 16573 38350 101278 163318 205205rat 8903 5658 1771 703
dsa0 288.90620 4675 32 11973 27643 73650 118515 149072rat 8918 5683 1760 706
dsa0 289.590620 3047 40 7890 18272 48550 78051 98237rat 8919 5666 1754 707
dsa0 290.280620 717 30 1755 4173 10701 16962 20936rat 8857 5460 1693 621
summary04:48:54FEB 26/19 52.568 1.636 19ds 0 8869 5591 1729 662 6751 3600 2.6 311.6 73 108 46 61 128 45 3.4 8.8
dsa0 291.140620 5897 40 15047 34866 92480 149170 187721rat 8921 5672 1769 707
dsa0 291.830620 5116 53 13075 30283 80453 129924 163629rat 8933 5683 1773 709
dsa0 292.520620 825 31 2041 4763 12342 19815 24325rat 8863 5555 1746 595
dsa0 293.210620 2397 31 6113 14321 37988 61310 76846rat 8966 5667 1767 685
dsa0 293.90620 3748 29 9591 22455 59819 96526 120954rat 8975 5684 1766 684
summary04:52:31FEB 26/19 53.014 1.652 19ds 0 8932 5652 1764 676 6768 3621 1.4 312.1 44 55 11 47 122 35 .5 5.7
hg04:55:42 .9991 289.2659 289 63278 19
hg05:10:11 .9996 287.9659 288 60412 19
dsa0 310.840620 501 38 1391 3427 9119 14734 18462rat 9226 5674 1758 667
dsa0 311.530620 1835 36 5042 12539 34229 56960 71700rat 9427 5887 1882 686
dsa0 312.220620 460 25 1350 3274 8577 13994 17239rat 9092 5634 1796 591
dsa0 312.910620 494 26 1331 3406 8864 14501 18042rat 9309 5614 1807 634
dsa0 313.60620 5420 41 15183 38664 106799 178776 228878rat 9593 5963 1909 761
summary05:12:13FEB 26/19 55.608 1.758 19ds 0 9329 5754 1830 668 7192 3704 4.4 307.4 191 160 63 63 72 58 4.3 10
dsa0 314.470620 3938 40 11018 28024 77831 130617 166861rat 9618 5993 1917 749
dsa0 315.150620 692 30 1988 4945 13369 21970 27426rat 9345 5790 1823 646
dsa0 315.840620 905 31 2490 6358 17283 28666 35897rat 9510 5848 1862 658
dsa0 316.530620 755 32 2032 5160 14049 23183 29043rat 9481 5835 1840 659
dsa0 317.210620 880 30 2355 6103 16577 27638 34716rat 9589 5864 1883 670
summary05:15:50FEB 26/19 56.112 1.781 19ds 0 9509 5866 1865 676 7344 3784 1.9 316.7 107 76 37 42 92 15 1.3 1.9
dsa0 318.080620 1813 35 5123 13082 36154 60795 76949rat 9613 5969 1919 703
dsa0 318.770620 6665 37 19031 49118 137470 232680 298276rat 9737 6059 1953 762
dsa0 319.460620 12727 47 36875 95833 270574 458936 587754rat 9831 6122 1971 764
dsa0 320.150620 16770 57 48992 127676 359515 609825 783571rat 9843 6122 1977 782
dsa0 320.840620 70220 120 204341 536312 1497238 2512738 3207648rat 9987 6211 2022 820
summary05:19:27FEB 26/19 56.625 1.804 19ds 0 9802 6097 1968 766 7351 3810 .2 316.8 139 90 38 42 33 19 .7 3.3
hg05:23:46 .9994 289.2503 289 59159 19
hg05:34:29 .9988 290.7023 291 65226 19
hg05:35:40 .9994 288.4814 288 67943 19
dsa64 336.310620 22583 70 70549 200583 585807 1027909 1339751rat 10490 6417 2123 838
dsa64 336.990620 13765 57 42906 122895 359053 633712 826845rat 10506 6406 2128 828
dsa64 337.680620 17267 78 54477 156086 458072 808267 1054758rat 10540 6438 2134 834
dsa64 338.370620 23491 85 74222 214409 628446 1110493 1447445rat 10603 6464 2154 838
dsa64 339.060620 27352 94 87502 252407 742819 1310808 1709276rat 10626 6491 2157 847
summary05:37:40FEB 26/19 59.32 1.942 19ds 1 10553 6443 2139 837 7875 3951 1.2 315.7 60 35 15 7 47 18 .5 1.3
dsa64 339.90620 27816 99 89000 260061 764526 1353508 1767346rat 10691 6502 2172 853
dsa64 340.590620 26990 90 86736 253731 748350 1325874 1733910rat 10706 6514 2173 858
dsa64 341.270620 27097 96 87732 258120 762507 1354961 1772840rat 10751 6534 2187 860
dsa64 341.960620 26830 92 87104 256696 760335 1353466 1773354rat 10772 6551 2193 865
dsa64 342.650620 26101 98 84782 251752 747224 1331015 1744754rat 10811 6558 2194 865
summary05:41:16FEB 26/19 59.873 1.973 19ds 1 10746 6532 2184 860 7994 3978 1.6 314.8 49 24 11 5 33 10 .2 .2
zsa0 343.580620 13731 68 42968 123657 345986 589096 736177rat 11431 6828 2334 982
zsa0 344.270620 13443 58 42152 121377 340749 581858 727134rat 11459 6854 2347 982
zsa0 344.960620 13158 68 41908 121152 341979 585209 733850rat 11511 6888 2356 997
zsa0 345.650620 13388 61 42589 123938 349941 600821 753945rat 11556 6905 2371 1001
zsa0 346.330620 12735 62 40612 118800 336029 576917 723131rat 11584 6911 2370 995
zsa0 347.020620 12300 62 39498 115653 327290 562746 706424rat 11595 6918 2376 1001
zsa0 347.70620 11662 58 37180 108762 307193 527667 660421rat 11575 6902 2370 987
summary05:45:38FEB 26/19 60.554 2.014 19zs 0 11530 6887 2361 992 8355 4020-7.6 345.8 65 33 16 8 49 16 .4 .9
dsa64 348.580620 4663 46 15556 47734 144362 262179 346652rat 10979 6607 2215 854
dsa64 349.270620 5767 49 19388 59804 181483 329882 436269rat 11021 6628 2220 856
dsa64 349.960620 9360 65 31759 97996 298365 544317 721608rat 11068 6674 2245 873
dsa64 350.650620 2220 28 7570 23199 70389 128731 169893rat 10993 6632 2235 838
dsa64 351.340620 2107 37 7289 22395 68192 125064 165762rat 11033 6658 2246 855
summary05:49:57FEB 26/19 61.236 2.056 19ds 1 11019 6640 2232 855 8282 4070 1.2 315.3 35 26 14 12 25 17 .6 1.2
dsa0 352.170620 35986 110 125685 395574 1200011 2177786 2864539rat 11271 6778 2304 899
dsa0 352.860620 41847 117 145532 460688 1396668 2529921 3324863rat 11320 6800 2315 909
dsa0 353.550620 40402 115 141826 449214 1366203 2481971 3262353rat 11339 6819 2324 906
dsa0 354.230620 41848 118 147073 468146 1428529 2595616 3414634rat 11384 6843 2330 914
dsa0 354.920620 36917 102 130462 417477 1277257 2329103 3070879rat 11398 6840 2329 911
summary05:53:32FEB 26/19 61.808 2.093 20ds 0 11342 6816 2320 908 8437 4112 1.4 315.7 51 28 11 6 35 14 .3 .6
hg05:56:43 .9991 290.0414 290 63305 19
hg06:10:09 .9991 287.7077 288 62097 20
dsa0 370.730620 886 33 3405 12161 39262 76287 102840rat 12053 7068 2450 885
dsa0 371.420620 1109 43 4437 16052 52359 102989 139732rat 12203 7165 2503 912
dsa0 372.110620 428 31 1467 5347 16998 32656 43399rat 12056 6952 2397 818
dsa0 372.80620 238 30 882 2953 9279 17574 23107rat 11620 6849 2335 770
dsa0 373.490620 2353 43 9552 35757 117929 232460 316733rat 12380 7216 2512 930
summary06:12:06FEB 26/19 64.863 2.32 20ds 0 12062 7050 2439 863 9301 4364 1.5 316.8 281 151 74 67 119 15 1.9 .7
dsa0 374.270620 14501 92 59979 226170 750086 1473896 2004605rat 12534 7336 2565 972
dsa0 374.960620 17356 112 72538 275798 915863 1802289 2452275rat 12612 7376 2589 988
dsa0 375.650620 16724 96 70074 267527 892347 1760704 2396431rat 12649 7399 2596 985
dsa0 376.340620 16226 91 68756 264864 885210 1750335 2385995rat 12698 7412 2603 990
dsa0 377.020620 16649 99 70995 275424 919797 1824614 2488342rat 12741 7426 2620 994
summary06:15:38FEB 26/19 65.46 2.372 20ds 0 12647 7390 2595 986 9493 4417 1.7 316.6 80 35 20 8 56 14 .3 1
dsa64 377.860620 6223 76 26489 103056 347988 699350 963091rat 12732 7417 2609 984
dsa64 378.550620 5886 58 25204 98975 334844 677095 933908rat 12796 7445 2633 988
dsa64 379.240620 5536 80 24074 95024 323060 655069 904677rat 12847 7473 2642 991
dsa64 379.930620 5282 66 23166 91815 313964 639199 882517rat 12896 7510 2656 987
dsa64 380.610620 5049 60 22179 88708 304936 620428 860114rat 12946 7523 2650 1002
summary06:19:14FEB 26/19 66.072 2.426 20ds 1 12843 7474 2638 990 9675 4471 1.6 316 84 44 18 7 67 28 .5 1.6
hg06:23:35 .9991 289.1333 289 58451 19
hg06:34:28 .9992 288.6653 289 64514 20
dsa0 395.140620 4998 74 25915 124388 462767 1015550 1442868rat 14275 8125 2953 1081
dsa0 395.830620 4727 73 25453 123145 459908 1012588 1441088rat 14331 8150 2964 1086
dsa0 396.520620 4613 79 24752 121258 454653 1004452 1432109rat 14408 8175 2976 1091
dsa0 397.20620 4477 74 24050 118318 445448 988674 1411974rat 14452 8205 2993 1095
dsa0 397.890620 4150 70 22762 113543 429287 957310 1370297rat 14538 8235 3008 1101
summary06:36:30FEB 26/19 69.076 2.741 20ds 0 14401 8178 2979 1091 10911 4835 1.6 318.9 103 44 22 8 78 20 .2 .5
zsa0 398.760620 2025 46 8419 33824 109289 214263 278387rat 14097 8038 2932 1142
zsa0 399.450620 1950 42 8236 33203 107710 212108 275710rat 14147 8074 2951 1144
zsa0 400.140620 1935 44 8067 32612 106151 209046 272570rat 14175 8089 2951 1157
zsa0 400.820620 1891 37 7901 31988 104390 206417 269185rat 14206 8117 2969 1158
zsa0 401.510620 1850 48 7604 31330 102792 204046 266144rat 14329 8158 2986 1159
zsa0 402.190620 1781 36 7416 30678 101160 201606 263149rat 14379 8195 3003 1162
zsa0 402.880620 1717 49 7298 30284 99365 198275 259890rat 14384 8181 3008 1180
summary06:40:49FEB 26/19 69.84101 2.835 20zs 0 14245 8122 2971 1157 10542 4668-15.5 337.1 117 59 29 13 87 30 .7 2.5
dsa0 403.810620 2501 67 14944 81655 323342 751359 1093981rat 15205 8540 3149 1141
dsa0 404.50620 2435 59 14706 80795 321831 751419 1094393rat 15262 8579 3167 1139
dsa0 405.180620 2288 79 14155 78796 315229 739562 1080263rat 15353 8611 3184 1148
dsa0 405.870620 2182 62 13518 76148 306914 722219 1058902rat 15432 8647 3192 1161
dsa0 406.560620 2077 55 12753 72051 292562 692207 1014849rat 15484 8693 3211 1156
summary06:45:10FEB 26/19 70.61901 2.939 19ds 0 15347 8614 3181 1149 11670 5071 1.1 321.2 116 59 24 10 90 35 .5 1.1
hg06:49:26 .9992 288.9958 289 57037 20
hg07:10:10 .9994 287.7407 288 58220 19
dsa0 430.730620 138 34 986 8957 45586 133747 214720rat 18978 10223 3950 1369
dsa0 431.410620 113 39 908 8380 42865 126746 204855rat 19119 10269 3977 1392
dsa0 432.10620 110 41 860 7893 40799 121945 196533rat 19186 10350 4018 1373
dsa0 432.790620 98 36 759 7439 38600 116624 189356rat 19512 10398 4058 1399
dsa0 433.480620 102 40 746 7130 37162 113272 184212rat 19465 10445 4090 1400
summary07:12:06FEB 26/19 75.536 3.826 19ds 0 19252 10337 4019 1387 14815 5971 2 316.1 229 91 57 15 192 49 1.1 1.9
fza192 434.371620 26 264 1582 6793 17845 26390
fza192 434.971620 79 6618 64753 338974 1012536 1606094rat 19460 10448 4060 1341
fza192 435.561620 79 6206 62168 326935 983364 1561882rat 19602 10485 4083 1340
fza192 436.151620 75 5625 57345 303119 919486 1466995rat 19727 10529 4111 1351
summary07:15:33FEB 26/19 76.18 3.982 19fz 3 19596 10487 4085 1344 15296 6160 .4 317.7 134 41 26 6 120 20 .5 .9
dsa0 436.980620 81 34 425 4473 24454 78004 128647rat 20288 10781 4251 1425
dsa0 437.670620 62 36 398 4032 22184 71638 118878rat 20226 10851 4297 1445
dsa0 438.350620 76 27 360 3624 20499 65953 110100rat 20204 10933 4272 1463
dsa0 439.040620 64 28 328 3272 18631 60678 101797rat 20269 11003 4318 1478
dsa0 439.730620 57 40 287 2999 17082 56396 94598rat 20767 11067 4372 1470
summary07:18:21FEB 26/19 76.70201 4.12 19ds 0 20351 10927 4302 1456 15691 6300-.3 317.2 235 115 47 21 223 62 2 .8
hg07:21:30 .9994 289.6688 290 64875 19
hg07:34:30 .9991 289.5278 290 62639 19
fza0 455.181620 47 1568 9083 41593 121598 184805
fza0 455.791620 83 2864 39946 287643 1203665 2164766rat 25986 13336 5460 1720
fza0 456.381620 82 2552 34060 244916 1036071 1878256rat 26483 13484 5532 1746
fza0 456.971620 78 2321 30525 219297 937975 1704795rat 27199 13621 5605 1749
summary07:36:22FEB 26/19 80.101 5.291 19fz 0 26556 13480 5532 1738 20993 7759 2.5 328.3 610 143 73 16 565 81 2 1.5
fza0 457.811620 33 1388 7548 34531 102303 154109
fza0 458.421620 76 1766 19065 133560 575374 1067729rat 28182 13863 5716 1849
fza0 459.011620 69 1666 17145 120824 523246 971137rat 29225 14119 5790 1854
fza0 459.61620 51 1529 14942 102888 447631 831797rat 31971 14355 5923 1882
summary07:39:00FEB 26/19 80.599 5.517 19fz 0 29793 14112 5810 1862 23835 8043 15.1 330 1957 246 105 18 1901 168 9.3 5.9
fza0 460.431620 36 1190 6334 29153 86388 131093
fza0 461.041620 56 1297 10616 70398 303402 567503rat 32293 14654 6058 1945
fza0 461.631620 44 1242 10014 65685 283409 529977rat 39868 14855 6149 1959
fza0 462.221620 44 1224 8696 55264 234301 436986rat 43993 15530 6346 2033
summary07:41:37FEB 26/19 81.099 5.76 19fz 0 38718 15013 6184 1979 32386 8557 58.5 342.4 5934 459 147 47 5805 305 31.4 12.3
fza0 463.061620 38 1050 5374 24637 74732 113544
fza0 463.661620 47 1078 7461 46501 198060 369963rat 43075 15215 6290 2019
fza0 464.251620 55 1070 6639 39395 163348 302456rat 41581 16010 6549 2110
fza0 464.841620 37 994 6325 37453 155543 287868rat 41125 16794 6741 2145
summary07:44:15FEB 26/19 81.599 6.024 19fz 0 41927 16006 6527 2091 35236 9189 60.8 358.3 1020 790 226 65 1227 571 19.9 24.3
fza0 465.681620 31 933 4594 21042 64044 97795
fza0 466.31620 40 925 5320 29816 120536 220010rat 39425 16395 6794 2115
fza0 466.891620 40 928 5092 27981 111922 204756rat 38645 17392 7081 2238
fza0 467.481620 43 893 4782 26321 105570 192079rat 37963 21729 7642 2291
summary07:46:53FEB 26/19 82.102 6.31 19fz 0 38678 18505 7172 2215 31591 11154-2.4 433.4 732 2836 431 90 1016 2498 54.9 112.1
hg08:10:07 .9992 287.6651 288 56248 19
hg08:34:28 .9991 288.6332 289 57260 19
hg09:10:08 .9992 288.7371 289 55788 18
hp09:33:46 .9976534 340681 81.7 18
hg09:40:05 .9993 288.9539 289 55045 18
sla 0 585.50620 837194 206 970414 1153080 1434890 1629790 1775682rat 2322 1554 572 387
sla 0 586.180620 836303 181 969441 1152982 1434603 1628158 1776324rat 2322 1550 568 394
sla 0 586.870620 836210 199 970015 1151607 1433739 1628145 1775637rat 2320 1555 571 392
sla 0 587.560620 835776 184 969539 1151920 1433497 1629900 1776234rat 2327 1559 577 388
sla 0 588.240620 835055 203 967605 1150580 1433851 1628286 1774931rat 2331 1559 571 390
sla 0 588.930620 834733 200 967700 1151375 1432970 1626982 1773553rat 2327 1553 570 390
sla 0 589.620620 834643 193 967408 1150079 1433403 1626909 1772205rat 2328 1557 569 386
summary09:47:33FEB 26/19 106.253 3.437 18sl 0 2325 1555 571 390 1079 607 968874.6 1774938 4 3 3 3 11 7 1264.1 1672.2
ap09:49:59 18.24 19.19 15.59 1128.52 12.49 5.07-11.38 24.48 0 14.54 17.58 13.97 5-4.75 0 0 0 0 .03 .03 8.479999 1.4 .02 0 18.24 19.19 15.59 1126.56 12.49 5.06-11.38 24.28 1.18 14.83 17.58 14.07 5-4.75 1.4 10.85 .35 13.45 1.52 .61 8.479999 1.4 .05 .03ed