version=2dh050918Tateno Japan 36.058 -140.126  3.363297pr1000
inst 10.4312  10.3785  10.3761  10.1856  10.0785  0  .3388  2.35  1.1405  1873  821  2.8E-08 289141682 0  4375  10260  14100  21600  25900 2972mkiii1 0  0  0  0  0  0  0 -187  39  242 -3  770  740  8028  178  2518  1.001 -4  2469  260  .2  64  256  0 0 0 
disp 2854.999  7.770993E-02 -8.035412E-07  2894.856  7.689035E-02 -8.11909E-07  2931.649  7.611908E-02 -8.2195E-07  2966.792  7.542036E-02 -8.432311E-07  3001.557  7.420684E-02 -7.848089E-07  2822.135  .078294 -7.900772E-07  4282.498  .1165649 -1.205312E-06  4342.284  .1153355 -1.217863E-06  4397.474  .1141786 -1.232925E-06  4450.188  .1131305 -1.264847E-06  4502.335  .1113103 -1.177213E-06  4233.203  .117441 -1.185116E-06 
zeni-.0064 -.01968  .01654  .152258  .281884 -.060358 -.509659  .460001 -.042397 
ap14:38:18 27.45 27.26 27.64 1128.52 12.49 5.04-11.35 24.48 0 26.69 26.88 26.98 5-4.6 0 0 0 0 .02 .02 14.81 3.87 .01 0 27.45 27.26 27.64 1128.52 12.49 5.04-11.36 24.24 0 26.69 26.88 26.98 5-4.6 1.4 10.65 .35 12.54 1.05 .29 14.81 3.87 .05 .05
hp14:39:29 .9973073 322204.2 78.4 28
hg14:45:47 .9995 289.4884 289 96674 28
sla 0 891.180620 797148 172 922593 1096315 1364754 1552371 1691793rat 2324 1557 576 387
sla 0 891.860620 797185 181 922847 1096625 1364697 1554459 1693641rat 2329 1562 582 386
sla 0 892.550620 798175 174 923809 1096727 1366160 1553417 1694722rat 2322 1559 574 391
sla 0 893.230620 798076 180 923147 1097678 1366639 1555021 1695639rat 2329 1559 577 389
sla 0 893.920620 798379 170 924415 1096985 1366641 1554859 1694608rat 2323 1562 577 387
sla 0 894.610620 797145 174 923923 1097611 1366469 1555306 1695575rat 2327 1560 578 388
sla 0 895.290620 798028 192 922645 1097531 1368208 1555732 1694751rat 2334 1562 574 385
summary14:53:14SEP 05/18 137.12 1.36 28sl 0 2327 1560 577 388 1087 613 923339.8 1694390 4 2 3 2 11 5 706.6 1413.3
co15:16:37re: Zenith discrepancy =  0
co15:16:39re: Azimuth discrepancy = -1
co15:16:45re: Micrometer #1 discrepancy =  0
co15:16:51re: Micrometer #2 discrepancy =  0
co15:17:20fr: Micrometer #1 discrepancy=-187 Now set to o3 offset =-187
co15:17:46fr: Micrometer #2 discrepancy= 35 Now set to offset = 39
hp15:18:27 .9979339 326281.5 78.2 29
hg15:24:44 .9986 285.7317 286 119684 29
hg15:25:53 .9994 288.3544 288 121416 29
ap16:00:00 28.31 27.74 27.83 1128.52 12.49 5.04-11.4 24.48 0 26.88 27.07 27.17 5-4.5 0 0 0 0 .02 .02 14.49 3.89 .01 .01 28.31 27.74 27.83 1126.56 12.49 5.03-11.47 24.24 1.24 27.07 27.07 27.26 5-4.5 1.4 10.63 .35 12.6 1.11 .29 14.49 3.89 9.000001E-02 .11
hp16:01:07 .9972062 321797.7 81.4 28
hg16:07:26 .9992 288.2759 288 100522 28
fma0 1035.971680 123 117 96 115 121 107rat-2431-1497-714-674
fma0 1038.221680 120 111 129 119 117 116rat-2369-1459-696-657
fma0 1040.471680 106 83 104 100 102 102rat-2309-1422-678-640
fma0 1042.721680 112 124 118 122 121 99rat-3417-1387-1035-625
fma0 1044.971680 122 125 124 108 107 102rat-2197-1353-646-610
summary17:20:28SEP 05/18 73.915 3.482 28fm 0-2545-1424-754-641-493 43 51.9-155.1 495 57 159 25 517 84 8.3 7.6
fma0 1047.31680 118 107 135 105 119 123rat-2144-3998-630-595
fma0 1049.551680 100 112 131 103 109 123rat-3261-6578-616 3409
fma0 1051.811680 114 107 115 105 109 114rat-2048-1262-602-568
fma0 1054.061680 107 113 127 106 101 102rat-2003-4617-589-556
fma0 1056.311680 106 120 115 114 119 108rat-2282 305 937-2057
summary17:31:48SEP 05/18 71.77101 3.109 27fm 0-2348-3230-300-73-2113-2955 157.6-450.3 522 2743 692 2050 7020 5736 149.5 535.8
fma0 1058.641680 111 119 102 105 111 94rat-1919-1182-564-532
fma0 1060.91680 112 111 106 95 99 92rat-1879-1157-552-521
fma0 1063.141680 107 111 121 116 136 112rat 3156 2028 4456-5509
fma0 1065.41680 139 130 107 111 126 109rat-1806-1112-531-501
fma0 1067.651680 105 105 107 116 106 120rat-1771-1091-1308 1643
summary17:43:08SEP 05/18 69.612 2.808 27fm 0-844-503 300-1084 2625 1190 55-74.4 2237 1415 2346 2645 10571 4673 69.8 495.9
fma0 1069.981680 137 112 105 106 110 107rat-1737-1070-511-482
fma0 1072.231680 106 107 98 113 106 118rat-1705-1050-502 692
fma0 1074.481680 123 107 123 117 120 101rat-1674-1031-492-465
fma0 1076.731680 124 111 121 134 118 103rat-1645-1013-857-457
fma0 1078.981680 115 116 128 109 110 115rat-1617-2509-476-449
summary17:54:28SEP 05/18 67.442 2.561 27fm 0-1676-1335-568-232-933-656 98.9-291.9 48 657 162 517 1670 1008 37.6 117.3
fma0 1081.311680 128 123 121 115 122 125rat-1588-978-467-441
fma0 1083.561680 132 125 139 138 127 113rat-1561-962-460-433
fma0 1085.811680 107 111 102 109 134 130rat 3151 3741 4235-1123
fma0 1088.061680 109 122 124 149 205 216rat 7172 7131 3357 52
fma0 1090.311680 106 111 125 176 200 227rat 8617 6027 842 683
summary18:05:48SEP 05/18 65.261 2.355 27fm 0 3158 2992 1501-252 3966 2670 6 105.5 4762 3818 2184 670 3786 2518 77.1 316.3
fma0 1092.651680 102 122 141 189 240 274rat 6925 4586 1573 550
fma0 1094.891680 125 130 157 234 356 433rat 12568 7696 2837 849
fma0 1097.141680 115 130 174 257 383 453rat 11100 5698 2340 613
fma0 1099.391680 133 136 159 262 353 413rat 12398 8412 1906 659
fma0 1101.641680 129 132 163 284 413 505rat 13527 8368 2223 836
summary18:17:08SEP 05/18 63.07 2.182 27fm 0 11304 6952 2176 701 9059 4672-20.9 381.7 2596 1722 475 135 2266 1486 58.1 207.7
ap18:22:48 27.17 26.88 27.93 1128.52 12.49 5.04-11.43 24.48 0 26.12 26.22 26.6 5-4.59 0 0 0 0 .01 .02 14.47 3.73 .08 .04 27.17 26.88 28.02 1128.52 12.49 5.04-11.41 24.21 0 26.12 26.22 26.79 5-4.59 1.4 10.66 .35 12.39 1.28 .37 14.47 3.71 .08 .06
hp18:24:02 .9970888 323251.6 79.3 27
hg18:30:32 .9994 289.897 290 109337 27
sla 0 1115.920620 799920 167 924892 1099941 1368295 1555114 1695886rat 2322 1551 572 390
sla 0 1116.60620 800362 178 925485 1100420 1369661 1558026 1698124rat 2327 1557 576 387
sla 0 1117.290620 800016 182 925787 1099726 1369678 1558876 1698859rat 2328 1562 578 387
sla 0 1117.970620 801461 178 925984 1100924 1369399 1558366 1698956rat 2326 1556 578 388
sla 0 1118.660620 800915 193 926543 1100847 1370930 1558101 1698883rat 2322 1556 572 389
sla 0 1119.350620 801065 171 926901 1099794 1371089 1558801 1698962rat 2323 1562 574 387
sla 0 1120.030620 800714 186 926396 1100348 1370998 1559045 1699657rat 2326 1560 575 388
summary18:37:58SEP 05/18 109.522 2.914 27sl 0 2325 1558 575 388 1083 611 925998.2 1698475 3 4 3 1 6 5 706.6 1264.1
hg19:09:50 .9996 288.6528 289 98780 28
hg19:34:17 .9992 289.4581 289 85601 27
hg20:09:52 .9993 288.8392 289 81518 26
fza0 1210.521620 20 37 71 140 251 345
fza0 1211.361620 22 40 66 153 324 415
fza0 1212.21620 27 52 73 152 302 415
fza0 1213.031620 28 41 61 141 260 363
fv20:14:150az 81.15834-60 3.8ze 90.739-20 2.6
hg20:34:16 .9991 289.1762 289 82103 26
fza0 1234.931620 24 200 547 1999 6184 10066
dsa0 1235.70620 33 40 33 38 58 126 190rat 6704 10178 4148-87
dsa0 1236.380620 25 30 31 36 69 144 210rat 8176 7379 2087-451
dsa0 1237.070620 26 25 31 39 68 160 239rat 4970 4579 2466-368
dsa0 1237.750620 38 29 34 36 70 171 270rat 6208 7948 2959-9
dsa0 1238.430620 31 24 36 43 72 175 288rat 2890 4012 2604 180
summary20:37:03SEP 05/18 86.149 9.57 26ds 0 5790 6819 2853-147 6260 5643-28 115.2 1987 2538 789 260 2616 2394 23.7 72.1
zsa0 1239.30620 111 35 270 762 2967 9360 15683rat 15980 11077 5021 2246
zsa0 1239.990620 108 25 261 812 3090 10000 16597rat 16255 11025 5121 2203
zsa0 1240.670620 110 28 266 833 3251 10507 17252rat 16432 11141 5116 2156
zsa0 1241.350620 102 26 266 861 3433 11074 18106rat 16625 11212 5105 2137
zsa0 1242.030620 131 36 270 887 3590 11644 18979rat 16950 11344 5136 2125
zsa0 1242.720620 119 25 285 943 3766 12356 20011rat 16755 11278 5176 2095
zsa0 1243.40620 119 37 290 979 3895 12896 21016rat 17056 11348 5224 2124
summary20:41:21SEP 05/18 85.311 8.758001 26zs 0 16579 11204 5128 2155 9683 4976-3408.4 8098.7 384 128 63 52 538 184 1578.4 3701.5
fza0 1244.391620 23 597 2140 8956 29612 47663
fza0 12451620 38 603 2350 11245 47512 92478rat 32476 16202 7112 2210
fza0 1245.581620 40 613 2427 12347 54091 106630rat 33958 16066 6781 2075
fza0 1246.171620 42 657 2611 13695 61839 124607rat 26324 14937 6545 2069
summary20:45:34SEP 05/18 84.47899 8.01 26fz 0 30919 15735 6813 2118 24142 8729 1 252.5 4048 694 285 80 3961 519 10.4 17.2
dsa0 1246.920620 28 34 30 57 162 466 820rat 16687 9006 3508 920
dsa0 1247.610620 39 23 35 60 170 525 923rat 10278 7670 3595 890
dsa0 1248.290620 28 23 34 56 166 558 973rat 11052 8518 4027 882
dsa0 1248.980620 29 43 31 60 178 624 1116rat 18334 11827 4669 1084
dsa0 1249.660620 28 29 34 68 188 684 1253rat 15583 8811 4511 1166
summary20:48:17SEP 05/18 83.944 7.574 26ds 0 14387 9166 4062 988 11224 5455-8.2 139.8 3546 1573 524 129 3292 1328 14.2 52.8
hg20:51:24 .9989 290.1144 290 86639 26
hg21:09:51 .9994 287.0919 287 84348 26
hg21:11:00 .9996 289.1914 289 89493 26
fza0 1271.671620 38 2215 12959 56200 150852 218516
dsa0 1272.430620 36 30 56 164 623 1713 2490rat 14750 8921 3545 717
dsa0 1273.120620 38 28 46 172 677 1735 2529rat 16449 8694 3226 738
dsa0 1273.80620 28 27 60 171 681 1759 2514rat 13919 8782 3268 662
dsa0 1274.490620 32 23 50 173 676 1810 2585rat 14965 8764 3421 666
dsa0 1275.180620 43 32 56 187 696 1873 2673rat 15643 8774 3489 678
summary21:13:48SEP 05/18 78.851 4.796 26ds 0 15145 8787 3390 692 12930 5915-11.6 248.8 954 83 138 34 886 73 8.7 6
dsa0 1275.950620 33 26 62 217 782 1941 2920rat 14095 8063 3109 916
dsa0 1276.640620 37 28 54 209 830 2117 3163rat 15921 8696 3240 896
dsa0 1277.320620 33 29 63 237 928 2459 3633rat 15448 8771 3411 854
dsa0 1278.010620 36 25 57 240 967 2535 3690rat 15886 8789 3359 796
dsa0 1278.690620 41 26 72 265 1017 2683 3950rat 14591 8597 3396 855
summary21:17:19SEP 05/18 78.145 4.552 26ds 0 15188 8583 3303 863 12426 5464-4 233.1 813 301 128 46 899 307 3.3 22.2
hg21:21:42 .9994 289.9491 290 87555 26
fv21:22:420az 91.20132 80 174ze 76.888 18 207
hg21:34:14 .9993 289.83 290 91149 26
dsa0 1294.790620 54 27 180 952 3718 9019 13143rat 15281 8393 3160 971
dsa0 1295.480620 56 24 241 1263 5134 12468 18534rat 15195 8547 3164 1062
dsa0 1296.160620 85 37 395 2413 10129 25628 38353rat 16174 8865 3347 1097
dsa0 1296.840620 122 27 763 4879 21263 54285 81945rat 16331 9043 3387 1140
dsa0 1297.530620 84 27 394 2391 10028 25187 37859rat 16031 8837 3324 1126
summary21:36:09SEP 05/18 74.361 3.568 26ds 0 15802 8737 3276 1079 12349 5264 1.2 280.6 527 262 107 68 371 108 1.7 11.5
dsa0 1298.30620 97 25 354 1858 7613 18552 27198rat 15198 8626 3200 1024
dsa0 1298.990620 136 36 719 4408 18464 45787 68438rat 15973 8790 3279 1114
dsa0 1299.670620 152 26 868 5439 22633 56556 84391rat 16003 8794 3317 1111
dsa0 1300.350620 654 39 4539 28335 121696 304357 458876rat 16078 8957 3339 1175
dsa0 1301.040620 855 47 5719 35985 153639 381389 572114rat 16079 8917 3317 1162
summary21:39:40SEP 05/18 73.656 3.429 26ds 0 15866 8817 3290 1117 12292 5273 .3 292.6 376 130 55 59 212 20 2.7 4.2
zsa0 1301.90620 1048 44 4629 20666 69451 140435 184546rat 14868 8338 3062 1188
zsa0 1302.580620 1101 40 4816 21195 70672 142595 187262rat 14757 8293 3052 1186
zsa0 1303.260620 1126 31 4922 21571 72011 144592 189335rat 14715 8276 3031 1173
zsa0 1303.940620 1172 28 5124 22061 73249 146837 192014rat 14604 8245 3024 1167
zsa0 1304.630620 1220 44 5288 22760 75129 150339 196217rat 14582 8215 3017 1159
zsa0 1305.310620 1248 37 5480 23316 76849 152350 199328rat 14478 8166 2976 1170
zsa0 1305.990620 1309 26 5623 23708 77622 154069 201258rat 14406 8141 2981 1163
summary21:43:56SEP 05/18 72.798 3.275 27zs 0 14630 8239 3020 1172 10879 4736-14.5 303.4 161 70 33 11 134 40 .7 1.9
dsa0 1306.860620 2452 58 15382 86536 349576 823115 1205864rat 15292 8574 3155 1120
dsa0 1307.540620 601 32 3504 19239 76521 179223 263547rat 15065 8434 3097 1107
dsa0 1308.230620 2167 41 12994 71281 284745 662640 970260rat 15092 8476 3102 1117
dsa0 1308.910620 3240 62 19407 104762 415227 957810 1395358rat 14998 8443 3087 1114
dsa0 1309.60620 2529 70 14989 80024 314866 726278 1057508rat 14913 8398 3076 1104
summary21:48:13SEP 05/18 71.93801 3.133 27ds 0 15072 8465 3103 1112 11513 5022 1.1 296.6 141 67 31 7 125 42 .5 2.3
dsa0 1310.370620 3656 66 21349 112862 441571 1009174 1461195rat 14846 8370 3059 1098
dsa0 1311.060620 3894 63 22467 117038 455575 1035210 1499287rat 14751 8334 3039 1105
dsa0 1311.750620 4517 73 25709 132645 511801 1154744 1662555rat 14667 8285 3020 1088
dsa0 1312.430620 3655 61 20046 102399 393078 884179 1272672rat 14573 8231 2993 1076
dsa0 1313.120620 3460 71 19354 97061 370547 829516 1192972rat 14460 8190 2973 1074
summary21:51:44SEP 05/18 71.232 3.026 27ds 0 14659 8282 3017 1088 11177 4924 1.1 297.5 150 73 35 14 114 36 .1 .6
hg21:54:52 .9995 289.1542 289 94336 27
hg22:09:53 .9994 288.0727 288 93799 28
dsa64 1330.480620 10195 64 43890 171865 580435 1160403 1596865rat 12673 7370 2579 971
dsa64 1331.160620 10908 54 46255 179233 603325 1204405 1651889rat 12620 7359 2578 960
dsa64 1331.850620 11534 60 48760 187796 628185 1249589 1710346rat 12565 7327 2568 956
dsa64 1332.530620 11839 71 49217 188564 628003 1243290 1701102rat 12512 7292 2549 956
dsa64 1333.220620 12764 63 52797 200625 665749 1313410 1792646rat 12461 7273 2540 951
summary22:11:50SEP 05/18 67.213 2.536 28ds 1 12566 7324 2563 959 9498 4413 1.8 295.6 84 42 18 8 62 23 .4 1
dsa64 13340620 13467 65 55751 208849 690889 1357474 1849543rat 12382 7252 2528 947
dsa64 1334.680620 14161 69 57628 214786 705459 1382753 1881350rat 12331 7219 2521 945
dsa64 1335.370620 14177 61 57301 211456 693664 1353207 1839255rat 12267 7195 2501 941
dsa64 1336.050620 15032 69 60449 220780 720610 1401110 1901253rat 12199 7168 2492 938
dsa64 1336.740620 16007 67 63727 231080 751584 1455844 1970671rat 12151 7147 2481 932
summary22:15:22SEP 05/18 66.512 2.468 28ds 1 12266 7196 2505 941 9256 4345 1.7 295.6 94 41 20 6 75 22 .3 .7
dsa64 1337.520620 15518 76 61247 219994 713094 1375817 1862009rat 12079 7113 2462 930
dsa64 1338.20620 14431 66 56613 201806 653384 1258312 1702002rat 12028 7094 2449 925
dsa64 1338.890620 17533 74 68463 242654 781344 1498976 2020341rat 11997 7082 2448 921
dsa64 1339.570620 18779 90 72980 256960 825284 1577734 2122221rat 11959 7068 2440 918
dsa64 1340.260620 19612 79 75416 264452 845105 1610248 2164907rat 11916 7039 2429 919
summary22:18:53SEP 05/18 65.81301 2.403 29ds 1 11996 7079 2446 923 9043 4288 1.4 296.6 63 28 12 5 49 15 .3 1.1
hg22:23:15 .9992 289.6097 290 94862 29
fv22:24:1764az 100.7638 0 111920.6ze 64.569-4 113000.2
hg22:34:15 .9994 288.6684 289 107356 30
dsa128 1354.860620 10537 65 34987 107914 327395 596893 794032rat 10986 6619 2225 872
dsa128 1355.550620 10791 48 35757 110344 333143 607190 804779rat 10971 6601 2226 858
dsa128 1356.230620 7434 45 24366 74350 224246 407376 539745rat 10892 6569 2203 851
dsa128 1356.920620 5723 43 18644 56079 168300 304494 403110rat 10788 6525 2182 845
dsa128 1357.60620 10927 54 35774 107626 323286 583344 770894rat 10812 6545 2186 849
summary22:36:13SEP 05/18 62.383 2.132 30ds 2 10890 6572 2204 855 8154 4016 2.1 296.7 90 39 21 11 63 13 .4 1.3
dsa128 1358.370620 6721 41 21646 64880 193893 349507 462723rat 10754 6502 2172 851
dsa128 1359.060620 10970 50 35209 105194 313130 563175 744527rat 10739 6497 2174 853
dsa128 1359.740620 7912 52 25134 74369 221054 397522 525180rat 10681 6480 2168 846
dsa128 1360.430620 14157 52 45254 133078 395322 707116 932658rat 10662 6484 2161 852
dsa128 1361.110620 14238 52 45760 133947 396001 706644 930435rat 10617 6456 2152 846
summary22:39:44SEP 05/18 61.693 2.086 30ds 2 10691 6484 2165 850 7972 3957 2.4 294.9 56 18 9 3 49 10 .4 .9
zsa0 1361.980620 12094 50 35081 94709 250995 408798 499248rat 10702 6381 2130 875
zsa0 1362.660620 12477 56 36510 97565 258856 420845 513783rat 10657 6379 2123 873
zsa0 1363.350620 12252 45 35833 95453 252139 408859 498924rat 10610 6347 2111 871
zsa0 1364.030620 12428 45 35613 94700 250395 405295 494606rat 10599 6343 2103 871
zsa0 1364.710620 12322 35 35477 93457 246035 397850 483731rat 10533 6319 2098 855
zsa0 1365.390620 12307 41 35336 92641 243501 391560 475706rat 10481 6288 2073 851
zsa0 1366.080620 12707 39 35719 93835 245208 395272 479259rat 10475 6273 2084 843
summary22:44:01SEP 05/18 60.853 2.032 31zs 0 10580 6333 2103 863 7819 3815-3.9 311.1 87 42 20 13 50 13 .4 1.2
dsa128 1367.860620 18926 64 57242 159244 459877 803645 1048388rat 10266 6304 2081 823
dsa128 1368.550620 18962 54 57036 158492 457401 797794 1040663rat 10254 6296 2073 823
dsa128 1369.230620 15137 51 45054 124780 358711 624943 814539rat 10206 6262 2062 815
dsa128 1369.920620 19395 54 57040 156847 451337 784955 1021047rat 10192 6276 2063 813
dsa128 1370.60620 19961 56 59371 162275 465604 806674 1049853rat 10144 6251 2049 818
summary22:49:13SEP 05/18 59.837 1.971 31ds 2 10212 6278 2066 818 7593 3854 2 296.5 49 22 12 5 41 12 .4 1.3
hg22:52:35 .9995 288.6627 289 98449 31
hg23:09:52 .9995 287.4591 287 104073 32
hg23:11:01 .9993 289.4347 289 109515 32
dsa128 1391.610620 38067 73 100352 242708 655958 1076500 1371982rat 9275 5859 1861 770
dsa128 1392.290620 38591 53 100704 242795 656410 1076768 1371298rat 9263 5860 1860 767
dsa128 1392.980620 42495 69 111496 267131 719068 1177777 1497701rat 9225 5846 1859 765
dsa128 1393.670620 42209 67 109987 263544 708886 1159673 1473500rat 9218 5838 1854 762
dsa128 1394.350620 43141 57 111606 265524 715064 1168623 1484892rat 9193 5842 1851 763
summary23:12:58SEP 05/18 55.261 1.743 32ds 2 9235 5849 1857 765 6785 3619 1.8 295.7 34 10 4 3 25 4 .4 1.3
dsa128 1395.130620 44378 64 114579 271840 729483 1187507 1508833rat 9154 5813 1836 765
dsa128 1395.810620 45481 67 116933 276691 740922 1203810 1530227rat 9130 5799 1829 768
dsa128 1396.50620 45135 63 115856 273295 731168 1188299 1507318rat 9116 5797 1831 759
dsa128 1397.190620 46200 69 118054 276957 740774 1201884 1525918rat 9088 5792 1825 765
dsa128 1397.870620 45569 66 116294 272289 726229 1177407 1492761rat 9065 5777 1821 759
summary23:16:30SEP 05/18 54.593 1.715 32ds 2 9111 5796 1828 763 6668 3584 1.9 294.5 35 13 6 4 29 8 .3 1.2
dsa128 1398.650620 49688 72 126326 295124 785877 1273086 1612234rat 9059 5777 1823 758
dsa128 1399.330620 51678 59 130920 305424 811012 1309996 1658114rat 9034 5757 1813 757
dsa128 1400.020620 52585 65 132737 307960 817524 1318449 1667519rat 9006 5752 1807 755
dsa128 1400.70620 53261 73 134520 311092 823851 1328698 1679069rat 8987 5745 1809 753
dsa128 1401.390620 52825 70 132049 304613 806726 1298443 1641077rat 8967 5735 1800 753
summary23:20:01SEP 05/18 53.927 1.688 32ds 2 9011 5753 1810 755 6594 3564 1.8 295.6 37 16 9 2 30 8 .2 .6
hg23:24:23 .9991 290.2024 290 105373 32
fv23:25:27192az 111.9242 0 33119.2ze 52.741-2 33935.6
hg23:34:15 .9995 289.0365 289 115323 33
dsa128 1414.840620 68317 82 161539 353520 907962 1427391 1784344rat 8574 5546 1718 724
dsa128 1415.530620 41832 70 98370 214160 553817 872288 1092762rat 8537 5538 1704 717
dsa128 1416.220620 70665 74 165763 361529 926152 1451897 1813331rat 8543 5527 1708 722
dsa128 1416.90620 74165 69 173585 377248 965366 1511510 1885924rat 8527 5524 1706 720
dsa128 1417.590620 58984 66 137952 297981 763979 1196235 1495320rat 8479 5507 1694 720
summary23:36:13SEP 05/18 50.907 1.578 33ds 2 8532 5528 1706 721 6226 3451 2.2 295 34 15 9 3 31 11 .6 1.4
dsa128 1418.360620 60180 67 140650 303038 775394 1212945 1515752rat 8460 5498 1691 720
dsa128 1419.050620 41607 56 96477 207825 530031 828503 1034251rat 8407 5449 1673 704
dsa128 1419.730620 2567 31 5883 12446 31795 49615 61935rat 8274 5394 1637 684
dsa128 1420.420620 36143 58 83528 178532 455601 710035 884846rat 8356 5432 1656 695
dsa128 1421.10620 50305 65 116287 248013 632333 985818 1229193rat 8374 5454 1670 706
summary23:39:43SEP 05/18 50.262 1.557 33ds 2 8374 5445 1665 702 6129 3420 2.4 293.4 69 38 20 13 29 6 .5 1.4
zsa0 14220620 40711 52 92073 191806 457685 675409 796514rat 8711 5514 1708 726
zsa0 1422.690620 38801 59 87570 182673 433182 637197 750442rat 8673 5470 1692 719
zsa0 1423.370620 37106 54 83420 174168 411923 605098 711410rat 8656 5450 1685 711
zsa0 1424.050620 37538 55 84187 175272 414136 607343 713579rat 8633 5439 1678 708
zsa0 1424.740620 39874 51 89130 184626 437052 641136 754512rat 8623 5450 1680 716
zsa0 1425.430620 39892 54 89650 184879 436075 639818 753162rat 8589 5435 1681 717
zsa0 1426.110620 38570 57 86201 177355 418333 611707 718586rat 8561 5419 1665 708
summary23:44:03SEP 05/18 49.474 1.532 33zs 0 8635 5454 1684 715 6347 3396-.5 317.3 51 31 13 7 40 16 .8 1.9
dsa64 1427.020620 30378 49 67685 139487 348780 534257 659218rat 8041 5269 1581 653
dsa64 1427.710620 1998 36 4427 9099 22376 33821 41283rat 7883 5112 1507 594
dsa64 1428.390620 27047 45 59514 122477 304578 464626 571480rat 7992 5224 1561 638
summary23:47:42SEP 05/18 48.814 1.512 33ds 1 7972 5202 1550 628 5961 3359 3.4 290 81 81 38 31 17 11 1.2 1.8
dsa192 1429.90620 25957 44 57525 118329 297269 456922 564296rat 8071 5304 1596 657
dsa192 1430.590620 14138 37 31223 64404 162267 249064 308077rat 8074 5296 1582 660
dsa192 1431.280620 4739 32 10445 21223 53153 81357 99912rat 7965 5249 1565 625
dsa192 1431.960620 19359 42 42972 87265 219726 336433 415941rat 8005 5292 1576 661
dsa192 1432.650620 25210 43 55597 112849 282274 431365 533248rat 7976 5264 1572 664
summary23:51:16SEP 05/18 48.173 1.493 33ds 3 8018 5281 1578 653 5928 3382 .7 298.1 52 23 12 16 53 20 .9 3.3
hg23:54:26 .9994 289.2232 289 109781 33
hg00:10:52 .9995 288.03 288 108220 33
dsa192 11.480620 46769 58 98041 189843 463760 695182 852110rat 7664 5132 1514 648
dsa192 12.160620 38966 49 81299 157059 383588 573607 703068rat 7633 5112 1499 645
dsa192 12.850620 43861 44 91714 177320 432325 647549 792634rat 7644 5118 1510 642
dsa192 13.540620 50010 55 103751 200463 488332 730525 893715rat 7642 5117 1508 642
dsa192 14.220620 43972 51 91861 176871 430405 642706 785992rat 7608 5098 1497 639
summary00:12:50SEP 06/18 44.408 1.395 33ds 3 7638 5115 1506 643 5580 3269 1.6 295.2 20 12 7 3 13 4 0 .9
dsa192 14.990620 26496 45 54979 106010 257280 384552 470779rat 7585 5072 1492 637
dsa192 15.680620 27671 39 57129 109739 266316 397618 485915rat 7566 5069 1488 630
dsa192 16.370620 56829 56 117838 225964 549010 817020 999687rat 7590 5094 1490 647
dsa192 17.050620 62838 66 130309 249423 604487 900004 1099851rat 7583 5093 1496 644
dsa192 17.740620 60602 66 125845 240361 581391 864851 1056707rat 7560 5078 1491 643
summary00:16:21SEP 06/18 43.815 1.381 33ds 3 7577 5081 1491 640 5528 3247 2.2 293.5 13 12 3 7 19 6 .5 1.3
dsa192 18.520620 24819 43 50847 96793 234804 347958 426237rat 7496 5035 1456 642
dsa192 19.210620 19671 39 39942 75967 183549 272293 331836rat 7475 5018 1459 618
dsa192 19.90620 56433 54 116275 220431 533565 792082 966672rat 7519 5070 1481 637
dsa192 20.580620 62475 52 127642 242511 584589 867808 1059284rat 7520 5059 1484 640
dsa192 21.270620 66883 56 136913 259286 625072 926436 1131365rat 7506 5058 1480 644
summary00:19:53SEP 06/18 43.226 1.368 33ds 3 7503 5048 1472 636 5467 3230 2.1 292.7 19 21 13 11 24 12 .6 2.8
hg00:24:16 .9992 289.6759 290 107477 33
fv00:25:21192az 126.1657 0 54858.6ze 42.184-2 53048.4
hg00:34:15 .9994 288.2359 288 117481 34
dsa128 34.910620 83738 73 166938 308800 736225 1078934 1311842rat 7350 4991 1444 637
dsa128 35.590620 76694 70 152725 282148 670191 982900 1196045rat 7324 4971 1444 638
dsa128 36.280620 79459 81 158029 291262 693446 1017925 1237962rat 7333 4989 1450 637
dsa128 36.970620 157529 89 312729 576347 1363831 1989257 2414345rat 7373 5015 1459 655
dsa128 37.650620 167921 82 334340 615625 1452538 2116079 2566899rat 7365 5009 1459 656
summary00:36:16SEP 06/18 40.585 1.314 34ds 2 7349 4995 1451 645 5286 3173 2.5 292.1 21 17 8 10 17 10 .5 2
dsa192 38.470620 71941 60 142164 259252 615590 900247 1091273rat 7251 4953 1430 621
dsa192 39.160620 72014 54 142338 259996 617304 903021 1093567rat 7260 4955 1432 617
dsa192 39.850620 69825 70 138061 251764 596752 871589 1058058rat 7238 4940 1424 627
dsa192 40.530620 70768 57 139232 254557 603095 879848 1067820rat 7244 4934 1420 627
dsa192 41.220620 71755 66 141288 257248 609418 887808 1076962rat 7222 4929 1414 625
summary00:39:50SEP 06/18 40.032 1.303 34ds 3 7243 4942 1424 623 5249 3171 1.7 293.9 14 12 7 4 27 15 .8 2.9
zsa0 42.120620 100791 72 198715 362406 820403 1154825 1347813rat 7741 5115 1516 689
zsa0 42.80620 98702 68 194528 354252 801185 1128656 1316099rat 7731 5112 1518 685
zsa0 43.490620 98455 65 194499 354057 802213 1128712 1317892rat 7732 5114 1513 691
zsa0 44.170620 93380 56 183284 334729 755928 1063005 1238724rat 7723 5092 1508 681
zsa0 44.860620 86673 66 170692 311245 700043 982201 1140870rat 7681 5059 1496 665
zsa0 45.540620 100753 74 198334 360173 813411 1143921 1336091rat 7707 5099 1511 692
zsa0 46.230620 104711 71 205656 372137 840800 1182792 1380229rat 7698 5105 1514 689
summary00:44:10SEP 06/18 39.374 1.291 34zs 0 7716 5099 1511 685 5526 3180-.8 321.4 22 20 7 9 25 7 .6 1.1
dsa192 47.10620 81703 67 158754 285996 675107 979587 1186414rat 7161 4909 1403 623
dsa192 47.780620 82290 67 160127 287622 679433 984555 1192193rat 7148 4908 1398 623
dsa192 48.470620 84309 59 163804 295198 694001 1006496 1217496rat 7148 4893 1402 619
dsa192 49.160620 85647 67 166202 298583 702904 1018089 1232975rat 7136 4895 1397 625
dsa192 49.840620 85964 62 166577 299283 703025 1018377 1231388rat 7129 4886 1398 618
summary00:48:28SEP 06/18 38.733 1.279 34ds 3 7144 4898 1400 622 5155 3142 1.8 292.7 12 10 3 3 12 7 .6 1.1
dsa192 50.610620 61966 58 119681 215152 505598 733126 887638rat 7113 4871 1393 617
dsa192 51.30620 24379 40 47324 84563 199223 288058 348831rat 7047 4837 1366 608
dsa192 51.990620 2590 27 5027 8747 20746 29904 36032rat 6942 4842 1346 581
dsa192 52.680620 944 26 1815 3153 7321 10656 12884rat 6916 4806 1391 597
dsa192 53.360620 5137 32 9748 17227 40183 58153 69683rat 6951 4786 1364 558
summary00:51:59SEP 06/18 38.219 1.27 34ds 3 6994 4828 1372 592 5098 3135 .8 293.3 83 33 20 23 61 33 2.9 7.9
hg00:55:10 .9993 289.8487 290 115302 34
hg01:09:53 .9994 286.9173 287 110032 34
hg01:11:02 .9997 289.0183 289 114417 34
dsa192 71.650620 98408 76 186201 324138 753760 1078715 1301868rat 6931 4813 1356 620
dsa192 72.340620 97168 77 183817 319198 742630 1061711 1280505rat 6918 4811 1351 617
dsa192 73.030620 87168 71 164507 285038 664623 950803 1147084rat 6911 4815 1350 616
dsa192 73.720620 93275 73 176607 306057 712016 1019027 1228843rat 6911 4812 1355 615
dsa192 74.40620 95672 69 180450 312609 726491 1037862 1253392rat 6900 4802 1348 623
summary01:13:01SEP 06/18 35.37 1.224 34ds 3 6914 4811 1352 618 4937 3084 1.2 291.9 11 5 3 3 17 9 .6 2.1
dsa192 75.180620 95495 69 180255 311107 724191 1033756 1248286rat 6888 4806 1344 622
dsa192 75.860620 96489 70 181534 313799 729311 1041973 1256351rat 6893 4804 1349 616
dsa192 76.550620 97542 75 184206 317860 738026 1053640 1271308rat 6880 4798 1346 620
dsa192 77.240620 99602 75 187361 323718 751336 1072109 1292148rat 6884 4796 1345 615
dsa192 77.920620 46735 55 87490 150776 350988 501504 603817rat 6841 4771 1332 598
summary01:16:33SEP 06/18 34.934 1.217 34ds 3 6877 4795 1343 614 4911 3079 .9 292.3 21 14 7 10 15 7 .4 2
dsa128 78.740620 167416 93 316322 546930 1263223 1797324 2166026rat 6923 4821 1358 634
dsa128 79.430620 237940 870 448603 775044 1783631 2531008 3044950rat 6972 4860 1375 647
dsa128 80.120620 212726 97 400593 692375 1594212 2266672 2729087rat 6953 4846 1373 643
dsa128 80.80620 238957 123 448970 773255 1777471 2518901 3026974rat 6942 4846 1368 642
dsa128 81.490620 246983 104 464646 798499 1838171 2604776 3130326rat 6948 4860 1372 644
summary01:20:06SEP 06/18 34.508 1.211 34ds 2 6948 4847 1369 642 4893 3071 1.3 291.7 18 16 7 5 6 6 .7 1.8
hg01:24:27 .9996 289.7247 290 110051 34
fv01:25:33192az 146.3236 0 63199.2ze 33.783 0 62092.6
hg01:34:15 .9995 289.7075 290 120962 35
dsa192 94.90620 101763 72 187308 319945 737294 1045526 1254757rat 6790 4746 1321 600
dsa192 95.580620 107667 71 197603 338243 776857 1101731 1321768rat 6791 4736 1324 600
dsa192 96.269990620 110142 72 203006 346196 794511 1126228 1351077rat 6772 4733 1323 601
dsa192 96.960620 109621 68 201598 343120 788876 1117487 1340241rat 6768 4738 1320 600
dsa192 97.650620 100358 57 185057 315098 723713 1025740 1233151rat 6760 4729 1319 608
summary01:36:16SEP 06/18 32.754 1.187 35ds 3 6776 4736 1321 602 4850 3053 1.8 293.2 14 6 2 4 23 11 .7 2.6
dsa192 98.420620 74191 54 135983 232226 534405 758502 910722rat 6764 4723 1316 597
dsa192 99.110620 46933 48 86015 146687 338492 481295 578688rat 6754 4723 1315 597
dsa192 99.790620 20858 43 38527 65266 151059 214210 257121rat 6705 4705 1295 584
dsa192 100.480620 34450 39 62858 106917 246965 351038 421380rat 6735 4716 1310 587
dsa192 101.170620 76696 55 140947 239338 550614 781249 937900rat 6741 4724 1316 597
summary01:39:47SEP 06/18 32.415 1.183 35ds 3 6740 4718 1310 592 4845 3056 1.3 295.2 22 8 9 6 11 8 .9 2.1
zsa0 102.060620 152696 73 283578 486243 1079343 1488514 1729505rat 7327 4964 1436 676
zsa0 102.750620 153806 99 285404 490127 1085085 1497494 1740793rat 7326 4957 1439 678
zsa0 103.430620 154937 86 288026 494715 1096258 1512608 1759864rat 7331 4961 1439 682
zsa0 104.120620 156175 77 290394 496479 1101685 1518614 1766200rat 7313 4963 1435 681
zsa0 104.810620 174859 87 326120 559404 1246883 1726889 2015988rat 7388 5020 1463 702
zsa0 105.490620 162358 88 301445 516780 1147923 1586231 1850147rat 7347 4984 1448 695
zsa0 106.180620 147249 74 273686 468265 1038154 1427747 1660282rat 7294 4942 1421 678
summary01:44:07SEP 06/18 32.022 1.178 35zs 0 7332 4970 1440 685 5141 3086-2.1 326.5 30 25 13 10 16 8 .7 1.9
dsa192 107.050620 110254 70 202192 341926 783403 1108663 1328041rat 6728 4722 1317 596
dsa192 107.740620 97630 62 178528 301984 692088 977090 1171918rat 6708 4703 1302 599
dsa192 108.420620 79245 53 144779 245046 561398 793890 950834rat 6700 4695 1303 588
dsa192 109.110620 99659 72 182265 307582 705309 996547 1194985rat 6706 4711 1307 599
dsa192 109.80620 107808 67 197377 333629 763589 1078711 1294330rat 6712 4709 1309 604
summary01:48:25SEP 06/18 31.656 1.173 35ds 3 6711 4708 1308 597 4800 3039 1.7 293.3 11 10 6 6 17 8 .5 1.9
dsa192 110.570620 117228 75 214499 361684 827209 1168844 1396889rat 6709 4714 1313 588
dsa192 111.260620 120880 69 220790 372997 853000 1203868 1442448rat 6715 4711 1309 600
dsa192 111.940620 122283 70 223296 376835 861148 1215644 1457497rat 6709 4711 1311 604
dsa192 112.630620 123694 64 225633 380157 868991 1226883 1469618rat 6706 4714 1312 600
dsa192 113.320620 120975 78 220470 372270 849553 1199025 1436384rat 6704 4703 1309 600
summary01:51:56SEP 06/18 31.376 1.17 35ds 3 6709 4711 1311 598 4794 3038 1.6 293.9 4 4 2 6 19 12 .7 2.9
hg01:55:08 .9996 288.5605 289 118863 36
hg02:09:53 .9996 287.0718 287 118386 36
hg02:11:03 .9996 289.2836 289 122245 36
dsa192 131.660620 122971 71 223203 372660 849886 1195314 1431243rat 6645 4690 1296 600
dsa192 132.350620 125889 76 227618 381250 867118 1219447 1459400rat 6649 4679 1297 598
dsa192 133.040620 123675 67 224416 374525 854350 1200949 1438503rat 6642 4689 1294 602
dsa192 133.730620 78000 56 141257 235497 538673 757428 907695rat 6612 4668 1281 594
dsa192 134.420620 121107 72 219586 366779 835758 1175823 1407968rat 6644 4686 1297 600
summary02:13:02SEP 06/18 30.103 1.154 36ds 3 6638 4682 1293 599 4723 3018 1.5 292.8 15 9 7 3 9 3 .5 .7
dsa192 135.190620 121607 70 220621 368392 839660 1180227 1414557rat 6639 4683 1293 604
dsa192 135.880620 123229 63 223249 372387 848971 1193592 1429790rat 6639 4687 1295 602
dsa192 136.570620 120895 65 219541 365679 834075 1172978 1403435rat 6634 4689 1295 596
dsa192 137.260620 123717 60 223674 373703 851608 1195826 1433226rat 6639 4680 1289 604
dsa192 137.950620 127879 74 231055 385136 877768 1233161 1475356rat 6635 4686 1293 597
summary02:16:34SEP 06/18 29.961 1.153 37ds 3 6637 4685 1293 601 4715 3017 1.3 292.9 3 4 2 4 10 9 .6 2.3
dsa192 138.730620 117148 62 211682 352661 803815 1129751 1350492rat 6626 4680 1291 591
dsa192 139.420620 2602 30 4644 7597 17092 24004 28455rat 6410 4547 1255 531
dsa192 140.10620 1305 30 2365 3887 8577 12114 14297rat 6391 4498 1281 513
dsa192 140.790620 28485 41 51537 85843 196215 276109 331119rat 6568 4634 1269 586
dsa192 141.480620 113194 66 205280 341523 780157 1097079 1312665rat 6629 4690 1293 595
summary02:20:06SEP 06/18 29.839 1.151 37ds 3 6525 4610 1278 563 4723 3013 2 292.2 116 84 16 38 23 19 2.3 5
hg02:24:28 .9996 289.5066 290 117065 37
fv02:25:36192az 173.7339 0 65874.21ze 29.674 0 64868.4
hg02:34:10 .9994 290.1555 290 125016 37
dsa192 154.780620 126235 68 227525 380139 864633 1213344 1450468rat 6632 4672 1288 594
dsa192 155.470620 122208 69 220186 368391 835966 1174793 1403715rat 6631 4665 1293 591
dsa192 156.160620 122876 80 221111 369586 840212 1180412 1410629rat 6635 4672 1292 592
dsa192 156.850620 106173 62 191522 319737 727070 1022875 1223622rat 6622 4667 1293 593
dsa192 157.530620 118500 67 213799 356168 810934 1140340 1360867rat 6627 4680 1295 585
summary02:36:09SEP 06/18 29.563 1.148 37ds 3 6629 4671 1292 591 4739 3021 1.7 295.1 5 6 3 4 12 11 .9 2.7
dsa192 158.310620 39374 47 70856 118576 269720 379102 452317rat 6573 4616 1268 567
dsa192 1590620 25727 37 46166 76804 175164 246617 294482rat 6555 4625 1271 567
dsa192 159.680620 80464 62 145472 242178 551467 776213 927630rat 6596 4656 1287 583
dsa192 160.370620 132351 64 238069 397979 905002 1271373 1520163rat 6644 4680 1295 596
dsa192 161.060620 130158 67 234747 391540 890608 1251487 1496152rat 6634 4681 1295 595
summary02:39:41SEP 06/18 29.563 1.148 37ds 3 6600 4652 1283 582 4739 3021 1.7 295.2 38 30 13 14 12 3 .6 .8
dsa192 161.830620 124994 72 225963 377695 859131 1206340 1443533rat 6636 4674 1290 598
dsa192 162.520620 123620 67 223964 373533 849032 1194413 1428161rat 6630 4678 1298 594
dsa192 163.210620 122222 69 221231 368176 839413 1180428 1411799rat 6631 4689 1296 595
dsa192 163.90620 122271 69 220248 368520 838387 1178038 1409393rat 6642 4676 1292 597
dsa192 164.590620 119394 67 216194 360588 820330 1153504 1381488rat 6629 4677 1295 601
summary02:43:12SEP 06/18 29.586 1.149 37ds 3 6634 4679 1294 597 4723 3016 1.7 293.7 5 6 3 3 10 8 .7 2
zsa64 165.480620 66488 54 121866 206306 459030 633724 738404rat 7208 4914 1413 671
zsa64 166.170620 65352 44 119602 202293 449075 619211 721748rat 7187 4897 1407 673
zsa64 166.850620 66507 60 121569 205817 458301 632589 737441rat 7211 4916 1412 674
zsa64 167.540620 75933 51 139562 237623 532347 738517 866514rat 7293 4972 1437 704
zsa64 168.220620 66743 55 122503 208294 463549 640317 747791rat 7231 4917 1415 682
zsa64 168.910620 69071 46 126545 214103 479335 662331 772631rat 7238 4946 1417 677
zsa64 169.590620 66070 47 121556 206246 459314 634237 740117rat 7222 4918 1413 678
summary02:47:32SEP 06/18 29.643 1.149 38zs 1 7227 4926 1416 680 5051 3062-2.3 328 33 25 10 11 13 13 1.1 3.3
dsa192 170.450620 57525 54 103695 173257 395307 556309 665896rat 6598 4647 1278 584
dsa192 171.140620 16357 28 29836 49508 112757 158928 190400rat 6534 4617 1273 580
dsa192 171.830620 118 25 214 338 715 1032 1168rat 6518 4613 1419 342
dsa192 172.510620 105 34 166 253 559 776 923rat 6750 4837 1279 576
dsa192 173.20620 105 34 174 287 601 789 940rat 6570 4286 1020 583
summary02:51:49SEP 06/18 29.732 1.15 38ds 3 6594 4600 1254 533 4888 3067 1.6 306.4 93 198 145 107 313 210 15.7 53.8
hg02:56:07 .9996 288.6869 289 115280 38
fv02:57:14192az 189.589 40 4470ze 29.922 4 45987.4
hg03:12:03 .9992 286.4544 286 116628 37
hg03:13:13 .9997 289.4543 289 120875 37
sla 0 198.620620 787889 156 909660 1079617 1342507 1527761 1665069rat 2313 1552 576 386
sla 0 199.310620 788342 146 910078 1079563 1344058 1528692 1666578rat 2313 1555 573 387
sla 0 2000620 788733 160 910852 1080397 1344673 1529822 1667338rat 2313 1555 574 386
sla 0 200.680620 788506 140 910817 1081098 1344450 1529983 1667323rat 2314 1552 576 385
sla 0 201.370620 789160 141 910775 1079971 1344576 1531463 1668581rat 2318 1561 580 384
sla 0 202.050620 789261 165 910686 1082021 1346469 1532012 1668643rat 2320 1554 575 383
sla 0 202.740620 789875 153 910946 1081380 1345916 1532402 1669553rat 2320 1558 578 384
summary03:20:40SEP 06/18 31.145 1.166 37sl 0 2316 1555 576 385 1084 613 910544.8 1667584 3 3 2 1 8 4 547.4 1413.3
ap03:23:06 37.61 38.75 37.8 1128.52 12.49 5.02-11.33 24.48 0 36.76 38.27 37.23 5.01-4.45 0 0 0 0 0 0 13.18 6.32 0 0 37.61 38.75 37.89 1126.56 12.49 5.01-11.36 24.19 1.48 36.85 38.27 37.23 5.02-4.45 1.39 10.84 .35 11.89 .94 .25 13.18 6.35 .04 .05
fv03:24:41192az 202.6304 0 70641.8ze 31.516-6 68236.4
hg03:34:17 .999 291.4804 291 128830 38
hg03:35:26 .9996 288.9863 289 128934 38
dsa128 216.10620 56161 47 103943 178907 413430 589281 710188rat 6820 4747 1329 609
dsa128 216.790620 58478 47 108711 186511 432024 615700 741454rat 6817 4758 1329 606
dsa128 217.480620 3811 40 7068 12004 27723 39143 46743rat 6687 4670 1271 557
dsa128 218.170620 36217 49 67382 116425 269117 383533 461776rat 6818 4731 1321 600
dsa128 218.860620 30816 39 56738 97616 224892 321543 387538rat 6793 4726 1333 603
summary03:37:28SEP 06/18 32.56 1.185 39ds 2 6787 4726 1317 595 4883 3057 2.4 294.8 57 34 26 22 18 20 1.7 5.1
dsa128 219.630620 37603 41 69940 121256 280540 400089 482852rat 6839 4738 1324 610
dsa128 220.310620 7959 26 14688 25274 58777 83893 100999rat 6808 4742 1318 592
dsa128 2210620 33792 37 62620 107926 250194 357946 431359rat 6831 4757 1336 602
dsa128 221.690620 27854 38 51701 89307 207649 297695 358764rat 6857 4774 1343 601
dsa128 222.370620 250 33 487 836 1858 2627 3082rat 6794 4614 1296 486
summary03:40:59SEP 06/18 32.906 1.189 39ds 2 6826 4725 1323 578 4975 3080 2.8 299.6 25 64 18 52 149 37 1.7 8.899999
zsa0 223.260620 100310 64 191630 339558 759964 1058000 1232539rat 7507 5008 1463 679
zsa0 223.950620 120722 65 228985 405187 911420 1274472 1493226rat 7562 5066 1489 709
zsa0 224.630620 98025 63 187751 333901 749221 1047109 1219674rat 7550 5035 1480 678
zsa0 225.320620 100595 69 193060 343162 771683 1077873 1257929rat 7557 5044 1478 687
zsa0 2260620 112297 57 215330 381631 857637 1200133 1403505rat 7561 5059 1490 699
zsa0 226.680620 103483 61 198921 353828 795314 1110468 1297110rat 7560 5043 1477 692
zsa0 227.370620 104965 57 201352 357106 801087 1116291 1301759rat 7530 5026 1469 684
summary03:45:18SEP 06/18 33.352 1.195 39zs 0 7547 5040 1478 690 5340 3129-.6 332.9 21 20 10 11 27 9 .3 2.3
dsa128 228.220620 150106 81 282413 490834 1136056 1621541 1958418rat 6960 4835 1368 641
dsa128 228.910620 178624 85 335508 583255 1348944 1924575 2322495rat 6985 4855 1377 646
dsa128 229.60620 193392 88 363921 632780 1463156 2086662 2514644rat 6998 4865 1381 644
dsa128 230.280620 192243 86 361193 629979 1455766 2078412 2505580rat 7012 4866 1386 645
dsa128 230.970620 182123 85 342952 597811 1387378 1980693 2390814rat 7018 4876 1381 648
summary03:49:35SEP 06/18 33.817 1.202 39ds 2 6995 4859 1379 645 4932 3074 2.1 295 23 16 7 3 18 9 .5 2
dsa192 231.790620 73217 64 137051 238522 553570 794649 959604rat 6922 4804 1363 619
dsa192 232.480620 68336 55 128171 222584 517590 741499 897124rat 6906 4799 1352 626
dsa192 233.170620 66236 59 124279 216060 503413 721762 872009rat 6921 4809 1355 619
dsa192 233.860620 59426 49 112180 194988 454300 651406 787168rat 6913 4803 1352 618
dsa192 234.550620 41177 44 77411 134834 314803 452320 547075rat 6922 4806 1355 617
summary03:53:10SEP 06/18 34.221 1.207 39ds 3 6917 4804 1355 620 4934 3073 2.3 293.3 7 4 5 4 17 9 .5 1.8
hg03:56:21 .9996 289.0604 289 124251 39
hg04:09:53 .9995 287.5525 288 122447 39
dsa0 250.570620 28589 45 54610 96979 226486 326887 394896rat 6997 4805 1364 603
dsa0 251.260620 123211 66 234834 414694 965178 1385392 1668875rat 7029 4848 1376 616
dsa0 251.940620 125369 71 240670 425774 991264 1423234 1715354rat 7042 4853 1379 619
dsa0 252.630620 90244 60 172458 304819 711783 1023062 1234118rat 7017 4838 1369 613
dsa0 253.320620 100826 61 192507 340951 795712 1145061 1381693rat 7039 4850 1378 617
summary04:11:56SEP 06/18 36.571 1.242 39ds 0 7025 4839 1373 614 5062 3109 2.4 293.6 18 20 7 6 4 7 .8 1.3
dsa0 254.170620 33734 40 64856 116181 272391 394311 477647rat 7065 4837 1378 616
dsa0 254.860620 11358 36 21799 38988 91337 132231 159300rat 7034 4815 1370 585
dsa0 255.540620 31694 44 61152 109347 257659 372589 451577rat 7071 4851 1372 617
dsa0 256.230620 31306 38 60698 108746 256203 371277 451145rat 7087 4859 1381 628
dsa0 256.920620 5723 28 11189 20343 47883 69432 83786rat 7128 4837 1374 591
summary04:15:32SEP 06/18 37.061 1.25 39ds 0 7077 4840 1375 607 5134 3120 3.4 294.3 34 17 5 18 67 20 .7 4.5
dsa0 257.770620 6081 33 11860 21520 50410 73390 88623rat 7115 4834 1391 593
dsa0 258.460620 1762 29 3687 6856 16062 23425 27965rat 7244 4846 1398 543
dsa0 259.150620 1457 28 3000 5738 13259 19355 22972rat 7314 4791 1402 517
dsa0 259.830620 1196 31 2480 4819 11268 16344 19525rat 7417 4819 1375 545
dsa0 260.520620 1091 34 2276 4446 10451 15177 18192rat 7476 4850 1381 560
summary04:19:08SEP 06/18 37.563 1.259 39ds 0 7313 4828 1389 552 5548 3195 8.2 310 143 24 11 28 198 37 3.4 8.399999
hg04:23:28 .9997 288.9646 289 117039 38
fv04:24:34192az 225.8873 80 34.2ze 38.469 20 37.8
hg04:34:16 .9995 289.9392 290 121979 38
dsa0 274.920620 3879 34 7750 14550 34182 49819 59936rat 7256 4834 1387 569
dsa0 275.610620 5226 29 10379 19301 45892 67089 80916rat 7275 4898 1400 580
dsa0 276.290620 6236 28 12337 22962 54380 79011 95282rat 7232 4853 1373 579
dsa0 276.980620 51975 61 102486 188269 448420 656346 797416rat 7277 4951 1425 624
dsa0 277.670620 190014 88 377855 692602 1626566 2353231 2843312rat 7318 4978 1436 644
summary04:36:17SEP 06/18 40.096 1.304 38ds 0 7272 4903 1404 599 5354 3182 3.7 296.2 32 62 26 33 82 18 2 4.5
dsa0 278.510620 72614 52 144166 266384 634307 928623 1131819rat 7325 4970 1434 645
dsa0 279.20620 9207 33 18400 34340 81562 119615 144751rat 7294 4905 1414 594
dsa0 279.890620 52111 51 104284 193223 462431 679206 829188rat 7347 4985 1439 645
dsa0 280.570620 22101 35 44067 81880 195457 287659 350423rat 7320 4952 1434 625
dsa0 281.260620 14351 42 28778 53505 127619 187950 228876rat 7315 4944 1433 621
summary04:39:53SEP 06/18 40.654 1.315 38ds 0 7320 4951 1431 626 5317 3172 3.5 291.5 19 30 10 21 51 12 .5 2.5
zsa0 282.170620 98385 66 202351 383947 894822 1290259 1533113rat 8157 5357 1627 773
zsa0 282.860620 100586 72 206309 391233 912898 1317230 1564837rat 8166 5368 1631 772
zsa0 283.540620 96876 60 199708 381356 888360 1282131 1525116rat 8186 5359 1630 777
zsa0 284.230620 95232 65 196668 375282 877250 1267074 1506683rat 8200 5376 1633 775
zsa0 284.910620 100300 58 206528 392073 914855 1320151 1569391rat 8171 5368 1631 775
zsa0 285.60620 100117 57 205991 391636 913647 1317986 1566516rat 8175 5366 1630 775
zsa0 286.290620 99369 68 205221 389866 909758 1312809 1559568rat 8174 5368 1631 772
summary04:44:13SEP 06/18 41.339 1.328 38zs 0 8176 5366 1630 774 5698 3235-1.5 325.3 14 6 2 2 11 7 .6 1.6
dsa0 287.20620 7872 30 16031 29896 71370 105050 126901rat 7311 4932 1424 581
dsa0 287.890620 6206 34 12522 23582 56328 82033 98853rat 7309 4887 1377 569
dsa0 288.580620 2193 32 4591 8690 20726 30528 36212rat 7383 4932 1425 500
dsa0 289.260620 7801 30 15889 29890 71406 105422 128069rat 7361 4946 1436 604
dsa0 289.950620 3324 37 6743 12754 30391 44588 53393rat 7352 4907 1407 540
summary04:48:34SEP 06/18 42.037 1.342 38ds 0 7343 4921 1414 559 5555 3264 1.4 305.7 32 24 23 40 149 67 2.2 14.5
dsa0 290.790620 76231 52 154189 288848 690356 1013935 1232038rat 7397 4992 1444 626
dsa0 291.480620 109347 72 221596 415085 987403 1445679 1753053rat 7402 4992 1446 628
summary04:51:08SEP 06/18 42.453 1.351 38ds 0 7400 4992 1445 627 5394 3204 2.6 290.6 4 0 1 1 0 2 .2 .9
hg04:53:57 .9995 288.932 289 117094 38
hg05:09:53 .9995 287.3314 287 114087 37
hg05:11:02 .9997 289.4477 289 117773 37
dsa0 311.680620 828 30 1902 3869 9435 14039 16998rat 7811 5048 1454 573
dsa0 312.370620 789 26 1780 3700 8877 13442 16175rat 7904 5050 1530 546
dsa0 313.050620 817 27 1838 3762 9187 13715 16556rat 7850 5065 1467 559
dsa0 313.740620 894 39 1984 4208 10175 15258 18319rat 7999 5047 1487 535
dsa0 314.420620 996 32 2224 4518 11082 16585 20053rat 7843 5092 1477 565
summary05:13:03SEP 06/18 46.161 1.439 37ds 0 7881 5060 1483 556 6104 3374 5.9 307.9 74 19 29 15 121 21 2.9 3.3
dsa0 315.270620 7776 40 16991 34267 84676 129431 160388rat 7898 5205 1569 673
dsa0 315.960620 3038 23 6621 13297 33297 50264 62050rat 7878 5202 1511 654
dsa0 316.640620 1105 34 2402 4936 12203 18260 22169rat 7919 5121 1474 581
dsa0 317.330620 1390 28 3085 6327 15579 23269 28271rat 7864 5087 1464 583
dsa0 318.010620 2835 37 6288 12540 31062 47035 57859rat 7816 5168 1523 637
summary05:16:38SEP 06/18 46.79 1.455 37ds 0 7875 5157 1508 626 5873 3339 3 297.3 39 52 42 42 145 45 1.6 8.7
dsa0 318.860620 6523 31 14315 29002 73123 111489 138593rat 7981 5273 1554 683
dsa0 319.550620 6541 40 14366 28996 72858 111831 138708rat 7978 5286 1582 673
dsa0 320.240620 1639 33 3557 7434 18205 27738 33853rat 8001 5144 1548 600
dsa0 320.920620 1196 26 2649 5473 13624 20694 25119rat 8008 5201 1534 576
dsa0 321.610620 1288 42 2785 5815 14471 21939 26914rat 8062 5198 1527 622
summary05:20:14SEP 06/18 47.424 1.472 37ds 0 8006 5220 1549 631 5988 3374 2.9 300.9 34 59 21 46 166 48 3 8.899999
hg05:24:32 .9995 290.3336 290 111845 36
fv05:25:36192az 242.5561 50 27.6ze 48.541 20 26.8
hg05:34:17 .9995 289.8831 290 119446 36
dsa0 334.930620 1088 35 2567 5772 14298 22281 27323rat 8432 5266 1632 607
dsa0 335.620620 1543 32 3584 7694 19737 30546 37881rat 8333 5381 1601 655
dsa0 336.310620 2582 28 6016 12856 32789 51380 64035rat 8325 5403 1654 676
dsa0 336.990620 17416 39 40421 86714 223633 351022 440699rat 8409 5476 1671 715
dsa0 337.680620 62474 59 145366 312135 798455 1247484 1559114rat 8440 5493 1686 721
summary05:36:18SEP 06/18 50.324 1.558 36ds 0 8388 5404 1649 675 6228 3432 3.8 295.1 55 90 33 47 153 20 4.2 4.3
dsa64 338.510620 25259 41 59002 126974 326798 512327 643818rat 8416 5470 1670 722
dsa64 339.20620 21874 42 51131 110291 284267 446770 561188rat 8435 5481 1678 718
dsa64 339.890620 17530 43 41104 88898 229048 361178 454040rat 8450 5485 1688 718
dsa64 340.580620 15027 59 35229 76171 197120 310542 390389rat 8458 5496 1681 716
dsa64 341.260620 10250 41 24026 51971 135143 212834 268238rat 8467 5505 1675 723
summary05:39:53SEP 06/18 50.983 1.58 36ds 1 8445 5487 1678 719 6143 3425 2.3 289.9 20 14 7 3 24 13 .6 1.3
zsa0 342.170620 49745 54 116754 251146 619836 939744 1135496rat 9140 5800 1836 840
zsa0 342.860620 49114 55 115143 247175 610605 925137 1116317rat 9131 5800 1832 833
zsa0 343.540620 47835 47 112214 240880 595234 901929 1085497rat 9130 5800 1832 821
zsa0 344.220620 45471 47 106387 228777 563492 852355 1025879rat 9111 5774 1822 820
zsa0 344.910620 42847 60 100336 215237 530444 801134 962174rat 9092 5766 1814 810
zsa0 345.590620 41730 58 98065 209922 516625 780981 938228rat 9079 5762 1817 810
zsa0 346.270620 42334 45 99795 213757 526837 797574 959114rat 9095 5776 1824 815
summary05:44:13SEP 06/18 51.784 1.608 36zs 0 9111 5783 1825 821 6483 3473-4.1 318.4 23 17 8 11 18 11 .6 1.8
dsa0 347.20620 41513 54 100796 223015 582808 923363 1164088rat 8653 5595 1723 739
dsa0 347.890620 29146 50 70885 157857 413634 658820 832120rat 8687 5606 1734 738
dsa0 348.570620 50013 52 122174 272475 712527 1131169 1424991rat 8713 5620 1738 740
dsa0 349.260620 67729 63 165672 370219 966500 1533147 1927585rat 8749 5643 1752 743
dsa0 349.940620 82363 78 201445 450847 1177831 1863262 2340387rat 8778 5662 1754 749
summary05:48:34SEP 06/18 52.594 1.637 36ds 0 8716 5625 1740 742 6342 3494 1.5 292.2 49 27 13 4 37 14 .3 1.2
dsa64 350.780620 26405 53 64793 145094 383190 612066 773040rat 8741 5641 1741 733
dsa64 351.470620 16241 34 39921 89809 237992 380886 481685rat 8759 5643 1739 731
dsa64 352.160620 18699 36 46072 104349 274985 441940 559544rat 8784 5640 1759 737
dsa64 352.840620 5669 38 14015 31656 83639 134821 170380rat 8771 5640 1759 719
dsa64 353.530620 2932 26 7241 16463 43391 69826 88743rat 8776 5616 1748 741
summary05:52:09SEP 06/18 53.266 1.662 36ds 1 8766 5636 1749 732 6423 3517 1.6 291.8 17 11 10 8 29 22 1.4 4.8
hg05:55:18 .9996 289.173 289 116118 36
hp06:03:50 .9968193 324157.2 81.6 35
hg06:10:07 .9996 288.1313 288 110800 35
hg06:21:38 .9994 289.9047 290 110567 35
hg06:33:45 .9994 288.7326 289 110012 35
hg06:45:59 .9994 289.3888 289 109221 35
hg07:10:01 .9995 288.3748 288 104249 34
dsa0 430.630620 48 25 143 439 1316 2441 3192rat 11353 6577 2203 687
dsa0 431.310620 47 34 127 428 1248 2446 3135rat 12369 6778 2460 600
dsa0 4320620 55 25 143 393 1235 2323 2998rat 11114 6858 2261 624
dsa0 432.680620 48 23 124 400 1193 2246 2950rat 11635 6602 2260 697
dsa0 433.360620 50 35 121 372 1147 2174 2938rat 12154 6915 2310 826
summary07:11:59SEP 06/18 68.854 2.715 34ds 0 11725 6746 2299 687 9527 4429 1.4 277.9 529 151 98 88 542 163 9.7 18.3
dsa0 434.140620 47 29 116 379 1121 2115 2768rat 11983 6634 2276 679
dsa0 434.820620 58 27 114 387 1095 2132 2731rat 12011 6544 2409 580
dsa0 435.510620 44 28 118 369 1087 2131 2771rat 11848 6768 2438 644
dsa0 436.20620 43 29 120 371 1154 2199 2854rat 11924 6884 2308 632
dsa0 436.890620 52 26 107 371 1120 2196 2840rat 12418 6839 2426 612
summary07:15:30SEP 06/18 69.557 2.8 34ds 0 12037 6734 2371 629 10023 4478 5.8 274.6 222 142 74 37 284 140 6.4 12.4
dsa0 437.660620 52 21 108 343 1118 2127 2834rat 11963 7000 2280 736
dsa0 438.350620 49 30 119 370 1100 2128 2785rat 11836 6740 2368 659
dsa0 439.040620 51 33 112 344 1084 2175 2792rat 12432 7210 2533 572
dsa0 439.720620 49 36 99 375 1133 2132 2779rat 13307 6733 2249 637
dsa0 440.410620 48 27 113 362 1093 2093 2753rat 11880 6714 2307 669
summary07:19:02SEP 06/18 70.264 2.891 34ds 0 12284 6879 2347 655 10189 4593 2.7 277.7 620 219 113 59 723 224 10.9 23.6
hg07:23:24 .9992 290.2658 290 101975 33
fv07:24:260az 264.2966 80 133.2ze 71.524 20 140.4
hg07:34:14 .9995 289.4505 289 110786 33
dsa0 454.790620 41 35 67 221 696 1376 1828rat 13978 7196 2412 639
dsa0 455.480620 39 22 59 220 701 1368 1856rat 13346 6930 2306 716
dsa0 456.160620 36 27 63 219 656 1377 1867rat 13460 7065 2646 712
dsa0 456.850620 39 40 63 205 654 1360 1849rat 15289 7615 2648 731
dsa0 457.530620 32 31 62 221 653 1350 1794rat 13970 6987 2583 617
summary07:36:09SEP 06/18 73.704 3.439 33ds 0 14009 7159 2519 683 11824 4738 14.7 246 772 274 153 51 761 227 3.5 19.8
dsa0 458.30620 37 26 62 187 599 1321 1780rat 13219 7613 2853 668
dsa0 458.990620 33 25 53 192 598 1269 1699rat 14117 7268 2673 635
dsa0 459.670620 34 35 60 176 591 1260 1664rat 14522 7923 2731 578
dsa0 460.360620 34 24 49 179 579 1231 1638rat 14438 7435 2669 596
dsa0 461.040620 27 28 63 183 573 1227 1643rat 12927 7394 2713 622
summary07:39:40SEP 06/18 74.41001 3.578 33ds 0 13845 7527 2728 620 11862 5109 1.5 267 728 254 75 35 810 276 8.899999 22.9
zsa0 461.90620 564 32 2670 13264 47887 104128 140652rat 15964 8961 3375 1306
zsa0 462.590620 495 34 2353 12017 43657 95926 129267rat 16167 9035 3420 1296
zsa0 463.270620 445 25 2137 10958 40226 88815 120538rat 16238 9098 3440 1327
zsa0 463.950620 503 24 2287 11736 43218 95842 130010rat 16269 9131 3460 1325
zsa0 464.630620 613 27 2795 14390 53544 119021 160878rat 16338 9188 3471 1310
zsa0 465.320620 632 45 2917 14872 55262 123205 167088rat 16328 9199 3485 1325
zsa0 4660620 616 37 2787 14387 53625 119223 162595rat 16373 9199 3472 1349
summary07:43:57SEP 06/18 75.27101 3.765 33zs 0 16240 9116 3446 1320 12017 5149-22.7 314 140 91 38 17 115 58 1.9 4.4
dsa0 466.870620 33 27 53 179 598 1367 1900rat 14508 7843 2937 729
dsa0 467.560620 25 24 48 168 585 1305 1806rat 14636 7867 2811 702
dsa0 468.240620 32 26 58 143 544 1237 1775rat 13117 8509 2906 858
dsa0 468.940620 38 29 49 154 528 1220 1647rat 15060 8134 2988 585
dsa0 469.620620 32 33 48 149 488 1145 1609rat 15985 8144 3083 761
summary07:48:14SEP 06/18 76.135 3.972 33ds 0 14661 8099 2945 727 12335 5391-3.1 261.4 1039 270 101 99 1233 221 14.8 14.9
dsa0 470.380620 31 27 46 147 478 1134 1512rat 14909 7959 3093 514
dsa0 471.070620 35 28 51 135 470 1070 1543rat 13789 8177 2910 856
dsa0 471.750620 34 32 59 131 460 1074 1485rat 13065 8498 3042 667
dsa0 472.440620 34 20 44 124 442 1068 1507rat 13573 8291 3120 735
dsa0 473.120620 34 27 41 114 440 1054 1427rat 15797 8961 3117 553
summary07:51:45SEP 06/18 76.84101 4.158 33ds 0 14227 8377 3056 665 12098 5718-14.8 272.7 1107 380 88 139 1442 464 11.2 30
hg07:54:52 .9992 290.0239 290 107599 33
hg08:09:51 .9995 287.9563 288 103578 32
dsa0 490.40620 27 25 36 72 256 626 906rat 13516 8692 3021 591
dsa0 491.080620 27 29 34 76 234 598 854rat 16649 8421 3286 529
dsa0 491.760620 35 31 42 72 212 552 826rat 12786 8597 3428 735
dsa0 492.450620 32 23 29 74 214 546 775rat 15378 7631 3194 461
dsa0 493.130620 30 30 42 71 201 541 750rat 12208 8442 3557 357
summary08:11:45SEP 06/18 80.86 5.642 32ds 0 14107 8357 3297 535 12397 5799-10.9 205.5 1856 421 207 142 1939 369 17.3 21
fza0 494.041620 29 639 3472 15307 43495 63840
dsa0 494.80620 37 33 37 58 173 446 672rat 15903 9572 3456 721
dsa0 495.490620 35 23 37 63 183 468 659rat 10721 7815 3181 359
dsa0 496.170620 30 22 27 67 176 443 609rat 14885 7021 3087 233
dsa0 496.860620 31 29 35 63 159 423 620rat 13736 7908 3515 531
dsa0 497.540620 37 28 37 66 147 409 581rat 11758 7236 3732 368
summary08:16:10SEP 06/18 81.742 6.104 32ds 0 13401 7910 3394 442 11985 5461-5.8 174.1 2148 1002 261 188 1938 719 16.1 38.2
hg08:19:39 .9993 289.6991 290 105413 32
fv08:20:390az 272.6546 80 27.4ze 82.811 24 30.2
hg08:34:14 .9994 288.6249 289 103030 32
fza0 514.90011620 28 290 926 3403 10968 17632
dsa0 515.670620 27 22 22 30 63 130 209rat 9035 6567 1954 252
dsa0 516.350620 27 28 26 40 57 145 208rat 9183 5032 3747-316
dsa0 517.040620 30 28 46 41 60 121 194rat-968 3560 2262 272
dsa0 517.720620 28 30 24 29 55 121 192rat 7668 10866 3176 201
dsa0 518.40010620 27 31 25 33 62 110 172rat 6827 10111 1561 149
summary08:37:02SEP 06/18 85.876 9.3 32ds 0 6349 7227 2540 112 5992 5767-31.3 122.5 4206 3173 900 244 4614 3167 38.1 97.8
zsa0 519.28010620 133 33 282 837 3072 9627 16025rat 15851 10762 4987 2216
zsa0 519.96010620 119 31 288 832 2977 9220 15214rat 15526 10591 4935 2178
zsa0 520.65010620 116 28 297 875 3087 9554 15721rat 15485 10505 4928 2165
zsa0 521.33010620 130 29 289 818 2877 8654 14213rat 15201 10381 4807 2158
zsa0 522.010620 124 28 273 752 2603 7715 12688rat 14959 10255 4744 2164
zsa0 522.690620 121 31 272 767 2514 7560 12107rat 14940 10093 4812 2049
zsa0 523.380620 102 28 269 710 2292 6532 10761rat 14304 9788 4577 2172
summary08:41:19SEP 06/18 86.71 10.135 32zs 0 15181 10339 4827 2157 8277 4258 9667.8-22654.8 506 327 140 52 468 227 7061.8 16591.1
fza0 524.371620 29 205 538 1705 4779 7765
dsa0 525.140620 33 29 26 35 50 75 100rat 1655 1850 79-1264
dsa0 525.830620 30 25 30 30 41 76 108rat-1631 2874 1606-1131
dsa0 526.510620 32 30 42 25 37 71 94rat-6741 5088 4143-1412
dsa0 527.190620 17 23 30 35 44 57 87rat-5579-3136-1548-700
dsa0 527.880620 29 31 26 33 41 57 85rat-2272 2656 400-376
summary08:46:30SEP 06/18 87.70201 11.092 32ds 0-2914 1866 936-977 211 3059-15.5 32 3342 3043 2117 428 3656 2507 25.5 66.5
hg08:49:53 .9994 289.1064 289 95711 31
hg09:09:52 .9994 287.9401 288 96299 31
fza0 550.541620 23 25 32 38 48 43
fza0 551.371620 40 32 27 35 50 47
fza0 552.211620 25 31 34 30 35 58
fza0 553.051620 26 25 28 31 44 48
fv09:14:170az 280.5193 130 2.4ze 93.695-16 2.6
hg09:34:16 .9993 288.9775 289 95864 31
hg10:09:50 .9993 288.2631 288 93308 30
hg10:34:17 .9994 289.4121 289 95153 30
hp10:34:56 .9969556 322837.6 78.8 30
hg10:41:23 .9996 289.7446 290 112576 30
sla 0 646.780620 796898 154 922214 1097284 1367475 1556097 1697630rat 2337 1564 577 391
sla 0 647.460620 797677 179 923354 1098003 1367570 1556799 1697835rat 2333 1563 579 390
sla 0 648.150620 797703 173 923554 1098838 1368065 1558257 1697619rat 2336 1564 581 385
sla 0 648.830620 797695 167 924173 1099801 1368569 1558667 1699266rat 2335 1561 581 388
sla 0 649.520620 797228 162 924368 1098679 1369641 1559339 1698972rat 2336 1567 579 385
sla 0 650.20620 798016 173 924212 1098252 1368631 1558230 1700444rat 2333 1566 579 393
sla 0 650.880620 797135 176 923819 1099505 1368732 1558130 1699655rat 2335 1561 579 391
summary10:48:49SEP 06/18 111.664 2.652 30sl 0 2335 1564 579 389 1090 613 923670.6 1698774 2 2 1 3 10 6 706.6 1094.7
ap10:51:15 29.73 30.3 31.25 1128.52 12.49 5.03-11.61 24.48 0 28.97 29.26 29.54 4.98-4.45 0 0 0 0 0 0 14.41 4.45 .01 .01 29.73 30.3 31.25 1126.56 12.49 5.02-11.61 24.24 1.36 29.16 29.26 29.45 4.98-4.44 1.39 10.81 .35 12.33 1.02 .27 14.25 4.42 .05 .11ed