version=2dh081018Tateno Japan 36.058 -140.126 3.786457pr1000
inst 10.4312  10.3785  10.3761  10.1856  10.0785  0  .3388  2.35  1.1405  1873  821  2.8E-08 289141682 0  4375  10260  14100  21600  25900 2972mkiii1 0  0  0  0  0  0  0 -187  39  242 -3  770  740  8028  178  2518  1.001 -4  2469  260  .2  64  256  0 0 0 
disp 2854.999  7.770993E-02 -8.035412E-07  2894.856  7.689035E-02 -8.11909E-07  2931.649  7.611908E-02 -8.2195E-07  2966.792  7.542036E-02 -8.432311E-07  3001.557  7.420684E-02 -7.848089E-07  2822.135  .078294 -7.900772E-07  4282.498  .1165649 -1.205312E-06  4342.284  .1153355 -1.217863E-06  4397.474  .1141786 -1.232925E-06  4450.188  .1131305 -1.264847E-06  4502.335  .1113103 -1.177213E-06  4233.203  .117441 -1.185116E-06 
zeni-.0064 -.01968  .01654  .152258  .281884 -.060358 -.509659  .460001 -.042397 
co23:29:37fr: Micrometer #1 discrepancy=-183 Now set to o3 offset =-187
co23:30:03fr: Micrometer #2 discrepancy= 44 Now set to offset = 39
co23:32:26re: Zenith discrepancy = -1
co23:32:28re: Azimuth discrepancy = -1
co23:32:34re: Micrometer #1 discrepancy =  0
co23:32:40re: Micrometer #2 discrepancy =  0
ap23:32:42 25.08 26.12 26.03 1128.52 12.49 5.04-11.47 24.48 0 24.98 26.31 25.93 5-4.5 0 0 0 0 .02 .02 14.12 3.47 .01 .01 25.08 26.12 26.03 1128.52 12.49 5.04-11.46 24.48 0 24.98 26.31 26.12 5-4.51 1.4 10.66 .35 12.8 1.26 .33 14.12 3.47 .05 .03
hp23:33:51 .9976211 323026 77.5 25
hg23:40:09 .9983 285.1769 285 100337 26
hg23:41:17 .9992 288.861 289 105250 26
hg00:11:00 .9994 289.1217 289 105115 28
dsa192 11.630620 45534 67 100242 203351 509199 779898 967761rat 7919 5244 1566 662
dsa192 12.320620 46938 65 103111 208274 521881 797798 990165rat 7899 5242 1559 664
dsa192 130620 48600 59 106237 215338 537756 823287 1019738rat 7910 5236 1567 656
dsa192 13.690620 46373 65 101528 205327 512684 783669 970776rat 7892 5227 1560 656
dsa192 14.370620 41986 60 91606 184275 459769 705168 873438rat 7875 5234 1572 654
summary00:13:00OCT 09/18 52.596 1.637 28ds 3 7899 5237 1565 658 5792 3335 1.1 263.6 17 7 5 4 15 3 .3 .9
dsa192 15.150620 44336 70 96464 193846 484135 739299 916439rat 7862 5223 1555 659
dsa192 15.830620 27977 48 61063 122855 305918 466952 578810rat 7829 5188 1543 652
dsa192 16.520620 2651 30 5565 11028 27144 41300 50616rat 7678 5099 1515 593
dsa192 17.210620 2296 34 4966 9838 24225 36688 45150rat 7666 5084 1496 612
dsa192 17.890620 14644 43 31580 62593 155968 237778 293858rat 7748 5172 1531 635
summary00:16:31OCT 09/18 52.111 1.619 28ds 3 7757 5153 1528 630 5740 3318 1.3 263.3 88 60 23 28 29 15 .9 2.8
dsa192 18.670620 40586 58 87627 174510 433623 660260 815910rat 7791 5189 1542 646
dsa192 19.350620 11469 34 24657 48966 120683 184300 226765rat 7716 5131 1538 616
dsa192 20.040620 3388 26 7267 14282 35386 53646 66293rat 7660 5116 1503 632
dsa192 20.720620 2604 38 5522 10742 26553 40198 49565rat 7613 5106 1498 623
dsa192 21.410620 1806 34 3907 7595 18760 28057 34970rat 7562 5053 1446 670
summary00:20:02OCT 09/18 51.633 1.602 28ds 3 7668 5119 1505 637 5628 3283 1.4 259.5 89 49 39 21 130 53 1.4 9.2
hg00:24:24 .9993 289.7319 290 99462 28
fv00:25:29192az 139.664 10 43857.6ze 50.796 8 2304.6
hg00:34:15 .9994 288.6615 289 106959 28
dsa128 34.890620 9597 38 19491 37418 90850 136132 166359rat 7463 5007 1467 597
dsa128 35.580620 16396 42 33851 64977 158004 236591 290279rat 7474 5018 1467 617
dsa128 36.260620 18208 49 37324 71887 175046 262321 321106rat 7502 5031 1472 608
dsa128 36.950620 32874 46 67064 129014 314471 468575 575492rat 7495 5027 1455 628
dsa128 37.640620 41632 64 86122 164976 401602 600282 736172rat 7499 5046 1474 625
summary00:36:15OCT 09/18 49.549 1.534 28ds 2 7487 5026 1467 615 5518 3247 1.8 264.2 17 15 7 13 34 13 .4 2.4
dsa64 38.450620 62889 70 128022 242124 581924 860710 1046297rat 7367 4966 1438 593
dsa64 39.140620 15179 43 30700 57964 139031 205130 249129rat 7285 4898 1405 574
dsa64 39.820620 40225 52 81857 154343 370282 548390 666192rat 7326 4941 1433 584
dsa64 40.510620 126736 93 256802 484809 1154063 1696490 2060309rat 7377 4969 1444 613
dsa64 41.190620 19524 42 39627 74182 178662 263457 321034rat 7272 4920 1405 591
summary00:39:49OCT 09/18 49.119 1.521 28ds 1 7325 4939 1425 591 5434 3221 1.8 261.6 47 30 19 14 36 13 .6 2.2
zsa0 42.10620 71146 70 145142 273882 621063 881010 1022658rat 7907 5136 1542 660
zsa0 42.790620 71581 62 144918 273400 620293 878382 1020221rat 7900 5130 1534 663
zsa0 43.470620 71668 60 145638 273901 620312 878569 1021275rat 7879 5123 1535 667
zsa0 44.160620 73926 71 150356 283217 642355 910677 1060217rat 7900 5136 1540 674
zsa0 44.850620 75976 73 154570 289892 660291 936203 1090379rat 7902 5157 1542 676
zsa0 45.530620 94968 91 194341 370088 861622 1244232 1477387rat 8174 5358 1633 769
zsa0 46.210620 95248 83 196785 374939 875559 1267907 1509240rat 8203 5385 1647 781
summary00:44:09OCT 09/18 48.61 1.506 28zs 0 7981 5204 1568 699 5745 3232-1 289 143 115 50 53 33 8 .9 1.8
dsa0 47.140620 1366 30 2785 5192 11997 17385 20454rat 7025 4669 1328 438
dsa0 47.820620 1295 21 2654 4968 11584 16511 19625rat 7000 4633 1256 482
dsa0 48.510620 1389 37 2814 5226 11911 17269 20456rat 6962 4617 1332 468
dsa0 49.20620 1333 26 2700 5053 11701 16763 19952rat 7001 4630 1279 489
dsa0 49.880620 2986 30 6052 11356 26553 39138 47059rat 7165 4790 1403 534
summary00:48:30OCT 09/18 48.114 1.491 28ds 0 7031 4668 1320 482 5487 3188 6 260.2 79 71 57 35 77 43 1.9 8.100001
dsa0 50.720620 159020 103 317090 583952 1362325 1966109 2366282rat 7148 4836 1378 584
dsa0 51.410620 1974 24 3861 7167 16547 23809 28281rat 6964 4633 1299 481
dsa0 52.090620 5638 30 11198 20551 48542 70827 84996rat 7067 4792 1360 527
dsa0 52.780620 77702 75 154072 282884 669140 974558 1176846rat 7144 4857 1383 575
dsa0 53.470620 1454 35 2886 5234 12161 17570 20738rat 6933 4691 1319 455
summary00:52:05OCT 09/18 47.717 1.48 28ds 0 7051 4762 1348 524 5372 3196 2.5 263.7 100 96 37 57 82 42 2.6 8.899999
hg00:55:14 .9993 288.7576 289 100568 28
hg01:09:53 .9992 286.632 287 95129 28
hg01:11:02 .9996 288.5695 289 100015 28
dsa0 71.680620 663 32 1309 2362 5395 7690 9079rat 6854 4597 1273 466
dsa0 72.370620 654 26 1353 2482 5479 7864 9265rat 6789 4470 1302 457
dsa0 73.050620 666 31 1369 2504 5663 8077 9453rat 6868 4554 1276 429
dsa0 73.740620 727 24 1413 2620 6014 8655 10063rat 7011 4649 1313 400
dsa0 74.430620 736 32 1505 2764 6318 8910 10526rat 6880 4551 1227 470
summary01:13:03OCT 09/18 45.643 1.425 28ds 0 6880 4564 1278 444 5458 3169 7.2 268.4 81 66 33 30 166 98 4.9 20.4
dsa0 75.270620 756 32 1533 2799 6512 9301 11033rat 6986 4683 1282 488
dsa0 75.950620 807 31 1633 3040 6774 9654 11298rat 6867 4482 1273 429
dsa0 76.640620 916 28 1819 3326 7734 10856 12854rat 6896 4597 1205 480
dsa0 77.320620 938 23 1847 3505 7974 11276 13433rat 6985 4529 1237 507
dsa0 78.010620 874 30 1691 3174 7151 10090 12072rat 6906 4486 1229 526
summary01:16:38OCT 09/18 45.331 1.417 28ds 0 6928 4555 1245 486 5373 3106 10.5 256.7 54 85 32 37 101 95 7 19.5
dsa0 78.860620 862 26 1680 3017 6993 9866 11726rat 6829 4608 1229 497
dsa0 79.550620 844 25 1697 3040 6969 9809 11631rat 6758 4548 1218 487
dsa0 80.230010620 903 22 1805 3326 7525 10813 12729rat 6906 4577 1308 456
dsa0 80.920620 911 30 1852 3384 7725 10878 12793rat 6835 4535 1221 452
dsa0 81.610620 1012 29 1983 3618 8338 11727 13810rat 6860 4569 1216 458
summary01:20:14OCT 09/18 45.032 1.41 28ds 0 6838 4567 1238 470 5333 3149 5.7 267.1 54 28 39 21 108 26 2.1 5.7
hg01:24:32 .9995 289.3203 289 91196 28
fv01:25:38192az 158.034 80 41.6ze 44.544 20 41.8
hg01:34:15 .9993 290.0718 290 103592 28
dsa0 94.90620 119513 84 228251 397851 922528 1318004 1585226rat 6838 4750 1328 582
dsa0 95.589990620 236061 130 447901 784803 1804489 2565831 3081813rat 6927 4798 1354 610
summary01:35:14OCT 09/18 43.939 1.384 29ds 0 6883 4774 1341 596 4975 3090 1.6 259.5 63 34 18 20 2 9 .8 1.6
dsa0 97.120620 150977 88 286002 500596 1154007 1645853 1980693rat 6857 4745 1333 594
zsa64 98.720620 49604 65 95992 170769 391018 554402 655162rat 7661 5151 1529 733
zsa64 99.40620 51246 60 99331 176841 405079 573320 678178rat 7659 5146 1522 738
zsa64 100.090620 49195 61 94996 167941 382197 536991 633073rat 7565 5083 1488 722
zsa64 100.770620 51542 55 99120 176419 402416 567986 670199rat 7627 5116 1509 727
zsa64 101.460620 54949 67 106383 188921 431612 609283 720576rat 7629 5126 1511 738
zsa64 102.150620 45362 56 87491 153553 346871 485555 568543rat 7481 5031 1470 691
zsa64 102.830620 40097 54 76667 135541 305138 425143 495347rat 7472 4991 1448 668
summary01:40:46OCT 09/18 43.602 1.376 29zs 1 7585 5092 1497 717 5291 3125-2.4 290.4 81 61 29 27 28 10 .5 2.1
dsa192 103.730620 67423 66 128342 223860 525780 757799 920950rat 6892 4806 1349 617
dsa192 104.420620 70097 66 133631 232777 547191 789555 959643rat 6898 4817 1356 619
dsa192 105.10620 66849 61 126423 220949 518213 746871 906634rat 6894 4799 1349 612
dsa192 105.790620 67541 61 127957 223293 524503 755708 918453rat 6894 4805 1348 618
dsa192 106.480620 48500 57 92077 160235 376150 542220 659177rat 6863 4789 1343 614
summary01:45:06OCT 09/18 43.361 1.371 29ds 3 6888 4803 1349 616 4917 3082 .7 260.1 14 10 5 3 13 5 .3 1.1
dsa0 107.320620 47565 54 90035 156550 365677 524386 634549rat 6814 4743 1320 593
dsa0 1080620 152912 92 288345 496994 1139049 1614334 1934883rat 6743 4695 1306 577
dsa0 108.690620 6580 28 12507 21697 50430 72144 87031rat 6738 4680 1295 570
dsa0 109.380620 1862 34 3625 6356 14444 20399 23799rat 6652 4535 1240 424
dsa0 110.060620 1658 36 3172 5494 12551 17442 20522rat 6559 4492 1171 462
summary01:48:41OCT 09/18 43.179 1.367 29ds 0 6701 4629 1266 525 5020 3103 1.6 265.6 98 109 61 77 171 56 .6 12.3
hg01:51:50 .9995 289.0069 289 105144 29
hg02:09:52 .9997 287.9117 288 97846 30
dsa0 130.530620 1145 28 2110 3748 8461 11860 13984rat 6671 4486 1211 473
dsa0 131.220620 1238 23 2372 4219 9491 13214 15676rat 6619 4435 1181 500
dsa0 131.90620 1014 33 1943 3417 7742 10873 12809rat 6665 4517 1221 470
dsa0 132.590620 1044 24 1975 3540 7962 11060 13000rat 6651 4428 1172 460
dsa0 133.270620 874 27 1736 3057 6822 9527 11242rat 6575 4423 1196 477
summary02:11:53OCT 09/18 42.392 1.35 30ds 0 6636 4458 1196 476 5113 3050 9.100001 257.3 40 42 20 15 73 46 2.6 10
dsa0 134.120620 738 23 1429 2577 5800 8090 9412rat 6712 4455 1191 416
dsa0 134.80620 762 27 1389 2507 5601 7856 9109rat 6721 4453 1216 401
dsa0 135.490620 809 33 1589 2774 6342 8765 10306rat 6617 4493 1152 463
dsa0 136.180620 1142 28 2166 3864 8756 12180 14452rat 6673 4469 1178 501
dsa0 136.870620 1253 26 2339 4183 9435 13241 15588rat 6695 4484 1216 467
summary02:15:29OCT 09/18 42.332 1.349 30ds 0 6684 4471 1191 450 5245 3111 7.1 270.9 42 18 27 41 158 56 2.9 12.3
dsa0 137.720620 1251 25 2388 4310 9605 13403 15731rat 6656 4406 1192 454
dsa0 138.410620 1290 19 2488 4411 9929 13963 16165rat 6646 4479 1224 394
dsa0 139.090620 1561 27 2941 5279 11906 16642 19769rat 6687 4464 1199 506
dsa0 139.780620 2019 27 3927 6945 15835 22281 26103rat 6691 4537 1227 445
dsa0 140.470620 2398 20 4591 8000 18209 25722 30288rat 6628 4542 1243 467
summary02:19:05OCT 09/18 42.288 1.348 30ds 0 6662 4486 1217 453 5211 3106 6.6 270.1 27 56 21 41 123 82 5.3 18.1
hg02:23:24 .9995 289.2434 289 95449 30
fv02:24:29192az 179.1021 80 52.2ze 42.251-26 192.6
hg02:34:09 .9994 289.6702 290 105214 30
dsa0 154.80620 228372 97 421518 710959 1564054 2139020 2496439rat 6375 4408 1168 471
dsa0 155.490620 47885 51 88805 150656 348890 495467 595361rat 6637 4669 1280 565
dsa0 156.170620 2427 39 4435 7697 17411 24230 28742rat 6533 4457 1179 500
dsa0 156.860620 1662 24 3085 5373 12149 16965 19864rat 6557 4468 1194 443
dsa0 157.540620 1659 22 3137 5572 12595 17564 20461rat 6633 4459 1188 421
summary02:36:10OCT 09/18 42.309 1.348 30ds 0 6547 4492 1202 480 5012 3076 3.9 263.2 107 102 45 56 195 58 2.8 12.7
dsa0 158.390620 1547 29 2934 5167 11675 16401 19080rat 6636 4495 1220 415
dsa0 159.070620 1611 33 3072 5357 12141 16829 19804rat 6551 4451 1163 465
dsa0 159.760620 5263 29 9796 16598 38214 53827 64210rat 6539 4579 1231 524
summary02:39:04OCT 09/18 42.351 1.349 30ds 0 6575 4508 1205 468 5078 3110 2.5 270.6 53 65 37 55 223 60 2.5 13.2
zsa0 161.360620 115507 78 217652 377667 836699 1151411 1335088rat 7331 4921 1416 660
zsa0 162.050620 113878 77 215256 372768 825798 1136566 1317572rat 7321 4920 1416 659
zsa0 162.730620 115292 89 217531 376906 834466 1149920 1332835rat 7328 4924 1422 659
zsa0 163.420620 125775 87 238332 414369 923193 1278383 1488553rat 7403 4983 1448 682
zsa0 164.10620 122260 80 231422 402508 897031 1241220 1445221rat 7399 4978 1443 681
zsa0 164.790620 121118 78 229355 399652 892248 1235465 1439953rat 7418 4989 1446 685
zsa0 165.470620 112903 80 216971 382870 868310 1220114 1439294rat 7604 5121 1511 739
summary02:43:25OCT 09/18 42.434 1.351 30zs 0 7401 4977 1443 681 5222 3098-1.6 289.4 99 71 33 28 8 6 .4 1.3
dsa128 166.490620 1613 31 2927 5008 11496 16343 19607rat 6631 4615 1272 548
dsa128 167.180620 82409 70 155570 270285 630551 905097 1098373rat 6853 4778 1340 618
dsa128 167.860620 53323 53 100467 173849 408202 587867 713612rat 6849 4795 1344 611
dsa128 168.550620 18478 40 34946 60413 142212 204612 249013rat 6819 4774 1327 613
dsa128 169.230620 228 23 394 666 1515 2110 2476rat 6624 4572 1197 457
summary02:47:51OCT 09/18 42.542 1.353 30ds 2 6755 4707 1296 569 4932 3090 .4 265.4 117 105 62 69 128 60 2.3 13.1
dsa0 170.060620 1154 30 2156 3875 8586 12015 14245rat 6633 4396 1204 497
dsa0 170.750620 1173 31 2253 3969 8928 12568 14728rat 6637 4488 1229 446
dsa0 171.430620 1266 36 2461 4417 9810 13815 16265rat 6667 4435 1231 466
dsa0 172.120620 1268 31 2388 4177 9451 13398 15766rat 6659 4543 1260 464
dsa0 172.810620 921 34 1766 3161 7015 9765 11496rat 6617 4388 1182 466
summary02:51:25OCT 09/18 42.648 1.355 30ds 0 6643 4450 1221 468 5145 3044 10.5 254.9 20 65 30 18 65 74 5.4 16.2
hg02:54:34 .9995 288.873 289 105623 30
hg03:09:52 .9996 287.6184 288 100097 30
sla 0 195.270620 786682 163 908461 1079011 1343132 1526469 1665469rat 2316 1552 571 391
sla 0 195.960620 786691 176 908853 1079445 1343290 1528311 1665524rat 2320 1555 576 386
sla 0 196.650620 786460 171 908867 1079037 1342899 1527526 1665266rat 2318 1555 575 388
sla 0 197.330620 786194 177 909229 1078613 1343207 1529173 1665615rat 2321 1561 579 384
sla 0 198.020620 786417 166 909344 1080043 1343635 1528800 1666667rat 2319 1554 576 388
sla 0 198.70620 786649 173 908368 1079276 1345115 1529708 1667653rat 2327 1560 574 388
sla 0 199.390620 786216 177 909521 1080904 1343150 1529735 1667198rat 2321 1554 581 386
summary03:17:19OCT 09/18 43.891 1.383 30sl 0 2320 1556 576 387 1081 610 908949 1666199 3 3 3 2 9 6 446.9 999.3
ap03:19:45 30.3 30.49 29.45 1128.52 12.49 5.04-11.41 24.48 0 27.83 29.26 28.78 5-4.57 0 0 0 0 .01 .01 14.42 4.5 .01 .1 30.3 30.49 29.45 1124.6 12.49 5.03-11.39 24.48 1.33 28.02 29.26 28.88 5-4.57 1.39 10.78 .35 12.45 1.18 .36 14.42 4.5 .07 .06
fv03:21:19192az 199.6067-40 12802.8ze 44.214-2 29906
hg03:34:15 .9993 290.1842 290 109032 31
dsa0 214.90620 1690 32 3347 6114 13848 19622 23087rat 6800 4515 1245 452
dsa0 215.590620 1693 26 3260 5925 13571 19265 22639rat 6828 4569 1253 447
dsa0 216.280620 1597 27 3152 5834 13215 18860 22051rat 6883 4544 1276 424
dsa0 216.960620 1600 20 3130 5724 13079 18856 22172rat 6904 4622 1319 449
dsa0 217.650620 1680 34 3350 6077 14001 19863 23308rat 6847 4594 1250 440
summary03:36:16OCT 09/18 45.297 1.417 31ds 0 6852 4569 1269 442 5437 3183 5.4 272.8 42 42 31 11 66 36 2.6 7.1
dsa0 218.50620 8327 34 15880 28809 67172 97717 117816rat 6985 4746 1358 558
dsa0 219.180620 174793 94 337996 603355 1395018 1996882 2399920rat 6979 4787 1354 590
dsa0 219.870620 87678 56 170125 302102 693354 984344 1176805rat 6789 4635 1280 540
dsa0 220.560620 1629 27 3196 5995 13452 19248 22626rat 6905 4510 1285 446
dsa0 221.240620 1166 27 2329 4230 9801 14082 16583rat 6932 4672 1304 454
summary03:39:52OCT 09/18 45.607 1.424 31ds 0 6918 4670 1316 518 5262 3132 5.3 260.8 79 108 37 64 205 67 4.6 13.6
zsa0 222.160620 26966 46 55720 106856 251318 365570 438921rat 8198 5365 1634 799
zsa0 222.840620 21439 51 45050 86748 205032 298809 358421rat 8241 5390 1640 793
zsa0 223.520620 18863 42 39773 77300 183311 267534 321180rat 8299 5408 1645 796
zsa0 224.210620 16017 36 34043 67193 159257 233068 280193rat 8372 5415 1656 802
zsa0 224.90620 14629 45 31681 62845 149535 219732 264482rat 8429 5449 1674 807
zsa0 225.580620 13626 46 29894 59121 141317 208091 250950rat 8444 5477 1682 815
zsa0 226.270620 13421 42 29436 59138 141832 209294 252562rat 8536 5501 1692 818
summary03:44:12OCT 09/18 46.001 1.434 31zs 0 8360 5429 1660 804 5786 3232 .5 302.3 121 49 22 10 95 24 .9 4.5
dsa0 227.20620 742 23 1463 2683 6313 9055 10852rat 7040 4733 1295 528
dsa0 227.890620 785 32 1638 2965 6905 10009 12029rat 6997 4740 1342 540
dsa0 228.570620 800 27 1672 3107 7342 10727 12777rat 7195 4831 1374 501
dsa0 229.260620 906 21 1872 3498 8179 11856 14184rat 7120 4742 1338 519
dsa0 229.940620 1154 28 2343 4351 10193 14713 17769rat 7085 4732 1320 560
summary03:48:34OCT 09/18 46.413 1.445 30ds 0 7087 4756 1334 530 5393 3189 3.7 268.7 76 42 29 22 134 65 2.7 13.5
dsa0 230.790620 1101 36 2231 4245 9901 14389 17180rat 7215 4748 1350 510
dsa0 231.480620 890 32 1754 3378 7995 11647 13945rat 7349 4825 1361 522
dsa0 232.170620 587 31 1174 2239 5170 7612 9113rat 7274 4776 1409 522
dsa0 232.850620 449 31 918 1720 4061 5858 6976rat 7231 4796 1322 500
dsa0 233.540620 447 31 916 1716 3989 5816 6931rat 7208 4774 1368 502
summary03:52:10OCT 09/18 46.769 1.454 30ds 0 7255 4784 1362 511 5619 3234 5.6 276 58 29 32 11 37 41 3 8
hg03:55:18 .9994 289.4559 289 102215 30
hg04:09:55 .9995 287.1954 287 95623 29
hg04:11:03 .9996 289.3713 289 99825 29
dsa0 251.710620 851 27 1790 3353 7729 11221 13307rat 7046 4666 1334 469
dsa0 252.390620 1191 30 2483 4739 11041 15989 19024rat 7150 4695 1321 483
dsa0 253.080620 1248 29 2560 4942 11632 16812 20090rat 7232 4729 1312 501
dsa0 253.770620 1279 25 2619 5103 11915 17167 20362rat 7215 4676 1297 468
dsa0 254.450620 1287 32 2683 5230 12261 17559 20947rat 7216 4670 1271 493
summary04:13:04OCT 09/18 49.069 1.519 29ds 0 7172 4687 1307 483 5627 3213 7.2 260.2 77 26 24 15 62 14 1.1 2.8
dsa0 255.290620 1344 36 2721 5344 12412 18179 21827rat 7309 4728 1369 521
dsa0 255.980620 14663 36 30358 57485 139639 207464 254921rat 7377 4980 1433 624
dsa0 256.670620 65938 69 136232 257643 626828 932876 1142997rat 7449 5049 1466 629
dsa0 257.360620 236266 126 488628 919650 2179383 3173928 3842633rat 7445 5032 1460 639
summary04:16:19OCT 09/18 49.46 1.532 29ds 0 7395 4947 1432 603 5465 3206 3.8 256.9 66 149 44 55 121 37 5.6 6.6
dsa128 258.850620 98986 93 208644 400338 983435 1476094 1824562rat 7639 5171 1524 683
dsa128 259.530620 94445 79 199333 383546 942890 1417415 1754307rat 7653 5175 1528 686
dsa128 260.220620 87868 75 185679 357108 880862 1321541 1637465rat 7646 5171 1514 688
dsa128 260.90620 96605 77 204192 394367 971068 1458529 1808044rat 7674 5179 1525 694
dsa128 261.590620 30923 53 65127 125257 310901 468534 582685rat 7609 5147 1501 680
summary04:20:13OCT 09/18 49.94 1.546 29ds 2 7644 5169 1518 686 5449 3243 .4 261.5 24 12 11 5 9 4 .3 1.4
hg04:24:34 .9994 290.1968 290 93613 29
fv04:25:39192az 219.5565 120 166.6ze 50.744 6 64.6
hg04:34:18 .9992 290.7164 291 104690 29
hg04:35:27 .9996 288.0586 288 106424 29
dsa0 276.10620 4628 29 9966 19759 48335 72756 88861rat 7603 5025 1470 579
dsa0 276.780620 52960 44 113138 223648 539159 799592 972128rat 7517 4948 1429 576
summary04:36:26OCT 09/18 52.061 1.618 29ds 0 7560 4987 1450 578 5713 3281 3.6 256.8 61 54 29 2 52 36 1.6 7
dsa0 278.350620 44934 54 97014 194053 479371 727007 895972rat 7761 5144 1524 633
zsa0 279.960620 51252 59 110662 220350 513085 744390 874537rat 8341 5339 1636 711
zsa0 280.640620 51528 72 111633 222572 519729 752635 885181rat 8353 5344 1628 716
zsa0 281.320620 55658 67 122850 248041 592356 873187 1044198rat 8594 5529 1711 793
zsa0 282.010620 41254 54 92231 188488 454703 677359 814248rat 8718 5604 1750 811
zsa0 282.690620 29288 52 65914 135811 327589 488043 586455rat 8736 5589 1743 805
zsa0 283.380620 33776 52 76543 158300 382040 569361 683937rat 8763 5599 1748 806
zsa0 284.060620 30489 44 69103 143393 345755 513632 615604rat 8755 5577 1732 795
summary04:42:00OCT 09/18 52.833 1.646 29zs 0 8609 5512 1707 777 6123 3338-1.6 286.2 187 119 53 44 64 20 .6 2.7
dsa0 284.990620 152617 109 338547 685885 1689239 2547116 3122857rat 7939 5248 1567 656
dsa0 285.680620 183701 99 407315 825529 2023126 3037993 3716850rat 7952 5252 1569 662
summary04:45:19OCT 09/18 53.303 1.664 29ds 0 7946 5250 1568 659 5836 3346 1.3 261.2 9 3 1 4 4 5 .3 1.3
dsa128 287.160620 44959 60 101205 209713 534160 829665 1039041rat 8132 5371 1624 699
dsa128 287.840620 8231 29 18295 37761 95800 148708 186095rat 8031 5296 1594 675
dsa128 288.540620 10510 45 23612 49074 125002 194838 243384rat 8099 5334 1613 668
dsa128 289.220620 1426 24 3221 6535 16608 25960 32461rat 8000 5330 1620 668
dsa128 289.910620 2869 29 6439 13473 34142 53018 66565rat 8082 5285 1591 685
summary04:48:31OCT 09/18 53.762 1.682 29ds 2 8069 5323 1608 679 5895 3365 1.2 261.8 53 34 15 13 39 27 1.9 5.2
hg04:51:41 .9996 289.0198 289 99075 29
hg05:09:52 .9996 287.5562 288 94343 29
dsa128 311.310620 43242 72 106763 242567 643404 1036959 1321001rat 8787 5664 1765 753
dsa128 311.990620 42535 54 105233 239564 636841 1027850 1308604rat 8807 5676 1770 749
dsa128 312.680620 42562 69 105184 239708 638337 1031025 1313739rat 8819 5685 1772 752
dsa128 313.360620 43348 68 108007 247021 658933 1065392 1357752rat 8847 5698 1777 753
dsa128 314.050620 43216 64 108132 247707 660851 1070069 1363272rat 8857 5703 1783 750
summary05:12:40OCT 09/18 57.418 1.842 29ds 2 8823 5685 1773 751 6420 3522 1 264.1 29 16 7 2 30 13 .3 1
dsa128 314.820620 42093 74 105750 243395 650668 1055065 1347652rat 8888 5715 1787 760
dsa128 315.510620 40698 63 102541 237117 634080 1030351 1316939rat 8912 5721 1795 761
dsa128 316.20620 38310 65 97052 224536 603329 982151 1255774rat 8935 5744 1800 760
dsa128 316.890620 37119 71 94246 218744 587282 957740 1226440rat 8948 5743 1805 765
dsa128 317.580620 35441 61 90488 210002 566321 925538 1184242rat 8968 5767 1812 760
summary05:16:12OCT 09/18 57.978 1.87 29ds 2 8930 5738 1800 761 6494 3544 1 263.6 31 21 10 2 31 17 .6 1.7
hg05:20:34 .9995 289.3988 289 97802 29
fv05:21:38192az 233.3367 0 21831.4ze 58.993-4 22001.4
hg05:34:17 .9994 289.5911 290 102741 30
dsa0 334.920620 8902 36 24335 61039 168641 281771 361529rat 9340 5848 1849 722
dsa0 335.60620 74093 101 204774 516586 1419185 2361325 3019825rat 9530 5988 1928 778
dsa0 336.290620 97747 111 271180 687870 1880075 3105750 3955399rat 9579 6005 1933 787
summary05:35:36OCT 09/18 61.161 2.051 30ds 0 9483 5947 1903 762 7043 3699 1.4 262.8 126 86 47 35 14 2 .3 .8
dsa64 337.790620 56907 80 159751 410165 1141628 1918817 2469014rat 9644 6039 1946 785
dsa64 338.480620 42772 70 120469 310400 866879 1465392 1893434rat 9645 6033 1947 786
dsa64 339.170620 46071 68 130027 336527 942452 1595789 2060250rat 9693 6062 1960 785
dsa64 339.860620 51555 79 147394 382348 1070196 1812361 2340553rat 9719 6077 1970 794
dsa64 340.540620 28244 65 81286 211763 597506 1018768 1323162rat 9714 6066 1960 789
summary05:39:10OCT 09/18 61.763 2.09 30ds 1 9683 6055 1957 788 7162 3738 1.1 263.3 36 19 10 4 29 10 .2 1
zsa0 341.410620 16510 48 44367 108243 277421 435332 525114rat 9956 6075 1968 821
zsa0 342.090620 16363 45 44227 108649 278490 438341 529204rat 10000 6089 1982 825
zsa0 342.780620 16738 56 45290 112293 289638 458167 556002rat 10092 6140 2004 848
zsa0 343.460620 17428 43 48129 121167 315217 503104 615688rat 10238 6219 2045 886
zsa0 344.140620 17548 45 48633 122776 321653 516596 632586rat 10309 6278 2073 889
zsa0 344.830620 17109 48 47626 121035 317058 509176 625330rat 10336 6277 2073 902
zsa0 345.510620 15495 54 43122 109248 283847 454339 553095rat 10268 6223 2056 862
summary05:43:27OCT 09/18 62.495 2.14 30zs 0 10171 6186 2029 862 7413 3706-4.2 279.9 154 85 44 32 64 17 .6 1.9
dsa128 346.420620 13479 58 40199 110520 322455 566957 748959rat 10138 6278 2060 835
dsa128 347.110620 12924 47 38786 106041 310663 547316 722130rat 10132 6299 2066 828
dsa128 347.80620 12000 52 36426 100857 295146 521424 688933rat 10186 6301 2075 831
dsa128 348.490620 11307 60 34537 95941 281551 497993 658883rat 10210 6313 2077 835
dsa128 349.170620 11028 56 33593 94057 276080 489454 647504rat 10249 6320 2085 832
summary05:47:47OCT 09/18 63.241 2.193 30ds 2 10183 6302 2073 832 7520 3851 .7 266.1 49 16 10 3 48 14 .7 1.3
dsa128 3500620 10788 53 33176 92691 274207 486724 646093rat 10271 6354 2088 845
dsa128 350.690620 10648 47 33159 93414 276542 492231 653436rat 10316 6366 2099 844
dsa128 351.380620 10748 46 33379 94653 280902 502304 667525rat 10370 6394 2118 847
dsa128 352.060620 10715 47 33146 94848 281579 503605 669794rat 10406 6392 2117 849
dsa128 352.750620 10189 48 31716 91051 271170 486276 647264rat 10438 6413 2126 851
summary05:51:22OCT 09/18 63.862 2.24 30ds 2 10360 6384 2110 847 7649 3889 .7 265.5 67 24 16 3 60 12 .4 .6
hg05:54:31 .9995 288.7886 289 104535 30
hg06:09:52 .9995 287.2325 287 102186 31
hg06:11:01 .9996 289.373 289 106365 31
dsa64 371.630620 18365 65 67713 228016 723399 1371198 1855766rat 11536 6886 2356 905
dsa64 372.320620 17189 59 63693 215809 688911 1309677 1776347rat 11586 6914 2363 909
dsa64 3730620 15852 68 59698 202297 648481 1238324 1681758rat 11609 6940 2376 910
dsa64 373.690620 14810 57 55567 190760 612697 1174485 1598149rat 11674 6953 2387 913
dsa64 374.370620 13726 63 51948 180312 581850 1118310 1527035rat 11740 6975 2393 924
summary06:13:00OCT 09/18 67.705 2.587 31ds 1 11629 6934 2375 912 8710 4195 1 264.9 79 35 16 7 58 16 .4 1
dsa64 375.150620 12857 55 49512 172974 562703 1085971 1484064rat 11807 7018 2406 923
dsa64 375.830620 12412 55 47614 166696 544205 1054662 1441968rat 11837 7044 2420 922
dsa64 376.520620 11448 51 44473 157496 514627 1001949 1371048rat 11896 7057 2435 920
dsa64 377.20620 8649 59 34014 120796 396463 774543 1064480rat 11911 7065 2435 927
dsa64 377.890620 9466 50 37313 133949 442355 866505 1189968rat 11995 7105 2449 925
summary06:16:31OCT 09/18 68.343 2.657 31ds 1 11889 7058 2429 923 8934 4273 .5 266.6 73 32 16 3 69 23 .3 1.1
dsa64 378.670620 10556 59 42223 153152 507429 996111 1371607rat 12066 7134 2462 940
dsa64 379.360620 10213 61 41222 150877 499057 986166 1358738rat 12117 7149 2488 940
dsa64 380.040620 9757 59 40114 147177 491353 973830 1344327rat 12169 7195 2497 945
dsa64 380.730620 9373 59 38266 142424 477053 948632 1312061rat 12248 7215 2507 950
dsa64 381.410620 8901 51 36897 138111 463806 924715 1279958rat 12281 7229 2514 949
summary06:20:02OCT 09/18 68.986 2.73 31ds 1 12176 7184 2494 945 9153 4332 .8 265.8 89 41 20 5 74 24 .4 .7
hg06:24:24 .9995 290.0646 290 99342 31
fv06:25:2664az 245.8849 0 52129.4ze 70.137-4 49797.8
hg06:34:14 .9993 289.7899 290 106382 30
dsa64 394.80620 3309 44 15951 72475 265501 574704 823294rat 13596 7791 2787 1022
dsa64 395.490620 3057 44 15240 69329 255271 554545 795826rat 13624 7818 2798 1025
dsa64 396.170620 2837 41 14209 65431 242070 530022 760420rat 13715 7862 2826 1018
dsa64 396.850620 2627 43 13281 61872 230521 505337 729104rat 13786 7887 2826 1038
dsa64 397.540620 2401 38 12476 58640 219063 484112 700724rat 13854 7923 2856 1047
summary06:36:10OCT 09/18 71.967 3.138 30ds 1 13715 7856 2819 1030 10418 4696 1.1 265.5 108 53 27 12 78 26 .3 1.4
dsa0 398.360620 5849 57 31000 147639 554018 1221709 1759454rat 13978 7994 2887 1059
dsa0 399.040620 5364 53 28656 138030 520823 1154689 1668666rat 14053 8025 2902 1066
dsa0 399.730620 4881 58 26203 127948 485585 1084298 1571733rat 14147 8066 2924 1072
dsa0 400.410620 4373 48 23834 117868 450766 1012865 1472128rat 14239 8110 2943 1076
dsa0 401.10620 3924 50 21547 108275 416764 942019 1372933rat 14340 8147 2960 1081
summary06:39:43OCT 09/18 72.63201 3.246 30ds 0 14151 8068 2923 1071 10725 4786 1.1 264.8 144 62 30 9 117 33 .1 .5
zsa0 401.960620 1825 33 7285 27329 85170 160312 205584rat 13453 7696 2750 1082
zsa0 402.650620 1798 32 7077 26855 83452 157771 202863rat 13509 7702 2769 1094
zsa0 403.330620 1735 34 6841 26333 82047 155842 199747rat 13605 7735 2789 1080
zsa0 404.010620 1690 31 6670 25683 80312 153171 197453rat 13638 7767 2807 1105
zsa0 404.690620 1622 24 6472 25185 79320 151395 194866rat 13714 7801 2810 1098
zsa0 405.380620 1585 30 6362 24726 78011 148935 192299rat 13721 7810 2811 1111
zsa0 406.060620 1527 31 6097 24047 76415 147305 189491rat 13860 7884 2853 1095
summary06:44:00OCT 09/18 73.437 3.389 30zs 0 13643 7771 2798 1095 10139 4510-8.7 261.5 138 67 33 11 123 44 1.1 3.4
dsa0 406.920620 1947 45 11858 66647 270073 640922 956098rat 15093 8466 3112 1128
dsa0 407.610620 1801 48 11111 62110 253308 607338 908822rat 15122 8525 3150 1135
dsa0 408.290620 1690 55 10334 59541 244303 589539 882725rat 15292 8567 3172 1132
dsa0 408.980620 1566 48 9959 57848 238558 579932 871308rat 15360 8608 3198 1142
dsa0 409.670620 1526 46 9621 56773 236621 579038 870637rat 15484 8671 3221 1140
summary06:48:17OCT 09/18 74.246 3.545 30ds 0 15270 8567 3171 1135 11637 5052 1.2 264.7 164 78 42 6 152 50 .4 1.2
dsa0 410.440620 1413 37 9302 55163 232267 571219 863453rat 15545 8722 3236 1157
dsa0 411.120620 1353 45 8848 53142 225865 558857 847169rat 15651 8777 3256 1163
dsa0 411.810620 1243 44 8341 51638 219823 548602 834044rat 15806 8807 3287 1170
dsa0 412.490620 1215 43 8039 50144 215470 540584 823300rat 15881 8858 3303 1171
dsa0 413.180620 1120 44 7652 48461 208867 527776 806958rat 15971 8888 3328 1182
summary06:51:48OCT 09/18 74.912 3.684 30ds 0 15771 8810 3282 1169 12031 5183 .7 265.2 172 66 37 9 143 33 .5 1.1
hg06:54:55 .9995 288.8306 289 101607 30
hg07:09:51 .9995 287.3519 287 96376 30
hg07:11:00 .9995 289.617 290 100529 30
dsa0 431.550620 91 38 629 6310 34840 111145 187950rat 19516 10501 4100 1393
dsa0 432.240620 77 46 541 5597 31310 101340 172071rat 19847 10606 4152 1400
dsa0 432.920620 72 33 465 5005 28259 92349 157267rat 19996 10658 4182 1401
dsa0 433.610620 68 29 431 4405 25221 83894 143181rat 19852 10771 4247 1400
dsa0 434.290620 57 33 380 3958 22808 76318 131440rat 20039 10806 4261 1428
summary07:12:55OCT 09/18 78.955 4.833 29ds 0 19850 10668 4188 1404 15356 6187 .1 263.4 205 124 67 14 177 75 1.4 1.5
dsa0 435.070620 59 26 326 3486 20128 68103 117816rat 20131 10831 4295 1434
dsa0 435.750620 57 37 275 3039 17886 61047 106463rat 20618 10945 4323 1457
dsa0 436.440620 46 30 258 2584 15795 54676 95648rat 20283 11142 4371 1459
dsa0 437.120620 46 29 209 2253 13812 48475 84986rat 20742 11193 4418 1456
dsa0 437.810620 39 27 170 1969 12073 42745 75396rat 21150 11207 4443 1469
summary07:16:26OCT 09/18 79.634 5.096 29ds 0 20585 11064 4370 1455 15929 6405-1.1 262.5 401 167 62 13 368 120 2.8 3.6
dsa0 438.580620 47 35 162 1714 10465 37499 66739rat 21043 11237 4483 1494
dsa0 439.270620 41 28 157 1489 9226 33395 59523rat 20425 11308 4512 1487
dsa0 439.950620 36 30 126 1295 8247 30188 54245rat 21220 11465 4548 1509
dsa0 440.640620 45 28 117 1116 7254 27140 49225rat 21037 11626 4629 1536
dsa0 441.320620 33 34 98 1029 6388 24230 44290rat 21923 11488 4679 1556
summary07:19:57OCT 09/18 80.314 5.387 29ds 0 21130 11425 4570 1516 16278 6562-2.3 256.9 536 154 82 29 463 99 4.2 5.3
hg07:24:20 .9995 289.1703 289 92611 29
fv07:25:200az 255.7368 0 1142.8ze 81.527-4 1002.2
hg07:34:15 .9991 290.2723 290 100885 29
dsa0 454.80620 43 26 34 104 437 1762 3311rat 18133 10254 4724 1320
dsa0 455.490620 43 27 45 87 405 1541 2811rat 13920 10740 4465 1169
dsa0 456.170620 30 23 36 100 346 1340 2481rat 14629 8990 4514 1206
dsa0 456.860620 30 27 37 93 296 1173 2121rat 15061 8992 4674 1085
dsa0 457.550620 34 39 44 74 281 1016 1866rat 17272 10988 4410 1156
summary07:36:10OCT 09/18 83.463 7.21 29ds 0 15803 9993 4557 1187 12004 5696-8.7 156.5 1807 952 136 86 1667 968 16.8 39.1
dsa0 458.320620 27 27 37 72 275 907 1627rat 13682 9365 3813 1000
dsa0 4590620 38 38 47 76 249 805 1406rat 13428 9432 3884 884
dsa0 459.690620 39 30 42 70 232 725 1262rat 11631 8707 3610 824
dsa0 460.370620 38 36 40 69 209 645 1106rat 15704 8893 3673 752
dsa0 461.050620 35 32 39 63 211 589 992rat 12756 8697 3099 632
summary07:39:41OCT 09/18 84.14499 7.735 28ds 0 13440 9019 3616 818 10822 5820-15.9 150.6 1494 356 309 138 1554 223 7.2 8.100001
zsa0 461.920620 154 36 366 1392 5642 17059 26300rat 17120 10984 4820 1881
zsa0 462.60620 158 34 372 1338 5328 16310 25283rat 16821 10959 4873 1905
zsa0 463.290620 163 22 363 1321 5063 15502 24066rat 16565 10758 4868 1910
zsa0 463.970620 166 31 363 1223 4852 14783 23087rat 16472 10922 4853 1937
zsa0 464.650620 150 22 357 1138 4628 14117 22080rat 16235 11010 4853 1943
zsa0 465.340620 153 30 342 1115 4396 13428 21058rat 16323 10912 4865 1955
zsa0 466.020620 157 28 342 1068 4125 12775 20031rat 16079 10880 4925 1955
summary07:43:58OCT 09/18 84.975 8.448 28zs 0 16516 10918 4865 1927 10351 5210-2070.8 4965.4 358 83 32 28 445 110 717 1677.7
dsa0 466.890620 25 29 34 45 127 306 494rat 9839 7708 2289 145
dsa0 467.580620 30 30 31 46 113 313 476rat 13124 7683 3047-182
dsa0 468.260620 33 26 37 53 108 306 456rat 6071 5242 2995-350
dsa0 468.950620 28 31 31 42 104 285 428rat 12244 8588 3015-332
dsa0 469.640620 28 27 50 48 108 276 409rat 1928 5559 2414-473
summary07:48:15OCT 09/18 85.806 9.231 28ds 0 8641 6956 2752-238 9404 5985-21.2 131.7 4642 1470 369 238 4307 1274 11.3 40.9
dsa0 470.410620 31 26 39 47 102 259 382rat 3861 5113 2327-562
dsa0 471.090620 30 25 37 43 99 239 372rat 3600 5266 2003-370
dsa0 471.770620 34 32 32 42 90 226 321rat 10110 7239 2562-807
dsa0 472.460620 31 29 30 46 80 196 338rat 9197 4122 2393 61
dsa0 473.140620 32 28 30 48 87 216 310rat 9438 3763 2195-926
summary07:51:46OCT 09/18 86.48001 9.904 28ds 0 7241 5101 2296-521 8907 4837-7.4 88.6 3224 1355 211 390 3677 1631 21.4 49
hg07:54:52 .9993 289.7674 290 93753 28
hg08:09:50 .9993 287.3863 287 88262 27
hg08:10:59 .9992 289.4281 289 92686 27
dsa0 491.520620 30 29 29 27 29 21 28rat-15625-9616-4570-4328
dsa0 492.210620 22 26 25 29 25 25 27rat-15362-10620-4493-4255
dsa0 492.890620 23 35 31 27 28 28 24rat-15064-9272-4407-4173
dsa0 493.570620 38 34 32 36 32 32 20rat-14737-9070-4311-4082
dsa0 494.260620 29 29 31 27 30 31 28rat-14390-8857-4210-3986
summary08:12:53OCT 09/18 90.904 11.846 27ds 0-15036-9487-4398-4165-1708-208 14.1-51.8 490 692 143 136 56 521 5.4 12.7
fza0 495.161620 32 41 50 89 149 205
dsa0 495.930620 28 23 20 28 26 31 29rat-8064-6261 314-4986
dsa0 496.610620 23 26 35 34 37 27 40rat-19048-13495-10644 4223
dsa0 497.290620 24 29 27 37 27 29 30rat-12736-13264-3726-3528
dsa0 497.980620 35 29 30 30 32 29 48rat-12363-7609-4782 5757
dsa0 498.660620 24 24 28 28 30 34 32rat-8020-3406-1292-4293
summary08:17:17OCT 09/18 91.789 11.29 27ds 0-12046-8807-4026-565-10237-5833 49-201.2 4519 4442 4206 5126 19882 9284 43.4 243
hg08:20:46 .999 290.1456 290 90454 27
fv08:21:460az 264.1597-40 1.6ze 92.864 32 2.8
hg08:34:16 .9993 289.1912 289 87853 26
fza0 514.931620 31 28 29 31 37 36
dsa0 515.690620 39 28 31 25 29 29 25rat-7367-3817-1816-1718
dsa0 516.380620 27 24 25 21 26 46 31rat 3746 6081 8040-6656
dsa0 517.060620 21 32 27 24 25 32 32rat-5947-3661-1741-1648
dsa0 517.750620 24 35 35 33 34 30 33rat-5827-3587-1706-1615
dsa0 518.430620 27 30 26 27 34 37 25rat-866 1330 758-6427
summary08:37:03OCT 09/18 95.77201 7.69 26ds 0-3252-731 707-3613 8309 5057-15.9 123.4 4623 4385 4241 2675 12987 6930 50.9 266.7
zsa0 519.310620 34 30 29 26 28 37 46rat 4839 4840 4840 3587
zsa0 519.990620 31 30 33 28 33 39 36rat 4765 5931 4766-1764
zsa0 520.670620 29 31 36 29 29 40 43rat 2546 5931 5932 1247
zsa0 521.350620 17 28 31 38 28 27 37rat-1172-6399-5 5934
zsa0 522.040620 31 22 24 27 29 26 41rat 2408-974-2435 6764
zsa0 522.720620 25 27 18 26 25 31 33rat 2408 2410 2410 1758
zsa0 523.40010620 27 23 26 25 28 37 37rat 6684 7850 4467-3
summary08:41:21OCT 09/18 96.639 7.05 26zs 0 3211 2798 2854 2503-4800-2884-355.6 765.7 2519 4971 3056 3102 11726 8486 102.4 264
fza0 524.411620 28 28 25 25 24 37
dsa0 525.170620 26 29 26 21 26 23 30rat-4766-2934-1396-1321
dsa0 525.860620 24 23 27 29 36 33 29rat-707-666-2512-3517
dsa0 526.540620 38 31 33 25 29 27 20rat-4608-2837-1350-1277
dsa0 527.230620 23 31 47 28 30 32 33rat-12969-2791-1328-1257
dsa0 527.910620 33 33 35 28 24 23 20rat-4462-2747-1307-1237
summary08:46:32OCT 09/18 97.68801 6.371 26ds 0-5502-2395-1579-1722 7 1321 6.1-26.4 4505 969 523 1004 6931 2934 31.5 134.8
hg08:49:55 .9991 289.6375 290 79674 26
hg09:09:50 .9991 287.2879 287 80545 25
hg09:10:58 .9992 289.1212 289 85413 25
fza0 551.621620 34 27 31 30 31 35
fza0 552.461620 35 19 30 27 27 29
fza0 553.291620 41 43 27 36 39 35
fza0 554.131620 28 24 26 35 30 29
fv09:15:220az 272.008-70 2.8ze 103.694-36 2.4
hg09:34:16 .9992 289.3443 289 79392 25
hg10:09:51 .9995 288.9183 289 76582 24
hg10:34:17 .9989 291.1239 291 77314 23
hg10:35:25 .9993 288.489 288 81364 23
hp10:36:04 .9972392 323886.4 78.6 23
hg10:42:30 .9995 288.9694 289 94862 23
sla 0 647.90620 793891 175 919873 1092995 1362555 1549570 1688616rat 2331 1563 576 387
sla 0 648.580620 793560 175 919067 1093065 1361650 1549148 1688262rat 2333 1562 577 387
sla 0 649.270620 794050 193 919415 1093544 1362498 1548040 1688595rat 2328 1557 571 391
sla 0 649.950620 793892 185 918855 1092725 1362322 1549431 1688936rat 2335 1564 576 388
sla 0 650.640620 793963 186 919470 1092541 1362327 1549252 1688981rat 2332 1564 575 389
sla 0 651.320620 793258 182 919277 1093142 1363244 1548999 1689540rat 2332 1561 572 391
sla 0 6520620 793678 186 919558 1093724 1362293 1550506 1690211rat 2335 1563 579 388
summary10:49:57OCT 09/18 122.337 1.853 23sl 0 2332 1562 575 389 1088 614 919359.4 1689020 3 3 3 2 7 4 316 632
ap10:52:22 23.37 23.65 24.32 1128.52 12.49 5.04-11.47 24.48 0 22.33 22.52 22.52 4.99-4.47 0 0 0 0 .01 .02 15.34 3.3 .01 0 23.37 23.65 24.41 1128.52 12.49 5.03-11.47 24.48 1.21 22.61 22.52 22.42 4.99-4.47 1.4 10.8 .35 12.69 1.28 .39 15.34 3.3 .03 .06
hg11:14:09 .9995 288.6877 289 85803 23
hg12:14:57 .9995 288.6051 289 73313 22
hg13:16:56 .9995 288.8984 289 72330 22ed