version=2dh081218Tateno Japan 36.058 -140.126  2.776991pr1000
inst 10.4312  10.3785  10.3761  10.1856  10.0785  0  .3388  2.35  1.1405  1873  821  2.8E-08 289141682 0  4375  10260  14100  21600  25900 2972mkiii1 0  0  0  0  0  0  0 -187  39  242 -3  770  740  8028  178  2518  1.001 -4  2469  260  .2  64  256  0 0 0 
disp 2854.999  7.770993E-02 -8.035412E-07  2894.856  7.689035E-02 -8.11909E-07  2931.649  7.611908E-02 -8.2195E-07  2966.792  7.542036E-02 -8.432311E-07  3001.557  7.420684E-02 -7.848089E-07  2822.135  .078294 -7.900772E-07  4282.498  .1165649 -1.205312E-06  4342.284  .1153355 -1.217863E-06  4397.474  .1141786 -1.232925E-06  4450.188  .1131305 -1.264847E-06  4502.335  .1113103 -1.177213E-06  4233.203  .117441 -1.185116E-06 
zeni-.0064 -.01968  .01654  .152258  .281884 -.060358 -.509659  .460001 -.042397 
ap14:31:35 17.48 18.53 12.17 1128.52 12.49 5.09-11.15 24.48 0 12.83 17.29 11.5 5.01-4.35 0 .01 0 0 .03 .04 17.24 2.74 .03 .03 17.48 18.62 12.17 1128.52 12.49 5.07-11.27 24.17 1.2 13.12 17.29 11.5 5.01-4.35 1.41 10.69 .36 13.17 1.51 .7 17.24 2.74 .07 .08
hp14:32:47 .9974241 332879 80.2 18
hg14:39:06 .9995 288.6767 289 72374 18
sla 0 884.520620 814519 175 944043 1122502 1396313 1585557 1729150rat 2320 1549 570 391
sla 0 885.220620 814070 173 943232 1121129 1395059 1585808 1727574rat 2325 1555 575 386
sla 0 885.910620 813333 195 942783 1121321 1394878 1584048 1727337rat 2322 1550 571 391
sla 0 886.60620 812373 183 942343 1119307 1393447 1582534 1727127rat 2320 1553 571 395
sla 0 887.30620 812038 177 940942 1118465 1393817 1582785 1725872rat 2327 1557 570 391
sla 0 887.980620 810433 180 940875 1119075 1392872 1581636 1725697rat 2324 1552 570 393
sla 0 888.670620 809893 171 939459 1116918 1391135 1580819 1724809rat 2328 1558 573 393
summary14:46:36DEC 08/18 166.291 1.029 18sl 0 2324 1553 571 391 1071 602 941954 1726795 3 3 2 3 10 5 1580.1 1413.3
co15:10:55re: Zenith discrepancy =  0
co15:10:58re: Azimuth discrepancy = -7
co15:11:04re: Micrometer #1 discrepancy =  0
co15:11:11re: Micrometer #2 discrepancy =  0
co15:11:41fr: Micrometer #1 discrepancy=-187 Now set to o3 offset =-187
co15:12:07fr: Micrometer #2 discrepancy= 31 Now set to offset = 39
hp15:12:49 .9977358 331418.5 74.8 18
hg15:19:09 .9988 286.9395 287 86429 18
hg15:20:20 .9992 288.632 289 88453 18
hp20:38:22 .9974566 331617.2 80.2 17
hg20:44:41 .9991 288.0743 288 72795 17
ap20:44:43 17.39 18.62 13.4 1128.52 12.49 5.07-11.32 24.48 0 12.93 17.58 12.93 5-4.45 0 .01 0 0 .03 .04 17.41 2.8 .03 .01 17.39 18.72 13.4 1126.56 12.49 5.05-11.32 24.17 1.26 13.21 17.48 12.74 5-4.45 1.41 10.72 .36 13.01 1.46 .53 17.41 2.8 .03 .04
sla 0 1250.640620 815111 192 944593 1121715 1398063 1586975 1729549rat 2322 1556 569 388
sla 0 1251.340620 814954 192 944342 1122129 1397043 1587035 1729142rat 2323 1555 572 387
sla 0 1252.030620 814867 180 943789 1120860 1396867 1585388 1728431rat 2321 1555 568 390
sla 0 1252.710620 814462 185 943421 1121214 1394431 1585289 1725832rat 2323 1554 576 383
sla 0 1253.40620 812117 187 941967 1120008 1394208 1584619 1726872rat 2327 1557 574 388
sla 0 1254.090620 812400 181 942244 1119539 1394411 1583045 1726685rat 2322 1554 569 392
sla 0 1254.780620 813352 179 941037 1118390 1393349 1583482 1725331rat 2329 1560 574 387
summary20:52:42DEC 08/18 99.157 5.59 18sl 0 2324 1556 572 388 1083 611 943056.2 1727406 3 2 3 3 10 4 1264.1 1548.1
um081218Tateno Japan 36.058-140.126 2.736205pr10000 1260.111640 58 48 53 61 63 61rat 369 370 370-375
um081218Tateno Japan 36.058-140.126 2.736205pr10000 1261.431640 53 100 68 81 112 130rat 983 5944 3234 1154
um081218Tateno Japan 36.058-140.126 2.736205pr10000 1262.781640 55 61 61 59 65 76rat 2214 2215 3380 3220
um081218Tateno Japan 36.058-140.126 2.736205pr10000 1264.11640 69 74 86 105 187 243rat 13725 8411 5152 1685
um081218Tateno Japan 36.058-140.126 2.736205pr10000 1265.451640 50 57 69 66 74 82rat 5347 1011 1757 1247
um081218Tateno Japan 36.058-140.126 2.736205pr10000 1266.781640 47 74 108 140 260 376rat 8966 5427 3596 1886
um081218Tateno Japan 36.058-140.126 2.736205pr10000 1268.131640 62 63 67 80 99 109rat 9061 8689 3126 1037
um081218Tateno Japan 36.058-140.126 2.736205pr10000 1269.451640 73 98 137 206 431 606rat 11555 7474 4297 1727
um081218Tateno Japan 36.058-140.126 2.736205pr10000 1270.81640 51 59 67 92 133 177rat 10103 7093 3007 1864
um081218Tateno Japan 36.058-140.126 2.736205pr10000 1272.121640 52 139 217 347 746 1041rat 9014 6235 3712 1536
um081218Tateno Japan 36.058-140.126 2.736205pr10000 1273.471640 53 59 82 122 216 261rat 14336 7494 3730 1057
um081218Tateno Japan 36.058-140.126 2.736205pr10000 1274.81640 50 233 377 611 1370 1854rat 8577 6057 3713 1355
um081218Tateno Japan 36.058-140.126 2.736205pr10000 1276.151640 61 78 101 210 376 510rat 12674 8959 3248 1537
um081218Tateno Japan 36.058-140.126 2.736205pr10000 1277.471640 47 396 664 1114 2439 3422rat 8355 5881 3503 1493
um081218Tateno Japan 36.058-140.126 2.736205pr10000 1278.821640 65 91 143 309 588 787rat 13031 8261 3308 1398
um081218Tateno Japan 36.058-140.126 2.736205pr10000 1280.141640 48 486 896 1555 3407 4752rat 8843 5975 3478 1461
um081218Tateno Japan 36.058-140.126 2.736205pr10000 1281.491640 54 111 190 446 873 1174rat 11570 7794 3197 1357
um081218Tateno Japan 36.058-140.126 2.736205pr10000 1282.811640 55 700 1237 2099 4874 6822rat 8730 6100 3721 1473
um081218Tateno Japan 36.058-140.126 2.736205pr10000 1284.161640 67 128 225 565 1124 1494rat 12383 8251 3265 1302
um081218Tateno Japan 36.058-140.126 2.736205pr10000 1285.491640 66 1118 1921 3305 7606 10790rat 8549 6087 3666 1528
hg21:33:50 .9991 289.9875 290 72556 18
um081218Tateno Japan 36.058-140.126 2.736205pr10000 1295.031640 65 320 658 1882 4059 5614rat 11944 8280 3417 1426
um081218Tateno Japan 36.058-140.126 2.741303pr10000 1296.351640 51 3733 6959 13281 31558 44753rat 9320 6588 3766 1518
um081218Tateno Japan 36.058-140.126 2.741303pr10000 1297.71640 58 524 1139 3164 6594 9260rat 11465 7812 3228 1484
um081218Tateno Japan 36.058-140.126 2.741303pr10000 1299.021640 61 6179 11454 22212 52646 74363rat 9341 6641 3753 1501
um081218Tateno Japan 36.058-140.126 2.741303pr10000 1300.371640 56 586 1340 3938 8525 12202rat 12032 8190 3385 1564
um081218Tateno Japan 36.058-140.126 2.741303pr10000 1301.691640 61 7249 13836 27680 65625 91663rat 9599 6775 3753 1452
um081218Tateno Japan 36.058-140.126 2.741303pr10000 1303.041640 69 634 1538 4408 9926 14566rat 12413 8264 3560 1674
um081218Tateno Japan 36.058-140.126 2.741303pr10000 1304.361640 84 9073 17741 36397 85268 118587rat 9766 6835 3702 1434
um081218Tateno Japan 36.058-140.126 2.741303pr10000 1305.711640 46 898 2112 6116 13875 20262rat 12100 8254 3573 1647
um081218Tateno Japan 36.058-140.126 2.741303pr10000 1307.041640 74 12428 24113 49538 114832 157674rat 9681 6790 3655 1378
um081218Tateno Japan 36.058-140.126 2.741303pr10000 1308.391640 64 1110 2678 7859 18065 26893rat 12354 8377 3632 1732
um081218Tateno Japan 36.058-140.126 2.741303pr10000 1309.711640 169 15504 30760 63060 143685 195535rat 9715 6716 3584 1340
um081218Tateno Japan 36.058-140.126 2.741303pr10000 1311.061640 58 1262 3055 9245 21766 32687rat 12557 8597 3732 1768
um081218Tateno Japan 36.058-140.126 2.746401pr10000 1312.381640 89 19205 38489 78081 175579 236374rat 9632 6603 3524 1293
um081218Tateno Japan 36.058-140.126 2.746401pr10000 1313.731640 55 1258 3078 9822 24447 37320rat 13067 9066 3972 1839
um081218Tateno Japan 36.058-140.126 2.746401pr10000 1315.051640 77 21244 43146 88499 196370 262962rat 9677 6592 3466 1270
um081218Tateno Japan 36.058-140.126 2.746401pr10000 1316.41640 46 1591 3928 12369 31428 47792rat 13075 9074 4057 1822
um081218Tateno Japan 36.058-140.126 2.746401pr10000 1317.721640 77 21635 44922 91887 200901 266493rat 9697 6516 3402 1229
um081218Tateno Japan 36.058-140.126 2.746401pr10000 1319.071640 47 1594 4068 13145 35123 53927rat 13553 9405 4276 1863
um081218Tateno Japan 36.058-140.126 2.746401pr10000 1320.41640 83 30070 61561 121755 261179 342354rat 9407 6288 3320 1178
um081218Tateno Japan 36.058-140.126 2.746401pr10000 1321.751640 76 1786 4634 15454 42651 65454rat 13959 9702 4421 1862
um081218Tateno Japan 36.058-140.126 2.746401pr10000 1323.071640 85 37384 76682 148161 312654 405802rat 9243 6116 3250 1136
um081218Tateno Japan 36.058-140.126 2.746401pr10000 1324.421640 72 2517 6435 21335 57219 86240rat 13686 9533 4292 1783
um081218Tateno Japan 36.058-140.126 2.746401pr10000 1325.751640 86 45465 92378 174000 361282 464430rat 9021 5937 3181 1095
um081218Tateno Japan 36.058-140.126 2.746401pr10000 1327.091640 54 2368 6517 22558 62696 95349rat 14324 9864 4445 1822
um081218Tateno Japan 36.058-140.126 2.746401pr10000 1328.421640 90 51763 103899 191313 392897 501724rat 8823 5791 3134 1066
um081218Tateno Japan 36.058-140.126 2.746401pr10000 1329.771640 64 2198 6275 22857 65045 99313rat 14835 10196 4549 1839
um081218Tateno Japan 36.058-140.126 2.746401pr10000 1331.11640 89 58551 117517 210781 426498 541550rat 8645 5614 3070 1042
um081218Tateno Japan 36.058-140.126 2.746401pr10000 1332.441640 56 2589 7585 28503 80981 121230rat 15044 10314 4540 1753
um081218Tateno Japan 36.058-140.126 2.746401pr10000 1333.771640 95 61720 123884 218816 438281 552621rat 8535 5503 3026 1011
um081218Tateno Japan 36.058-140.126 2.746401pr10000 1335.121640 63 2473 7773 29468 84295 125627rat 15435 10385 4570 1734
um081218Tateno Japan 36.058-140.126 2.746401pr10000 1336.441640 97 68541 135482 234955 464651 582352rat 8334 5369 2971 985
um081218Tateno Japan 36.058-140.126 2.746401pr10000 1337.791640 65 2802 8913 34292 95796 141823rat 15438 10343 4467 1705
um081218Tateno Japan 36.058-140.126 2.746401pr10000 1339.121640 112 76343 150648 256090 504261 629699rat 8223 5265 2953 970
um081218Tateno Japan 36.058-140.126 2.746401pr10000 1340.461640 63 2390 8721 34883 100303 148733rat 16343 10638 4592 1712
um081218Tateno Japan 36.058-140.126 2.746401pr10000 1341.791640 101 75520 148128 246626 478776 593184rat 8043 5111 2891 935
um081218Tateno Japan 36.058-140.126 2.746401pr10000 1343.131640 77 3398 11763 45945 125136 181867rat 15761 10297 4357 1626
um081218Tateno Japan 36.058-140.126 2.746401pr10000 1344.461640 109 104765 198998 316766 602814 739557rat 7626 4833 2807 893
um081218Tateno Japan 36.058-140.126 2.746401pr10000 1345.81640 58 3239 12064 48716 133669 193685rat 16235 10467 4388 1613
um081218Tateno Japan 36.058-140.126 2.7515pr10000 1347.131640 111 108617 210365 339171 650925 805566rat 7805 4927 2845 932
hg22:35:29 .9992 288.9997 289 69805 18
um081218Tateno Japan 36.058-140.126 2.7515pr10000 1356.671640 76 4252 18924 76179 196534 277668rat 16731 10186 4122 1504
um081218Tateno Japan 36.058-140.126 2.756598pr10000 13581640 127 161158 295727 437971 802165 969821rat 7003 4359 2645 832
um081218Tateno Japan 36.058-140.126 2.756598pr10000 1359.351640 73 5657 23565 89711 220275 304782rat 15966 9726 3907 1413
um081218Tateno Japan 36.058-140.126 2.756598pr10000 1360.671640 134 185829 335163 482650 875648 1050891rat 6767 4197 2605 800
um081218Tateno Japan 36.058-140.126 2.756598pr10000 1362.021640 82 7052 28177 104773 248935 340187rat 15536 9481 3765 1360
um081218Tateno Japan 36.058-140.126 2.756598pr10000 1363.341640 130 190470 346181 499625 909969 1094399rat 6829 4225 2623 810
um081218Tateno Japan 36.058-140.126 2.756598pr10000 1364.691640 80 5206 25262 98959 243226 336966rat 16769 9856 3912 1419
um081218Tateno Japan 36.058-140.126 2.756598pr10000 1366.021640 132 219084 396262 567518 1029670 1243229rat 6762 4179 2609 828
um081218Tateno Japan 36.058-140.126 2.756598pr10000 1367.371640 82 7978 33631 124280 289563 393411rat 15653 9370 3680 1335
um081218Tateno Japan 36.058-140.126 2.756598pr10000 1368.691640 138 230972 405140 557497 989001 1172939rat 6355 3905 2510 749
um081218Tateno Japan 36.058-140.126 2.756598pr10000 1370.041640 98 9887 39269 140661 315417 422851rat 15092 9069 3515 1277
um081218Tateno Japan 36.058-140.126 2.756598pr10000 1371.361640 157 255553 451936 623632 1111860 1328226rat 6429 3943 2535 782
um081218Tateno Japan 36.058-140.126 2.756598pr10000 1372.711640 70 7478 34057 125357 285618 385803rat 15870 9254 3583 1310
um081218Tateno Japan 36.058-140.126 2.756598pr10000 1374.041640 160 269827 470970 639017 1130038 1341074rat 6264 3834 2499 753
um081218Tateno Japan 36.058-140.126 2.756598pr10000 1375.391640 81 11865 48497 171198 376411 500967rat 15058 8920 3430 1246
um081218Tateno Japan 36.058-140.126 2.756598pr10000 1376.711640 156 306556 537326 726175 1286669 1532698rat 6280 3830 2512 772
um081218Tateno Japan 36.058-140.126 2.756598pr10000 1378.061640 98 12147 51829 183763 404658 540965rat 15277 8948 3438 1266
um081218Tateno Japan 36.058-140.126 2.756598pr10000 1379.391640 165 302614 523024 695954 1221254 1443672rat 6106 3718 2468 737
um081218Tateno Japan 36.058-140.126 2.756598pr10000 1380.741640 98 13228 53520 184084 392972 517358rat 14776 8680 3302 1199
um081218Tateno Japan 36.058-140.126 2.756598pr10000 1382.061640 153 319938 549839 726481 1267284 1494951rat 6026 3662 2443 728
dsa0 1383.630620 45 32 172 967 4196 10918 16792rat 16164 8972 3370 1114
dsa0 1384.320620 55 25 198 1177 5036 13273 20251rat 16118 8931 3425 1083
dsa0 1385.010620 46 25 99 377 1267 2966 4154rat 13288 7555 2951 724
dsa0 1385.690620 42 31 84 323 1068 2289 3109rat 13609 7230 2593 601
dsa0 1386.380620 35 27 83 327 1107 2416 3272rat 13635 7370 2667 591
summary23:05:00DEC 08/18 76.374 4.033 18ds 0 14563 8012 3001 823 11930 5112 1.9 237 1447 866 386 258 704 258 2.6 17
dsa0 1387.160620 62 24 133 631 2561 6247 9066rat 14922 8481 3122 890
dsa0 1387.850620 53 18 141 730 2835 7062 10320rat 14954 8337 3211 923
dsa0 1388.540620 55 38 110 460 1617 3721 5199rat 14481 7804 2914 743
dsa0 1389.220620 66 29 164 805 3145 7782 11355rat 15002 8402 3200 928
dsa0 1389.910620 61 21 200 1052 4460 11048 16645rat 15325 8709 3198 1070
summary23:08:32DEC 08/18 75.849 3.9 18ds 0 14937 8347 3129 911 12022 5234-1.1 254.3 301 334 125 117 79 123 4.2 9.100001
hg23:11:41 .9993 288.6846 289 69270 18
um081218Tateno Japan 36.058-140.126 2.761696pr10000 1392.871640 92 20361 77563 253911 511113 661654rat 14038 8213 3049 1127
um081218Tateno Japan 36.058-140.126 2.766795pr10000 1394.21640 166 410025 687211 873805 1498558 1753759rat 5685 3427 2374 695
um081218Tateno Japan 36.058-140.126 2.766795pr10000 1395.551640 110 21884 81747 264696 525045 675426rat 13844 8102 2986 1100
um081218Tateno Japan 36.058-140.126 2.766795pr10000 1396.881640 197 422186 707553 892590 1529664 1788323rat 5648 3390 2371 691
um081218Tateno Japan 36.058-140.126 2.766795pr10000 1398.231640 128 23198 89298 290828 576619 746430rat 14003 8128 2985 1128
um081218Tateno Japan 36.058-140.126 2.766795pr10000 1399.551640 192 452169 763667 971389 1675382 1972335rat 5752 3459 2403 723
um081218Tateno Japan 36.058-140.126 2.766795pr10000 1400.91640 104 24869 93102 296382 580741 745157rat 13726 7977 2934 1090
um081218Tateno Japan 36.058-140.126 2.766795pr10000 1402.221640 187 488716 814863 1019280 1738461 2033859rat 5576 3338 2355 696
hg23:30:35 .9993 288.2597 288 65236 18
dsa0 1411.150620 325 37 1564 7686 28887 64719 92177rat 14136 7960 2882 946
dsa0 1411.840620 116 24 430 1734 6221 13321 18544rat 13024 7598 2692 849
dsa0 1412.520620 87 38 281 1121 3670 7558 10164rat 12788 7112 2540 705
dsa0 1413.210620 94 40 290 1122 3801 7676 10410rat 12742 7189 2458 745
dsa0 1413.890620 116 30 438 1885 6460 13774 19047rat 13178 7407 2685 829
summary23:32:31DEC 08/18 72.427 3.212 18ds 0 13174 7453 2651 815 10566 4742 1 263.6 567 341 163 94 319 114 3.6 8.7
zsa0 1414.770620 2819 47 10805 40274 125300 236548 301690rat 13441 7711 2769 1062
zsa0 1415.460620 2773 49 10593 39250 121418 228159 290432rat 13370 7665 2748 1053
zsa0 1416.140620 2813 34 10946 39770 122725 230682 293416rat 13269 7655 2749 1050
zsa0 1416.830620 3016 44 11585 42275 130918 244915 312278rat 13287 7651 2730 1061
zsa0 1417.510620 3161 39 12295 44495 137809 258692 328676rat 13266 7667 2745 1046
zsa0 1418.20620 3242 51 12536 45511 140724 262890 334763rat 13255 7640 2724 1056
zsa0 1418.880620 3493 50 13361 47896 147895 276378 352054rat 13196 7637 2727 1057
summary23:36:49DEC 08/18 71.84101 3.118 18zs 0 13298 7661 2742 1055 9922 4497-13 286.4 82 25 16 6 77 17 .7 2.3
um081218Tateno Japan 36.058-140.126 2.776991pr10000 1420.251640 113 43539 147409 445325 819522 1036286rat 12795 7486 2666 1029
um081218Tateno Japan 36.058-140.126 2.776991pr10000 1421.581640 210 651433 1062185 1277043 2144024 2487758rat 5252 3107 2295 663
um081218Tateno Japan 36.058-140.126 2.776991pr10000 1422.931640 107 47474 157455 468573 853287 1071183rat 12594 7376 2621 998
um081218Tateno Japan 36.058-140.126 2.776991pr10000 1424.251640 253 710927 1159236 1391402 2331703 2708746rat 5244 3097 2291 670
um081218Tateno Japan 36.058-140.126 2.776991pr10000 1425.61640 114 51288 169371 502934 911830 1144655rat 12550 7350 2603 998
um081218Tateno Japan 36.058-140.126 2.776991pr10000 1426.931640 250 729654 1188892 1426346 2394210 2782396rat 5249 3104 2300 673
um081218Tateno Japan 36.058-140.126 2.776991pr10000 1428.281640 131 51594 170046 506019 915478 1152944rat 12543 7350 2594 1013
um081218Tateno Japan 36.058-140.126 2.776991pr10000 1429.61640 253 737715 1199071 1429310 2392417 2777330rat 5197 3063 2288 668
um081218Tateno Japan 36.058-140.126 2.776991pr10000 1430.961640 123 56232 181798 537460 965314 1212731rat 12400 7292 2563 1003
um081218Tateno Japan 36.058-140.126 2.776991pr10000 1432.281640 247 790777 1283806 1525634 2553329 2964207rat 5184 3054 2291 670
um081218Tateno Japan 36.058-140.126 2.776991pr10000 1433.641640 132 59842 189411 554755 989657 1241238rat 12239 7223 2534 996
um081218Tateno Japan 36.058-140.126 2.78209pr10000 1434.961640 238 780918 1262583 1495539 2496427 2895594rat 5138 3026 2278 665
hp00:00:48 .996725 333788.8 81.4 19
hg00:07:07 .9996 288.3671 288 62082 19
dsa0 7.930620 9823 72 38170 134902 436531 841963 1138454rat 11826 6981 2397 870
dsa0 8.620620 11564 72 44845 156743 506717 975695 1317076rat 11785 6986 2398 870
dsa0 9.3100010620 11332 70 43584 151756 488764 938583 1264945rat 11742 6958 2386 863
dsa0 9.990620 18026 96 69355 241251 772964 1474240 1980354rat 11748 6960 2387 872
dsa0 10.680620 15314 78 58686 203355 650539 1241223 1669844rat 11706 6936 2378 871
summary00:09:18DEC 09/18 67.745 2.591 19ds 0 11761 6964 2389 869 8979 4291 .2 275.4 45 20 8 4 45 17 .4 .8
zsa0 11.550620 8911 57 29708 88792 252277 435529 542267rat 11708 6942 2388 962
zsa0 12.230620 9002 57 29552 88445 251297 433435 540151rat 11710 6938 2384 966
zsa0 12.920620 9215 60 30103 90309 255710 441734 550031rat 11713 6931 2391 962
zsa0 13.60620 9605 48 31399 93570 266044 457449 570108rat 11682 6929 2371 966
zsa0 14.290620 9682 58 31433 93373 264713 454927 566128rat 11654 6915 2369 960
zsa0 14.980620 9962 61 32401 95941 270943 466091 579868rat 11629 6903 2374 959
zsa0 15.660620 9888 56 32251 95104 268467 460561 572864rat 11596 6889 2361 958
summary00:13:36DEC 09/18 67.249 2.54 19zs 0 11670 6921 2377 962 8592 4097-9.8 291.2 45 19 11 3 39 11 .3 .6
hg00:23:20 .9985 291.2756 291 65591 19
hg00:24:30 .9993 289.0502 289 69152 19
dsa0 25.080620 22008 80 76511 243638 744890 1368159 1811401rat 11094 6648 2247 832
dsa0 25.770620 17852 75 61496 193907 593861 1090290 1444546rat 11032 6631 2232 826
dsa0 26.460620 7004 55 24165 75442 230733 425872 563922rat 10946 6591 2223 800
dsa0 27.140620 16505 72 56416 176722 539308 988365 1308259rat 10978 6603 2221 820
dsa0 27.830620 18384 79 63474 197706 600354 1099906 1455761rat 10946 6593 2227 825
summary00:26:27DEC 09/18 65.835 2.405 19ds 0 10999 6613 2230 821 8373 4103 .7 273.7 63 25 10 12 46 17 .5 1.5
dsa64 28.660620 10467 67 36343 112069 342230 628089 832329rat 10893 6586 2212 814
dsa64 29.350620 10172 55 34462 107431 327498 600060 795462rat 10926 6571 2205 816
dsa64 30.040620 4211 44 14443 44290 134904 247242 327427rat 10826 6541 2189 800
dsa64 30.720620 4494 41 15156 46759 141129 258262 341731rat 10810 6498 2185 798
dsa64 31.410620 10636 57 35604 109015 329759 602884 796338rat 10817 6536 2199 803
summary00:30:02DEC 09/18 65.461 2.372 19ds 1 10854 6546 2198 806 8274 4077 .5 274.3 52 34 11 8 28 18 .8 1.6
hg00:39:11 .9992 288.475 288 67048 19
dsa0 39.810620 12778 65 40929 120406 356940 640928 842133rat 10528 6402 2135 794
dsa0 40.50620 10647 71 34113 100160 297343 533349 699315rat 10516 6397 2127 782
dsa0 41.190620 10591 66 34191 99814 296407 530256 696326rat 10483 6388 2116 790
dsa0 41.880620 10575 72 33817 99259 294762 527407 691656rat 10511 6391 2117 785
dsa0 42.560620 8016 63 25528 74254 219640 393349 516804rat 10450 6368 2116 789
summary00:41:11DEC 09/18 64.352 2.279 19ds 0 10498 6389 2122 788 7976 3988 .6 273.9 32 13 9 5 36 14 .3 1.7
zsa0 43.440620 12588 65 37493 102207 277011 458999 564966rat 10926 6560 2210 912
zsa0 44.130620 12656 63 37486 101729 275821 457254 562635rat 10910 6564 2212 910
zsa0 44.810620 12400 65 36963 100298 271353 449011 553923rat 10891 6546 2203 921
zsa0 45.50620 12249 71 36348 97829 264988 437924 539145rat 10855 6545 2197 912
zsa0 46.180620 12040 56 35579 96033 258451 427583 525497rat 10842 6520 2201 904
zsa0 46.870620 12872 50 37502 100916 271738 448129 550318rat 10818 6510 2188 901
zsa0 47.560620 13852 57 40139 106871 286656 472621 579967rat 10757 6494 2188 899
summary00:45:29DEC 09/18 63.947 2.247 19zs 0 10857 6534 2200 908 7950 3889-7.1 294.9 58 27 10 8 43 15 .5 1.4
hg00:55:13 .999 289.6817 290 65754 19
dsa0 55.810620 538 26 1643 4538 12728 21917 28090rat 9901 5988 1948 686
dsa0 56.50620 366 30 1028 2687 7342 12482 15766rat 9549 5839 1897 625
dsa0 57.180620 248 25 646 1717 4726 7710 9710rat 9515 5704 1720 613
dsa0 57.870620 227 29 619 1667 4318 7246 8981rat 9467 5573 1846 545
dsa0 58.560620 229 29 662 1753 4704 7711 9737rat 9435 5624 1744 627
summary00:57:10DEC 09/18 62.918 2.17 19ds 0 9573 5746 1831 619 7592 3777 6.2 259 188 169 98 50 122 69 3.8 8.600001
sla 0 60.620620 816726 174 944592 1121253 1393969 1582746 1724868rat 2309 1546 570 388
sla 0 61.30620 815560 188 943527 1120292 1393302 1582493 1724895rat 2314 1549 571 389
sla 0 620620 814693 175 943518 1119098 1391718 1580418 1722409rat 2308 1548 570 388
sla 0 62.690620 815024 180 943107 1118917 1392347 1579406 1722167rat 2307 1546 565 390
sla 0 63.380620 815129 187 942386 1118834 1390857 1579166 1721868rat 2310 1545 569 390
sla 0 64.080620 814526 194 942437 1117510 1391510 1577610 1720796rat 2305 1546 563 392
sla 0 64.760620 814344 184 941501 1117577 1390864 1579192 1720194rat 2314 1551 569 386
summary01:02:41DEC 09/18 62.47 2.138 19sl 0 2310 1547 568 389 1065 602 943009.8 1722457 3 2 3 2 9 4 999.3 1787.6
hp01:05:46 .997449 335349.2 79.9 19
hg01:12:06 .9992 288.8467 289 90271 19
dsa0 72.670620 247 21 651 1655 4227 6943 8551rat 9053 5435 1765 531
dsa0 73.360620 251 30 632 1686 4289 6970 8579rat 9264 5389 1723 530
dsa0 74.050620 275 32 738 1847 4822 7729 9538rat 9024 5442 1663 542
dsa0 74.740620 333 23 893 2276 6128 9904 12405rat 9204 5590 1695 606
dsa0 75.430620 276 30 738 1986 5124 8276 10282rat 9315 5419 1696 572
summary01:14:02DEC 09/18 61.621 2.081 19ds 0 9172 5455 1708 556 7393 3656 10.2 252.8 128 78 38 33 130 46 5 6.6
zsa0 76.30620 19981 60 54367 133556 347522 556097 676036rat 10152 6238 2061 859
zsa0 76.980010620 19953 64 53699 132210 344518 549896 669291rat 10157 6233 2050 864
zsa0 77.670620 19457 61 52587 129464 335792 535920 651267rat 10134 6211 2049 857
zsa0 78.360620 20046 61 54059 132861 343989 548668 667382rat 10117 6202 2047 862
zsa0 79.040620 21098 69 56485 137933 357449 569280 691569rat 10089 6201 2041 857
zsa0 79.730010620 21818 62 57995 141946 367476 583970 709656rat 10086 6188 2032 858
zsa0 80.420620 21925 69 58416 142315 368474 585498 711775rat 10067 6189 2031 860
summary01:18:21DEC 09/18 61.327 2.062 19zs 0 10115 6209 2044 860 7364 3726-6.3 293 35 20 11 3 32 14 .5 1.5
hg01:28:06 .9992 288.2835 288 68782 19
dsa0 88.680620 926 27 2541 6461 17399 28756 36622rat 9269 5692 1800 688
dsa0 89.370620 1207 31 3217 8086 22346 37195 47398rat 9361 5836 1831 691
dsa0 90.060620 864 27 2359 5832 15811 26370 33390rat 9222 5764 1840 663
dsa0 90.750620 442 28 1169 2892 7603 12424 15464rat 9053 5558 1755 590
dsa0 91.440620 320 26 798 2065 5246 8409 10236rat 9052 5336 1673 494
summary01:30:03DEC 09/18 60.606 2.017 19ds 0 9191 5637 1780 625 7191 3684 5.1 265 136 197 68 84 162 48 4.5 7
dsa0 92.220620 315 28 853 2112 5384 8633 10701rat 8879 5356 1676 574
dsa0 92.910010620 404 33 1111 2697 7053 11572 14210rat 8993 5564 1776 533
dsa0 93.60620 399 40 1105 2636 6845 11154 13719rat 8884 5514 1748 541
dsa0 94.290620 468 35 1251 3096 8343 13615 16721rat 9180 5670 1752 534
dsa0 94.970620 657 40 1845 4600 12265 20092 25259rat 9160 5633 1768 636
summary01:33:35DEC 09/18 60.411 2.005 19ds 0 9019 5547 1744 564 7217 3718 3.4 271.6 145 123 40 44 168 127 5.1 18.9
hg01:42:44 .9993 288.8798 289 66661 19
dsa0 103.40620 331 41 862 2030 5391 8582 10581rat 8890 5539 1655 558
dsa0 104.090620 310 27 789 1885 4795 7746 9454rat 8775 5396 1716 512
dsa0 104.780620 304 23 769 1877 4872 7630 9399rat 8805 5343 1579 553
dsa0 105.460620 298 27 774 1886 4735 7547 9150rat 8750 5282 1658 484
dsa0 106.150620 315 27 794 1860 4806 7430 9174rat 8568 5276 1525 564
summary01:44:46DEC 09/18 59.868 1.973 19ds 0 8758 5367 1627 534 7048 3646 4.9 265.1 118 108 75 35 170 78 3.9 11.3
zsa0 107.090620 28793 65 73560 171047 435728 680748 824118rat 9728 6051 1961 844
zsa0 107.780620 28702 76 73193 169541 432269 674543 816631rat 9710 6050 1956 844
zsa0 108.470620 28104 72 71952 167150 425738 665361 804641rat 9723 6051 1962 839
zsa0 109.150620 27118 66 69270 161728 412550 645009 781108rat 9751 6058 1963 844
zsa0 109.840620 25935 76 67280 157065 400946 627402 760725rat 9757 6063 1966 850
zsa0 110.520620 25958 65 66553 156528 399124 625300 756759rat 9789 6063 1971 841
zsa0 111.210620 24273 70 62417 146936 375008 588421 712549rat 9800 6071 1976 843
summary01:49:09DEC 09/18 59.686 1.962 19zs 0 9751 6058 1965 844 7052 3642-6.1 292.8 34 8 7 3 35 6 .4 1.4
hg01:58:54 .9993 288.9176 289 65740 19
dsa0 119.570620 1242 29 3279 7942 21097 34750 44062rat 9030 5649 1800 683
dsa0 120.250620 1181 29 3138 7638 20532 33288 42199rat 9036 5633 1732 682
dsa0 120.940620 2658 29 6986 16769 45396 75290 95708rat 9090 5759 1831 695
dsa0 121.630620 2204 32 5699 13901 37668 62159 78752rat 9147 5742 1809 681
dsa0 122.320620 906 28 2330 5670 15104 24653 30894rat 9038 5627 1762 633
summary02:00:56DEC 09/18 59.282 1.94 19ds 0 9068 5682 1787 675 6909 3641 2.6 269 50 63 40 24 77 42 1.8 6.5
sla 0 124.290620 810718 169 939177 1116816 1390888 1581739 1723693rat 2332 1561 577 388
sla 0 124.980620 810359 187 938761 1116553 1390565 1580920 1724027rat 2332 1560 575 391
sla 0 125.670620 809614 177 938593 1115394 1389888 1580637 1722870rat 2332 1563 577 389
sla 0 126.360620 809471 190 937712 1115720 1389147 1578966 1722105rat 2331 1557 574 391
sla 0 127.040620 808744 183 937442 1114476 1389470 1578595 1721230rat 2331 1561 572 390
sla 0 127.740620 808706 195 937563 1114130 1388860 1578534 1720782rat 2331 1562 574 389
sla 0 128.420620 808074 186 936364 1113400 1388080 1577567 1721758rat 2334 1563 574 394
summary02:06:21DEC 09/18 59.14 1.932 19sl 0 2332 1561 575 390 1083 610 937944.6 1722352 1 2 2 2 7 4 999.3 1094.7
hp02:09:26 .9977929 335260.5 78.9 19
hg02:15:45 .9996 288.9638 289 90019 19
dsa0 136.410620 389 28 965 2275 5715 8950 10870rat 8541 5221 1589 501
dsa0 137.10620 546 26 1403 3296 8416 13415 16562rat 8633 5355 1664 571
dsa0 137.790620 1244 36 3269 7826 20865 33745 42380rat 8938 5597 1726 646
dsa0 138.480620 3750 37 9734 23443 63521 104544 132883rat 9090 5739 1803 699
dsa0 139.170620 7715 54 20365 48816 132467 218662 277987rat 9095 5767 1820 703
summary02:17:47DEC 09/18 58.929 1.92 19ds 0 8859 5536 1720 624 6863 3615 3.4 267.7 259 240 97 87 49 48 3.3 7.5
zsa0 140.110620 31407 67 79403 181150 457435 710364 857316rat 9583 5989 1936 831
zsa0 140.790620 31373 66 79028 180621 456110 707182 853973rat 9584 5982 1929 833
zsa0 141.480620 30284 68 75814 173837 438825 681234 821156rat 9600 5984 1933 825
zsa0 142.170620 31949 88 79946 182784 459835 714610 861108rat 9581 5977 1939 824
zsa0 142.850620 31074 71 77993 178751 450207 697942 842810rat 9583 5970 1928 833
zsa0 143.540620 31992 86 80000 182511 461592 716510 865543rat 9590 5995 1934 835
zsa0 144.220620 31861 87 80423 183199 462765 717901 867134rat 9575 5987 1932 835
summary02:22:09DEC 09/18 58.881 1.918 19zs 0 9585 5983 1933 831 6927 3604-5.8 292.8 8 8 4 5 19 8 .5 1.4
hg02:31:55 .9991 290.1693 290 68431 19
hp02:32:36 .9976186 332712.1 80.3 19
hg02:38:55 .9995 288.2862 288 80077 19
dsa0 159.570620 11986 53 31321 75542 205240 338915 431653rat 9138 5783 1827 715
dsa0 160.260620 2253 30 5961 14225 38556 63188 80121rat 9035 5722 1783 688
dsa0 160.950620 1136 32 2883 6957 18791 30520 38364rat 9050 5673 1744 650
dsa0 161.640620 816 26 2116 5181 13474 21972 27428rat 8970 5526 1762 620
dsa0 162.330620 649 32 1597 3867 10121 16360 20216rat 8941 5526 1725 576
summary02:40:57DEC 09/18 58.88 1.918 19ds 0 9027 5646 1768 650 6948 3657 2.3 274.6 77 116 39 55 109 41 3.2 6.2
zsa0 163.270620 24774 68 63449 148205 376630 588115 711547rat 9726 6031 1955 839
zsa0 163.960620 24362 67 62747 146291 372252 581771 703618rat 9727 6040 1959 837
zsa0 164.640620 25064 68 64354 149563 380032 594152 717751rat 9710 6037 1961 832
zsa0 165.330620 26752 70 68000 157714 400798 624325 755834rat 9688 6024 1946 843
zsa0 166.020620 27993 62 71183 165353 419209 653946 791531rat 9693 6022 1953 842
zsa0 166.70620 24519 65 62657 146265 371658 578851 700519rat 9711 6019 1943 840
zsa0 167.390620 25528 59 65862 153187 389201 606367 733152rat 9698 6022 1946 837
summary02:45:19DEC 09/18 58.929 1.92 19zs 0 9708 6028 1952 839 7024 3626-5.5 296 16 8 7 4 23 10 .4 1.8
hg02:55:05 .999 290.2157 290 67143 19
dsa0 175.740620 11607 53 30881 75026 204229 338127 430366rat 9181 5798 1836 710
dsa0 176.440620 27369 83 72749 177716 483956 799465 1018592rat 9240 5828 1846 729
dsa0 177.120620 16724 67 44426 108318 295417 488476 622458rat 9212 5812 1837 719
dsa0 177.810620 4813 40 12732 30942 84391 139940 177593rat 9182 5797 1834 691
dsa0 178.50620 1469 23 3848 9377 25116 41443 52202rat 9095 5692 1809 656
summary02:57:07DEC 09/18 59.147 1.933 19ds 0 9182 5785 1832 701 6939 3677 .8 275.5 54 54 14 29 42 16 .9 2.3
dsa0 179.360620 620 30 1546 3753 9803 15828 19641rat 8925 5505 1717 591
dsa0 180.050620 1501 33 3977 9659 25897 42704 53864rat 9090 5696 1807 661
dsa0 180.740620 2214 31 5842 14191 38634 63818 80829rat 9154 5768 1814 680
dsa0 181.420620 5467 41 14656 35944 97533 161765 206006rat 9198 5775 1835 706
dsa0 182.110620 7561 43 20347 49449 135266 225451 287237rat 9217 5835 1859 709
summary03:00:44DEC 09/18 59.24 1.938 19ds 0 9117 5716 1806 669 6974 3675 1.7 274.4 118 128 54 48 37 27 2.2 4
hg03:09:53 .9993 288.431 288 66493 19
dsa0 190.540620 11007 46 29354 72497 197953 330170 420418rat 9280 5832 1863 707
dsa0 191.220620 11879 48 31301 77350 210650 350508 447163rat 9262 5811 1853 716
dsa0 191.910620 3673 43 9941 24387 66435 110276 140420rat 9208 5786 1833 700
dsa0 192.60620 1085 38 2832 6829 18552 30308 38311rat 9079 5710 1762 667
dsa0 193.290620 1842 37 4852 11990 32327 53933 68358rat 9222 5761 1853 678
summary03:11:54DEC 09/18 59.605 1.958 19ds 0 9210 5780 1833 694 6990 3684 1.4 273 79 47 41 21 43 12 1.1 1.9
zsa0 194.230620 28890 65 73572 172554 440878 689495 835261rat 9783 6070 1966 847
zsa0 194.920620 27989 59 72124 169369 433007 679321 822874rat 9804 6085 1979 846
zsa0 195.610620 27634 62 71297 168283 430768 676575 818758rat 9837 6095 1984 842
zsa0 196.30620 25640 59 66308 157315 401690 631670 764543rat 9849 6086 1988 842
zsa0 196.980620 24767 60 64414 152629 390820 614637 745152rat 9855 6097 1987 849
zsa0 197.670620 24220 72 63318 150549 384470 604247 732668rat 9855 6082 1984 849
zsa0 198.360620 26291 74 68216 160940 411606 645465 783080rat 9822 6082 1976 853
summary03:16:17DEC 09/18 59.78 1.968 19zs 0 9829 6085 1981 847 7120 3656-5.8 294.3 28 9 8 4 31 10 .6 1.8
hg03:26:02 .999 289.9262 290 66024 19
dsa0 206.70620 2074 38 5659 14063 38548 64235 81751rat 9287 5813 1841 690
dsa0 207.390620 4049 32 10925 27755 76062 127739 162396rat 9405 5845 1876 686
dsa0 208.070620 5938 42 16262 40906 112916 189607 242832rat 9397 5880 1878 720
dsa0 208.760620 6675 43 18421 46610 128788 216404 276739rat 9430 5888 1882 714
dsa0 209.450620 4474 33 12175 30778 85044 142902 183467rat 9419 5882 1878 729
summary03:28:04DEC 09/18 60.332 2 19ds 0 9388 5862 1871 708 7123 3723 1.4 272.9 58 32 17 19 55 14 .5 2.3
sla 0 211.430620 816691 186 945671 1122452 1395498 1584732 1728111rat 2310 1547 570 391
sla 0 212.120620 816923 186 945096 1120930 1394726 1584045 1725749rat 2311 1551 571 386
sla 0 212.80620 816593 179 943833 1120778 1393115 1582209 1724573rat 2312 1546 571 389
sla 0 213.490620 816225 181 944552 1121162 1393070 1582002 1724544rat 2308 1544 570 389
sla 0 214.180620 815470 190 943394 1119789 1392979 1582060 1724412rat 2313 1550 571 389
sla 0 214.860620 815513 174 942782 1119634 1391827 1579957 1722623rat 2310 1545 569 390
sla 0 215.550620 815128 181 942146 1119391 1393056 1581033 1722675rat 2316 1549 568 387
summary03:33:29DEC 09/18 60.629 2.018 19sl 0 2311 1547 570 389 1068 602 943925 1724670 3 3 1 2 7 5 1303 1896.1
hp03:36:33 .9974966 335279.6 80.5 19
hg03:42:54 .9993 288.9376 289 90167 19
dsa64 223.520620 13552 55 38353 99669 279243 475233 610431rat 9648 6003 1938 731
dsa64 224.210620 20496 61 58179 152103 426506 724672 929500rat 9692 6019 1942 733
dsa64 224.90620 13969 61 39768 104550 293764 501118 646114rat 9720 6025 1948 748
dsa64 225.590620 15503 76 44354 116191 326528 556474 717222rat 9705 6026 1946 747
dsa64 226.280620 22009 71 62869 164899 462434 787349 1013986rat 9716 6031 1952 751
summary03:44:54DEC 09/18 61.334 2.063 19ds 1 9696 6021 1945 742 7322 3787 1.1 273.8 29 11 5 9 16 10 .5 2
zsa0 227.160620 24414 75 66116 163362 423022 675848 822385rat 10161 6220 2059 866
zsa0 227.850620 23968 60 65127 161503 420486 672093 817489rat 10201 6245 2061 865
zsa0 228.540620 24438 76 66135 163609 424759 679344 827885rat 10183 6237 2064 873
zsa0 229.220620 23641 68 63801 157277 409161 652782 793975rat 10162 6232 2052 864
zsa0 229.910620 21817 68 59229 148227 386785 619620 755413rat 10256 6261 2069 874
zsa0 230.60620 22187 65 60781 151306 395465 633824 772125rat 10243 6271 2071 870
zsa0 231.280620 23103 67 62596 155970 408245 652612 795629rat 10244 6268 2061 874
summary03:49:13DEC 09/18 61.63 2.082 19zs 0 10207 6248 2062 869 7425 3738-6.1 292.4 40 19 6 4 33 15 .6 1.8
hg03:58:58 .9992 288.6001 289 68739 19
dsa0 239.60620 1251 42 3671 9736 27344 46981 60318rat 9735 6000 1948 703
dsa0 240.290620 6839 45 19944 54505 154782 267560 345951rat 9922 6080 1981 739
dsa0 240.980620 6617 57 19762 53666 154054 265521 343304rat 9929 6113 1968 738
dsa0 241.670620 7545 45 22471 61589 176612 306063 396070rat 9986 6133 1992 743
dsa0 242.360620 2257 39 6534 17550 49658 86022 111112rat 9830 6058 1981 727
summary04:00:58DEC 09/18 62.511 2.141 19ds 0 9880 6077 1974 730 7544 3849 1.3 272.3 99 52 17 16 50 23 .8 3.1
dsa0 243.140620 1774 40 5194 14048 39865 68932 88547rat 9867 6061 1972 702
dsa0 243.830620 52000 104 157208 431639 1226679 2103615 2705596rat 10083 6204 2032 776
dsa0 244.520620 48584 117 147006 403830 1153488 1986568 2563604rat 10111 6233 2044 787
dsa0 245.210620 43024 97 129754 359173 1030385 1781810 2301945rat 10156 6249 2051 783
dsa0 245.90620 37851 100 115501 319898 920279 1596802 2067472rat 10163 6256 2055 785
summary04:04:31DEC 09/18 62.798 2.161 19ds 0 10076 6201 2031 767 7623 3882 .7 274.3 121 81 34 36 27 11 .2 1.1
hg04:13:40 .9991 288.0884 288 67214 19
dsa0 254.250620 3253 35 10079 28829 84614 149421 196132rat 10292 6272 2052 785
dsa0 254.930620 5569 45 17412 49757 146062 258536 339073rat 10303 6289 2066 784
dsa0 255.620620 57547 112 180998 518176 1498084 2605440 3365505rat 10408 6360 2107 803
dsa0 256.310620 58316 121 182979 524238 1517170 2641965 3415562rat 10422 6372 2114 808
summary04:15:16DEC 09/18 63.729 2.23 19ds 0 10356 6323 2085 795 7812 3929 1.2 272.1 68 50 30 12 30 15 .3 1.2
zsa0 257.880620 16672 68 48295 127608 341449 559833 685332rat 10698 6467 2168 890
zsa0 258.570620 16893 67 48870 129482 347056 568956 697481rat 10717 6474 2168 897
zsa0 259.250620 17295 67 50235 133248 357615 587123 719766rat 10736 6488 2175 897
zsa0 259.940620 17336 58 50606 134633 361585 593751 728422rat 10752 6492 2176 901
zsa0 260.630620 17268 67 50531 134277 361247 592916 727566rat 10753 6497 2174 902
zsa0 261.310620 17033 67 49921 132363 356579 586984 718768rat 10762 6516 2186 892
zsa0 2620620 16897 76 49922 133721 360976 595136 731649rat 10823 6532 2194 910
summary04:19:56DEC 09/18 64.16001 2.264 19zs 0 10749 6495 2177 898 7874 3879-7.7 291.3 40 23 10 7 26 14 .5 1.3
hg04:29:40 .9993 288.9215 289 66722 19
dsa64 270.30620 8792 57 29377 89253 270313 492681 652556rat 10774 6523 2182 814
dsa64 270.990620 15169 80 51579 157333 477128 868091 1148041rat 10823 6552 2192 820
dsa64 271.680620 7552 49 25643 78862 239141 436099 579181rat 10821 6521 2179 822
dsa64 272.360620 19319 71 65194 201696 608970 1108251 1461888rat 10881 6551 2203 815
dsa64 273.050620 22442 84 76217 235800 715133 1300828 1715615rat 10915 6584 2210 821
summary04:31:40DEC 09/18 65.31301 2.359 19ds 1 10843 6546 2193 818 8224 4058 .7 273.4 55 26 13 4 52 18 .6 1.8
sla 0 275.060620 810185 175 938868 1115893 1390881 1580581 1724305rat 2330 1561 573 393
sla 0 275.750620 809787 181 938734 1115991 1390140 1580377 1722455rat 2330 1560 575 388
sla 0 276.440620 809813 195 938709 1116434 1389658 1579064 1723037rat 2327 1555 573 394
sla 0 277.120620 809286 188 937506 1114410 1388539 1578034 1721006rat 2330 1560 574 391
sla 0 277.810620 808968 181 937032 1113940 1389140 1577753 1720494rat 2331 1561 571 391
sla 0 278.50620 808508 177 936230 1113773 1387963 1577530 1719527rat 2334 1561 574 389
sla 0 279.190620 807783 178 936584 1113616 1387834 1576841 1719165rat 2330 1560 573 390
summary04:37:07DEC 09/18 65.881 2.409 19sl 0 2330 1560 573 391 1080 609 937666.2 1721427 2 2 1 2 8 5 1048.1 1896.1
hp04:40:12 .9974091 335513.4 80.1 19
hg04:46:33 .9996 288.8632 289 89564 19
dsa64 287.130620 8791 56 32603 109634 346010 655224 880303rat 11465 6815 2325 852
dsa64 287.820620 10260 64 38027 127628 404801 767785 1030343rat 11492 6851 2337 850
dsa64 288.510620 6642 51 24820 83787 265223 505994 681234rat 11503 6841 2347 853
dsa64 289.20620 3098 44 11394 38502 122528 233924 315642rat 11507 6841 2335 851
dsa64 289.890620 458 27 1540 5214 16363 31081 41988rat 11464 6752 2303 848
summary04:48:30DEC 09/18 67.13 2.528 19ds 1 11486 6820 2329 851 8764 4209 1.2 272.7 21 40 17 2 19 30 1.4 4.4
zsa0 290.770620 8597 51 28180 85320 242260 420687 523627rat 11785 6963 2413 960
zsa0 291.460620 8233 59 26979 81677 232167 403052 501688rat 11788 6966 2411 960
zsa0 292.140620 8079 50 26904 81719 232588 403343 502611rat 11802 6966 2406 964
zsa0 292.830620 8193 55 27435 83859 239368 416168 518901rat 11855 6991 2418 967
zsa0 293.520620 8483 53 28455 86664 249061 434446 543914rat 11884 7037 2433 986
zsa0 294.20620 8278 51 27583 85335 245443 428688 536785rat 11961 7045 2438 986
zsa0 294.890620 7649 61 25341 77879 222726 389316 485437rat 11909 7021 2440 967
summary04:52:49DEC 09/18 67.626 2.579 19zs 0 11855 6998 2423 970 8750 4138-9.8 292.7 67 36 14 11 43 13 .3 .6
um091218Tateno Japan 36.058-140.126 2.807581pr10000 302.141640 128 61085 186566 536061 939192 1170067rat 11919 7058 2454 965
um091218Tateno Japan 36.058-140.126 2.807581pr10000 303.471640 235 733371 1181220 1396011 2325822 2696837rat 5097 3003 2265 662
um091218Tateno Japan 36.058-140.126 2.807581pr10000 304.821640 118 56023 178892 522298 931268 1168684rat 12258 7204 2530 997
um091218Tateno Japan 36.058-140.126 2.807581pr10000 306.141640 238 731485 1190882 1421741 2384167 2780148rat 5219 3078 2295 688
um091218Tateno Japan 36.058-140.126 2.807581pr10000 307.51640 114 50676 165149 485913 873490 1099496rat 12413 7271 2565 1010
um091218Tateno Japan 36.058-140.126 2.807581pr10000 308.821640 209 674235 1097660 1314013 2206413 2569791rat 5229 3090 2297 681
um091218Tateno Japan 36.058-140.126 2.807581pr10000 310.171640 116 48276 157835 465115 839407 1057835rat 12450 7293 2581 1014
um091218Tateno Japan 36.058-140.126 2.802483pr10000 311.51640 207 654047 1070412 1286432 2163568 2522566rat 5275 3113 2303 685
um091218Tateno Japan 36.058-140.126 2.802483pr10000 312.851640 117 44592 147843 439656 799417 1008397rat 12582 7364 2613 1018
um091218Tateno Japan 36.058-140.126 2.802483pr10000 314.171640 238 620707 1016550 1225422 2067412 2411144rat 5301 3138 2315 685
um091218Tateno Japan 36.058-140.126 2.802483pr10000 315.521640 123 41415 140039 418987 767282 969531rat 12724 7420 2643 1025
um091218Tateno Japan 36.058-140.126 2.802483pr10000 316.851640 205 581405 953991 1155096 1951462 2276300rat 5330 3160 2318 685
hg05:25:12 .9991 289.4155 289 64657 19
dsa0 325.830620 193 34 827 3535 12848 27365 38336rat 13330 7667 2691 899
dsa0 326.520620 232 25 1010 4467 16082 34704 48842rat 13413 7662 2743 916
dsa0 327.210620 162 32 709 3078 10907 23434 32740rat 13323 7585 2723 882
dsa0 327.90620 139 23 619 2734 9609 20804 29174rat 13350 7569 2752 895
dsa0 328.580620 88 27 288 1102 3743 7798 10597rat 12652 7306 2592 757
summary05:27:12DEC 09/18 71.961 3.136 19ds 0 13214 7558 2700 870 10429 4729-.1 268.7 316 148 65 64 114 44 2.2 5.7
zsa0 329.460620 2877 52 11311 43423 137231 263543 337826rat 13715 7856 2845 1085
zsa0 330.140620 2904 47 11599 44496 141598 273048 351361rat 13758 7904 2863 1102
zsa0 330.830620 2765 41 11211 43189 137769 266688 343299rat 13801 7930 2879 1103
zsa0 331.510620 2723 47 10769 41622 133263 258182 331917rat 13837 7950 2883 1097
zsa0 332.20620 2400 47 9579 36631 116444 224355 288472rat 13735 7892 2857 1097
zsa0 332.890620 2438 46 9804 38065 121254 235908 304474rat 13852 7944 2900 1114
zsa0 333.570620 2536 38 10382 40742 131461 256952 331987rat 13973 8021 2921 1119
summary05:31:30DEC 09/18 72.548 3.232 19zs 0 13810 7928 2878 1102 10283 4615-14.7 291.3 88 52 26 11 60 26 .8 3.1
um091218Tateno Japan 36.058-140.126 2.797384pr10000 334.941640 99 26561 98977 314685 609332 781459rat 13648 7920 2883 1088
um091218Tateno Japan 36.058-140.126 2.792286pr10000 336.261640 189 507547 853342 1072286 1840571 2166002rat 5664 3389 2385 723
um091218Tateno Japan 36.058-140.126 2.792286pr10000 337.621640 101 23633 93774 306940 607861 789514rat 14147 8145 2981 1143
um091218Tateno Japan 36.058-140.126 2.792286pr10000 338.941640 193 435738 737414 938166 1618490 1909430rat 5760 3459 2402 732
um091218Tateno Japan 36.058-140.126 2.792286pr10000 340.291640 98 22732 90337 295015 586937 761783rat 14163 8154 3000 1140
um091218Tateno Japan 36.058-140.126 2.792286pr10000 341.611640 201 417707 703054 891420 1535151 1804063rat 5710 3434 2393 714
um091218Tateno Japan 36.058-140.126 2.792286pr10000 342.971640 101 19788 80077 264076 530612 690315rat 14328 8238 3042 1149
um091218Tateno Japan 36.058-140.126 2.787188pr10000 344.291640 178 445668 760459 975662 1695689 2005573rat 5868 3531 2437 744
um091218Tateno Japan 36.058-140.126 2.787188pr10000 345.641640 103 20601 83134 276577 560152 730939rat 14389 8312 3077 1163
um091218Tateno Japan 36.058-140.126 2.787188pr10000 346.961640 186 429298 732058 941020 1632149 1927370rat 5862 3528 2426 736
um091218Tateno Japan 36.058-140.126 2.787188pr10000 348.321640 107 19161 76474 254223 516610 672753rat 14353 8322 3091 1153
um091218Tateno Japan 36.058-140.126 2.787188pr10000 349.641640 174 403035 688518 889159 1543453 1821239rat 5890 3549 2428 732
um091218Tateno Japan 36.058-140.126 2.787188pr10000 350.991640 89 17775 72007 243031 500186 654474rat 14535 8441 3146 1174
um091218Tateno Japan 36.058-140.126 2.787188pr10000 352.311640 163 385823 663046 863421 1506864 1781393rat 5974 3608 2450 740
dsa0 353.890620 683 49 5169 36134 162266 427101 653192rat 16668 9179 3473 1152
dsa0 354.580620 1076 70 8034 58159 263266 692448 1058140rat 16859 9226 3483 1159
dsa0 355.260620 784 60 6091 44451 202536 537581 826175rat 16932 9268 3507 1170
dsa0 355.950620 504 55 3723 27353 124777 332743 511979rat 16967 9264 3508 1158
dsa0 356.640620 208 38 1392 10022 45920 123029 190235rat 16933 9279 3510 1162
summary05:55:15DEC 09/18 75.945 3.924 19ds 0 16872 9243 3496 1160 13158 5522 .5 274.5 121 41 17 7 107 25 .4 1.1
dsa0 357.420620 293 44 2098 15783 74008 200318 310333rat 17227 9414 3553 1169
dsa0 358.110620 273 39 1891 14661 68156 186237 288790rat 17340 9403 3587 1167
dsa0 358.80620 122 28 791 5868 27449 74700 116184rat 17191 9398 3557 1168
dsa0 359.480620 91 36 561 4067 18794 51650 80645rat 17188 9390 3595 1179
dsa0 360.170620 148 37 1043 7893 37278 103947 162425rat 17388 9523 3653 1179
summary05:58:47DEC 09/18 76.472 4.058 19ds 0 17267 9426 3589 1172 13515 5638 .2 273.8 92 55 40 6 91 38 .9 3.6
hg06:01:57 .999 289.9601 290 69152 19
um091218Tateno Japan 36.058-140.126 2.787188pr10000 363.131640 91 12462 54354 192905 421922 563376rat 15344 8922 3409 1261
um091218Tateno Japan 36.058-140.126 2.792286pr10000 364.461640 164 330090 582344 795380 1416907 1693184rat 6383 3904 2538 787
um091218Tateno Japan 36.058-140.126 2.792286pr10000 365.811640 91 11938 51268 183882 406841 544287rat 15374 9018 3458 1270
um091218Tateno Japan 36.058-140.126 2.787188pr10000 367.131640 159 308710 542006 735354 1301640 1548879rat 6300 3843 2508 767
um091218Tateno Japan 36.058-140.126 2.787188pr10000 368.481640 88 11545 47880 170263 378522 505892rat 15204 9000 3478 1265
um091218Tateno Japan 36.058-140.126 2.787188pr10000 369.81640 149 273288 477281 648543 1145286 1356210rat 6267 3835 2493 744
um091218Tateno Japan 36.058-140.126 2.787188pr10000 371.151640 80 10408 43010 155552 351543 472273rat 15332 9144 3549 1287
um091218Tateno Japan 36.058-140.126 2.787188pr10000 372.471640 154 268644 478318 665814 1194505 1429514rat 6527 4011 2564 791
um091218Tateno Japan 36.058-140.126 2.787188pr10000 373.821640 80 9026 38720 144113 334180 454821rat 15735 9380 3661 1343
um091218Tateno Japan 36.058-140.126 2.787188pr10000 375.151640 131 251034 449242 637087 1150425 1383196rat 6657 4119 2591 811
um091218Tateno Japan 36.058-140.126 2.787188pr10000 376.51640 75 8090 34109 126785 298763 408325rat 15724 9443 3730 1361
um091218Tateno Japan 36.058-140.126 2.787188pr10000 377.821640 152 222392 405018 586250 1069243 1294473rat 6863 4249 2633 841
um091218Tateno Japan 36.058-140.126 2.787188pr10000 379.171640 89 5445 26453 105339 263497 368229rat 16927 10005 3989 1457
um091218Tateno Japan 36.058-140.126 2.787188pr10000 380.491640 120 206563 382141 563969 1042653 1269906rat 7073 4392 2692 867
um091218Tateno Japan 36.058-140.126 2.787188pr10000 381.841640 91 6709 28525 109749 269071 373299rat 16099 9768 3902 1426
um091218Tateno Japan 36.058-140.126 2.78209pr10000 383.161640 116 187777 341347 495373 900109 1082388rat 6842 4238 2612 809
um091218Tateno Japan 36.058-140.126 2.78209pr10000 384.511640 75 5611 24334 96157 242838 341642rat 16428 10011 4030 1486
um091218Tateno Japan 36.058-140.126 2.78209pr10000 385.841640 134 182037 337057 504029 933585 1135328rat 7138 4454 2697 859
hg06:34:11 .9992 287.9955 288 64201 19
um091218Tateno Japan 36.058-140.126 2.787188pr10000 395.381640 74 4546 16357 64275 172347 247178rat 15861 10249 4289 1569
um091218Tateno Japan 36.058-140.126 2.787188pr10000 396.711640 128 125563 246078 405235 784284 978382rat 7990 5061 2885 969
um091218Tateno Japan 36.058-140.126 2.787188pr10000 398.061640 78 3962 14313 56852 158377 232237rat 16106 10465 4455 1665
um091218Tateno Japan 36.058-140.126 2.787188pr10000 399.381640 108 112711 219454 359259 694296 863026rat 7926 5025 2876 952
um091218Tateno Japan 36.058-140.126 2.787188pr10000 400.731640 64 3310 12111 49976 145830 217672rat 16526 10831 4656 1742
um091218Tateno Japan 36.058-140.126 2.787188pr10000 402.051640 107 101780 200705 336955 661687 827594rat 8159 5204 2945 979
um091218Tateno Japan 36.058-140.126 2.787188pr10000 403.41640 81 3687 11845 45558 127905 188969rat 15498 10363 4489 1697
um091218Tateno Japan 36.058-140.126 2.787188pr10000 404.721640 108 93172 185478 319672 633419 796876rat 8353 5356 2984 1004
um091218Tateno Japan 36.058-140.126 2.787188pr10000 406.071640 80 3343 10430 39894 113593 169057rat 15415 10403 4550 1729
um091218Tateno Japan 36.058-140.126 2.787188pr10000 407.41640 119 80333 160008 276197 550169 690986rat 8382 5383 3005 995
um091218Tateno Japan 36.058-140.126 2.787188pr10000 408.751640 57 3332 9723 36041 101433 151305rat 14908 10208 4498 1738
um091218Tateno Japan 36.058-140.126 2.787188pr10000 410.071640 100 72461 144724 253969 511245 645601rat 8509 5499 3049 1019
um091218Tateno Japan 36.058-140.126 2.787188pr10000 411.421640 65 3296 9212 32460 88885 132526rat 14392 9873 4380 1736
um091218Tateno Japan 36.058-140.126 2.78209pr10000 412.741640 99 63137 126735 227469 462216 587400rat 8668 5636 3089 1046
um091218Tateno Japan 36.058-140.126 2.78209pr10000 414.091640 50 3015 8119 28170 77202 116110rat 14152 9805 4382 1773
um091218Tateno Japan 36.058-140.126 2.78209pr10000 415.411640 96 54625 110743 202646 417054 533332rat 8849 5774 3143 1072
um091218Tateno Japan 36.058-140.126 2.78209pr10000 416.761640 60 2749 7276 24529 66904 100556rat 13953 9667 4363 1771
um091218Tateno Japan 36.058-140.126 2.78209pr10000 418.081640 85 47125 95443 179609 374136 482351rat 9017 5947 3195 1107
um091218Tateno Japan 36.058-140.126 2.78209pr10000 419.431640 66 2563 6497 21296 57351 86770rat 13604 9497 4309 1800
um091218Tateno Japan 36.058-140.126 2.776991pr10000 420.751640 85 40306 81636 156474 332719 431768rat 9186 6115 3284 1135
um091218Tateno Japan 36.058-140.126 2.776991pr10000 422.11640 65 2289 5693 18585 49063 73735rat 13428 9397 4224 1771
um091218Tateno Japan 36.058-140.126 2.776991pr10000 423.441640 83 34279 69641 135954 292593 383967rat 9331 6246 3335 1184
um091218Tateno Japan 36.058-140.126 2.776991pr10000 424.791640 55 2136 5182 16241 41368 62642rat 12976 9061 4067 1803
um091218Tateno Japan 36.058-140.126 2.776991pr10000 426.111640 79 28991 58382 116138 254181 335429rat 9447 6400 3407 1207
um091218Tateno Japan 36.058-140.126 2.776991pr10000 427.461640 68 1918 4577 14177 34775 52635rat 12730 8862 3907 1802
um091218Tateno Japan 36.058-140.126 2.776991pr10000 428.781640 77 24295 48763 97515 217582 290454rat 9539 6506 3490 1257
um091218Tateno Japan 36.058-140.126 2.776991pr10000 430.141640 60 1721 4113 12299 29118 43548rat 12426 8553 3753 1750
um091218Tateno Japan 36.058-140.126 2.776991pr10000 431.461640 71 20314 40345 81297 183033 247144rat 9565 6577 3529 1306
um091218Tateno Japan 36.058-140.126 2.776991pr10000 432.811640 56 1515 3531 10521 24256 35795rat 12194 8426 3638 1692
um091218Tateno Japan 36.058-140.126 2.776991pr10000 434.131640 72 16869 33041 66378 151950 207327rat 9565 6637 3601 1351
um091218Tateno Japan 36.058-140.126 2.776991pr10000 435.481640 49 1357 3028 8948 19934 29192rat 11816 8242 3489 1659
um091218Tateno Japan 36.058-140.126 2.771893pr10000 436.811640 74 13895 26720 53686 123942 169890rat 9526 6675 3637 1371
um091218Tateno Japan 36.058-140.126 2.771893pr10000 438.161640 60 1142 2609 7542 16366 23709rat 11778 8057 3380 1613
um091218Tateno Japan 36.058-140.126 2.771893pr10000 439.481640 73 11440 21815 42695 98736 137091rat 9385 6569 3645 1426
um091218Tateno Japan 36.058-140.126 2.771893pr10000 440.831640 50 964 2210 6265 13394 18913rat 11640 7905 3315 1502
um091218Tateno Japan 36.058-140.126 2.771893pr10000 442.151640 67 9126 17034 32917 77160 107799rat 9299 6574 3704 1453
um091218Tateno Japan 36.058-140.126 2.771893pr10000 443.511640 52 845 1852 5103 10569 14910rat 11222 7663 3182 1499
um091218Tateno Japan 36.058-140.126 2.771893pr10000 444.831640 59 7277 13457 25066 58949 82738rat 9115 6429 3718 1473
um091218Tateno Japan 36.058-140.126 2.771893pr10000 446.181640 56 699 1488 4061 8244 11599rat 11046 7569 3103 1490
um091218Tateno Japan 36.058-140.126 2.771893pr10000 447.51640 57 5623 10470 18754 43681 62177rat 8939 6220 3677 1534
hg07:35:51 .9992 289.0334 289 64886 18
um091218Tateno Japan 36.058-140.126 2.776991pr10000 457.041640 72 257 459 1160 2339 3122rat 10878 7674 3185 1287
um091218Tateno Japan 36.058-140.126 2.776991pr10000 458.371640 63 1523 2621 4444 9823 13841rat 8247 5812 3476 1496
um091218Tateno Japan 36.058-140.126 2.776991pr10000 459.721640 50 177 336 796 1513 2074rat 10610 7085 2922 1408
um091218Tateno Japan 36.058-140.126 2.776991pr10000 461.041640 78 943 1703 2820 6278 8763rat 8550 5812 3540 1462
um091218Tateno Japan 36.058-140.126 2.776991pr10000 462.391640 62 130 222 501 998 1334rat 11383 7668 3285 1330
um091218Tateno Japan 36.058-140.126 2.771893pr10000 463.711640 61 601 1081 1762 3882 5310rat 8494 5732 3511 1377
um091218Tateno Japan 36.058-140.126 2.771893pr10000 465.061640 56 89 153 331 610 786rat 12246 7564 3038 1196
um091218Tateno Japan 36.058-140.126 2.771893pr10000 466.381640 60 389 634 1058 2356 3211rat 8433 6017 3615 1373
um091218Tateno Japan 36.058-140.126 2.771893pr10000 467.731640 57 81 112 197 357 469rat 10965 7364 3307 1376
um091218Tateno Japan 36.058-140.126 2.771893pr10000 469.051640 47 233 350 591 1311 1809rat 8318 6200 3658 1441
um091218Tateno Japan 36.058-140.126 2.771893pr10000 470.41640 64 76 76 129 243 283rat 11732 11733 4396 874
um091218Tateno Japan 36.058-140.126 2.771893pr10000 471.731640 53 159 207 336 749 1003rat 8169 6547 3905 1349
um091218Tateno Japan 36.058-140.126 2.771893pr10000 473.071640 64 77 79 107 132 184rat 7181 6561 1987 2465
um091218Tateno Japan 36.058-140.126 2.771893pr10000 474.41640 58 99 158 196 407 570rat 9296 5425 4026 1663
um091218Tateno Japan 36.058-140.126 2.771893pr10000 475.751640 54 61 66 69 92 117rat 7342 5003 4033 2194
um091218Tateno Japan 36.058-140.126 2.771893pr10000 477.071640 56 67 99 125 232 306rat 12037 6117 4063 1522
um091218Tateno Japan 36.058-140.126 2.771893pr10000 478.421640 67 58 61 74 70 92rat-4-3-1838 7361
um091218Tateno Japan 36.058-140.126 2.771893pr10000 479.741640 50 52 75 99 154 214rat 13550 6187 3265 1976
um091218Tateno Japan 36.058-140.126 2.771893pr10000 481.091640 60 66 57 75 68 74rat 1245 2411-2733 2428
um091218Tateno Japan 36.058-140.126 2.771893pr10000 482.411640 61 55 73 80 114 136rat 10622 6447 4452 1506
um091218Tateno Japan 36.058-140.126 2.771893pr10000 483.761640 51 40 54 64 54 62rat-4-3-4527 3796
um091218Tateno Japan 36.058-140.126 2.771893pr10000 485.081640 48 63 61 64 87 92rat 4145 4768 3866 522
hp08:06:41 .9970379 333737 79 18
hg08:13:00 .9992 288.8376 289 63107 18
ap08:13:02 18.34 19 15.97 1128.52 12.49 5.08-11.45 24.48 0 14.83 18.05 14.64 5-4.23 0 .01 0 0 .03 .04 17.26 2.82 .02 .02 18.34 19 15.87 1128.52 12.49 5.06-11.45 24.14 1.39 15.11 17.96 14.83 5-4.23 1.4 10.74 .36 13.01 1.47 .64 17.26 2.82 .05 .05
sla 0 498.960620 816740 182 945261 1123105 1396204 1585797 1729139rat 2315 1548 571 390
sla 0 499.640620 816761 186 944836 1122464 1395664 1584131 1727839rat 2313 1545 568 392
sla 0 500.330620 816106 187 945079 1120979 1395226 1583535 1726869rat 2310 1550 568 391
sla 0 501.020620 815799 191 944543 1120896 1394450 1583104 1725952rat 2311 1549 569 390
sla 0 501.70620 815381 187 943152 1120160 1394266 1583083 1725554rat 2317 1552 570 389
sla 0 502.40620 814727 174 943023 1118841 1392402 1582262 1724595rat 2316 1554 573 389
sla 0 503.080620 814305 183 942301 1119128 1392029 1581504 1725015rat 2317 1551 573 392
summary08:21:01DEC 09/18 101.154 4.767 18sl 0 2314 1550 570 390 1065 601 944027.8 1726423 3 3 2 1 6 4 1182.4 1548.1ed