0            
-0.18        
-0.86        
-2.02        
-3.43        
0            
0.3400       
2.35         
1.139        
2770         
3160         
.000000032   
291          
76           
1766         
0            
4290         
9120         
14315        
19790        
25000        
2816         
mkiv        
2            
0            
0            
0            
15           
20           
22            
0            
2984         
0            
242          
-3           
772          
770          
5642         
178          
2650         
0            
0            
3469         
75           
0.0          
64           
256          
0            
64           
52           
2112         
July 8/11    

