0            
-0.269       
-1.244       
-2.82        
-4.828       
0            
.3398        
2.35         
1.139        
3020         
3100         
.000000034   
291          
76           
1766         
0            
4290         
9120         
14315        
19790        
25000        
2816         
mkiv        
2            
0            
0            
0            
0            
0            
0            
0            
2984         
0            
242          
-3           
772          
770          
5642         
178          
2650         
0            
0            
3469         
75           
0.2          
64           
256          
0            
64           
52           
2112         
June 14/13   
EXTRAS       
1            
0            
0            
25000        
80000        
1            
1            
1220         
-365         
10-22-2015
