0
-1.2324
-3.1165
-4.1408
-5.5072
-.3          
.3417        
2.35         
1.1428       
3060         
 3190 
 3.1E-08 
288          
96           
1704        
0            
5000         
10000        
15000        
20000        
25000        
2972         
mkiv        
1            
0            
0            
0            
0            
0            
0            
0            
7206         
0            
242          
-3           
750          
700          
9749         
178          
2543         
0            
0            
2669         
250          
0.3          
64           
256          
0           
64           
60           
2230         
11 July/11    

