uaIntegration time is 0.2294 seconds per sampledt  3.4E-08 cy 1dh120419Reading 51.44 .94 2.43pr1000dark .1 
 300.02  2900  1442 .25 
 300.1  2905  1512 .25 
 300.13  2910  1582 0 
 300.2  2915  1652 .25 
 300.23  2920  1722 .25 
 300.3  2925  1792 0 
 300.34  2930  1862 .25 
 300.37  2935  1932 0 
 300.45  2940  2003 0 
 300.48  2945  2073 .25 
 300.55  2950  2144 0 
 300.58  2955  2215 .25 
 300.65  2960  2285 .25 
 300.69  2965  2356 .25 
 300.75  2970  2427 0 
 300.78  2975  2498 0 
 300.85  2980  2569 .25 
 300.88  2985  2641 0 
 300.95  2990  2712 0 
 300.99  2995  2783 0 
 301.02  3000  2855 .5 
 301.1  3005  2926 .25 
 301.13  3010  2998 .5 
 301.2  3015  3070 .25 
 301.23  3020  3142 .75 
 301.3  3025  3213 .75 
 301.34  3030  3285 1.25 
 301.37  3035  3358 1.25 
 301.45  3040  3430 1.5 
 301.48  3045  3502 1.75 
 301.55  3050  3574 2.75 
 301.59  3055  3647 3.25 
 301.65  3060  3719 3 
 301.68  3065  3792 3.75 
 301.75  3070  3864 5.25 
 301.78  3075  3937 6.5 
 301.85  3080  4010 6.25 
 301.88  3085  4083 8.25 
 301.95  3090  4156 7.25 
 301.98  3095  4229 8.75 
 302.05  3100  4302 9.25 
 302.09  3105  4376 16 
 302.12  3110  4449 19.25 
 302.2  3115  4522 18 
 302.23  3120  4596 20.25 
 302.3  3125  4669 26 
 302.34  3130  4743 27 
 302.4  3135  4817 25.25 
 302.44  3140  4891 32.5 
 302.47  3145  4965 32.25 
 302.55  3150  5039 43.25 
 302.58  3155  5113 34 
 302.65  3160  5187 29.75 
 302.68  3165  5261 45.75 
 302.75  3170  5336 52 
 302.78  3175  5410 51.25 
 302.85  3180  5485 43 
 302.88  3185  5559 56.75 
 302.95  3190  5634 68.75 
 302.99  3195  5709 52.5 
 303.05  3200  5783 58.75 
 303.09  3205  5858 73 
 303.15  3210  5933 76.75 
 303.18  3215  6008 70 
 303.25  3220  6083 61.75 
 303.28  3225  6159 49.5 
 303.35  3230  6234 57.75 
 303.38  3235  6309 73.75 
 303.45  3240  6385 86.5 
 303.48  3245  6460 71.5 
 303.55  3250  6536 56.5 
end
uaIntegration time is 0.2294 seconds per sampledt  3.4E-08 cy 1dh120419Reading 51.44 .94 2.41pr1000dark .05 
 330.02  2900  1442 1.5 
 330.1  2905  1512 2 
 330.13  2910  1582 1.5 
 330.2  2915  1652 1.75 
 330.23  2920  1722 1.25 
 330.3  2925  1792 1.5 
 330.33  2930  1862 1.75 
 330.4  2935  1932 1 
 330.44  2940  2003 1.25 
 330.5  2945  2073 2 
 330.53  2950  2144 2.25 
 330.6  2955  2215 1 
 330.63  2960  2285 1.5 
 330.7  2965  2356 2.25 
 330.73  2970  2427 2 
 330.8  2975  2498 2.25 
 330.83  2980  2569 1.5 
 330.9  2985  2641 2.5 
 330.94  2990  2712 1.75 
 330.97  2995  2783 3 
 331.05  3000  2855 2.75 
 331.08  3005  2926 3.5 
 331.15  3010  2998 3 
 331.19  3015  3070 4.25 
 331.25  3020  3142 4 
 331.29  3025  3213 6.5 
 331.32  3030  3285 8 
 331.4  3035  3358 9.75 
 331.43  3040  3430 12 
 331.5  3045  3502 13.75 
 331.54  3050  3574 20.5 
 331.6  3055  3647 22.25 
 331.64  3060  3719 22.75 
 331.67  3065  3792 23.5 
 331.75  3070  3864 40 
 331.78  3075  3937 47.5 
 331.85  3080  4010 55 
 331.88  3085  4083 62.75 
 331.95  3090  4156 57.5 
 331.98  3095  4229 74.25 
 332.05  3100  4302 74.5 
 332.09  3105  4376 117.25 
 332.15  3110  4449 151.5 
 332.18  3115  4522 159.25 
 332.25  3120  4596 157.5 
 332.29  3125  4669 205.75 
 332.32  3130  4743 231 
 332.4  3135  4817 228.5 
 332.43  3140  4891 280.75 
 332.5  3145  4965 296.5 
 332.54  3150  5039 393.5 
 332.57  3155  5113 321.5 
 332.65  3160  5187 308.75 
 332.69  3165  5261 470 
 332.75  3170  5336 553.5 
 332.78  3175  5410 538.5 
 332.85  3180  5485 456.5 
 332.88  3185  5559 680.5 
 332.95  3190  5634 830 
 332.98  3195  5709 598.25 
 333.05  3200  5783 652.25 
 333.08  3205  5858 926.75 
 333.15  3210  5933 994.25 
 333.19  3215  6008 923.25 
 333.22  3220  6083 779.25 
 333.3  3225  6159 604.5 
 333.34  3230  6234 693.75 
 333.4  3235  6309 1041.25 
 333.44  3240  6385 1179.75 
 333.5  3245  6460 989.25 
 333.53  3250  6536 682.25 
end
uaIntegration time is 0.2294 seconds per sampledt  3.4E-08 cy 1dh120419Reading 51.44 .94 2.45pr1000dark .05 
 360.02  2900  1442 4.75 
 360.1  2905  1512 7 
 360.14  2910  1582 5.5 
 360.21  2915  1652 6.5 
 360.24  2920  1722 6.25 
 360.31  2925  1792 7.75 
 360.34  2930  1862 6.25 
 360.41  2935  1932 5.75 
 360.44  2940  2003 5.5 
 360.51  2945  2073 6 
 360.54  2950  2144 6.75 
 360.6  2955  2215 6.5 
 360.64  2960  2285 6.5 
 360.71  2965  2356 5.25 
 360.74  2970  2427 6.25 
 360.8  2975  2498 6 
 360.84  2980  2569 6.75 
 360.9  2985  2641 7.25 
 360.94  2990  2712 6.75 
 361.01  2995  2783 8.25 
 361.04  3000  2855 8 
 361.11  3005  2926 8 
 361.14  3010  2998 11 
 361.2  3015  3070 11.25 
 361.24  3020  3142 11.75 
 361.3  3025  3213 15.25 
 361.34  3030  3285 21 
 361.4  3035  3358 24.75 
 361.44  3040  3430 23.25 
 361.51  3045  3502 33.25 
 361.54  3050  3574 51.5 
 361.61  3055  3647 56 
 361.64  3060  3719 56.75 
 361.71  3065  3792 69.75 
 361.74  3070  3864 101.25 
 361.81  3075  3937 133.25 
 361.84  3080  4010 140.25 
 361.88  3085  4083 169.75 
 361.96  3090  4156 167 
 361.99  3095  4229 209.75 
 362.05  3100  4302 240.5 
 362.09  3105  4376 386.75 
 362.16  3110  4449 482.75 
 362.19  3115  4522 499 
 362.26  3120  4596 584 
 362.29  3125  4669 763.5 
 362.36  3130  4743 858.5 
 362.4  3135  4817 859.25 
 362.43  3140  4891 1137.5 
 362.51  3145  4965 1228.75 
 362.54  3150  5039 1645.5 
 362.61  3155  5113 1320 
 362.64  3160  5187 1312.75 
 362.71  3165  5261 2110.25 
 362.74  3170  5336 2529.25 
 362.78  3175  5410 2452.5 
 362.86  3180  5485 1936 
 362.89  3185  5559 2434.5 
 362.96  3190  5634 3292.75 
 362.99  3195  5709 2095.25 
 363.05  3200  5783 2941.25 
 363.09  3205  5858 4131.75 
 363.16  3210  5933 4145.25 
 363.19  3215  6008 3877 
 363.23  3220  6083 3403.5 
 363.31  3225  6159 2644.75 
 363.34  3230  6234 2894.25 
 363.38  3235  6309 3912.75 
 363.45  3240  6385 4326.25 
 363.49  3245  6460 3738.25 
 363.56  3250  6536 2765 
end
uaIntegration time is 0.2294 seconds per sampledt  3.4E-08 cy 1dh120419Reading 51.44 .94 2.5pr1000dark .05 
 390.02  2900  1442 15 
 390.1  2905  1512 13 
 390.13  2910  1582 14.25 
 390.2  2915  1652 14.5 
 390.23  2920  1722 15 
 390.3  2925  1792 14.75 
 390.34  2930  1862 16.25 
 390.37  2935  1932 14 
 390.45  2940  2003 14.75 
 390.48  2945  2073 13.75 
 390.55  2950  2144 14.25 
 390.59  2955  2215 16.25 
 390.65  2960  2285 15.75 
 390.69  2965  2356 16 
 390.74  2970  2427 16.25 
 390.78  2975  2498 16.75 
 390.85  2980  2569 15.5 
 390.89  2985  2641 17.5 
 390.92  2990  2712 18.75 
 391  2995  2783 18.5 
 391.03  3000  2855 19.25 
 391.1  3005  2926 19.5 
 391.13  3010  2998 30 
 391.2  3015  3070 29.75 
 391.24  3020  3142 24 
 391.3  3025  3213 41.75 
 391.34  3030  3285 46.75 
 391.37  3035  3358 55.25 
 391.45  3040  3430 55.75 
 391.49  3045  3502 76 
 391.55  3050  3574 107.75 
 391.58  3055  3647 126 
 391.65  3060  3719 124.5 
 391.69  3065  3792 152.25 
 391.75  3070  3864 249 
 391.79  3075  3937 351.75 
 391.85  3080  4010 374 
 391.88  3085  4083 450.75 
 391.95  3090  4156 452 
 391.98  3095  4229 640.75 
 392.05  3100  4302 719.5 
 392.09  3105  4376 1193 
 392.12  3110  4449 1527.25 
 392.2  3115  4522 1622.5 
 392.24  3120  4596 1898.5 
 392.27  3125  4669 2534.75 
 392.35  3130  4743 2839.25 
 392.38  3135  4817 2767.5 
 392.45  3140  4891 3687 
 392.49  3145  4965 3882.25 
 392.52  3150  5039 5144.75 
 392.6  3155  5113 4182.75 
 392.64  3160  5187 4000.25 
 392.7  3165  5261 6178 
 392.73  3170  5336 7459 
 392.8  3175  5410 7250.5 
 392.84  3180  5485 5917.75 
 392.9  3185  5559 8128 
 392.95  3190  5634 9595 
 392.99  3195  5709 7192.25 
 393.02  3200  5783 8042.75 
 393.1  3205  5858 10363.25 
 393.14  3210  5933 9794.5 
 393.17  3215  6008 9024.75 
 393.25  3220  6083 8406.75 
 393.28  3225  6159 6626 
 393.35  3230  6234 6732.5 
 393.39  3235  6309 8477.5 
 393.45  3240  6385 9267 
 393.49  3245  6460 8309 
 393.52  3250  6536 6376.25 
end
uaIntegration time is 0.2294 seconds per sampledt  3.4E-08 cy 1dh120419Reading 51.44 .94 2.56pr1000dark .1 
 420.02  2900  1442 23.75 
 420.1  2905  1512 26 
 420.13  2910  1582 26.25 
 420.2  2915  1652 24.75 
 420.23  2920  1722 30.75 
 420.3  2925  1792 28 
 420.34  2930  1862 28.25 
 420.4  2935  1932 38 
 420.43  2940  2003 37 
 420.5  2945  2073 31.5 
 420.53  2950  2144 34 
 420.6  2955  2215 36 
 420.63  2960  2285 32.75 
 420.7  2965  2356 29.25 
 420.73  2970  2427 31 
 420.8  2975  2498 43 
 420.84  2980  2569 37 
 420.87  2985  2641 35.5 
 420.95  2990  2712 37.5 
 420.98  2995  2783 38 
 421.05  3000  2855 37 
 421.08  3005  2926 36.25 
 421.15  3010  2998 43.5 
 421.19  3015  3070 47.75 
 421.22  3020  3142 50.5 
 421.3  3025  3213 67.75 
 421.34  3030  3285 88.75 
 421.37  3035  3358 120.75 
 421.45  3040  3430 120.25 
 421.48  3045  3502 173.5 
 421.55  3050  3574 253.25 
 421.59  3055  3647 305 
 421.65  3060  3719 314 
 421.69  3065  3792 410.25 
 421.72  3070  3864 647.5 
 421.8  3075  3937 934.25 
 421.83  3080  4010 1049 
 421.9  3085  4083 1297.25 
 421.93  3090  4156 1246.25 
 422  3095  4229 1735.5 
 422.03  3100  4302 1996.5 
 422.1  3105  4376 3215.5 
 422.13  3110  4449 4222 
 422.2  3115  4522 4354.25 
 422.24  3120  4596 4879 
 422.27  3125  4669 6319.75 
 422.35  3130  4743 6977.5 
 422.38  3135  4817 6842.25 
 422.45  3140  4891 8806 
 422.48  3145  4965 8776.75 
 422.55  3150  5039 11494.25 
 422.59  3155  5113 9423.5 
 422.65  3160  5187 8732.5 
 422.69  3165  5261 12940.75 
 422.72  3170  5336 15337.5 
 422.8  3175  5410 15124.25 
 422.83  3180  5485 11974.25 
 422.9  3185  5559 15600.25 
 422.94  3190  5634 18063.75 
 423  3195  5709 13980 
 423.03  3200  5783 15759.75 
 423.1  3205  5858 19335.5 
 423.13  3210  5933 17385.75 
 423.2  3215  6008 15968 
 423.24  3220  6083 15361.5 
 423.3  3225  6159 12138.5 
 423.34  3230  6234 11987.5 
 423.37  3235  6309 14341 
 423.45  3240  6385 15521.25 
 423.49  3245  6460 14113 
 423.55  3250  6536 11124.5 
end
uaIntegration time is 0.2294 seconds per sampledt  3.4E-08 cy 1dh120419Reading 51.44 .94 2.7pr1000dark .05 
 450.02  2900  1442 44.25 
 450.1  2905  1512 41.25 
 450.13  2910  1582 42.5 
 450.2  2915  1652 44 
 450.24  2920  1722 45.5 
 450.3  2925  1792 46.75 
 450.34  2930  1862 45 
 450.4  2935  1932 46.5 
 450.43  2940  2003 48.5 
 450.5  2945  2073 47.25 
 450.53  2950  2144 47.75 
 450.6  2955  2215 46.25 
 450.63  2960  2285 50.75 
 450.7  2965  2356 49.75 
 450.73  2970  2427 50.5 
 450.8  2975  2498 50 
 450.83  2980  2569 50.5 
 450.9  2985  2641 52.75 
 450.94  2990  2712 61 
 450.97  2995  2783 63.75 
 451.05  3000  2855 71.25 
 451.08  3005  2926 71.25 
 451.15  3010  2998 86 
 451.18  3015  3070 91 
 451.25  3020  3142 94 
 451.28  3025  3213 133.75 
 451.35  3030  3285 209.5 
 451.39  3035  3358 259.25 
 451.45  3040  3430 283 
 451.49  3045  3502 400.25 
 451.55  3050  3574 647 
 451.58  3055  3647 764.5 
 451.65  3060  3719 801 
 451.69  3065  3792 1037.75 
 451.72  3070  3864 1686.75 
 451.8  3075  3937 2316 
 451.83  3080  4010 2586.5 
 451.9  3085  4083 3117 
 451.93  3090  4156 2977.25 
 452  3095  4229 3961.5 
 452.04  3100  4302 4370.5 
 452.1  3105  4376 7069.5 
 452.13  3110  4449 9071 
 452.2  3115  4522 9189.25 
 452.23  3120  4596 9931.25 
 452.3  3125  4669 12487.75 
 452.34  3130  4743 13615 
 452.4  3135  4817 13395.75 
 452.44  3140  4891 16724.5 
 452.47  3145  4965 16019.75 
 452.55  3150  5039 20653.75 
 452.58  3155  5113 17158.75 
 452.65  3160  5187 15273.5 
 452.68  3165  5261 22033.75 
 452.74  3170  5336 26159.25 
 452.78  3175  5410 25914.25 
 452.85  3180  5485 20132 
 452.88  3185  5559 25177.5 
 452.95  3190  5634 28692 
 452.98  3195  5709 22628.5 
 453.05  3200  5783 25574.25 
 453.08  3205  5858 30449.5 
 453.15  3210  5933 26640.25 
 453.19  3215  6008 24282.75 
 453.25  3220  6083 23943 
 453.28  3225  6159 18983.25 
 453.35  3230  6234 18288 
 453.38  3235  6309 21214.75 
 453.45  3240  6385 22875.25 
 453.49  3245  6460 21080 
 453.55  3250  6536 16891.5 
end
uaIntegration time is 0.2294 seconds per sampledt  3.4E-08 cy 1dh120419Reading 51.44 .94 2.8pr1000dark .05 
 480.02  2900  1442 66.25 
 480.1  2905  1512 69.75 
 480.13  2910  1582 62.25 
 480.2  2915  1652 69.5 
 480.24  2920  1722 69.5 
 480.3  2925  1792 73.5 
 480.34  2930  1862 72 
 480.4  2935  1932 66.25 
 480.43  2940  2003 71.75 
 480.5  2945  2073 70 
 480.54  2950  2144 74.25 
 480.57  2955  2215 74.25 
 480.65  2960  2285 75 
 480.69  2965  2356 75.75 
 480.75  2970  2427 77.75 
 480.78  2975  2498 77.75 
 480.85  2980  2569 83.75 
 480.89  2985  2641 83.5 
 480.95  2990  2712 88 
 480.98  2995  2783 111.25 
 481.05  3000  2855 101.25 
 481.09  3005  2926 113.75 
 481.15  3010  2998 137.5 
 481.18  3015  3070 167 
 481.24  3020  3142 184.75 
 481.28  3025  3213 276 
 481.35  3030  3285 463.75 
 481.38  3035  3358 593 
 481.45  3040  3430 626 
 481.49  3045  3502 908.25 
 481.52  3050  3574 1450.5 
 481.6  3055  3647 1697.5 
 481.64  3060  3719 1754.5 
 481.7  3065  3792 2266.75 
 481.74  3070  3864 3559 
 481.8  3075  3937 4706.5 
 481.84  3080  4010 5246.75 
 481.87  3085  4083 6159.75 
 481.95  3090  4156 5780 
 481.99  3095  4229 7400.75 
 482.05  3100  4302 7999.5 
 482.08  3105  4376 12791.75 
 482.14  3110  4449 16117.25 
 482.18  3115  4522 16164.5 
 482.25  3120  4596 16940.75 
 482.28  3125  4669 20695.25 
 482.35  3130  4743 22394 
 482.39  3135  4817 22010 
 482.42  3140  4891 26959.25 
 482.5  3145  4965 24933.5 
 482.53  3150  5039 31980.25 
 482.6  3155  5113 26613.25 
 482.63  3160  5187 23321.25 
 482.7  3165  5261 32862.5 
 482.73  3170  5336 39022.75 
 482.8  3175  5410 38792.5 
 482.83  3180  5485 29677 
 482.9  3185  5559 36182.25 
 482.94  3190  5634 40651 
 483  3195  5709 32701.25 
 483.03  3200  5783 36787 
 483.1  3205  5858 43107.75 
 483.14  3210  5933 36865.75 
 483.2  3215  6008 33504.5 
 483.24  3220  6083 33704 
 483.27  3225  6159 26713.75 
 483.35  3230  6234 25333.75 
 483.39  3235  6309 28767 
 483.45  3240  6385 30909.75 
 483.49  3245  6460 28600 
 483.52  3250  6536 23244.25 
end
uaIntegration time is 0.2294 seconds per sampledt  3.4E-08 cy 1dh120419Reading 51.44 .94 2.98pr1000dark .15 
 510.02  2900  1442 86.5 
 510.1  2905  1512 92.75 
 510.14  2910  1582 86.5 
 510.17  2915  1652 95.25 
 510.25  2920  1722 98.75 
 510.28  2925  1792 96.5 
 510.35  2930  1862 88.75 
 510.38  2935  1932 99.25 
 510.45  2940  2003 95.25 
 510.49  2945  2073 98.75 
 510.55  2950  2144 95.25 
 510.59  2955  2215 95.75 
 510.65  2960  2285 108.5 
 510.68  2965  2356 102.25 
 510.75  2970  2427 104.25 
 510.78  2975  2498 110.25 
 510.85  2980  2569 111 
 510.89  2985  2641 120.5 
 510.95  2990  2712 135.25 
 510.99  2995  2783 144.75 
 511.05  3000  2855 153.5 
 511.08  3005  2926 181.25 
 511.15  3010  2998 251 
 511.19  3015  3070 323.5 
 511.25  3020  3142 322.25 
 511.29  3025  3213 561.5 
 511.35  3030  3285 915 
 511.38  3035  3358 1169.25 
 511.45  3040  3430 1243 
 511.49  3045  3502 1786.75 
 511.52  3050  3574 2800.5 
 511.6  3055  3647 3179.75 
 511.63  3060  3719 3284.25 
 511.7  3065  3792 4131.75 
 511.73  3070  3864 6262.75 
 511.8  3075  3937 8199 
 511.83  3080  4010 8846.5 
 511.9  3085  4083 10365 
 511.94  3090  4156 9569.25 
 512  3095  4229 11836 
 512.04  3100  4302 12640 
 512.07  3105  4376 20100 
 512.1501  3110  4449 24891 
 512.19  3115  4522 24726.75 
 512.25  3120  4596 25252.75 
 512.2801  3125  4669 30369 
 512.35  3130  4743 32425.5 
 512.41  3135  4817 32101.5 
 512.44  3140  4891 38460 
 512.48  3145  4965 34928 
 512.55  3150  5039 44338.75 
 512.5801  3155  5113 36855.25 
 512.6501  3160  5187 32139.5 
 512.69  3165  5261 44422.25 
 512.72  3170  5336 52627.5 
 512.8  3175  5410 52158 
 512.8301  3180  5485 39555.5 
 512.9001  3185  5559 47778.25 
 512.93  3190  5634 52866.5 
 513  3195  5709 43023 
 513.0301  3200  5783 48482 
 513.1  3205  5858 55879.25 
 513.13  3210  5933 46775.5 
 513.2  3215  6008 42673 
 513.23  3220  6083 43418 
 513.3  3225  6159 34378.75 
 513.3301  3230  6234 32358 
 513.4001  3235  6309 36151.25 
 513.43  3240  6385 38752.25 
 513.5  3245  6460 36013.25 
 513.5301  3250  6536 29514 
end
uaIntegration time is 0.2294 seconds per sampledt  3.4E-08 cy 1dh120419Reading 51.44 .94 3.11pr1000dark .25 
 540.02  2900  1442 108 
 540.1  2905  1512 116.5 
 540.13  2910  1582 115.75 
 540.2  2915  1652 110 
 540.24  2920  1722 118 
 540.3  2925  1792 116.5 
 540.34  2930  1862 124 
 540.4  2935  1932 117.5 
 540.44  2940  2003 120.75 
 540.5  2945  2073 124.75 
 540.54  2950  2144 129.5 
 540.57  2955  2215 134 
 540.65  2960  2285 128.5 
 540.68  2965  2356 135.75 
 540.75  2970  2427 137.5 
 540.78  2975  2498 147.75 
 540.85  2980  2569 156.25 
 540.88  2985  2641 155.75 
 540.95  2990  2712 178.75 
 540.98  2995  2783 216.25 
 541.05  3000  2855 233.25 
 541.09  3005  2926 289.25 
 541.12  3010  2998 409.25 
 541.2  3015  3070 546.5 
 541.23  3020  3142 541 
 541.3  3025  3213 969.75 
 541.33  3030  3285 1638 
 541.4  3035  3358 2099.25 
 541.43  3040  3430 2142.25 
 541.5  3045  3502 3049 
 541.53  3050  3574 4671.25 
 541.6  3055  3647 5237.5 
 541.63  3060  3719 5323.5 
 541.7  3065  3792 6574.75 
 541.73  3070  3864 9772 
 541.8  3075  3937 12378.25 
 541.84  3080  4010 13450.5 
 541.87  3085  4083 15417 
 541.95  3090  4156 14209.5 
 541.98  3095  4229 17005 
 542.05  3100  4302 17856.25 
 542.09  3105  4376 28055 
 542.12  3110  4449 34673.25 
 542.2  3115  4522 34157.75 
 542.23  3120  4596 34194.75 
 542.3  3125  4669 40600.25 
 542.33  3130  4743 43052.5 
 542.4  3135  4817 42676.25 
 542.44  3140  4891 50649.5 
 542.47  3145  4965 44933.75 
 542.55  3150  5039 56883 
 542.59  3155  5113 47851 
 542.65  3160  5187 40729.5 
 542.68  3165  5261 55909.25 
 542.75  3170  5336 66308.25 
 542.79  3175  5410 66130.5 
 542.82  3180  5485 49598.25 
 542.9  3185  5559 58585.5 
 542.93  3190  5634 65125 
 543  3195  5709 53130.5 
 543.04  3200  5783 60199.25 
 543.07  3205  5858 68328 
 543.15  3210  5933 56991.25 
 543.18  3215  6008 51782.75 
 543.25  3220  6083 53323 
 543.28  3225  6159 42324 
 543.35  3230  6234 39245.5 
 543.38  3235  6309 43600.25 
 543.45  3240  6385 46469.75 
 543.48  3245  6460 43540.25 
 543.55  3250  6536 35948.5 
end
uaIntegration time is 0.2294 seconds per sampledt  3.4E-08 cy 1dh120419Reading 51.44 .94 3.23pr1000dark .2 
 570.02  2900  1442 131.75 
 570.1  2905  1512 139.25 
 570.14  2910  1582 143.75 
 570.18  2915  1652 144.5 
 570.25  2920  1722 147.75 
 570.29  2925  1792 144.5 
 570.32  2930  1862 147.25 
 570.4  2935  1932 151 
 570.44  2940  2003 150 
 570.47  2945  2073 148.75 
 570.55  2950  2144 162.75 
 570.58  2955  2215 164.75 
 570.65  2960  2285 161.5 
 570.68  2965  2356 163 
 570.75  2970  2427 176.5 
 570.78  2975  2498 187.75 
 570.85  2980  2569 167.25 
 570.88  2985  2641 187.25 
 570.95  2990  2712 220.25 
 570.98  2995  2783 277.5 
 571.05  3000  2855 290.25 
 571.09  3005  2926 372 
 571.12  3010  2998 547 
 571.2  3015  3070 739.75 
 571.23  3020  3142 747.75 
 571.3  3025  3213 1329 
 571.33  3030  3285 2198.5 
 571.4  3035  3358 2795.75 
 571.43  3040  3430 2835 
 571.5  3045  3502 4410.5 
 571.53  3050  3574 6951.75 
 571.6  3055  3647 7582 
 571.64  3060  3719 7608.25 
 571.7  3065  3792 9478.25 
 571.73  3070  3864 13757 
 571.8  3075  3937 17185.5 
 571.84  3080  4010 18473.5 
 571.87  3085  4083 21118.5 
 571.95  3090  4156 19187 
 571.99  3095  4229 22551.75 
 572.02  3100  4302 23383.5 
 572.1  3105  4376 36713.75 
 572.14  3110  4449 45204 
 572.17  3115  4522 44307.5 
 572.25  3120  4596 43768.5 
 572.29  3125  4669 51537.5 
 572.35  3130  4743 54413.25 
 572.38  3135  4817 53939.75 
 572.45  3140  4891 63704.5 
 572.48  3145  4965 55906.5 
 572.55  3150  5039 70583.5 
 572.58  3155  5113 59722.25 
 572.65  3160  5187 50308.25 
 572.68  3165  5261 68261 
 572.75  3170  5336 80675.75 
 572.78  3175  5410 80686.5 
 572.85  3180  5485 60346.25 
 572.89  3185  5559 70447.75 
 572.92  3190  5634 77364 
 573  3195  5709 63695.75 
 573.04  3200  5783 72008 
 573.07  3205  5858 81312.5 
 573.15  3210  5933 67103.5 
 573.19  3215  6008 60722.25 
 573.25  3220  6083 62844 
 573.29  3225  6159 50158.5 
 573.32  3230  6234 46136 
 573.4  3235  6309 50598.5 
 573.44  3240  6385 53707.25 
 573.5  3245  6460 50649.75 
 573.54  3250  6536 41807.75 
end
uaIntegration time is 0.2294 seconds per sampledt  3.4E-08 cy 1dh120419Reading 51.44 .94 3.39pr1000dark .35 
 600.02  2900  1442 166.75 
 600.1  2905  1512 167 
 600.13  2910  1582 161.25 
 600.2  2915  1652 175.5 
 600.23  2920  1722 172 
 600.3  2925  1792 166.75 
 600.33  2930  1862 177.25 
 600.4  2935  1932 173.5 
 600.44  2940  2003 178.5 
 600.5  2945  2073 170.25 
 600.53  2950  2144 187 
 600.6  2955  2215 189.75 
 600.64  2960  2285 192.5 
 600.7  2965  2356 204 
 600.74  2970  2427 211.25 
 600.77  2975  2498 235.25 
 600.85  2980  2569 267.25 
 600.88  2985  2641 276 
 600.95  2990  2712 350.75 
 600.98  2995  2783 457.75 
 601.05  3000  2855 486.25 
 601.09  3005  2926 626.25 
 601.12  3010  2998 950 
 601.2  3015  3070 1292 
 601.24  3020  3142 1275 
 601.27  3025  3213 2299.5 
 601.35  3030  3285 3761 
 601.38  3035  3358 4770 
 601.45  3040  3430 4620.5 
 601.48  3045  3502 6308 
 601.55  3050  3574 8614 
 601.59  3055  3647 8707.75 
 601.65  3060  3719 8194.75 
 601.69  3065  3792 10162.25 
 601.72  3070  3864 14323.25 
 601.8  3075  3937 17454 
 601.84  3080  4010 18765.25 
 601.87  3085  4083 21561.25 
 601.95  3090  4156 20125 
 601.98  3095  4229 23456.25 
 602.05  3100  4302 25813.75 
 602.08  3105  4376 42186.25 
 602.15  3110  4449 54316.25 
 602.18  3115  4522 53250 
 602.25  3120  4596 51658 
 602.29  3125  4669 56369.75 
 602.35  3130  4743 52837.25 
 602.39  3135  4817 50784.5 
 602.45  3140  4891 57984.75 
 602.49  3145  4965 50475.75 
 602.55  3150  5039 63058.5 
 602.59  3155  5113 53473.25 
 602.62  3160  5187 44921.25 
 602.7  3165  5261 60490.25 
 602.76  3170  5336 71094.75 
 602.8  3175  5410 71054.5 
 602.83  3180  5485 53139 
 602.9  3185  5559 61376.25 
 602.93  3190  5634 67473.25 
 603  3195  5709 55816 
 603.03  3200  5783 63158.5 
 603.1  3205  5858 70784.25 
 603.14  3210  5933 58466.25 
 603.17  3215  6008 53322.5 
 603.25  3220  6083 58389 
 603.28  3225  6159 48501.75 
 603.35  3230  6234 49556.5 
 603.39  3235  6309 55959.75 
 603.45  3240  6385 60912.75 
 603.48  3245  6460 57564.5 
 603.55  3250  6536 46446.75 
end
uaIntegration time is 0.2294 seconds per sampledt  3.4E-08 cy 1dh120419Reading 51.44 .94 3.47pr1000dark .55 
 630.02  2900  1442 182.25 
 630.1  2905  1512 191 
 630.13  2910  1582 192.75 
 630.2  2915  1652 187.75 
 630.23  2920  1722 197.25 
 630.3  2925  1792 208.75 
 630.34  2930  1862 200.25 
 630.37  2935  1932 198 
 630.45  2940  2003 202.5 
 630.48  2945  2073 204.5 
 630.55  2950  2144 220.25 
 630.58  2955  2215 215 
 630.65  2960  2285 225.5 
 630.68  2965  2356 231.25 
 630.75  2970  2427 242.75 
 630.78  2975  2498 288.75 
 630.85  2980  2569 311.75 
 630.88  2985  2641 340.75 
 630.95  2990  2712 463.5 
 630.99  2995  2783 595.25 
 631.02  3000  2855 633.5 
 631.1  3005  2926 819 
 631.14  3010  2998 1262.25 
 631.17  3015  3070 1745.25 
 631.25  3020  3142 1670.25 
 631.29  3025  3213 2983.25 
 631.32  3030  3285 4848 
 631.4  3035  3358 6105.5 
 631.43  3040  3430 6074.5 
 631.5  3045  3502 8366 
 631.53  3050  3574 12079 
 631.6  3055  3647 12968.75 
 631.64  3060  3719 12842.25 
 631.67  3065  3792 15597.75 
 631.75  3070  3864 22034.5 
 631.78  3075  3937 26845.5 
 631.85  3080  4010 28627.25 
 631.89  3085  4083 32375.75 
 631.95  3090  4156 29053.5 
 631.98  3095  4229 33295.75 
 632.05  3100  4302 33979.25 
 632.09  3105  4376 53003 
 632.15  3110  4449 64528.5 
 632.19  3115  4522 62595.75 
 632.22  3120  4596 60790.75 
 632.3  3125  4669 70669.5 
 632.33  3130  4743 74295 
 632.4  3135  4817 73666.25 
 632.43  3140  4891 85678.75 
 632.5  3145  4965 74213.75 
 632.54  3150  5039 93090.25 
 632.57  3155  5113 78935.75 
 632.65  3160  5187 65859.25 
 632.68  3165  5261 88343.5 
 632.75  3170  5336 104122 
 632.78  3175  5410 104616 
 632.85  3180  5485 78028.5 
 632.88  3185  5559 90090.75 
 632.95  3190  5634 98452 
 632.99  3195  5709 82016 
 633.02  3200  5783 92912.25 
 633.1  3205  5858 103593.3 
 633.13  3210  5933 85011.75 
 633.2  3215  6008 76959.5 
 633.23  3220  6083 80177.25 
 633.3  3225  6159 64147.25 
 633.34  3230  6234 58527.25 
 633.4  3235  6309 63729.75 
 633.44  3240  6385 68078.25 
 633.47  3245  6460 64390.5 
 633.55  3250  6536 53564.5 
end
uaIntegration time is 0.2294 seconds per sampledt  3.4E-08 cy 1dh120419Reading 51.44 .94 3.58pr1000dark .55 
 660.02  2900  1442 204.75 
 660.1  2905  1512 216 
 660.13  2910  1582 209.75 
 660.2  2915  1652 215.25 
 660.24  2920  1722 215.25 
 660.3  2925  1792 214.25 
 660.34  2930  1862 213 
 660.37  2935  1932 217.25 
 660.45  2940  2003 217.5 
 660.48  2945  2073 225.25 
 660.55  2950  2144 231.25 
 660.58  2955  2215 240.25 
 660.65  2960  2285 248 
 660.68  2965  2356 264 
 660.75  2970  2427 274.25 
 660.78  2975  2498 328 
 660.85  2980  2569 364.75 
 660.88  2985  2641 382.5 
 660.95  2990  2712 534.25 
 660.99  2995  2783 687.75 
 661.02  3000  2855 745.25 
 661.1  3005  2926 965.5 
 661.14  3010  2998 1493 
 661.2  3015  3070 2030.25 
 661.24  3020  3142 1927.75 
 661.3  3025  3213 3071.25 
 661.34  3030  3285 4324 
 661.39  3035  3358 5201.5 
 661.43  3040  3430 5055.25 
 661.5  3045  3502 6801.75 
 661.53  3050  3574 9625.5 
 661.6  3055  3647 10123 
 661.63  3060  3719 10094 
 661.7  3065  3792 12163.5 
 661.73  3070  3864 16975 
 661.8  3075  3937 20584 
 661.84  3080  4010 21772.75 
 661.9  3085  4083 24501.75 
 661.93  3090  4156 21929 
 662  3095  4229 25125.25 
 662.04  3100  4302 25620 
 662.1  3105  4376 39818.75 
 662.13  3110  4449 48069 
 662.2  3115  4522 46841.75 
 662.23  3120  4596 45337.25 
 662.3  3125  4669 52630.5 
 662.34  3130  4743 54781 
 662.4  3135  4817 54473.5 
 662.44  3140  4891 62763.75 
 662.47  3145  4965 54535 
 662.55  3150  5039 67663.75 
 662.59  3155  5113 57258.25 
 662.62  3160  5187 48211.75 
 662.7  3165  5261 64408.75 
 662.73  3170  5336 75775.25 
 662.8  3175  5410 75227 
 662.84  3180  5485 56397.25 
 662.9  3185  5559 65268.75 
 662.94  3190  5634 70485.75 
 662.97  3195  5709 59005.5 
 663.05  3200  5783 66704.5 
 663.08  3205  5858 74030.5 
 663.15  3210  5933 60650.5 
 663.19  3215  6008 55173 
 663.22  3220  6083 57008 
 663.3  3225  6159 45822 
 663.33  3230  6234 42391.25 
 663.4  3235  6309 47223.25 
 663.43  3240  6385 51167 
 663.5  3245  6460 47236.25 
 663.53  3250  6536 38700 
end
uaIntegration time is 0.2294 seconds per sampledt  3.4E-08 cy 1dh120419Reading 51.44 .94 3.66pr1000dark .75 
 690.02  2900  1442 195.75 
 690.1  2905  1512 204 
 690.13  2910  1582 181.25 
 690.2  2915  1652 193.75 
 690.24  2920  1722 199 
 690.27  2925  1792 176 
 690.35  2930  1862 176.25 
 690.39  2935  1932 181.5 
 690.45  2940  2003 185.75 
 690.49  2945  2073 191.75 
 690.55  2950  2144 187.25 
 690.59  2955  2215 197.75 
 690.62  2960  2285 205.5 
 690.7  2965  2356 238.75 
 690.73  2970  2427 285.5 
 690.8  2975  2498 340.75 
 690.84  2980  2569 379 
 690.9  2985  2641 325.5 
 690.94  2990  2712 445.25 
 690.97  2995  2783 587.5 
 691.05  3000  2855 654.5 
 691.09  3005  2926 1017.5 
 691.15  3010  2998 1698.25 
 691.19  3015  3070 2302.25 
 691.25  3020  3142 2159.5 
 691.28  3025  3213 3896 
 691.35  3030  3285 5906.5 
 691.39  3035  3358 7270.75 
 691.45  3040  3430 7436 
 691.49  3045  3502 10168 
 691.52  3050  3574 14520 
 691.6  3055  3647 15240.25 
 691.63  3060  3719 15389.5 
 691.7  3065  3792 18316 
 691.73  3070  3864 25518.5 
 691.8  3075  3937 31399.25 
 691.84  3080  4010 33121 
 691.87  3085  4083 37196.25 
 691.95  3090  4156 33744 
 691.98  3095  4229 38096.25 
 692.05  3100  4302 34761.75 
 692.08  3105  4376 53281.25 
 692.15  3110  4449 61291.75 
 692.18  3115  4522 61395.25 
 692.25  3120  4596 52175.75 
 692.28  3125  4669 59764.25 
 692.35  3130  4743 61859 
 692.38  3135  4817 61528.5 
 692.45  3140  4891 71125 
 692.48  3145  4965 61586.5 
 692.55  3150  5039 83212.25 
 692.59  3155  5113 76844.75 
 692.65  3160  5187 62255.75 
 692.69  3165  5261 79129.75 
 692.72  3170  5336 90561.75 
 692.8  3175  5410 93053 
 692.83  3180  5485 70632 
 692.9  3185  5559 87088.25 
 692.94  3190  5634 85931.5 
 693  3195  5709 65200.75 
 693.03  3200  5783 74474.25 
 693.1  3205  5858 87215 
 693.13  3210  5933 74448 
 693.2  3215  6008 63139.5 
 693.24  3220  6083 64545 
 693.3  3225  6159 51097.25 
 693.33  3230  6234 46175.25 
 693.4  3235  6309 49834 
 693.43  3240  6385 53092.25 
 693.5  3245  6460 51266.25 
 693.53  3250  6536 43705.25 
end
uaIntegration time is 0.2294 seconds per sampledt  3.4E-08 cy 1dh120419Reading 51.44 .94 3.64pr1000dark .9 
 720.02  2900  1442 128.5 
 720.1  2905  1512 129.5 
 720.13  2910  1582 139 
 720.2  2915  1652 137.5 
 720.23  2920  1722 138.5 
 720.3  2925  1792 137.5 
 720.34  2930  1862 136.25 
 720.4  2935  1932 140.5 
 720.43  2940  2003 144.75 
 720.5  2945  2073 141.75 
 720.53  2950  2144 150.75 
 720.6  2955  2215 160 
 720.63  2960  2285 161.25 
 720.7  2965  2356 166.25 
 720.73  2970  2427 183.75 
 720.8  2975  2498 226.75 
 720.83  2980  2569 248.5 
 720.9  2985  2641 260 
 720.93  2990  2712 370.75 
 721  2995  2783 488.75 
 721.03  3000  2855 521.5 
 721.1  3005  2926 683.75 
 721.13  3010  2998 1046.25 
 721.2  3015  3070 1432.75 
 721.24  3020  3142 1354.25 
 721.27  3025  3213 2422 
 721.35  3030  3285 3950.5 
 721.38  3035  3358 4883.75 
 721.45  3040  3430 4809.25 
 721.48  3045  3502 6563 
 721.55  3050  3574 9357.25 
 721.59  3055  3647 9986.25 
 721.62  3060  3719 9962.75 
 721.7  3065  3792 12041.75 
 721.74  3070  3864 16824.5 
 721.77  3075  3937 20275.75 
 721.85  3080  4010 21558.5 
 721.89  3085  4083 24350 
 721.92  3090  4156 21738.5 
 722  3095  4229 24806.5 
 722.04  3100  4302 25200.75 
 722.1  3105  4376 39246.5 
 722.13  3110  4449 47456.5 
 722.2  3115  4522 46315 
 722.23  3120  4596 44705.5 
 722.3  3125  4669 51888.25 
 722.34  3130  4743 54338.75 
 722.37  3135  4817 53912 
 722.45  3140  4891 62573.5 
 722.48  3145  4965 53995.75 
 722.55  3150  5039 67700.5 
 722.58  3155  5113 57428.5 
 722.65  3160  5187 47985 
 722.7  3165  5261 64502.25 
 722.73  3170  5336 76272.25 
 722.8  3175  5410 76533.75 
 722.83  3180  5485 56881 
 722.9  3185  5559 65770 
 722.94  3190  5634 71679.75 
 722.97  3195  5709 60091 
 723.05  3200  5783 68411.5 
 723.09  3205  5858 76191.75 
 723.12  3210  5933 62727.25 
 723.2  3215  6008 57067.5 
 723.24  3220  6083 59724.5 
 723.27  3225  6159 47910.75 
 723.35  3230  6234 44968 
 723.39  3235  6309 48055 
 723.45  3240  6385 50664 
 723.49  3245  6460 48107.5 
 723.55  3250  6536 39915.25 
end
uaIntegration time is 0.2294 seconds per sampledt  3.4E-08 cy 1dh120419Reading 51.44 .94 3.68pr1000dark 1.05 
 750.02  2900  1442 101.5 
 750.1  2905  1512 102.25 
 750.14  2910  1582 107 
 750.17  2915  1652 102.5 
 750.25  2920  1722 110.75 
 750.28  2925  1792 108.75 
 750.35  2930  1862 114 
 750.39  2935  1932 118.25 
 750.42  2940  2003 114.5 
 750.5  2945  2073 119.5 
 750.54  2950  2144 118.75 
 750.57  2955  2215 123.25 
 750.65  2960  2285 132.5 
 750.68  2965  2356 134 
 750.75  2970  2427 149 
 750.78  2975  2498 189.5 
 750.85  2980  2569 197.75 
 750.89  2985  2641 209 
 750.95  2990  2712 286.25 
 750.99  2995  2783 385.75 
 751.05  3000  2855 412.5 
 751.08  3005  2926 547.25 
 751.15  3010  2998 831.25 
 751.18  3015  3070 1145.5 
 751.25  3020  3142 1095.25 
 751.29  3025  3213 1951.25 
 751.35  3030  3285 3204.25 
 751.39  3035  3358 3929.75 
 751.42  3040  3430 3884.25 
 751.5  3045  3502 5313.75 
 751.53  3050  3574 7576.75 
 751.6  3055  3647 8121.25 
 751.63  3060  3719 8081.5 
 751.7  3065  3792 9792.75 
 751.74  3070  3864 13688.5 
 751.77  3075  3937 16580 
 751.85  3080  4010 17705.5 
 751.88  3085  4083 20012.75 
 751.95  3090  4156 17923.25 
 751.99  3095  4229 20362 
 752.05  3100  4302 20735.5 
 752.09  3105  4376 32265.75 
 752.12  3110  4449 39164.75 
 752.2  3115  4522 37984 
 752.23  3120  4596 36725.25 
 752.3  3125  4669 42822.5 
 752.33  3130  4743 44698 
 752.4  3135  4817 44326.75 
 752.43  3140  4891 51579.5 
 752.5  3145  4965 44414.25 
 752.53  3150  5039 55407 
 752.6  3155  5113 46905.5 
 752.63  3160  5187 39195.75 
 752.7  3165  5261 52619.25 
 752.74  3170  5336 62319.25 
 752.8  3175  5410 62149 
 752.83  3180  5485 46045.25 
 752.9  3185  5559 53249.75 
 752.94  3190  5634 57911 
 752.97  3195  5709 48308.25 
 753.05  3200  5783 54551.5 
 753.09  3205  5858 60681.5 
 753.12  3210  5933 49496.25 
 753.2  3215  6008 44642.5 
 753.23  3220  6083 46601.75 
 753.3  3225  6159 37163.5 
 753.33  3230  6234 33928.75 
 753.4  3235  6309 36721.5 
 753.44  3240  6385 39012.25 
 753.47  3245  6460 36909.5 
 753.55  3250  6536 30586.5 
end
uaIntegration time is 0.2294 seconds per sampledt  3.4E-08 cy 1dh120419Reading 51.44 .94 3.64pr1000dark .8 
 780.02  2900  1442 58 
 780.1  2905  1512 60.25 
 780.14  2910  1582 61.5 
 780.17  2915  1652 64.75 
 780.25  2920  1722 63.75 
 780.29  2925  1792 64.25 
 780.35  2930  1862 61.25 
 780.39  2935  1932 75.25 
 780.42  2940  2003 67.75 
 780.5  2945  2073 70.5 
 780.53  2950  2144 70.5 
 780.6  2955  2215 73.25 
 780.63  2960  2285 74.25 
 780.7  2965  2356 74 
 780.73  2970  2427 83 
 780.8  2975  2498 107 
 780.83  2980  2569 109 
 780.9  2985  2641 116.5 
 780.93  2990  2712 153 
 781  2995  2783 199.5 
 781.03  3000  2855 214 
 781.1  3005  2926 281.5 
 781.13  3010  2998 423.5 
 781.2  3015  3070 592 
 781.23  3020  3142 561.25 
 781.3  3025  3213 1013.75 
 781.33  3030  3285 1647 
 781.4  3035  3358 2068 
 781.43  3040  3430 2059.75 
 781.5  3045  3502 2824.5 
 781.54  3050  3574 4052.75 
 781.6  3055  3647 4356.75 
 781.64  3060  3719 4355.5 
 781.67  3065  3792 5242.5 
 781.75  3070  3864 7379.75 
 781.79  3075  3937 9074 
 781.82  3080  4010 9653.5 
 781.9  3085  4083 10969.75 
 781.93  3090  4156 9819.5 
 782  3095  4229 11282.5 
 782.03  3100  4302 11522.25 
 782.1  3105  4376 17934.5 
 782.14  3110  4449 21907.5 
 782.2  3115  4522 21422.75 
 782.23  3120  4596 20692.5 
 782.3  3125  4669 24132 
 782.34  3130  4743 25342.75 
 782.37  3135  4817 25094.25 
 782.45  3140  4891 29244.75 
 782.49  3145  4965 25245.25 
 782.55  3150  5039 31776.25 
 782.59  3155  5113 26781.5 
 782.62  3160  5187 22493.5 
 782.7  3165  5261 30284.75 
 782.73  3170  5336 36023.25 
 782.8  3175  5410 35784.25 
 782.84  3180  5485 26692 
 782.9  3185  5559 30935.75 
 782.94  3190  5634 33707.25 
 782.97  3195  5709 27865.75 
 783.05  3200  5783 31711 
 783.08  3205  5858 35321.75 
 783.15  3210  5933 29037.75 
 783.18  3215  6008 26174 
 783.25  3220  6083 27190.5 
 783.28  3225  6159 21703.75 
 783.35  3230  6234 19806.5 
 783.38  3235  6309 21551.75 
 783.45  3240  6385 22993.25 
 783.49  3245  6460 21715.5 
 783.55  3250  6536 18043.25 
end
uaIntegration time is 0.2294 seconds per sampledt  3.4E-08 cy 1dh120419Reading 51.44 .94 3.56pr1000dark .9 
 810.02  2900  1442 123.25 
 810.1  2905  1512 125.5 
 810.14  2910  1582 127 
 810.17  2915  1652 127.25 
 810.25  2920  1722 128.75 
 810.28  2925  1792 125 
 810.35  2930  1862 128.75 
 810.38  2935  1932 137.75 
 810.45  2940  2003 132.25 
 810.48  2945  2073 138 
 810.55  2950  2144 141 
 810.59  2955  2215 140 
 810.62  2960  2285 146.75 
 810.7  2965  2356 151.5 
 810.73  2970  2427 162 
 810.8  2975  2498 183 
 810.83  2980  2569 202.75 
 810.9  2985  2641 216.75 
 810.94  2990  2712 280.75 
 811  2995  2783 364 
 811.04  3000  2855 390 
 811.07  3005  2926 502.75 
 811.15  3010  2998 765.5 
 811.19  3015  3070 1043 
 811.22  3020  3142 1031.25 
 811.3  3025  3213 1824.25 
 811.34  3030  3285 3004.75 
 811.37  3035  3358 3712.5 
 811.45  3040  3430 3724 
 811.48  3045  3502 5145 
 811.55  3050  3574 7477.5 
 811.58  3055  3647 8031.5 
 811.65  3060  3719 8052.25 
 811.68  3065  3792 9761.5 
 811.75  3070  3864 13699.75 
 811.78  3075  3937 16949.75 
 811.85  3080  4010 18040.75 
 811.89  3085  4083 20406 
 811.95  3090  4156 18353.75 
 811.98  3095  4229 21177.5 
 812.05  3100  4302 21608.75 
 812.08  3105  4376 33692.5 
 812.15  3110  4449 41060.5 
 812.18  3115  4522 39973.25 
 812.25  3120  4596 38754.75 
 812.29  3125  4669 45451 
 812.35  3130  4743 47320 
 812.39  3135  4817 46981.25 
 812.42  3140  4891 54754.75 
 812.5  3145  4965 47476.25 
 812.54  3150  5039 59495.5 
 812.6  3155  5113 49925 
 812.63  3160  5187 42225.25 
 812.7  3165  5261 56627.75 
 812.73  3170  5336 67113.25 
 812.8  3175  5410 66693.75 
 812.84  3180  5485 49723.5 
 812.9  3185  5559 57896.75 
 812.93  3190  5634 62771.25 
 813  3195  5709 51934.25 
 813.04  3200  5783 58758.5 
 813.1  3205  5858 65621.5 
 813.15  3210  5933 53839 
 813.19  3215  6008 48535.5 
 813.22  3220  6083 50206.25 
 813.3  3225  6159 40136.5 
 813.34  3230  6234 36724.5 
 813.39  3235  6309 39935.5 
 813.43  3240  6385 42619.75 
 813.5  3245  6460 39983 
 813.53  3250  6536 33060 
end
uaIntegration time is 0.2294 seconds per sampledt  3.4E-08 cy 1dh120419Reading 51.44 .94 3.6pr1000dark .8 
 840.02  2900  1442 104.5 
 840.1  2905  1512 105 
 840.14  2910  1582 102 
 840.17  2915  1652 105.25 
 840.25  2920  1722 111.25 
 840.29  2925  1792 114.75 
 840.32  2930  1862 104.25 
 840.4  2935  1932 108.75 
 840.43  2940  2003 111.5 
 840.5  2945  2073 116 
 840.53  2950  2144 117.25 
 840.6  2955  2215 128.25 
 840.63  2960  2285 126 
 840.7  2965  2356 125.75 
 840.73  2970  2427 134.25 
 840.8  2975  2498 151.25 
 840.84  2980  2569 163 
 840.87  2985  2641 170.25 
 840.95  2990  2712 211.5 
 840.98  2995  2783 263.75 
 841.05  3000  2855 280.75 
 841.08  3005  2926 364.5 
 841.15  3010  2998 545.25 
 841.18  3015  3070 755 
 841.25  3020  3142 736.5 
 841.28  3025  3213 1292.75 
 841.35  3030  3285 2184 
 841.38  3035  3358 2693.75 
 841.45  3040  3430 2710.75 
 841.49  3045  3502 3841.75 
 841.52  3050  3574 5598.5 
 841.6  3055  3647 6109.25 
 841.63  3060  3719 6154.25 
 841.7  3065  3792 7512 
 841.73  3070  3864 10793.5 
 841.8  3075  3937 13338.75 
 841.84  3080  4010 14285.5 
 841.87  3085  4083 16213.25 
 841.95  3090  4156 14693 
 841.99  3095  4229 17180.75 
 842.02  3100  4302 17669.75 
 842.1  3105  4376 27840.75 
 842.14  3110  4449 33824 
 842.2  3115  4522 33116.25 
 842.23  3120  4596 32491 
 842.3  3125  4669 38207.25 
 842.33  3130  4743 40078.75 
 842.4  3135  4817 39823 
 842.43  3140  4891 46638.75 
 842.5  3145  4965 40783 
 842.54  3150  5039 51217.25 
 842.6  3155  5113 42874.25 
 842.63  3160  5187 36424.25 
 842.7  3165  5261 49077.75 
 842.74  3170  5336 58357.75 
 842.8  3175  5410 57817 
 842.84  3180  5485 43275 
 842.87  3185  5559 50588 
 842.95  3190  5634 55218 
 842.99  3195  5709 45421.75 
 843.05  3200  5783 51522.25 
 843.09  3205  5858 57818.25 
 843.15  3210  5933 47595.75 
 843.19  3215  6008 43129.5 
 843.22  3220  6083 44300.75 
 843.3  3225  6159 35367 
 843.33  3230  6234 32532.5 
 843.4  3235  6309 35501.75 
 843.44  3240  6385 37807.5 
 843.5  3245  6460 35444.75 
 843.53  3250  6536 29400.5 
end
uaIntegration time is 0.2294 seconds per sampledt  3.4E-08 cy 1dh120419Reading 51.44 .94 3.58pr1000dark .7 
 870.02  2900  1442 88.25 
 870.1  2905  1512 83.5 
 870.14  2910  1582 89.5 
 870.17  2915  1652 92.5 
 870.25  2920  1722 97 
 870.29  2925  1792 83.75 
 870.35  2930  1862 90.75 
 870.38  2935  1932 89 
 870.45  2940  2003 94.5 
 870.48  2945  2073 95.25 
 870.55  2950  2144 98.5 
 870.59  2955  2215 99 
 870.65  2960  2285 95.75 
 870.69  2965  2356 98.5 
 870.72  2970  2427 103.5 
 870.8  2975  2498 109.25 
 870.83  2980  2569 116.75 
 870.9  2985  2641 122.5 
 870.93  2990  2712 152.5 
 871  2995  2783 176.25 
 871.04  3000  2855 199.25 
 871.07  3005  2926 237.75 
 871.15  3010  2998 356 
 871.18  3015  3070 477.75 
 871.25  3020  3142 465.5 
 871.29  3025  3213 843.5 
 871.35  3030  3285 1401.75 
 871.39  3035  3358 1767.5 
 871.42  3040  3430 1798.75 
 871.5  3045  3502 2540 
 871.53  3050  3574 3870.5 
 871.6  3055  3647 4201.25 
 871.63  3060  3719 4260.75 
 871.7  3065  3792 5239.25 
 871.73  3070  3864 7652.75 
 871.8  3075  3937 9675.5 
 871.83  3080  4010 10340.25 
 871.9  3085  4083 11824.5 
 871.93  3090  4156 10763.25 
 872  3095  4229 12774.25 
 872.04  3100  4302 13229.75 
 872.1  3105  4376 20904.5 
 872.14  3110  4449 25544 
 872.17  3115  4522 25018.25 
 872.25  3120  4596 24833.75 
 872.29  3125  4669 29326.75 
 872.35  3130  4743 30935 
 872.38  3135  4817 30659 
 872.45  3140  4891 36084.5 
 872.48  3145  4965 31894 
 872.55  3150  5039 40095.75 
 872.59  3155  5113 33589.25 
 872.65  3160  5187 28673.5 
 872.68  3165  5261 38848.5 
 872.75  3170  5336 46295.25 
 872.78  3175  5410 45911.5 
 872.85  3180  5485 34364.25 
 872.88  3185  5559 40681.75 
 872.95  3190  5634 44363 
 872.99  3195  5709 36367.5 
 873.02  3200  5783 41183.75 
 873.1  3205  5858 46419.5 
 873.14  3210  5933 38516 
 873.2  3215  6008 34823.5 
 873.24  3220  6083 35555.75 
 873.27  3225  6159 28412.5 
 873.35  3230  6234 26340.25 
 873.38  3235  6309 28839.25 
 873.45  3240  6385 30763.5 
 873.48  3245  6460 28701.25 
 873.55  3250  6536 23687 
end
uaIntegration time is 0.2294 seconds per sampledt  3.4E-08 cy 1dh120419Reading 51.44 .94 3.54pr1000dark .7 
 900.02  2900  1442 74.25 
 900.1  2905  1512 71.5 
 900.13  2910  1582 70.5 
 900.2  2915  1652 75.5 
 900.23  2920  1722 73.25 
 900.3  2925  1792 76 
 900.33  2930  1862 74.5 
 900.4  2935  1932 74.25 
 900.44  2940  2003 77.5 
 900.5  2945  2073 77.5 
 900.53  2950  2144 80.25 
 900.59  2955  2215 80.5 
 900.63  2960  2285 83.25 
 900.7  2965  2356 84.75 
 900.73  2970  2427 85 
 900.8  2975  2498 89.5 
 900.83  2980  2569 92.5 
 900.9  2985  2641 96 
 900.94  2990  2712 106.25 
 901  2995  2783 133.25 
 901.04  3000  2855 131.25 
 901.07  3005  2926 168.25 
 901.15  3010  2998 226.25 
 901.19  3015  3070 308.5 
 901.22  3020  3142 313.75 
 901.3  3025  3213 544 
 901.33  3030  3285 933 
 901.4  3035  3358 1185.75 
 901.43  3040  3430 1210 
 901.5  3045  3502 1763.5 
 901.53  3050  3574 2675.75 
 901.6  3055  3647 2966.5 
 901.63  3060  3719 3022.5 
 901.7  3065  3792 3771 
 901.74  3070  3864 5588.75 
 901.77  3075  3937 7183.25 
 901.85  3080  4010 7740.75 
 901.89  3085  4083 8968.5 
 901.92  3090  4156 8245.75 
 902  3095  4229 9993.75 
 902.03  3100  4302 10385.25 
 902.1  3105  4376 16500.5 
 902.14  3110  4449 20432.25 
 902.2  3115  4522 20147.5 
 902.24  3120  4596 20233.75 
 902.27  3125  4669 24204.25 
 902.35  3130  4743 25679 
 902.38  3135  4817 25285.25 
 902.45  3140  4891 30228.5 
 902.48  3145  4965 27139.5 
 902.55  3150  5039 34161.5 
 902.58  3155  5113 28459.25 
 902.65  3160  5187 24590.25 
 902.69  3165  5261 33749.25 
 902.72  3170  5336 40156.75 
 902.8  3175  5410 39901.5 
 902.83  3180  5485 30013.75 
 902.9  3185  5559 35916 
 902.93  3190  5634 39431 
 903  3195  5709 32200 
 903.03  3200  5783 36495.25 
 903.1  3205  5858 41607.75 
 903.13  3210  5933 34813.5 
 903.19  3215  6008 31562.5 
 903.23  3220  6083 32034.75 
 903.3  3225  6159 25575.25 
 903.34  3230  6234 23824.5 
 903.37  3235  6309 26476.75 
 903.45  3240  6385 28259 
 903.49  3245  6460 26443 
 903.55  3250  6536 21609.75 
end
uaIntegration time is 0.2294 seconds per sampledt  3.4E-08 cy 1dh120419Reading 51.44 .94 3.54pr1000dark .6 
 930.02  2900  1442 68.25 
 930.1  2905  1512 65.25 
 930.14  2910  1582 67.75 
 930.17  2915  1652 69 
 930.25  2920  1722 75.5 
 930.28  2925  1792 74.5 
 930.35  2930  1862 70.75 
 930.39  2935  1932 72.5 
 930.45  2940  2003 75.25 
 930.48  2945  2073 78 
 930.55  2950  2144 76.75 
 930.58  2955  2215 77.75 
 930.65  2960  2285 79.75 
 930.68  2965  2356 80.5 
 930.75  2970  2427 84.25 
 930.78  2975  2498 86.5 
 930.85  2980  2569 91 
 930.88  2985  2641 91.75 
 930.95  2990  2712 100 
 930.98  2995  2783 105.5 
 931.05  3000  2855 115 
 931.09  3005  2926 128.5 
 931.12  3010  2998 174 
 931.2  3015  3070 214.25 
 931.24  3020  3142 220 
 931.27  3025  3213 355.25 
 931.35  3030  3285 620.5 
 931.38  3035  3358 790 
 931.45  3040  3430 818.75 
 931.49  3045  3502 1225.25 
 931.55  3050  3574 1894.5 
 931.58  3055  3647 2161 
 931.65  3060  3719 2221 
 931.69  3065  3792 2815.75 
 931.75  3070  3864 4304.75 
 931.79  3075  3937 5679.75 
 931.82  3080  4010 6126.5 
 931.9  3085  4083 7195.25 
 931.94  3090  4156 6701.75 
 932  3095  4229 8399 
 932.04  3100  4302 8851 
 932.07  3105  4376 14277.5 
 932.15  3110  4449 17705.25 
 932.19  3115  4522 17668.5 
 932.25  3120  4596 17982.25 
 932.28  3125  4669 22007.75 
 932.35  3130  4743 23436.5 
 932.39  3135  4817 23148.25 
 932.45  3140  4891 28094.5 
 932.49  3145  4965 25504.5 
 932.52  3150  5039 32519.25 
 932.6  3155  5113 26822 
 932.63  3160  5187 23300.5 
 932.7  3165  5261 32232.25 
 932.74  3170  5336 37976.5 
 932.8  3175  5410 36570.75 
 932.84  3180  5485 27211.75 
 932.9  3185  5559 32138.5 
 932.93  3190  5634 35181.75 
 933  3195  5709 28148.75 
 933.03  3200  5783 31912.75 
 933.1  3205  5858 36341.5 
 933.13  3210  5933 30711.25 
 933.2  3215  6008 27701 
 933.23  3220  6083 27833.25 
 933.3  3225  6159 22099 
 933.33  3230  6234 20847.25 
 933.4  3235  6309 23353 
 933.44  3240  6385 24894.5 
 933.47  3245  6460 23054.25 
 933.55  3250  6536 18743.75 
end
uaIntegration time is 0.2294 seconds per sampledt  3.4E-08 cy 1dh120419Reading 51.44 .94 3.5pr1000dark .55 
 960.02  2900  1442 42.75 
 960.1  2905  1512 38.25 
 960.13  2910  1582 42.25 
 960.2  2915  1652 39 
 960.24  2920  1722 39.25 
 960.3  2925  1792 43.5 
 960.34  2930  1862 41.25 
 960.4  2935  1932 42.5 
 960.44  2940  2003 41.5 
 960.47  2945  2073 41 
 960.55  2950  2144 44.25 
 960.59  2955  2215 43 
 960.62  2960  2285 42.25 
 960.7  2965  2356 44.5 
 960.73  2970  2427 48 
 960.8  2975  2498 45.5 
 960.83  2980  2569 50.5 
 960.9  2985  2641 52.5 
 960.94  2990  2712 47 
 960.97  2995  2783 54.25 
 961.05  3000  2855 59 
 961.09  3005  2926 64.25 
 961.15  3010  2998 75 
 961.19  3015  3070 93 
 961.22  3020  3142 95.5 
 961.3  3025  3213 148.75 
 961.34  3030  3285 232.25 
 961.37  3035  3358 300 
 961.45  3040  3430 312.25 
 961.48  3045  3502 483.25 
 961.55  3050  3574 771 
 961.59  3055  3647 891 
 961.65  3060  3719 916.25 
 961.68  3065  3792 1189.25 
 961.75  3070  3864 1878.75 
 961.79  3075  3937 2517.75 
 961.85  3080  4010 2798.5 
 961.89  3085  4083 3277.75 
 961.95  3090  4156 3132 
 961.98  3095  4229 4093.75 
 962.05  3100  4302 4393.5 
 962.08  3105  4376 7062.75 
 962.15  3110  4449 8912 
 962.19  3115  4522 8901.5 
 962.22  3120  4596 9387.25 
 962.3  3125  4669 11604.25 
 962.33  3130  4743 12496 
 962.4  3135  4817 12280.75 
 962.44  3140  4891 15110.25 
 962.47  3145  4965 14126 
 962.55  3150  5039 18121.5 
 962.59  3155  5113 14927.5 
 962.65  3160  5187 13330.5 
 962.69  3165  5261 18759.75 
 962.72  3170  5336 22314.75 
 962.8  3175  5410 22137.5 
 962.84  3180  5485 16929.5 
 962.9  3185  5559 21136 
 962.93  3190  5634 23539.5 
 963  3195  5709 18768.75 
 963.03  3200  5783 21171.25 
 963.1  3205  5858 24965.75 
 963.14  3210  5933 21490.75 
 963.17  3215  6008 19525.75 
 963.25  3220  6083 19329 
 963.28  3225  6159 15394.25 
 963.35  3230  6234 14753 
 963.38  3235  6309 16817.75 
 963.45  3240  6385 18093.75 
 963.48  3245  6460 16687.25 
 963.55  3250  6536 13526.75 
end
uaIntegration time is 0.2294 seconds per sampledt  3.4E-08 cy 1dh120419Reading 51.44 .94 3.43pr1000dark .6 
 990.02  2900  1442 31 
 990.1  2905  1512 33 
 990.14  2910  1582 28.5 
 990.17  2915  1652 28.5 
 990.25  2920  1722 33.25 
 990.29  2925  1792 28.5 
 990.35  2930  1862 33.5 
 990.38  2935  1932 34.5 
 990.45  2940  2003 28.75 
 990.48  2945  2073 36.25 
 990.55  2950  2144 29 
 990.59  2955  2215 35.5 
 990.62  2960  2285 30 
 990.7  2965  2356 28.75 
 990.73  2970  2427 34.5 
 990.8  2975  2498 33 
 990.84  2980  2569 39.5 
 990.9  2985  2641 40 
 990.94  2990  2712 40 
 990.97  2995  2783 39 
 991.04  3000  2855 38.5 
 991.08  3005  2926 39.75 
 991.15  3010  2998 42.25 
 991.18  3015  3070 48.25 
 991.25  3020  3142 50.75 
 991.28  3025  3213 70.5 
 991.35  3030  3285 109 
 991.39  3035  3358 134.75 
 991.45  3040  3430 142 
 991.48  3045  3502 203.75 
 991.55  3050  3574 340.75 
 991.58  3055  3647 392.5 
 991.65  3060  3719 409.25 
 991.68  3065  3792 535.75 
 991.75  3070  3864 877.5 
 991.78  3075  3937 1205.25 
 991.85  3080  4010 1334.25 
 991.88  3085  4083 1629 
 991.95  3090  4156 1556.5 
 991.98  3095  4229 2137 
 992.05  3100  4302 2316.5 
 992.08  3105  4376 3794.75 
 992.15  3110  4449 4829.5 
 992.18  3115  4522 4857.75 
 992.25  3120  4596 5327 
 992.28  3125  4669 6716.75 
 992.35  3130  4743 7256.75 
 992.38  3135  4817 7135.5 
 992.45  3140  4891 8952.5 
 992.48  3145  4965 8726 
 992.55  3150  5039 11120.25 
 992.59  3155  5113 9105.5 
 992.62  3160  5187 8293 
 992.7  3165  5261 11905.25 
 992.74  3170  5336 14265.75 
 992.77  3175  5410 13950.5 
 992.85  3180  5485 10926 
 992.89  3185  5559 13852 
 992.92  3190  5634 15561.25 
 993  3195  5709 12260 
 993.03  3200  5783 13772.5 
 993.1  3205  5858 16501.75 
 993.13  3210  5933 14636.25 
 993.2  3215  6008 13270.5 
 993.23  3220  6083 12927.75 
 993.3  3225  6159 10255.75 
 993.33  3230  6234 9939.25 
 993.4  3235  6309 11611 
 993.43  3240  6385 12483.25 
 993.5  3245  6460 11380.75 
 993.53  3250  6536 9141.75 
end
uaIntegration time is 0.2294 seconds per sampledt  3.4E-08 cy 1dh120419Reading 51.44 .94 3.35pr1000dark .45 
 1020.02  2900  1442 13.5 
 1020.1  2905  1512 11.75 
 1020.13  2910  1582 12.75 
 1020.19  2915  1652 13.75 
 1020.23  2920  1722 13.25 
 1020.3  2925  1792 12.75 
 1020.33  2930  1862 12.75 
 1020.4  2935  1932 14.25 
 1020.43  2940  2003 14.5 
 1020.5  2945  2073 13 
 1020.54  2950  2144 14 
 1020.6  2955  2215 13.25 
 1020.63  2960  2285 15.5 
 1020.7  2965  2356 15.25 
 1020.74  2970  2427 16 
 1020.77  2975  2498 16 
 1020.85  2980  2569 16.75 
 1020.89  2985  2641 15 
 1020.95  2990  2712 16.75 
 1020.98  2995  2783 18 
 1021.05  3000  2855 16.5 
 1021.08  3005  2926 18 
 1021.15  3010  2998 20 
 1021.18  3015  3070 22.5 
 1021.25  3020  3142 22.5 
 1021.29  3025  3213 37.75 
 1021.35  3030  3285 37.75 
 1021.39  3035  3358 50.25 
 1021.45  3040  3430 57.25 
 1021.48  3045  3502 70.75 
 1021.55  3050  3574 111 
 1021.58  3055  3647 128.75 
 1021.65  3060  3719 136.75 
 1021.69  3065  3792 178.5 
 1021.72  3070  3864 289 
 1021.8  3075  3937 407.75 
 1021.83  3080  4010 455.25 
 1021.9  3085  4083 566.25 
 1021.93  3090  4156 558.75 
 1022  3095  4229 789.75 
 1022.03  3100  4302 882.75 
 1022.1  3105  4376 1465 
 1022.13  3110  4449 1885.5 
 1022.2  3115  4522 1958.5 
 1022.23  3120  4596 2190.75 
 1022.3  3125  4669 2881.25 
 1022.33  3130  4743 3159.5 
 1022.4  3135  4817 3103.5 
 1022.43  3140  4891 4045.5 
 1022.5  3145  4965 4052 
 1022.54  3150  5039 5257.75 
 1022.57  3155  5113 4308.75 
 1022.65  3160  5187 4011.75 
 1022.68  3165  5261 5981.5 
 1022.75  3170  5336 7138 
 1022.78  3175  5410 6992.75 
 1022.85  3180  5485 5589.75 
 1022.88  3185  5559 7381.75 
 1022.95  3190  5634 8456.25 
 1022.98  3195  5709 6520 
 1023.05  3200  5783 7348.75 
 1023.09  3205  5858 9078 
 1023.12  3210  5933 8227.25 
 1023.2  3215  6008 7517.25 
 1023.23  3220  6083 7145.75 
 1023.3  3225  6159 5700.75 
 1023.33  3230  6234 5683 
 1023.4  3235  6309 6829.25 
 1023.43  3240  6385 7416.75 
 1023.5  3245  6460 6695 
 1023.54  3250  6536 5268.5 
end
uaIntegration time is 0.2294 seconds per sampledt  3.4E-08 cy 1dh120419Reading 51.44 .94 3.27pr1000dark .35 
 1050.02  2900  1442 8.25 
 1050.1  2905  1512 8.75 
 1050.14  2910  1582 9 
 1050.2  2915  1652 9.5 
 1050.23  2920  1722 9.75 
 1050.3  2925  1792 9.75 
 1050.33  2930  1862 10 
 1050.4  2935  1932 8 
 1050.43  2940  2003 10 
 1050.5  2945  2073 10 
 1050.54  2950  2144 10.25 
 1050.57  2955  2215 9 
 1050.65  2960  2285 8.25 
 1050.68  2965  2356 9.25 
 1050.75  2970  2427 9.5 
 1050.79  2975  2498 9.75 
 1050.85  2980  2569 10 
 1050.88  2985  2641 9 
 1050.95  2990  2712 11.25 
 1050.99  2995  2783 11.25 
 1051.02  3000  2855 11.25 
 1051.1  3005  2926 13.25 
 1051.13  3010  2998 13.5 
 1051.2  3015  3070 14.25 
 1051.23  3020  3142 14.75 
 1051.3  3025  3213 17.75 
 1051.33  3030  3285 29 
 1051.4  3035  3358 27.25 
 1051.44  3040  3430 37.75 
 1051.47  3045  3502 39.5 
 1051.55  3050  3574 55.5 
 1051.58  3055  3647 65.25 
 1051.65  3060  3719 68.25 
 1051.68  3065  3792 83.25 
 1051.75  3070  3864 127 
 1051.79  3075  3937 180.5 
 1051.85  3080  4010 197.25 
 1051.89  3085  4083 252.25 
 1051.92  3090  4156 250 
 1052  3095  4229 346.75 
 1052.03  3100  4302 400 
 1052.1  3105  4376 654 
 1052.14  3110  4449 853.5 
 1052.17  3115  4522 894.75 
 1052.25  3120  4596 1048.75 
 1052.29  3125  4669 1406 
 1052.32  3130  4743 1580 
 1052.4  3135  4817 1545 
 1052.44  3140  4891 2061 
 1052.47  3145  4965 2165.5 
 1052.55  3150  5039 2852 
 1052.59  3155  5113 2268 
 1052.62  3160  5187 2233 
 1052.7  3165  5261 3454.5 
 1052.74  3170  5336 4125 
 1052.8  3175  5410 4005.5 
 1052.84  3180  5485 3283 
 1052.9  3185  5559 4619.5 
 1052.94  3190  5634 5367 
 1052.97  3195  5709 4016 
 1053.05  3200  5783 4530.5 
 1053.09  3205  5858 5853.25 
 1053.15  3210  5933 5532 
 1053.19  3215  6008 5099.25 
 1053.25  3220  6083 4652.25 
 1053.28  3225  6159 3721 
 1053.35  3230  6234 3809.25 
 1053.39  3235  6309 4843.25 
 1053.45  3240  6385 5265.75 
 1053.48  3245  6460 4671 
 1053.55  3250  6536 3597.25 
end
uaIntegration time is 0.2294 seconds per sampledt  3.4E-08 cy 1dh120419Reading 51.44 .94 3.17pr1000dark .3 
 1080.02  2900  1442 3.5 
 1080.1  2905  1512 4.25 
 1080.14  2910  1582 3.25 
 1080.17  2915  1652 3.75 
 1080.25  2920  1722 4.25 
 1080.28  2925  1792 5 
 1080.35  2930  1862 4.5 
 1080.39  2935  1932 4.25 
 1080.45  2940  2003 4.25 
 1080.48  2945  2073 4.75 
 1080.55  2950  2144 5.5 
 1080.59  2955  2215 3.75 
 1080.62  2960  2285 4 
 1080.7  2965  2356 4 
 1080.73  2970  2427 4.75 
 1080.8  2975  2498 4.25 
 1080.83  2980  2569 4.5 
 1080.9  2985  2641 4.75 
 1080.94  2990  2712 4 
 1080.97  2995  2783 7 
 1081.05  3000  2855 4.25 
 1081.08  3005  2926 7 
 1081.15  3010  2998 7.75 
 1081.19  3015  3070 7.75 
 1081.22  3020  3142 6.75 
 1081.3  3025  3213 8.75 
 1081.33  3030  3285 10.75 
 1081.4  3035  3358 14 
 1081.43  3040  3430 15.5 
 1081.5  3045  3502 18 
 1081.54  3050  3574 36.75 
 1081.6  3055  3647 45.25 
 1081.64  3060  3719 32.5 
 1081.7  3065  3792 37.5 
 1081.74  3070  3864 55.25 
 1081.77  3075  3937 73.25 
 1081.85  3080  4010 81.25 
 1081.89  3085  4083 101.25 
 1081.95  3090  4156 86.5 
 1081.99  3095  4229 118.25 
 1082.02  3100  4302 138 
 1082.1  3105  4376 220 
 1082.14  3110  4449 292.75 
 1082.2  3115  4522 296.75 
 1082.24  3120  4596 347 
 1082.27  3125  4669 465.75 
 1082.35  3130  4743 525.25 
 1082.39  3135  4817 498 
 1082.42  3140  4891 683 
 1082.5  3145  4965 742 
 1082.53  3150  5039 1000 
 1082.59  3155  5113 774.5 
 1082.63  3160  5187 800.25 
 1082.7  3165  5261 1272.25 
 1082.73  3170  5336 1521.5 
 1082.8  3175  5410 1460.25 
 1082.83  3180  5485 1241 
 1082.9  3185  5559 1828.75 
 1082.93  3190  5634 2213.25 
 1083  3195  5709 1578.25 
 1083.04  3200  5783 1755.25 
 1083.07  3205  5858 2441.5 
 1083.15  3210  5933 2432.25 
 1083.18  3215  6008 2261.75 
 1083.25  3220  6083 1954 
 1083.29  3225  6159 1556.5 
 1083.32  3230  6234 1692.25 
 1083.4  3235  6309 2279.75 
 1083.43  3240  6385 2532.25 
 1083.5  3245  6460 2194.5 
 1083.53  3250  6536 1615.75 
end
uaIntegration time is 0.2294 seconds per sampledt  3.4E-08 cy 1dh120419Reading 51.44 .94 3.13pr1000dark .25 
 1110.02  2900  1442 2 
 1110.1  2905  1512 1.75 
 1110.13  2910  1582 1.75 
 1110.2  2915  1652 1 
 1110.24  2920  1722 1.5 
 1110.3  2925  1792 1.5 
 1110.34  2930  1862 1.5 
 1110.4  2935  1932 1.25 
 1110.43  2940  2003 1.25 
 1110.5  2945  2073 1.25 
 1110.53  2950  2144 1.25 
 1110.6  2955  2215 1.75 
 1110.63  2960  2285 1 
 1110.7  2965  2356 2 
 1110.73  2970  2427 .75 
 1110.8  2975  2498 1.5 
 1110.83  2980  2569 2.25 
 1110.9  2985  2641 1.5 
 1110.94  2990  2712 1 
 1110.97  2995  2783 1.75 
 1111.05  3000  2855 1.75 
 1111.08  3005  2926 2 
 1111.15  3010  2998 2.5 
 1111.19  3015  3070 2.5 
 1111.25  3020  3142 2.5 
 1111.29  3025  3213 2.75 
 1111.32  3030  3285 5.25 
 1111.4  3035  3358 6.25 
 1111.44  3040  3430 6.25 
 1111.47  3045  3502 7.75 
 1111.55  3050  3574 12.25 
 1111.59  3055  3647 11.5 
 1111.62  3060  3719 11 
 1111.7  3065  3792 15 
 1111.73  3070  3864 20.5 
 1111.8  3075  3937 34.5 
 1111.83  3080  4010 41 
 1111.9  3085  4083 45 
 1111.94  3090  4156 32 
 1112  3095  4229 40.5 
 1112.04  3100  4302 44.25 
 1112.1  3105  4376 66.75 
 1112.13  3110  4449 85.5 
 1112.2  3115  4522 95 
 1112.24  3120  4596 104.25 
 1112.3  3125  4669 122.5 
 1112.33  3130  4743 138.5 
 1112.4  3135  4817 134 
 1112.43  3140  4891 175.5 
 1112.5  3145  4965 181 
 1112.54  3150  5039 239.75 
 1112.57  3155  5113 186.25 
 1112.65  3160  5187 185 
 1112.68  3165  5261 290 
 1112.75  3170  5336 351.5 
 1112.79  3175  5410 336.5 
 1112.85  3180  5485 286.5 
 1112.89  3185  5559 426.75 
 1112.92  3190  5634 518.75 
 1113  3195  5709 366.25 
 1113.03  3200  5783 397.75 
 1113.1  3205  5858 586.75 
 1113.13  3210  5933 619.25 
 1113.2  3215  6008 583.5 
 1113.23  3220  6083 484.75 
 1113.3  3225  6159 359.5 
 1113.33  3230  6234 428.25 
 1113.4  3235  6309 630 
 1113.43  3240  6385 712.75 
 1113.5  3245  6460 589 
 1113.53  3250  6536 404 
end
uaIntegration time is 0.2294 seconds per sampledt  3.4E-08 cy 1dh120419Reading 51.44 .94 3.07pr1000dark .2 
 1140.02  2900  1442 .5 
 1140.1  2905  1512 .5 
 1140.13  2910  1582 .5 
 1140.2  2915  1652 .5 
 1140.23  2920  1722 .25 
 1140.3  2925  1792 .75 
 1140.34  2930  1862 .5 
 1140.4  2935  1932 .5 
 1140.43  2940  2003 0 
 1140.5  2945  2073 .5 
 1140.54  2950  2144 .5 
 1140.57  2955  2215 .5 
 1140.65  2960  2285 .5 
 1140.68  2965  2356 .5 
 1140.75  2970  2427 .5 
 1140.78  2975  2498 .75 
 1140.85  2980  2569 .5 
 1140.89  2985  2641 .25 
 1140.95  2990  2712 .25 
 1140.98  2995  2783 .25 
 1141.05  3000  2855 .5 
 1141.1  3005  2926 .75 
 1141.13  3010  2998 .25 
 1141.2  3015  3070 .75 
 1141.24  3020  3142 1 
 1141.3  3025  3213 .5 
 1141.33  3030  3285 1 
 1141.4  3035  3358 1.25 
 1141.44  3040  3430 1.75 
 1141.5  3045  3502 1.75 
 1141.53  3050  3574 2.25 
 1141.6  3055  3647 3 
 1141.64  3060  3719 3.25 
 1141.7  3065  3792 3 
 1141.74  3070  3864 4.5 
 1141.8  3075  3937 6 
 1141.83  3080  4010 6.5 
 1141.9  3085  4083 7.75 
 1141.93  3090  4156 6.5 
 1142  3095  4229 9 
 1142.03  3100  4302 8.25 
 1142.1  3105  4376 12.5 
 1142.14  3110  4449 15 
 1142.2  3115  4522 15.25 
 1142.24  3120  4596 16.75 
 1142.27  3125  4669 21.75 
 1142.35  3130  4743 19.75 
 1142.38  3135  4817 22.75 
 1142.45  3140  4891 27.25 
 1142.49  3145  4965 22.75 
 1142.55  3150  5039 33.75 
 1142.59  3155  5113 25.75 
 1142.65  3160  5187 22.75 
 1142.69  3165  5261 33.75 
 1142.72  3170  5336 44 
 1142.8  3175  5410 40.75 
 1142.84  3180  5485 37.25 
 1142.9  3185  5559 43 
 1142.96  3190  5634 50.5 
 1143  3195  5709 37.5 
 1143.03  3200  5783 45.5 
 1143.1  3205  5858 55 
 1143.13  3210  5933 56.25 
 1143.2  3215  6008 52.5 
 1143.24  3220  6083 47.25 
 1143.3  3225  6159 35.25 
 1143.33  3230  6234 39.5 
 1143.4  3235  6309 62 
 1143.43  3240  6385 64.25 
 1143.5  3245  6460 52.25 
 1143.53  3250  6536 38.75 
end
