uaIntegration time is 0.2294 seconds per sampledt  3.4E-08 cy 1dh041117Reading 51.44 .94 3.15pr1000dark .2 
 420.02  2900  1442 .25 
 420.1  2905  1512 .5 
 420.13  2910  1582 .5 
 420.2  2915  1652 .25 
 420.24  2920  1722 .25 
 420.3  2925  1792 .25 
 420.33  2930  1862 .25 
 420.4  2935  1932 .5 
 420.43  2940  2003 .5 
 420.5  2945  2073 .25 
 420.54  2950  2144 .5 
 420.6  2955  2215 .5 
 420.64  2960  2285 .5 
 420.7  2965  2356 .25 
 420.73  2970  2427 .25 
 420.8  2975  2498 .5 
 420.83  2980  2569 .25 
 420.9  2985  2641 .5 
 420.93  2990  2712 .5 
 421  2995  2783 .25 
 421.04  3000  2855 .25 
 421.1  3005  2926 .75 
 421.13  3010  2998 .5 
 421.2  3015  3070 .5 
 421.23  3020  3142 .5 
 421.3  3025  3213 1 
 421.33  3030  3285 .75 
 421.4  3035  3358 .75 
 421.43  3040  3430 1.25 
 421.5  3045  3502 1.25 
 421.53  3050  3574 1.25 
 421.6  3055  3647 1.75 
 421.64  3060  3719 1.75 
 421.67  3065  3792 2.5 
 421.75  3070  3864 2 
 421.78  3075  3937 4.25 
 421.85  3080  4010 4 
 421.89  3085  4083 4.25 
 421.95  3090  4156 3.5 
 421.99  3095  4229 5.75 
 422.02  3100  4302 5 
 422.1  3105  4376 7 
 422.14  3110  4449 8.75 
 422.17  3115  4522 9.25 
 422.25  3120  4596 9.75 
 422.28  3125  4669 10.75 
 422.35  3130  4743 13.25 
 422.38  3135  4817 12.25 
 422.45  3140  4891 14.75 
 422.48  3145  4965 14.75 
 422.55  3150  5039 19.5 
 422.59  3155  5113 15.5 
 422.62  3160  5187 15.25 
 422.7  3165  5261 21.75 
 422.73  3170  5336 25.25 
 422.8  3175  5410 24 
 422.84  3180  5485 21.75 
 422.87  3185  5559 31 
 422.95  3190  5634 36.25 
 422.99  3195  5709 26 
 423.05  3200  5783 35.25 
 423.09  3205  5858 39.75 
 423.12  3210  5933 44.5 
 423.2  3215  6008 36.75 
 423.24  3220  6083 41.25 
 423.27  3225  6159 32.25 
 423.35  3230  6234 32 
 423.39  3235  6309 43.5 
 423.42  3240  6385 48.75 
 423.5  3245  6460 45.25 
 423.54  3250  6536 28.25 
end
uaIntegration time is 0.2294 seconds per sampledt  3.4E-08 cy 1dh041117Reading 51.44 .94 3.15pr1000dark .2 
 450.02  2900  1442 1.25 
 450.1  2905  1512 .5 
 450.13  2910  1582 1 
 450.2  2915  1652 1 
 450.23  2920  1722 .75 
 450.3  2925  1792 .75 
 450.33  2930  1862 .75 
 450.4  2935  1932 1.5 
 450.44  2940  2003 1.5 
 450.5  2945  2073 1.75 
 450.54  2950  2144 .5 
 450.57  2955  2215 1.75 
 450.65  2960  2285 1.25 
 450.68  2965  2356 1.5 
 450.75  2970  2427 .75 
 450.78  2975  2498 1.25 
 450.85  2980  2569 1 
 450.89  2985  2641 1.25 
 450.95  2990  2712 1.5 
 450.98  2995  2783 2.25 
 451.05  3000  2855 2.25 
 451.08  3005  2926 2.25 
 451.15  3010  2998 1.75 
 451.18  3015  3070 2 
 451.25  3020  3142 3.5 
 451.28  3025  3213 2.5 
 451.35  3030  3285 6.25 
 451.39  3035  3358 5.75 
 451.42  3040  3430 6 
 451.5  3045  3502 10 
 451.54  3050  3574 11.5 
 451.57  3055  3647 14.25 
 451.65  3060  3719 13.75 
 451.68  3065  3792 18.5 
 451.75  3070  3864 22.25 
 451.78  3075  3937 41.75 
 451.85  3080  4010 34.25 
 451.89  3085  4083 39.75 
 451.95  3090  4156 40.5 
 451.99  3095  4229 47.5 
 452.02  3100  4302 51.75 
 452.1  3105  4376 81 
 452.13  3110  4449 101.5 
 452.2  3115  4522 104.75 
 452.23  3120  4596 116 
 452.3  3125  4669 147.75 
 452.33  3130  4743 164.5 
 452.4  3135  4817 159 
 452.44  3140  4891 209.5 
 452.47  3145  4965 222.25 
 452.55  3150  5039 281.75 
 452.58  3155  5113 233.25 
 452.65  3160  5187 235.5 
 452.69  3165  5261 368.75 
 452.72  3170  5336 431.5 
 452.8  3175  5410 413 
 452.84  3180  5485 358.25 
 452.9  3185  5559 523.25 
 452.93  3190  5634 633.25 
 453  3195  5709 455 
 453.03  3200  5783 492.5 
 453.1  3205  5858 692 
 453.13  3210  5933 691.5 
 453.2  3215  6008 645 
 453.24  3220  6083 549 
 453.27  3225  6159 430.25 
 453.35  3230  6234 489.5 
 453.38  3235  6309 671.75 
 453.45  3240  6385 731.5 
 453.48  3245  6460 620.25 
 453.55  3250  6536 470 
end
uaIntegration time is 0.2294 seconds per sampledt  3.4E-08 cy 1dh041117Reading 51.44 .94 3.17pr1000dark .35 
 480.02  2900  1442 2.25 
 480.1  2905  1512 2.75 
 480.13  2910  1582 3 
 480.2  2915  1652 3.25 
 480.23  2920  1722 2.5 
 480.3  2925  1792 3.25 
 480.33  2930  1862 3 
 480.4  2935  1932 2.5 
 480.43  2940  2003 3 
 480.5  2945  2073 2.75 
 480.53  2950  2144 2.5 
 480.6  2955  2215 3.25 
 480.64  2960  2285 4 
 480.67  2965  2356 4 
 480.75  2970  2427 3.75 
 480.78  2975  2498 3 
 480.85  2980  2569 3.5 
 480.89  2985  2641 3.75 
 480.92  2990  2712 4.25 
 481  2995  2783 4.5 
 481.03  3000  2855 5 
 481.1  3005  2926 5.25 
 481.13  3010  2998 5 
 481.2  3015  3070 7 
 481.24  3020  3142 6.5 
 481.3  3025  3213 9.25 
 481.33  3030  3285 11.25 
 481.4  3035  3358 17.25 
 481.43  3040  3430 15 
 481.5  3045  3502 22.25 
 481.53  3050  3574 31.75 
 481.6  3055  3647 35.5 
 481.63  3060  3719 39.75 
 481.7  3065  3792 41.25 
 481.74  3070  3864 61.5 
 481.77  3075  3937 80 
 481.85  3080  4010 83.25 
 481.89  3085  4083 98.75 
 481.95  3090  4156 98.25 
 481.98  3095  4229 130.75 
 482.05  3100  4302 143 
 482.09  3105  4376 227.75 
 482.14  3110  4449 297.5 
 482.18  3115  4522 314 
 482.25  3120  4596 352.75 
 482.28  3125  4669 453.75 
 482.35  3130  4743 510.5 
 482.38  3135  4817 502.75 
 482.45  3140  4891 646.5 
 482.48  3145  4965 701 
 482.55  3150  5039 905.25 
 482.58  3155  5113 715.75 
 482.65  3160  5187 711 
 482.69  3165  5261 1079.25 
 482.75  3170  5336 1301.25 
 482.78  3175  5410 1250.75 
 482.85  3180  5485 1035.25 
 482.89  3185  5559 1463.25 
 482.92  3190  5634 1673.25 
 483  3195  5709 1268.5 
 483.04  3200  5783 1413 
 483.1  3205  5858 1842.5 
 483.14  3210  5933 1759.5 
 483.2  3215  6008 1642.5 
 483.24  3220  6083 1446.25 
 483.27  3225  6159 1150.5 
 483.35  3230  6234 1241 
 483.39  3235  6309 1560.5 
 483.42  3240  6385 1712.75 
 483.5  3245  6460 1505.75 
 483.53  3250  6536 1176.75 
end
uaIntegration time is 0.2294 seconds per sampledt  3.4E-08 cy 1dh041117Reading 51.44 .94 3.17pr1000dark .35 
 510.02  2900  1442 9.25 
 510.1  2905  1512 8.75 
 510.13  2910  1582 9 
 510.2  2915  1652 10.25 
 510.23  2920  1722 8.75 
 510.3  2925  1792 9 
 510.34  2930  1862 9.25 
 510.4  2935  1932 9.25 
 510.43  2940  2003 9.5 
 510.5  2945  2073 10 
 510.53  2950  2144 9.75 
 510.6  2955  2215 13.5 
 510.63  2960  2285 10.25 
 510.7  2965  2356 11 
 510.73  2970  2427 10 
 510.8  2975  2498 11.25 
 510.84  2980  2569 12 
 510.9  2985  2641 11.75 
 510.93  2990  2712 14.25 
 511  2995  2783 12 
 511.04  3000  2855 12.5 
 511.07  3005  2926 15 
 511.15  3010  2998 16.5 
 511.18  3015  3070 22 
 511.25  3020  3142 19.75 
 511.29  3025  3213 28.25 
 511.35  3030  3285 39.25 
 511.38  3035  3358 43.5 
 511.45  3040  3430 49.25 
 511.48  3045  3502 66 
 511.55  3050  3574 101.5 
 511.59  3055  3647 109.5 
 511.62  3060  3719 109 
 511.7  3065  3792 144.25 
 511.73  3070  3864 215.25 
 511.8  3075  3937 299 
 511.83  3080  4010 323.75 
 511.9  3085  4083 384 
 511.93  3090  4156 383 
 512  3095  4229 530 
 512.04  3100  4302 582.75 
 512.07  3105  4376 950.25 
 512.1501  3110  4449 1195.5 
 512.18  3115  4522 1244.25 
 512.25  3120  4596 1414.75 
 512.2801  3125  4669 1843.5 
 512.35  3130  4743 2037 
 512.38  3135  4817 1981.25 
 512.45  3140  4891 2542 
 512.49  3145  4965 2653.5 
 512.55  3150  5039 3376 
 512.5801  3155  5113 2716.5 
 512.6501  3160  5187 2641.75 
 512.69  3165  5261 3940.5 
 512.75  3170  5336 4660.5 
 512.7801  3175  5410 4451 
 512.85  3180  5485 3614.5 
 512.88  3185  5559 4886.75 
 512.95  3190  5634 5538 
 512.99  3195  5709 4269.5 
 513.0201  3200  5783 4825.25 
 513.1  3205  5858 6045.75 
 513.13  3210  5933 5447 
 513.2  3215  6008 5009.5 
 513.23  3220  6083 4683.75 
 513.3  3225  6159 3729 
 513.3301  3230  6234 3814.75 
 513.4001  3235  6309 4617.75 
 513.43  3240  6385 4969 
 513.5  3245  6460 4407 
 513.5301  3250  6536 3469.5 
end
uaIntegration time is 0.2294 seconds per sampledt  3.4E-08 cy 1dh041117Reading 51.44 .94 3.17pr1000dark .3 
 540.02  2900  1442 9 
 540.1  2905  1512 7.75 
 540.13  2910  1582 8.25 
 540.2  2915  1652 8.5 
 540.24  2920  1722 7.25 
 540.3  2925  1792 7.5 
 540.33  2930  1862 7.5 
 540.4  2935  1932 7.75 
 540.44  2940  2003 6.75 
 540.5  2945  2073 9.25 
 540.53  2950  2144 8.25 
 540.6  2955  2215 8.25 
 540.63  2960  2285 7 
 540.7  2965  2356 7.75 
 540.74  2970  2427 7.75 
 540.8  2975  2498 9.25 
 540.83  2980  2569 9.5 
 540.9  2985  2641 9 
 540.93  2990  2712 10 
 541  2995  2783 9.5 
 541.04  3000  2855 11.75 
 541.07  3005  2926 11.25 
 541.15  3010  2998 14 
 541.18  3015  3070 16 
 541.25  3020  3142 16.75 
 541.28  3025  3213 24 
 541.35  3030  3285 33.75 
 541.39  3035  3358 43.5 
 541.45  3040  3430 50.75 
 541.49  3045  3502 62.5 
 541.52  3050  3574 98.25 
 541.6  3055  3647 118.5 
 541.63  3060  3719 126 
 541.7  3065  3792 161.5 
 541.74  3070  3864 255.5 
 541.8  3075  3937 363.25 
 541.84  3080  4010 402.75 
 541.9  3085  4083 481.75 
 541.93  3090  4156 471.25 
 542  3095  4229 637.5 
 542.03  3100  4302 712.75 
 542.1  3105  4376 1159.25 
 542.14  3110  4449 1472.75 
 542.2  3115  4522 1531.75 
 542.23  3120  4596 1709.75 
 542.3  3125  4669 2131.75 
 542.33  3130  4743 2362 
 542.4  3135  4817 2332.5 
 542.44  3140  4891 2922.75 
 542.47  3145  4965 2924.5 
 542.55  3150  5039 3702.75 
 542.59  3155  5113 3009 
 542.65  3160  5187 2884.75 
 542.69  3165  5261 4151.25 
 542.75  3170  5336 4921 
 542.79  3175  5410 4818.25 
 542.82  3180  5485 3852.5 
 542.9  3185  5559 5045.75 
 542.93  3190  5634 5651 
 543  3195  5709 4491.75 
 543.04  3200  5783 5081 
 543.07  3205  5858 6129.25 
 543.15  3210  5933 5441.75 
 543.18  3215  6008 5041.75 
 543.25  3220  6083 4802 
 543.29  3225  6159 3841 
 543.35  3230  6234 3859 
 543.39  3235  6309 4564.75 
 543.42  3240  6385 4870.5 
 543.5  3245  6460 4415.5 
 543.53  3250  6536 3564.25 
end
uaIntegration time is 0.2294 seconds per sampledt  3.4E-08 cy 1dh041117Reading 51.44 .94 3.19pr1000dark .4 
 570.02  2900  1442 12.75 
 570.1  2905  1512 12.75 
 570.13  2910  1582 12.25 
 570.2  2915  1652 13 
 570.23  2920  1722 14 
 570.3  2925  1792 13 
 570.34  2930  1862 12 
 570.37  2935  1932 14 
 570.45  2940  2003 13.75 
 570.48  2945  2073 11.5 
 570.55  2950  2144 15 
 570.58  2955  2215 14 
 570.65  2960  2285 13.25 
 570.69  2965  2356 11.75 
 570.75  2970  2427 14 
 570.78  2975  2498 15 
 570.85  2980  2569 13.75 
 570.89  2985  2641 15.5 
 570.95  2990  2712 17.25 
 570.99  2995  2783 19 
 571.05  3000  2855 20 
 571.08  3005  2926 23 
 571.15  3010  2998 27.75 
 571.18  3015  3070 36.25 
 571.25  3020  3142 39.75 
 571.28  3025  3213 50.5 
 571.35  3030  3285 77 
 571.39  3035  3358 101 
 571.45  3040  3430 105.75 
 571.48  3045  3502 155.5 
 571.55  3050  3574 237.5 
 571.58  3055  3647 271.5 
 571.65  3060  3719 286.5 
 571.69  3065  3792 363.25 
 571.75  3070  3864 583.5 
 571.78  3075  3937 790.75 
 571.85  3080  4010 875.25 
 571.88  3085  4083 1020.25 
 571.95  3090  4156 982 
 571.98  3095  4229 1294.25 
 572.05  3100  4302 1410.75 
 572.08  3105  4376 2286.25 
 572.15  3110  4449 2906.25 
 572.18  3115  4522 2977.5 
 572.25  3120  4596 3265 
 572.28  3125  4669 4095.5 
 572.35  3130  4743 4506.5 
 572.38  3135  4817 4441 
 572.45  3140  4891 5598.75 
 572.48  3145  4965 5373.25 
 572.55  3150  5039 6913.5 
 572.59  3155  5113 5709.25 
 572.65  3160  5187 5273.5 
 572.68  3165  5261 7470.5 
 572.75  3170  5336 8861.75 
 572.78  3175  5410 8778.75 
 572.85  3180  5485 6882.75 
 572.89  3185  5559 8644.75 
 572.95  3190  5634 9599 
 572.98  3195  5709 7742.25 
 573.05  3200  5783 8851.75 
 573.08  3205  5858 10439 
 573.15  3210  5933 9098.25 
 573.18  3215  6008 8388.5 
 573.25  3220  6083 8332 
 573.29  3225  6159 6738 
 573.35  3230  6234 6608.25 
 573.38  3235  6309 7695 
 573.45  3240  6385 8382.5 
 573.49  3245  6460 7782 
 573.52  3250  6536 6420.5 
end
uaIntegration time is 0.2294 seconds per sampledt  3.4E-08 cy 1dh041117Reading 51.44 .94 3.19pr1000dark .25 
 600.02  2900  1442 21.75 
 600.1  2905  1512 22.25 
 600.14  2910  1582 24 
 600.2  2915  1652 21.5 
 600.23  2920  1722 23.5 
 600.3  2925  1792 28.5 
 600.33  2930  1862 24.5 
 600.4  2935  1932 23.75 
 600.43  2940  2003 23.75 
 600.5  2945  2073 22.5 
 600.53  2950  2144 23 
 600.6  2955  2215 27.5 
 600.64  2960  2285 24 
 600.7  2965  2356 23 
 600.74  2970  2427 24 
 600.8  2975  2498 30.5 
 600.84  2980  2569 29.5 
 600.87  2985  2641 28.25 
 600.95  2990  2712 28.75 
 600.98  2995  2783 31.25 
 601.05  3000  2855 33 
 601.08  3005  2926 38.75 
 601.15  3010  2998 49 
 601.19  3015  3070 65.25 
 601.25  3020  3142 58.5 
 601.28  3025  3213 98.25 
 601.35  3030  3285 159.75 
 601.38  3035  3358 202.25 
 601.45  3040  3430 207 
 601.49  3045  3502 295.75 
 601.55  3050  3574 465 
 601.58  3055  3647 529.75 
 601.65  3060  3719 532 
 601.69  3065  3792 669.5 
 601.75  3070  3864 1022 
 601.78  3075  3937 1323.5 
 601.85  3080  4010 1366.25 
 601.89  3085  4083 1579.5 
 601.95  3090  4156 1434 
 601.99  3095  4229 1779.25 
 602.02  3100  4302 1886.75 
 602.1  3105  4376 2870 
 602.13  3110  4449 3521.5 
 602.2  3115  4522 3372 
 602.24  3120  4596 3470.5 
 602.27  3125  4669 4145 
 602.35  3130  4743 4246.5 
 602.39  3135  4817 4167.75 
 602.42  3140  4891 4957.75 
 602.5  3145  4965 4582.25 
 602.53  3150  5039 5762.5 
 602.6  3155  5113 4728 
 602.64  3160  5187 4226 
 602.7  3165  5261 5903 
 602.74  3170  5336 7000.25 
 602.8  3175  5410 6991.75 
 602.84  3180  5485 5422.5 
 602.9  3185  5559 6765 
 602.93  3190  5634 7471.5 
 603  3195  5709 6155 
 603.03  3200  5783 6913.5 
 603.1  3205  5858 8092 
 603.13  3210  5933 6874.75 
 603.2  3215  6008 6294 
 603.23  3220  6083 6183.75 
 603.3  3225  6159 4929 
 603.33  3230  6234 4691.25 
 603.4  3235  6309 5301.25 
 603.44  3240  6385 5682 
 603.5  3245  6460 5282.25 
 603.53  3250  6536 4324 
end
uaIntegration time is 0.2294 seconds per sampledt  3.4E-08 cy 1dh041117Reading 51.44 .94 3.19pr1000dark .3 
 630.02  2900  1442 34.5 
 630.09  2905  1512 35.75 
 630.13  2910  1582 34 
 630.2  2915  1652 35 
 630.23  2920  1722 32.75 
 630.3  2925  1792 34.5 
 630.33  2930  1862 38.75 
 630.4  2935  1932 36.5 
 630.43  2940  2003 39.25 
 630.5  2945  2073 43.75 
 630.53  2950  2144 37.5 
 630.6  2955  2215 39.25 
 630.63  2960  2285 38.25 
 630.7  2965  2356 39.75 
 630.73  2970  2427 40.25 
 630.8  2975  2498 45 
 630.83  2980  2569 45.5 
 630.9  2985  2641 45.75 
 630.93  2990  2712 53 
 631  2995  2783 63.25 
 631.04  3000  2855 58.5 
 631.07  3005  2926 69.75 
 631.14  3010  2998 93 
 631.18  3015  3070 120.5 
 631.25  3020  3142 123.75 
 631.29  3025  3213 206.75 
 631.35  3030  3285 336.5 
 631.38  3035  3358 419.5 
 631.45  3040  3430 449.25 
 631.48  3045  3502 653 
 631.55  3050  3574 994.5 
 631.58  3055  3647 1124.5 
 631.65  3060  3719 1174.75 
 631.68  3065  3792 1452.25 
 631.75  3070  3864 2264 
 631.78  3075  3937 2884.25 
 631.85  3080  4010 3167.25 
 631.89  3085  4083 3714.75 
 631.95  3090  4156 3462.75 
 631.98  3095  4229 4354.25 
 632.05  3100  4302 4682.25 
 632.09  3105  4376 7340.75 
 632.12  3110  4449 9138.75 
 632.2  3115  4522 9250 
 632.23  3120  4596 9625 
 632.3  3125  4669 11743 
 632.34  3130  4743 12572.75 
 632.4  3135  4817 12502.25 
 632.44  3140  4891 15084.5 
 632.47  3145  4965 13846.25 
 632.55  3150  5039 17304.5 
 632.58  3155  5113 14330 
 632.65  3160  5187 12475 
 632.69  3165  5261 17080.25 
 632.75  3170  5336 19909.5 
 632.78  3175  5410 19485.5 
 632.85  3180  5485 14849.5 
 632.88  3185  5559 17921.5 
 632.95  3190  5634 19516.25 
 632.98  3195  5709 15883.75 
 633.05  3200  5783 17839 
 633.09  3205  5858 20445.25 
 633.12  3210  5933 17192.75 
 633.2  3215  6008 15589.5 
 633.24  3220  6083 15444.5 
 633.3  3225  6159 12299.25 
 633.33  3230  6234 11590.25 
 633.4  3235  6309 12868 
 633.44  3240  6385 13543.75 
 633.47  3245  6460 12529.25 
 633.55  3250  6536 10203.5 
end
uaIntegration time is 0.2294 seconds per sampledt  3.4E-08 cy 1dh041117Reading 51.44 .94 3.17pr1000dark .35 
 660.02  2900  1442 15.75 
 660.1  2905  1512 14 
 660.13  2910  1582 14.5 
 660.2  2915  1652 13.5 
 660.23  2920  1722 16 
 660.3  2925  1792 13.75 
 660.33  2930  1862 14.5 
 660.4  2935  1932 14.75 
 660.43  2940  2003 17 
 660.5  2945  2073 16.25 
 660.53  2950  2144 15.5 
 660.6  2955  2215 15.25 
 660.64  2960  2285 16 
 660.7  2965  2356 17 
 660.73  2970  2427 16.5 
 660.8  2975  2498 18.25 
 660.83  2980  2569 17.75 
 660.9  2985  2641 18 
 660.93  2990  2712 21 
 661  2995  2783 23.25 
 661.03  3000  2855 25 
 661.1  3005  2926 30.25 
 661.13  3010  2998 38.75 
 661.2  3015  3070 53.5 
 661.24  3020  3142 62 
 661.27  3025  3213 97.75 
 661.35  3030  3285 164.5 
 661.39  3035  3358 209.25 
 661.42  3040  3430 217.75 
 661.5  3045  3502 321 
 661.54  3050  3574 497.25 
 661.6  3055  3647 573.75 
 661.64  3060  3719 589.25 
 661.67  3065  3792 752.5 
 661.75  3070  3864 1148.75 
 661.78  3075  3937 1478.25 
 661.85  3080  4010 1633.25 
 661.89  3085  4083 1909.75 
 661.95  3090  4156 1810.25 
 661.99  3095  4229 2233.75 
 662.05  3100  4302 2408.25 
 662.11  3105  4376 3777.25 
 662.15  3110  4449 4720 
 662.18  3115  4522 4712.5 
 662.25  3120  4596 4909 
 662.29  3125  4669 5922.25 
 662.32  3130  4743 6359.75 
 662.4  3135  4817 6410.5 
 662.43  3140  4891 7672.25 
 662.5  3145  4965 7091.75 
 662.54  3150  5039 9044 
 662.6  3155  5113 7574.25 
 662.63  3160  5187 6770.5 
 662.69  3165  5261 9317.5 
 662.73  3170  5336 11071.75 
 662.8  3175  5410 11003.75 
 662.83  3180  5485 8544 
 662.9  3185  5559 10400.75 
 662.94  3190  5634 11370.75 
 662.97  3195  5709 9436.75 
 663.05  3200  5783 10748 
 663.09  3205  5858 12356.75 
 663.15  3210  5933 10490 
 663.19  3215  6008 9660.25 
 663.22  3220  6083 9687.5 
 663.3  3225  6159 7865.5 
 663.33  3230  6234 7483.75 
 663.4  3235  6309 8308.75 
 663.43  3240  6385 8896.25 
 663.49  3245  6460 8271.25 
 663.53  3250  6536 6916 
end
uaIntegration time is 0.2294 seconds per sampledt  3.4E-08 cy 1dh041117Reading 51.44 .94 3.15pr1000dark .3 
 690.02  2900  1442 36 
 690.1  2905  1512 39.75 
 690.13  2910  1582 39.25 
 690.2  2915  1652 34 
 690.24  2920  1722 36 
 690.3  2925  1792 33.75 
 690.33  2930  1862 35.5 
 690.4  2935  1932 36.25 
 690.43  2940  2003 41.5 
 690.5  2945  2073 40.25 
 690.54  2950  2144 33.5 
 690.6  2955  2215 37.25 
 690.63  2960  2285 38.75 
 690.7  2965  2356 38.75 
 690.73  2970  2427 39.5 
 690.8  2975  2498 44.5 
 690.83  2980  2569 45.25 
 690.9  2985  2641 44.75 
 690.93  2990  2712 49 
 691  2995  2783 65.25 
 691.03  3000  2855 67.25 
 691.1  3005  2926 85.5 
 691.14  3010  2998 123 
 691.2  3015  3070 154.5 
 691.24  3020  3142 158.5 
 691.27  3025  3213 285.25 
 691.35  3030  3285 487 
 691.39  3035  3358 619.75 
 691.45  3040  3430 648 
 691.49  3045  3502 920.5 
 691.52  3050  3574 1443.75 
 691.6  3055  3647 1608.75 
 691.63  3060  3719 1667.25 
 691.7  3065  3792 2075.75 
 691.74  3070  3864 3073.5 
 691.77  3075  3937 3943.5 
 691.85  3080  4010 4281.75 
 691.88  3085  4083 4940.5 
 691.95  3090  4156 4553 
 691.99  3095  4229 5516 
 692.02  3100  4302 5820.5 
 692.1  3105  4376 9051.25 
 692.14  3110  4449 11150.25 
 692.2  3115  4522 11013.25 
 692.23  3120  4596 11090 
 692.3  3125  4669 13234.75 
 692.33  3130  4743 13920.75 
 692.4  3135  4817 13626.25 
 692.44  3140  4891 16178 
 692.5  3145  4965 14482 
 692.54  3150  5039 18162.75 
 692.57  3155  5113 14931 
 692.65  3160  5187 12966 
 692.69  3165  5261 17629 
 692.75  3170  5336 20566.5 
 692.79  3175  5410 20301.25 
 692.82  3180  5485 15305 
 692.9  3185  5559 18026.5 
 692.94  3190  5634 19469.75 
 693  3195  5709 15871 
 693.03  3200  5783 17709.5 
 693.1  3205  5858 20002 
 693.14  3210  5933 16677 
 693.2  3215  6008 14983 
 693.23  3220  6083 14953.5 
 693.3  3225  6159 11803 
 693.33  3230  6234 10997 
 693.4  3235  6309 12086 
 693.43  3240  6385 12755.25 
 693.5  3245  6460 11720 
 693.53  3250  6536 9612.75 
end
uaIntegration time is 0.2294 seconds per sampledt  3.4E-08 cy 1dh041117Reading 51.44 .94 3.13pr1000dark .25 
 751.02  2900  1442 56.5 
 751.1  2905  1512 58 
 751.13  2910  1582 57.25 
 751.2  2915  1652 66.25 
 751.23  2920  1722 59.75 
 751.3  2925  1792 63.25 
 751.34  2930  1862 72.75 
 751.4  2935  1932 64.75 
 751.44  2940  2003 67.25 
 751.49  2945  2073 68.25 
 751.53  2950  2144 63.5 
 751.6  2955  2215 69.25 
 751.63  2960  2285 69.25 
 751.7  2965  2356 69.75 
 751.73  2970  2427 69.75 
 751.8  2975  2498 76.5 
 751.83  2980  2569 81.25 
 751.9  2985  2641 84 
 751.93  2990  2712 100 
 752  2995  2783 110.75 
 752.03  3000  2855 117.5 
 752.1  3005  2926 146 
 752.13  3010  2998 203.5 
 752.2  3015  3070 264.75 
 752.24  3020  3142 273.75 
 752.27  3025  3213 445.25 
 752.35  3030  3285 779.25 
 752.39  3035  3358 995.25 
 752.42  3040  3430 1026.5 
 752.5  3045  3502 1498.25 
 752.54  3050  3574 2283.25 
 752.57  3055  3647 2522.75 
 752.65  3060  3719 2582.5 
 752.68  3065  3792 3237 
 752.75  3070  3864 4895 
 752.78  3075  3937 6251.5 
 752.85  3080  4010 6782 
 752.88  3085  4083 7872 
 752.95  3090  4156 7257.5 
 752.98  3095  4229 8868.25 
 753.05  3100  4302 9369.5 
 753.08  3105  4376 14823 
 753.14  3110  4449 18320 
 753.18  3115  4522 18190 
 753.25  3120  4596 18637 
 753.29  3125  4669 22481 
 753.35  3130  4743 23952.75 
 753.39  3135  4817 23720 
 753.45  3140  4891 28226.25 
 753.48  3145  4965 25455.75 
 753.55  3150  5039 31974.25 
 753.58  3155  5113 26542.5 
 753.65  3160  5187 23211.75 
 753.68  3165  5261 31902.25 
 753.75  3170  5336 37848.5 
 753.78  3175  5410 37220 
 753.85  3180  5485 28276.75 
 753.88  3185  5559 34228.25 
 753.95  3190  5634 37312.75 
 753.99  3195  5709 30544.75 
 754.02  3200  5783 34674.25 
 754.1  3205  5858 39566 
 754.13  3210  5933 33091.75 
 754.2  3215  6008 30246.5 
 754.23  3220  6083 30471.25 
 754.3  3225  6159 24363 
 754.34  3230  6234 22888.25 
 754.37  3235  6309 25480 
 754.45  3240  6385 27109 
 754.48  3245  6460 25279.75 
 754.55  3250  6536 20829.75 
end
uaIntegration time is 0.2294 seconds per sampledt  3.4E-08 cy 1dh041117Reading 51.44 .94 3.17pr1000dark .2 
 780.02  2900  1442 43 
 780.1  2905  1512 43.25 
 780.14  2910  1582 43.25 
 780.2  2915  1652 44.75 
 780.24  2920  1722 46.25 
 780.3  2925  1792 47.75 
 780.33  2930  1862 44 
 780.4  2935  1932 44.75 
 780.44  2940  2003 45 
 780.5  2945  2073 44.5 
 780.54  2950  2144 48.25 
 780.57  2955  2215 46.25 
 780.65  2960  2285 44 
 780.68  2965  2356 47.5 
 780.75  2970  2427 47.25 
 780.78  2975  2498 59.5 
 780.85  2980  2569 57.75 
 780.88  2985  2641 60 
 780.95  2990  2712 62 
 780.98  2995  2783 72.75 
 781.05  3000  2855 70.5 
 781.09  3005  2926 96.5 
 781.12  3010  2998 118 
 781.2  3015  3070 145.75 
 781.24  3020  3142 155 
 781.27  3025  3213 254.75 
 781.35  3030  3285 430.25 
 781.39  3035  3358 539.25 
 781.45  3040  3430 546.5 
 781.49  3045  3502 781.75 
 781.55  3050  3574 1198.5 
 781.58  3055  3647 1338 
 781.65  3060  3719 1330 
 781.69  3065  3792 1661.75 
 781.75  3070  3864 2495.5 
 781.79  3075  3937 3160 
 781.85  3080  4010 3374.5 
 781.89  3085  4083 3816 
 781.92  3090  4156 3513.5 
 782  3095  4229 4269 
 782.03  3100  4302 4446 
 782.1  3105  4376 6876.5 
 782.14  3110  4449 8375.75 
 782.17  3115  4522 8213 
 782.25  3120  4596 8141.25 
 782.28  3125  4669 9688.25 
 782.35  3130  4743 10038.25 
 782.38  3135  4817 9849.25 
 782.45  3140  4891 11357.25 
 782.49  3145  4965 10236 
 782.55  3150  5039 12580 
 782.59  3155  5113 10220.5 
 782.65  3160  5187 8831.25 
 782.69  3165  5261 11912.75 
 782.72  3170  5336 13965 
 782.8  3175  5410 13249.25 
 782.84  3180  5485 10010.5 
 782.9  3185  5559 11768.25 
 782.94  3190  5634 12689.75 
 782.97  3195  5709 10209.5 
 783.05  3200  5783 11167.5 
 783.08  3205  5858 12635.75 
 783.15  3210  5933 10372 
 783.19  3215  6008 9353.75 
 783.25  3220  6083 9079.25 
 783.28  3225  6159 7174 
 783.35  3230  6234 6617.5 
 783.38  3235  6309 7258.75 
 783.45  3240  6385 7620 
 783.49  3245  6460 6977.5 
 783.55  3250  6536 5568 
end
uaIntegration time is 0.2294 seconds per sampledt  3.4E-08 cy 1dh041117Reading 51.44 .94 3.19pr1000dark .25 
 810.02  2900  1442 53.75 
 810.1  2905  1512 54 
 810.13  2910  1582 55.75 
 810.2  2915  1652 54.25 
 810.23  2920  1722 62 
 810.3  2925  1792 62.25 
 810.33  2930  1862 60.25 
 810.4  2935  1932 62.25 
 810.44  2940  2003 59.25 
 810.47  2945  2073 73 
 810.55  2950  2144 66.75 
 810.58  2955  2215 69.5 
 810.65  2960  2285 66.5 
 810.68  2965  2356 69.25 
 810.75  2970  2427 62.5 
 810.78  2975  2498 72 
 810.84  2980  2569 74.25 
 810.88  2985  2641 75.5 
 810.95  2990  2712 82.25 
 810.98  2995  2783 93.5 
 811.04  3000  2855 91.75 
 811.08  3005  2926 108 
 811.15  3010  2998 141.25 
 811.18  3015  3070 184.25 
 811.24  3020  3142 186.5 
 811.28  3025  3213 306.25 
 811.35  3030  3285 500.25 
 811.38  3035  3358 640 
 811.45  3040  3430 658.5 
 811.49  3045  3502 980.5 
 811.52  3050  3574 1519.5 
 811.6  3055  3647 1684.75 
 811.64  3060  3719 1761.25 
 811.67  3065  3792 2228.5 
 811.74  3070  3864 3448.5 
 811.78  3075  3937 4523.75 
 811.85  3080  4010 4920.5 
 811.88  3085  4083 5685.5 
 811.95  3090  4156 5344.5 
 811.98  3095  4229 6778.25 
 812.05  3100  4302 7197.25 
 812.08  3105  4376 11571 
 812.15  3110  4449 14237.25 
 812.19  3115  4522 14142.5 
 812.25  3120  4596 14710.5 
 812.29  3125  4669 17889.5 
 812.35  3130  4743 18992.5 
 812.39  3135  4817 18793.5 
 812.42  3140  4891 22589.75 
 812.5  3145  4965 20724.5 
 812.54  3150  5039 26207.5 
 812.6  3155  5113 20990.5 
 812.63  3160  5187 18782.75 
 812.7  3165  5261 25689.75 
 812.73  3170  5336 30296.75 
 812.8  3175  5410 29412.25 
 812.84  3180  5485 22580.25 
 812.87  3185  5559 27760 
 812.95  3190  5634 30127 
 812.98  3195  5709 24473.75 
 813.05  3200  5783 27434.25 
 813.09  3205  5858 31988.25 
 813.12  3210  5933 26952.5 
 813.2  3215  6008 24726.5 
 813.23  3220  6083 24390.75 
 813.3  3225  6159 19322.25 
 813.34  3230  6234 18368 
 813.37  3235  6309 20619.25 
 813.45  3240  6385 21931 
 813.49  3245  6460 20042.5 
 813.55  3250  6536 16429.75 
end
uaIntegration time is 0.2294 seconds per sampledt  3.4E-08 cy 1dh041117Reading 51.44 .94 3.23pr1000dark .4 
 840.02  2900  1442 21 
 840.1  2905  1512 29 
 840.13  2910  1582 25 
 840.2  2915  1652 27.25 
 840.23  2920  1722 23.5 
 840.3  2925  1792 23.75 
 840.33  2930  1862 20.5 
 840.4  2935  1932 22.5 
 840.44  2940  2003 23.5 
 840.5  2945  2073 24 
 840.54  2950  2144 22.75 
 840.6  2955  2215 21 
 840.63  2960  2285 23 
 840.7  2965  2356 23.75 
 840.74  2970  2427 24.5 
 840.77  2975  2498 26.25 
 840.85  2980  2569 25.25 
 840.89  2985  2641 27.25 
 840.95  2990  2712 27 
 840.99  2995  2783 28.25 
 841.02  3000  2855 35.5 
 841.1  3005  2926 34 
 841.14  3010  2998 46 
 841.2  3015  3070 51.5 
 841.24  3020  3142 49.25 
 841.27  3025  3213 72 
 841.35  3030  3285 121.25 
 841.39  3035  3358 156 
 841.45  3040  3430 153.5 
 841.49  3045  3502 226.75 
 841.55  3050  3574 351.75 
 841.58  3055  3647 398 
 841.65  3060  3719 417.25 
 841.68  3065  3792 521 
 841.75  3070  3864 812.25 
 841.78  3075  3937 1094.75 
 841.85  3080  4010 1164 
 841.88  3085  4083 1367.75 
 841.94  3090  4156 1285 
 841.98  3095  4229 1687.75 
 842.05  3100  4302 1806.25 
 842.09  3105  4376 2867.5 
 842.15  3110  4449 3516.5 
 842.18  3115  4522 3539.5 
 842.25  3120  4596 3754.5 
 842.29  3125  4669 4598.5 
 842.35  3130  4743 4858 
 842.38  3135  4817 4819 
 842.45  3140  4891 5822.25 
 842.49  3145  4965 5507.5 
 842.55  3150  5039 6897 
 842.59  3155  5113 5628.5 
 842.65  3160  5187 5089 
 842.68  3165  5261 7174.5 
 842.75  3170  5336 8448.25 
 842.79  3175  5410 8198.75 
 842.85  3180  5485 6386.25 
 842.88  3185  5559 7939 
 842.95  3190  5634 8622.75 
 842.98  3195  5709 6969.25 
 843.05  3200  5783 7838 
 843.09  3205  5858 9225 
 843.12  3210  5933 7851 
 843.2  3215  6008 7198 
 843.23  3220  6083 7023.75 
 843.3  3225  6159 5600.25 
 843.33  3230  6234 5407.25 
 843.4  3235  6309 6140.25 
 843.43  3240  6385 6532.5 
 843.5  3245  6460 5950.75 
 843.54  3250  6536 4883 
end
uaIntegration time is 0.2294 seconds per sampledt  3.4E-08 cy 1dh041117Reading 51.44 .94 3.23pr1000dark .4 
 870.02  2900  1442 12 
 870.1  2905  1512 10 
 870.14  2910  1582 12 
 870.2  2915  1652 11.25 
 870.24  2920  1722 12.5 
 870.27  2925  1792 11.75 
 870.35  2930  1862 12.25 
 870.38  2935  1932 12 
 870.45  2940  2003 11.75 
 870.48  2945  2073 13 
 870.55  2950  2144 11.25 
 870.59  2955  2215 12 
 870.65  2960  2285 11.75 
 870.69  2965  2356 11 
 870.75  2970  2427 14.5 
 870.78  2975  2498 14.25 
 870.85  2980  2569 15 
 870.88  2985  2641 15 
 870.95  2990  2712 17.25 
 870.99  2995  2783 19 
 871.02  3000  2855 18 
 871.1  3005  2926 20 
 871.13  3010  2998 25.25 
 871.2  3015  3070 34 
 871.23  3020  3142 43.75 
 871.3  3025  3213 42.5 
 871.34  3030  3285 68.5 
 871.37  3035  3358 87 
 871.45  3040  3430 84.25 
 871.48  3045  3502 124 
 871.55  3050  3574 193.5 
 871.59  3055  3647 212.75 
 871.65  3060  3719 227 
 871.69  3065  3792 292.25 
 871.72  3070  3864 467 
 871.8  3075  3937 623.75 
 871.83  3080  4010 687.5 
 871.9  3085  4083 822.75 
 871.94  3090  4156 789.75 
 872  3095  4229 1052 
 872.03  3100  4302 1138.5 
 872.1  3105  4376 1880.25 
 872.13  3110  4449 2361.5 
 872.2  3115  4522 2430.5 
 872.23  3120  4596 2602 
 872.3  3125  4669 3304 
 872.34  3130  4743 3585.75 
 872.4  3135  4817 3541.5 
 872.44  3140  4891 4458.75 
 872.47  3145  4965 4317.75 
 872.55  3150  5039 5507.25 
 872.58  3155  5113 4447.25 
 872.65  3160  5187 4195.25 
 872.69  3165  5261 5995 
 872.75  3170  5336 7106.5 
 872.78  3175  5410 6947 
 872.85  3180  5485 5502 
 872.88  3185  5559 7060.5 
 872.95  3190  5634 7823.5 
 872.98  3195  5709 6223 
 873.05  3200  5783 7077 
 873.09  3205  5858 8507.5 
 873.12  3210  5933 7392 
 873.2  3215  6008 6864.25 
 873.24  3220  6083 6565.75 
 873.3  3225  6159 5281.75 
 873.34  3230  6234 5197.75 
 873.4  3235  6309 6031.25 
 873.43  3240  6385 6494.75 
 873.5  3245  6460 5940 
 873.53  3250  6536 4824.25 
end
uaIntegration time is 0.2294 seconds per sampledt  3.4E-08 cy 1dh041117Reading 51.44 .94 3.19pr1000dark .35 
 900.02  2900  1442 12.25 
 900.1  2905  1512 11.25 
 900.13  2910  1582 12.75 
 900.2  2915  1652 15.5 
 900.24  2920  1722 13 
 900.3  2925  1792 14.5 
 900.33  2930  1862 12.5 
 900.4  2935  1932 14.75 
 900.43  2940  2003 13.5 
 900.5  2945  2073 11.75 
 900.53  2950  2144 14.75 
 900.6  2955  2215 12.75 
 900.63  2960  2285 15.5 
 900.7  2965  2356 14 
 900.73  2970  2427 15 
 900.8  2975  2498 15.75 
 900.84  2980  2569 13.5 
 900.87  2985  2641 16.25 
 900.95  2990  2712 16.75 
 900.99  2995  2783 18.25 
 901.02  3000  2855 16.5 
 901.1  3005  2926 21 
 901.14  3010  2998 22.75 
 901.2  3015  3070 28 
 901.23  3020  3142 33.25 
 901.3  3025  3213 42 
 901.34  3030  3285 56.5 
 901.37  3035  3358 70 
 901.45  3040  3430 66.5 
 901.48  3045  3502 94.25 
 901.55  3050  3574 139.75 
 901.58  3055  3647 151 
 901.65  3060  3719 165.5 
 901.68  3065  3792 198 
 901.75  3070  3864 300 
 901.79  3075  3937 409.5 
 901.82  3080  4010 464.75 
 901.9  3085  4083 542.25 
 901.93  3090  4156 529.75 
 902  3095  4229 740.5 
 902.03  3100  4302 816 
 902.1  3105  4376 1337.5 
 902.13  3110  4449 1679.5 
 902.2  3115  4522 1730 
 902.24  3120  4596 1974.75 
 902.3  3125  4669 2538.25 
 902.34  3130  4743 2758.75 
 902.37  3135  4817 2729 
 902.45  3140  4891 3470 
 902.48  3145  4965 3521 
 902.55  3150  5039 4509 
 902.58  3155  5113 3631 
 902.65  3160  5187 3495.75 
 902.68  3165  5261 5122 
 902.75  3170  5336 6099.75 
 902.79  3175  5410 5862.25 
 902.82  3180  5485 4708.25 
 902.9  3185  5559 6348.25 
 902.94  3190  5634 7105.5 
 903  3195  5709 5507.75 
 903.04  3200  5783 6196.25 
 903.07  3205  5858 7675.5 
 903.15  3210  5933 6880.25 
 903.18  3215  6008 6321.75 
 903.25  3220  6083 5900.5 
 903.29  3225  6159 4701.5 
 903.35  3230  6234 4751.25 
 903.39  3235  6309 5698.5 
 903.42  3240  6385 6162.5 
 903.5  3245  6460 5477.25 
 903.57  3250  6536 4352 
end
uaIntegration time is 0.2294 seconds per sampledt  3.4E-08 cy 1dh041117Reading 51.44 .94 3.17pr1000dark .4 
 930.02  2900  1442 5 
 930.1  2905  1512 4.75 
 930.13  2910  1582 5.75 
 930.2  2915  1652 4.75 
 930.23  2920  1722 6 
 930.3  2925  1792 6.75 
 930.34  2930  1862 7 
 930.37  2935  1932 7 
 930.45  2940  2003 6.5 
 930.48  2945  2073 7.25 
 930.55  2950  2144 6.75 
 930.58  2955  2215 6.5 
 930.65  2960  2285 6.75 
 930.69  2965  2356 6.5 
 930.75  2970  2427 7 
 930.79  2975  2498 6.75 
 930.83  2980  2569 8.75 
 930.9  2985  2641 6.75 
 930.93  2990  2712 8.5 
 931  2995  2783 10 
 931.03  3000  2855 9.25 
 931.1  3005  2926 10 
 931.13  3010  2998 13.75 
 931.2  3015  3070 16.75 
 931.23  3020  3142 14.75 
 931.3  3025  3213 21.25 
 931.34  3030  3285 34.75 
 931.37  3035  3358 34.5 
 931.45  3040  3430 37.25 
 931.49  3045  3502 47.5 
 931.52  3050  3574 64.25 
 931.6  3055  3647 71 
 931.63  3060  3719 71.5 
 931.7  3065  3792 91.25 
 931.73  3070  3864 131 
 931.8  3075  3937 171.25 
 931.83  3080  4010 192.75 
 931.9  3085  4083 224 
 931.94  3090  4156 204.75 
 932  3095  4229 280.75 
 932.04  3100  4302 302.5 
 932.07  3105  4376 500.75 
 932.15  3110  4449 631.25 
 932.18  3115  4522 657.75 
 932.25  3120  4596 751 
 932.29  3125  4669 966.75 
 932.35  3130  4743 1073 
 932.38  3135  4817 1050.75 
 932.45  3140  4891 1381.5 
 932.49  3145  4965 1431.5 
 932.52  3150  5039 1879 
 932.6  3155  5113 1484.5 
 932.63  3160  5187 1464.5 
 932.7  3165  5261 2242.5 
 932.73  3170  5336 2707.25 
 932.8  3175  5410 2555.75 
 932.83  3180  5485 2128.25 
 932.9  3185  5559 3003.25 
 932.93  3190  5634 3460.75 
 933  3195  5709 2578.5 
 933.04  3200  5783 2882 
 933.07  3205  5858 3799.75 
 933.15  3210  5933 3570.25 
 933.18  3215  6008 3293.75 
 933.25  3220  6083 2947.5 
 933.29  3225  6159 2307.75 
 933.35  3230  6234 2461.75 
 933.38  3235  6309 3145.5 
 933.45  3240  6385 3392 
 933.48  3245  6460 2952.5 
 933.55  3250  6536 2271.25 
end
uaIntegration time is 0.2294 seconds per sampledt  3.4E-08 cy 1dh041117Reading 51.44 .94 3.15pr1000dark .2 
 960.02  2900  1442 3 
 960.1  2905  1512 3 
 960.13  2910  1582 3 
 960.2  2915  1652 2.25 
 960.24  2920  1722 2.75 
 960.3  2925  1792 3.5 
 960.33  2930  1862 4 
 960.4  2935  1932 3.25 
 960.43  2940  2003 3 
 960.5  2945  2073 2.5 
 960.53  2950  2144 4 
 960.6  2955  2215 3.5 
 960.64  2960  2285 2.5 
 960.7  2965  2356 3 
 960.73  2970  2427 4.25 
 960.8  2975  2498 3.5 
 960.84  2980  2569 3.75 
 960.9  2985  2641 4.25 
 960.93  2990  2712 5.25 
 961  2995  2783 4.75 
 961.03  3000  2855 5.75 
 961.1  3005  2926 5.75 
 961.13  3010  2998 8.5 
 961.2  3015  3070 9.25 
 961.23  3020  3142 7.75 
 961.3  3025  3213 11 
 961.33  3030  3285 17.75 
 961.4  3035  3358 20.25 
 961.44  3040  3430 19.25 
 961.5  3045  3502 26.5 
 961.54  3050  3574 36 
 961.57  3055  3647 42.25 
 961.65  3060  3719 38.5 
 961.69  3065  3792 43.5 
 961.75  3070  3864 70.25 
 961.79  3075  3937 81.5 
 961.82  3080  4010 95.5 
 961.9  3085  4083 105.75 
 961.93  3090  4156 95.5 
 962  3095  4229 123.25 
 962.04  3100  4302 125.5 
 962.1  3105  4376 203.75 
 962.13  3110  4449 261.25 
 962.2  3115  4522 254.75 
 962.23  3120  4596 275.25 
 962.3  3125  4669 334 
 962.33  3130  4743 379.75 
 962.4  3135  4817 368.75 
 962.44  3140  4891 481 
 962.5  3145  4965 495.25 
 962.53  3150  5039 636.75 
 962.6  3155  5113 516.75 
 962.63  3160  5187 497.5 
 962.7  3165  5261 794.25 
 962.73  3170  5336 922.75 
 962.8  3175  5410 879.5 
 962.84  3180  5485 737.75 
 962.9  3185  5559 1127.5 
 962.94  3190  5634 1313.75 
 962.97  3195  5709 940 
 963.05  3200  5783 1066 
 963.08  3205  5858 1475.75 
 963.15  3210  5933 1474.25 
 963.18  3215  6008 1387.5 
 963.25  3220  6083 1149.75 
 963.28  3225  6159 895.75 
 963.35  3230  6234 1050.75 
 963.39  3235  6309 1419 
 963.42  3240  6385 1543.5 
 963.5  3245  6460 1303.25 
 963.53  3250  6536 946.5 
end
uaIntegration time is 0.2294 seconds per sampledt  3.4E-08 cy 1dh041117Reading 51.44 .94 3.13pr1000dark .2 
 990.02  2900  1442 .5 
 990.1  2905  1512 .5 
 990.13  2910  1582 .25 
 990.19  2915  1652 .75 
 990.23  2920  1722 .25 
 990.3  2925  1792 1 
 990.33  2930  1862 .25 
 990.4  2935  1932 .25 
 990.43  2940  2003 .75 
 990.5  2945  2073 .25 
 990.53  2950  2144 .25 
 990.6  2955  2215 .5 
 990.64  2960  2285 .5 
 990.7  2965  2356 .5 
 990.73  2970  2427 .5 
 990.8  2975  2498 .75 
 990.83  2980  2569 1 
 990.9  2985  2641 .75 
 990.94  2990  2712 .5 
 990.97  2995  2783 .75 
 991.05  3000  2855 .75 
 991.08  3005  2926 .75 
 991.15  3010  2998 1 
 991.18  3015  3070 1.5 
 991.25  3020  3142 .75 
 991.28  3025  3213 1.5 
 991.35  3030  3285 2.25 
 991.39  3035  3358 2.5 
 991.42  3040  3430 3.25 
 991.5  3045  3502 3.75 
 991.54  3050  3574 4.75 
 991.6  3055  3647 5.75 
 991.64  3060  3719 4 
 991.67  3065  3792 6 
 991.75  3070  3864 7.25 
 991.78  3075  3937 10.25 
 991.85  3080  4010 10.75 
 991.88  3085  4083 11.25 
 991.95  3090  4156 12 
 991.98  3095  4229 13.75 
 992.05  3100  4302 13 
 992.08  3105  4376 20.75 
 992.15  3110  4449 29.75 
 992.18  3115  4522 25.75 
 992.25  3120  4596 33 
 992.28  3125  4669 34 
 992.35  3130  4743 36.25 
 992.39  3135  4817 36 
 992.44  3140  4891 46.25 
 992.48  3145  4965 40.5 
 992.55  3150  5039 55.75 
 992.59  3155  5113 44.75 
 992.65  3160  5187 41.25 
 992.69  3165  5261 58.5 
 992.75  3170  5336 67.25 
 992.78  3175  5410 72.25 
 992.85  3180  5485 54.5 
 992.89  3185  5559 84 
 992.95  3190  5634 96.5 
 992.98  3195  5709 66.5 
 993.05  3200  5783 73.5 
 993.08  3205  5858 108 
 993.15  3210  5933 104.25 
 993.18  3215  6008 99.75 
 993.25  3220  6083 78.25 
 993.28  3225  6159 62 
 993.35  3230  6234 71.25 
 993.39  3235  6309 101 
 993.45  3240  6385 117.25 
 993.49  3245  6460 97.25 
 993.55  3250  6536 67.5 
end
uaIntegration time is 0.2294 seconds per sampledt  3.4E-08 cy 1dh041117Reading 51.44 .94 3.11pr1000dark .35 
 1020.02  2900  1442 .25 
 1020.1  2905  1512 .25 
 1020.14  2910  1582 .5 
 1020.2  2915  1652 .25 
 1020.24  2920  1722 .25 
 1020.27  2925  1792 .75 
 1020.35  2930  1862 .25 
 1020.38  2935  1932 .25 
 1020.45  2940  2003 .25 
 1020.49  2945  2073 .25 
 1020.55  2950  2144 .25 
 1020.58  2955  2215 .25 
 1020.65  2960  2285 .25 
 1020.68  2965  2356 .25 
 1020.75  2970  2427 .25 
 1020.79  2975  2498 .25 
 1020.85  2980  2569 .5 
 1020.89  2985  2641 .25 
 1020.95  2990  2712 .5 
 1020.99  2995  2783 .25 
 1021.02  3000  2855 .5 
 1021.1  3005  2926 .25 
 1021.13  3010  2998 .25 
 1021.2  3015  3070 .25 
 1021.23  3020  3142 0 
 1021.3  3025  3213 .5 
 1021.34  3030  3285 .25 
 1021.37  3035  3358 .5 
 1021.45  3040  3430 .5 
 1021.48  3045  3502 .5 
 1021.55  3050  3574 .5 
 1021.59  3055  3647 .5 
 1021.65  3060  3719 .75 
 1021.68  3065  3792 .75 
 1021.75  3070  3864 1.25 
 1021.79  3075  3937 1.5 
 1021.85  3080  4010 1.25 
 1021.89  3085  4083 2.25 
 1021.92  3090  4156 .5 
 1022  3095  4229 1.25 
 1022.04  3100  4302 1.25 
 1022.07  3105  4376 1.75 
 1022.15  3110  4449 2.25 
 1022.19  3115  4522 2.5 
 1022.22  3120  4596 2.25 
 1022.3  3125  4669 2.25 
 1022.33  3130  4743 3.5 
 1022.4  3135  4817 2.5 
 1022.44  3140  4891 2.75 
 1022.5  3145  4965 3.75 
 1022.53  3150  5039 4.5 
 1022.6  3155  5113 3.25 
 1022.64  3160  5187 3 
 1022.67  3165  5261 3.75 
 1022.75  3170  5336 4.25 
 1022.79  3175  5410 5 
 1022.82  3180  5485 3.25 
 1022.9  3185  5559 5.75 
 1022.93  3190  5634 4.25 
 1023  3195  5709 4.75 
 1023.03  3200  5783 4.5 
 1023.1  3205  5858 5.5 
 1023.14  3210  5933 5.25 
 1023.2  3215  6008 6.25 
 1023.23  3220  6083 4.5 
 1023.3  3225  6159 3.75 
 1023.33  3230  6234 3.5 
 1023.4  3235  6309 5 
 1023.43  3240  6385 5.75 
 1023.5  3245  6460 4.75 
 1023.53  3250  6536 4.25 
end
