 3133.167 
2109           90
2119           88
2129           89
2139           96
2149           95
2159           96
2169          122
2179          389
2189         1618
2199         3146
2209         4879
2219         6407
2229         7798
2239         9496
2249        10667
2259        10990
2269        10216
2279         8449
2289         6993
2299         5449
2309         3872
2319         2329
2329          856
2339          199
2349          144
2359          117
2369           96
2379           92
2389           88
2399           92
2409           86
2409           89
2399           87
2389           92
2379           78
2369           95
2359          113
2349          131
2339          191
2329          856
2319         2374
2309         3909
2299         5411
2289         7023
2279         8621
2269        10061
2259        10868
2249        10612
2239         9330
2229         7806
2219         6511
2209         4901
2199         3208
2189         1677
2179          402
2169          138
2159          108
2149           99
2139           94
2129          102
2119          102
2109           97
eof
185 mkiii
slit  4 
ZERO  1733 
CalStep 1020
TE  34 
ND  0 
