dh100617El Arenosillo 37.1 6.73 3.09pr1000
CI SCAN-INST #150 dt  3.2E-08  cy 4 DARK =     1.100 
 111.87  2865     75    38164.00   167252.40
 111.92  2870    141    40571.00   177861.60
 111.96  2875    208    42706.00   187278.10
 112.01  2880    274    45150.00   198064.40
 112.06  2885    340    47257.00   207369.30
 112.11  2890    407    49828.00   218731.00
 112.16  2895    473    52762.00   231706.90
 112.20  2900    540    55485.00   243759.30
 112.25  2905    607    58180.00   255697.00
 112.29  2910    674    61522.00   270513.40
 112.34  2915    740    64415.00   283350.50
 112.39  2920    807    67736.00   298100.00
 112.44  2925    875    71355.00   314188.80
 112.49  2930    942    75059.00   330672.90
 112.53  2935   1009    78338.00   345280.00
 112.58  2940   1076    81909.00   361203.70
 112.62  2945   1144    85913.00   379077.60
 112.67  2950   1211    89695.00   395979.40
 112.72  2955   1278    93903.00   414806.70
 112.76  2960   1346    98060.00   433428.20
 112.81  2965   1414   102202.00   452004.80
 112.86  2970   1482   106395.00   470832.80
 112.91  2975   1549   110876.00   490979.30
 112.95  2980   1617   115225.00   510557.40
 113.00  2985   1685   119866.00   531477.30
 113.05  2990   1754   124847.00   553961.50
 113.09  2995   1822   129607.00   575478.40
 113.14  3000   1890   134373.00   597052.60
 113.19  3005   1958   139401.00   619845.40
 113.24  3010   2027   144486.00   642930.70
 113.29  3015   2095   149383.00   665195.20
 113.33  3020   2164   154467.00   688343.90
 113.38  3025   2233   159663.00   712038.50
 113.43  3030   2301   165166.00   737172.60
 113.48  3035   2370   170261.00   760479.80
 113.52  3040   2439   176195.00   787669.60
 113.58  3045   2508   181188.00   810584.80
 113.63  3050   2578   187646.00   840274.20
 113.67  3055   2647   193190.00   865807.40
 113.72  3060   2716   199419.00   894545.90
 113.77  3065   2785   204826.00   919535.50
 113.81  3070   2855   211435.00   950135.80
 113.86  3075   2925   217520.00   978363.80
 113.91  3080   2994   223919.00  1008104.00
 113.96  3085   3064   230069.00  1036742.00
 114.01  3090   3134   236392.00  1066241.00
 114.06  3095   3204   243589.00  1099887.00
 114.11  3100   3274   249960.00  1129732.00
 114.16  3105   3344   256936.00  1162479.00
 114.20  3110   3414   263854.00  1195023.00
 114.25  3115   3484   271686.00  1231950.00
 114.30  3120   3555   278078.00  1262154.00
 114.36  3125   3625   285422.00  1296930.00
 114.40  3130   3696   293002.00  1332906.00
 114.45  3135   3767   300645.00  1369268.00
 114.50  3140   3837   308446.00  1406470.00
 114.55  3145   3908   316373.00  1444367.00
 114.59  3150   3979   324330.00  1482502.00
 114.64  3155   4050   332206.00  1520343.00
 114.69  3160   4121   339987.00  1557820.00
 114.75  3165   4193   348441.00  1598643.00
 114.79  3170   4264   357359.00  1641826.00
 114.84  3175   4336   365444.00  1681082.00
 114.89  3180   4407   373904.00  1722267.00
 114.94  3185   4479   382652.00  1764972.00
 114.99  3190   4550   389244.00  1797232.00
 115.03  3195   4622   399826.00  1849162.00
 115.08  3200   4694   408824.00  1893460.00
 115.14  3205   4766   417855.00  1938050.00
 115.18  3210   4838   421645.00  1956802.00
 115.23  3215   4911   436026.00  2028169.00
 115.28  3220   4983   444451.00  2070136.00
 115.33  3225   5055   453489.00  2115287.00
 115.38  3230   5128   463172.00  2163811.00
 115.42  3235   5201   471753.00  2206943.00
 115.47  3240   5273   481560.00  2256390.00
 115.53  3245   5346   490070.00  2299429.00
 115.58  3250   5419   500229.00  2350969.00
 115.62  3255   5492   508473.00  2392925.00
 115.67  3260   5565   518921.00  2446267.00
 115.72  3265   5638   529162.00  2498736.00
 115.77  3270   5712   537861.00  2543450.00
 115.82  3275   5785   547131.00  2591246.00
 115.86  3280   5859   557735.00  2646109.00
 115.92  3285   5933   567488.00  2696748.00
 115.97  3290   6006   576311.00  2742706.00
 116.02  3295   6080   587438.00  2800868.00
 116.06  3300   6154   597515.00  2853739.00
 116.11  3305   6228   606814.00  2902695.00
 116.16  3310   6302   617044.00  2956739.00
 116.21  3315   6377   627433.00  3011825.00
 116.26  3320   6451   632093.00  3036601.00
 116.31  3325   6526   646903.00  3115617.00
 116.36  3330   6600   657133.00  3170444.00
 116.41  3335   6675   667962.00  3228704.00
 116.46  3340   6750   678294.00  3284506.00
 116.51  3345   6825   688887.00  3341936.00
 116.55  3350   6900   699129.00  3397678.00
 116.60  3355   6975   709282.00  3453144.00
 116.65  3360   7051   719141.00  3507204.00
 116.71  3365   7126   729785.00  3565794.00
 116.75  3370   7202   741147.00  3628595.00
 116.80  3375   7277   751895.00  3688250.00
 116.85  3380   7353   762275.00  3746094.00
 116.90  3385   7429   774102.00  3812282.00
 116.95  3390   7505   782356.00  3858653.00
 117.00  3395   7581   795224.00  3931240.00
 117.05  3400   7657   804347.00  3982922.00
 117.10  3405   7734   816625.00  4052768.00
 117.15  3410   7810   827000.00  4112050.00
 117.20  3415   7887   833521.00  4149436.00
 117.25  3420   7963   843668.00  4207801.00
 117.30  3425   8040   855404.00  4275600.00
 117.35  3430   8117   869715.00  4358709.00
 117.40  3435   8194   881640.00  4428327.00
 117.45  3440   8271   892052.00  4489388.00
 117.51  3445   8349   902751.00  4552403.00
 117.56  3450   8426   910475.00  4598068.00
 117.61  3455   8504   924700.00  4682549.00
 117.66  3460   8581   934154.00  4738971.00
 117.71  3465   8659   948256.00  4823547.00
 117.76  3470   8737   958474.00  4885144.00
 117.81  3475   8815   966059.00  4931040.00
 117.86  3480   8893   977393.00  4999896.00
 117.92  3485   8972   990681.00  5081050.00
 117.97  3490   9050   992563.00  5092581.00
 118.02  3495   9129  1013354.00  5220597.00
 118.07  3500   9208  1023057.00  5280737.00
 118.38  3505   7411   973425.00  4975752.00
 118.69  3510   7492   988178.00  5065727.00
 118.74  3515   7572   992361.00  5091342.00
 118.79  3520   7652  1005897.00  5174550.00
 118.85  3525   7733  1016684.00  5241208.00
 118.90  3530   7814  1023869.00  5285782.00
 118.95  3535   7894  1030696.00  5328266.00
 119.00  3540   7975  1049411.00  5445384.00
 119.05  3545   8057  1058830.00  5504698.00
 119.10  3550   8138  1056996.00  5493129.00
 119.15  3555   8219  1070652.00  5579498.00
 119.20  3560   8301  1078445.00  5629024.00
 119.26  3565   8383  1092928.00  5721530.00
 119.31  3570   8464  1102611.00  5783720.00
 119.36  3575   8546  1114803.00  5862418.00
 119.41  3580   8629  1127234.00  5943117.00
 119.46  3585   8711  1124143.00  5923007.00
 119.51  3590   8793  1138430.00  6016198.00
 119.56  3595   8876  1150046.00  6092428.00
 119.61  3600   8959  1161032.00  6164910.00
 119.67  3605   9042  1168832.00  6216600.00
 119.72  3610   9125  1177589.00  6274864.00
 119.77  3615   9208  1193657.00  6382412.00
 119.82  3620   9291  1200514.00  6428562.00
 119.88  3625   9375  1204751.00  6457156.00
 119.93  3630   9459  1216421.00  6536220.00
end
dh100617El Arenosillo 37.1 6.73 3.31pr1000
CI SCAN-INST #150 dt  3.2E-08  cy 4 DARK =     2.000 
1226.64  2865     75    37703.00   165217.30
1226.69  2870    141    39719.00   174101.50
1226.73  2875    208    41809.00   183317.20
1226.78  2880    274    44280.00   194219.90
1226.83  2885    340    46661.00   204732.70
1226.88  2890    407    48973.00   214947.70
1226.92  2895    473    51628.00   226686.40
1226.97  2900    540    54614.00   239899.10
1227.01  2905    607    57202.00   251359.80
1227.06  2910    674    60380.00   265444.90
1227.11  2915    740    63356.00   278646.20
1227.15  2920    807    66780.00   293848.70
1227.20  2925    875    70105.00   308625.90
1227.24  2930    942    73270.00   322705.00
1227.29  2935   1009    76602.00   337540.80
1227.33  2940   1076    80544.00   355111.00
1227.38  2945   1144    84473.00   372643.00
1227.43  2950   1211    88217.00   389368.00
1227.47  2955   1278    92083.00   406656.90
1227.52  2960   1346    96034.00   424345.80
1227.57  2965   1414   100324.00   443575.30
1227.62  2970   1482   104950.00   464337.60
1227.66  2975   1549   108978.00   482438.70
1227.71  2980   1617   113405.00   502357.20
1227.76  2985   1685   117884.00   522535.70
1227.80  2990   1754   122543.00   543553.10
1227.85  2995   1822   127047.00   563898.50
1227.89  3000   1890   132095.00   586733.00
1227.94  3005   1958   136611.00   607189.60
1227.99  3010   2027   141858.00   630991.40
1228.04  3015   2095   147183.00   655184.60
1228.09  3020   2164   152075.00   677444.00
1228.14  3025   2233   157336.00   701418.30
1228.18  3030   2301   162726.00   726019.00
1228.23  3035   2370   167643.00   748495.10
1228.28  3040   2439   173228.00   774064.50
1228.33  3045   2508   178909.00   800117.00
1228.38  3050   2578   184382.00   825257.30
1228.43  3055   2647   190411.00   852999.10
1228.47  3060   2716   196053.00   879005.40
1228.52  3065   2785   202125.00   907043.10
1228.57  3070   2855   207753.00   933076.20
1228.62  3075   2925   214212.00   963007.50
1228.66  3080   2994   220381.00   991649.40
1228.72  3085   3064   226619.00  1020666.00
1228.77  3090   3134   233055.00  1050662.00
1228.81  3095   3204   239926.00  1082749.00
1228.86  3100   3274   246456.00  1113306.00
1228.91  3105   3344   253001.00  1143995.00
1228.96  3110   3414   259674.00  1175347.00
1229.01  3115   3484   266873.00  1209242.00
1229.05  3120   3555   273772.00  1241796.00
1229.10  3125   3625   280766.00  1274869.00
1229.16  3130   3696   289058.00  1314172.00
1229.21  3135   3767   296408.00  1349095.00
1229.25  3140   3837   303771.00  1384160.00
1229.30  3145   3908   311625.00  1421652.00
1229.35  3150   3979   319100.00  1457421.00
1229.40  3155   4050   326961.00  1495128.00
1229.45  3160   4121   334925.00  1533424.00
1229.49  3165   4193   343223.00  1573429.00
1229.55  3170   4264   352044.00  1616071.00
1229.60  3175   4336   360324.00  1656206.00
1229.65  3180   4407   368372.00  1695319.00
1229.69  3185   4479   376872.00  1736738.00
1229.74  3190   4550   385155.00  1777209.00
1229.79  3195   4622   393857.00  1819844.00
1229.84  3200   4694   403040.00  1864966.00
1229.89  3205   4766   411529.00  1906797.00
1229.94  3210   4838   420555.00  1951402.00
1229.99  3215   4911   429750.00  1996978.00
1230.04  3220   4983   438095.00  2038460.00
1230.08  3225   5055   447716.00  2086427.00
1230.13  3230   5128   456324.00  2129473.00
1230.18  3235   5201   465746.00  2176731.00
1230.23  3240   5273   474204.00  2219281.00
1230.28  3245   5346   483516.00  2266266.00
1230.33  3250   5419   493159.00  2315077.00
1230.38  3255   5492   501262.00  2356215.00
1230.43  3260   5565   511625.00  2408993.00
1230.48  3265   5638   521182.00  2457830.00
1230.52  3270   5712   530895.00  2507628.00
1230.57  3275   5785   540126.00  2555110.00
1230.62  3280   5859   550433.00  2608304.00
1230.67  3285   5933   558028.00  2647623.00
1230.72  3290   6006   569713.00  2708319.00
1230.77  3295   6080   579353.00  2758579.00
1230.82  3300   6154   588732.00  2807642.00
1230.87  3305   6228   598180.00  2857230.00
1230.92  3310   6302   608178.00  2909885.00
1230.96  3315   6377   618341.00  2963601.00
1231.01  3320   6451   627329.00  3011268.00
1231.06  3325   6526   638025.00  3068195.00
1231.12  3330   6600   643584.00  3097868.00
1231.16  3335   6675   659070.00  3180844.00
1231.21  3340   6750   669073.00  3234690.00
1231.26  3345   6825   676195.00  3273148.00
1231.31  3350   6900   688973.00  3342399.00
1231.36  3355   6975   700213.00  3403585.00
1231.40  3360   7051   705643.00  3433235.00
1231.45  3365   7126   720429.00  3514277.00
1231.51  3370   7202   730779.00  3571273.00
1231.56  3375   7277   742257.00  3634739.00
1231.61  3380   7353   752754.00  3693023.00
1231.65  3385   7429   763416.00  3752462.00
1231.70  3390   7505   773497.00  3808884.00
1231.75  3395   7581   785305.00  3875251.00
1231.80  3400   7657   795637.00  3933571.00
1231.85  3405   7734   804883.00  3985959.00
1231.90  3410   7810   808965.00  4009148.00
1231.95  3415   7887   827660.00  4115825.00
1232.00  3420   7963   838369.00  4177287.00
1232.05  3425   8040   847318.00  4228848.00
1232.10  3430   8117   858920.00  4295970.00
1232.15  3435   8194   870689.00  4364377.00
1232.20  3440   8271   881326.00  4426484.00
1232.25  3445   8349   890008.00  4477375.00
1232.31  3450   8426   898202.00  4525571.00
1232.36  3455   8504   913399.00  4615388.00
1232.41  3460   8581   920109.00  4655224.00
1232.46  3465   8659   935738.00  4748441.00
1232.51  3470   8737   945850.00  4809077.00
1232.56  3475   8815   953154.00  4853036.00
1232.61  3480   8893   963532.00  4915727.00
1232.66  3485   8972   981255.00  5023430.00
1232.72  3490   9050   991803.00  5087918.00
1232.77  3495   9129   997114.00  5120499.00
1232.82  3500   9208  1012944.00  5218056.00
1233.13  3505   7411   965580.00  4928131.00
1233.44  3510   7492   981695.00  5026114.00
1233.49  3515   7572   987614.00  5062272.00
1233.54  3520   7652  1003859.00  5161985.00
1233.59  3525   7733  1006196.00  5176388.00
1233.65  3530   7814  1013750.00  5223041.00
1233.70  3535   7894  1021596.00  5271661.00
1233.75  3540   7975  1037350.00  5369791.00
1233.80  3545   8057  1049513.00  5446020.00
1233.85  3550   8138  1050342.00  5451230.00
1233.90  3555   8219  1064176.00  5538468.00
1233.95  3560   8301  1081736.00  5649985.00
1234.01  3565   8383  1082966.00  5657830.00
1234.06  3570   8464  1096509.00  5744492.00
1234.11  3575   8546  1109682.00  5829303.00
1234.17  3580   8629  1116071.00  5870623.00
1234.22  3585   8711  1118963.00  5889366.00
1234.27  3590   8793  1129450.00  5957545.00
1234.32  3595   8876  1145621.00  6063334.00
1234.37  3600   8959  1147493.00  6075633.00
1234.42  3605   9042  1155885.00  6130899.00
1234.48  3610   9125  1171893.00  6236933.00
1234.53  3615   9208  1187558.00  6341485.00
1234.58  3620   9291  1186706.00  6335778.00
1234.63  3625   9375  1199331.00  6420583.00
1234.69  3630   9459  1147162.00  6073457.00
end
