uxIntegration time is 0.2294 seconds per sampledt  3.2E-08 cy 1dh180619El Arenosillo 37.1 6.73 2.86pr1000dark .1 
 301.33  2900  541 .25 
 301.37  2905  607 0 
 301.4  2910  674 .25 
 301.43  2915  741 0 
 301.46  2920  808 .25 
 301.49  2925  875 0 
 301.53  2930  942 0 
 301.56  2935  1009 0 
 301.59  2940  1077 0 
 301.62  2945  1144 0 
 301.66  2950  1211 .25 
 301.69  2955  1279 0 
 301.73  2960  1347 .25 
 301.76  2965  1414 0 
 301.79  2970  1482 0 
 301.83  2975  1550 .25 
 301.86  2980  1618 0 
 301.89  2985  1686 .5 
 301.92  2990  1754 0 
 301.96  2995  1822 .5 
 301.98  3000  1891 0 
 302  3005  1959 0 
 302.02  3010  2027 .5 
 302.04  3015  2096 1 
 302.07  3020  2164 .5 
 302.1  3025  2233 .5 
 302.12  3030  2302 1 
 302.14  3035  2371 1.5 
 302.17  3040  2440 2.5 
 302.19  3045  2509 2 
 302.21  3050  2578 3 
 302.24  3055  2647 4.5 
 302.26  3060  2717 3.5 
 302.29  3065  2786 4.5 
 302.31  3070  2855 7.5 
 302.33  3075  2925 10 
 302.35  3080  2995 10 
 302.38  3085  3065 13 
 302.41  3090  3134 12 
 302.43  3095  3204 11.5 
 302.45  3100  3274 11.5 
 302.47  3105  3344 20.5 
 302.5  3110  3415 23.5 
 302.53  3115  3485 25 
 302.55  3120  3555 38 
 302.57  3125  3626 32.5 
 302.59  3130  3696 37.5 
 302.62  3135  3767 43 
 302.64  3140  3838 47.5 
 302.67  3145  3909 39 
 302.69  3150  3980 56.5 
 302.72  3155  4051 49.5 
 302.75  3160  4122 48 
 302.77  3165  4193 70.5 
 302.79  3170  4265 90.5 
 302.82  3175  4336 93.5 
 302.84  3180  4408 77.5 
 302.87  3185  4479 115 
 302.89  3190  4551 142.5 
 302.91  3195  4623 110.5 
 302.94  3200  4695 130 
 302.96  3205  4767 190.5 
 302.99  3210  4839 191.5 
 303.01  3215  4911 197 
 303.03  3220  4983 181 
 303.06  3225  5056 151.5 
 303.09  3230  5128 181.5 
 303.11  3235  5201 291 
 303.14  3240  5274 343.5 
 303.17  3245  5347 323.5 
 303.19  3250  5420 250.5 
 303.21  3255  5493 358.5 
 303.24  3260  5566 548.5 
 303.26  3265  5639 622.5 
 303.29  3270  5712 622 
 303.32  3275  5786 537 
 303.34  3280  5859 425.5 
 303.37  3285  5933 524 
 303.4  3290  6007 816.5 
 303.42  3295  6081 1003.5 
 303.44  3300  6155 962 
 303.47  3305  6229 678.5 
 303.49  3310  6303 626.5 
 303.52  3315  6377 732 
 303.55  3320  6452 935.5 
 303.57  3325  6526 1044 
 303.59  3330  6601 996.5 
 303.63  3335  6676 795 
 303.65  3340  6751 804.5 
 303.67  3345  6826 1062.5 
 303.7  3350  6901 1120 
 303.72  3355  6976 1335 
 303.75  3360  7051 931.5 
 303.78  3365  7127 1015.5 
 303.8  3370  7202 785.5 
 303.82  3375  7278 930 
 303.85  3380  7354 1010 
 303.88  3385  7429 1259.5 
 303.9  3390  7505 1274 
 303.93  3395  7582 1238 
 303.95  3400  7658 1386.5 
 303.98  3405  7734 1270 
 304.01  3410  7811 1308 
 304.03  3415  7887 1239.5 
 304.05  3420  7964 1498 
 304.08  3425  8041 1382 
 304.11  3430  8118 1486 
 304.13  3435  8195 1359.5 
 304.16  3440  8272 980.5 
 304.18  3445  8349 1011 
 304.21  3450  8427 1406.5 
 304.24  3455  8504 1449 
 304.26  3460  8582 1261.5 
 304.28  3465  8660 1445 
 304.31  3470  8738 1521 
 304.34  3475  8816 1210.5 
 304.36  3480  8894 1423.5 
 304.39  3485  8972 1414.5 
 304.41  3490  9051 1315 
 304.44  3495  9129 1340.5 
 304.46  3500  9208 1611 
 304.63  3505  7412 1627 
 304.65  3510  7492 1463.5 
 304.68  3515  7572 1361 
 304.71  3520  7653 1523 
 304.73  3525  7733 1168.5 
 304.75  3530  7814 1476 
 304.78  3535  7895 1593.5 
 304.81  3540  7976 1656 
 304.83  3545  8057 1705 
 304.86  3550  8138 1680 
 304.88  3555  8220 1488 
 304.91  3560  8301 1597.5 
 304.93  3565  8383 1384.5 
 304.96  3570  8465 1116 
 304.98  3575  8547 1377.5 
 305.01  3580  8629 1107.5 
 305.04  3585  8711 951.5 
 305.06  3590  8794 1313.5 
 305.08  3595  8877 1633 
 305.11  3600  8959 1731.5 
 305.14  3605  9042 1366.5 
 305.16  3610  9125 1251.5 
 305.19  3615  9208 1492.5 
 305.21  3620  9292 1251 
 305.24  3625  9375 1702.5 
 305.27  3630  9459 1527 
end
uaIntegration time is 0.2294 seconds per sampledt  3.2E-08 cy 1dh180619El Arenosillo 37.1 6.73 2.96pr1000dark .2 
 480.03  2900  541 .25 
 480.09  2905  607 0 
 480.13  2910  674 .25 
 480.18  2915  741 .25 
 480.23  2920  808 0 
 480.28  2925  875 0 
 480.34  2930  942 0 
 480.38  2935  1009 .25 
 480.43  2940  1077 0 
 480.48  2945  1144 .25 
 480.53  2950  1211 .5 
 480.58  2955  1279 .5 
 480.63  2960  1347 1 
 480.68  2965  1414 1.5 
 480.73  2970  1482 2 
 480.79  2975  1550 4.75 
 480.83  2980  1618 6.5 
 480.88  2985  1686 8.25 
 480.93  2990  1754 19 
 480.98  2995  1822 36.5 
 481.03  3000  1891 28 
 481.08  3005  1959 47.75 
 481.13  3010  2027 92.75 
 481.18  3015  2096 134.25 
 481.24  3020  2164 125 
 481.28  3025  2233 239 
 481.34  3030  2302 426 
 481.38  3035  2371 529.75 
 481.44  3040  2440 545 
 481.48  3045  2509 779.75 
 481.53  3050  2578 1143.5 
 481.58  3055  2647 1270.25 
 481.63  3060  2717 1275.5 
 481.69  3065  2786 1562.5 
 481.74  3070  2855 2277.25 
 481.78  3075  2925 2839.5 
 481.83  3080  2995 3059.75 
 481.89  3085  3065 3539 
 481.93  3090  3134 3223.75 
 481.98  3095  3204 3792.5 
 482.03  3100  3274 3933 
 482.09  3105  3344 6282.25 
 482.14  3110  3415 7781.75 
 482.18  3115  3485 7767.25 
 482.24  3120  3555 7759.75 
 482.28  3125  3626 9206.75 
 482.34  3130  3696 9912 
 482.38  3135  3767 10153 
 482.43  3140  3838 12048.75 
 482.48  3145  3909 10785.5 
 482.53  3150  3980 13998.25 
 482.59  3155  4051 12099 
 482.64  3160  4122 10647.75 
 482.68  3165  4193 14866.25 
 482.73  3170  4265 18423.25 
 482.79  3175  4336 19114.75 
 482.83  3180  4408 14848 
 482.88  3185  4479 18202.5 
 482.93  3190  4551 20713 
 482.98  3195  4623 18195.25 
 483.04  3200  4695 21894 
 483.08  3205  4767 25748.5 
 483.14  3210  4839 22438 
 483.18  3215  4911 21792.25 
 483.24  3220  4983 24061.5 
 483.28  3225  5056 20659.75 
 483.33  3230  5128 20390.25 
 483.38  3235  5201 24027.25 
 483.43  3240  5274 27756.25 
 483.49  3245  5347 28424.75 
 483.54  3250  5420 26138.75 
 483.58  3255  5493 32507.75 
 483.63  3260  5566 38200.75 
 483.69  3265  5639 38010.75 
 483.73  3270  5712 38188.5 
 483.78  3275  5786 36554.25 
 483.83  3280  5859 33761 
 483.88  3285  5933 34179 
 483.94  3290  6007 40352.75 
 483.98  3295  6081 45070.25 
 484.04  3300  6155 45780.25 
 484.09  3305  6229 37569.5 
 484.14  3310  6303 38330.75 
 484.18  3315  6377 38417.75 
 484.23  3320  6452 40424 
 484.28  3325  6526 39891.25 
 484.34  3330  6601 39727.5 
 484.39  3335  6676 36593.5 
 484.43  3340  6751 37617 
 484.49  3345  6826 42104.5 
 484.53  3350  6901 39659.5 
 484.59  3355  6976 44689.75 
 484.63  3360  7051 31148.25 
 484.68  3365  7127 37464.5 
 484.73  3370  7202 30614.25 
 484.78  3375  7278 38458.5 
 484.84  3380  7354 36547.75 
 484.89  3385  7429 40923 
 484.93  3390  7505 40546.25 
 484.99  3395  7582 39273.75 
 485.03  3400  7658 46653.25 
 485.08  3405  7734 41742 
 485.13  3410  7811 40297.25 
 485.18  3415  7887 37318.75 
 485.24  3420  7964 43985 
 485.29  3425  8041 40916.25 
 485.34  3430  8118 44445.5 
 485.39  3435  8195 41728.5 
 485.43  3440  8272 30777 
 485.49  3445  8349 30862.75 
 485.53  3450  8427 40990.5 
 485.58  3455  8504 41708.5 
 485.63  3460  8582 35609.75 
 485.68  3465  8660 40048 
 485.73  3470  8738 42605 
 485.79  3475  8816 34241.75 
 485.84  3480  8894 39416.5 
 485.89  3485  8972 39218.75 
 485.94  3490  9051 35894 
 485.98  3495  9129 35945 
 486.03  3500  9208 43524 
 486.22  3505  7412 42866.25 
 486.36  3510  7492 39121.25 
 486.4  3515  7572 36310.25 
 486.45  3520  7653 40126.25 
 486.5  3525  7733 30613.25 
 486.55  3530  7814 38449 
 486.61  3535  7895 40806.75 
 486.65  3540  7976 42735.5 
 486.7  3545  8057 43129.25 
 486.75  3550  8138 43068.75 
 486.81  3555  8220 38465.5 
 486.85  3560  8301 40247.5 
 486.9  3565  8383 34680.75 
 486.95  3570  8465 28121.75 
 487  3575  8547 34655.25 
 487.06  3580  8629 28004.75 
 487.1  3585  8711 23262.75 
 487.15  3590  8794 32238 
 487.2  3595  8877 40356.75 
 487.26  3600  8959 43102 
 487.3  3605  9042 33957.5 
 487.35  3610  9125 30962 
 487.4  3615  9208 36390.5 
 487.45  3620  9292 30151 
 487.51  3625  9375 42024 
 487.55  3630  9459 36792.75 
end
